0.014876562170684338
0.03051939234137535
-0.051798392087221146
0.010554959997534752
0.01669023185968399
0.00914691761136055
-0.07086106389760971
0.0033305722754448652
-0.016780730336904526
-0.050042882561683655
-0.02861153334379196
-0.027529260143637657
0.0030096438713371754
0.07071802765130997
-0.008422644808888435
0.0816710963845253
-0.04943589121103287
0.02573242597281933
0.008267475292086601
-0.019425448030233383
-0.009688124991953373
-0.03774691000580788
-0.03467477113008499
-0.024847878143191338
-0.06357327103614807
0.05736864358186722
-0.01929166540503502
-0.005041814874857664
0.07515044510364532
-0.01708461530506611
-0.01803220808506012
-0.01717975176870823
-0.03626925125718117
0.015853071585297585
0.010410154238343239
-0.08345547318458557
-0.04778009653091431
0.03693952411413193
0.07071938365697861
-0.01928597129881382
0.034189920872449875
0.06601128727197647
-0.03631776198744774
0.011438709683716297
-0.12397472560405731
0.03287306800484657
-0.039237551391124725
0.0555693693459034
0.019916409626603127
-0.15163306891918182
-0.013633227907121181
-0.05652444064617157
-0.11243830621242523
-0.005494734272360802
0.07546872645616531
-0.03469778224825859
0.05699581280350685
-0.10947665572166443
0.06489108502864838
-0.12789690494537354
0.10475054383277893
-0.003293979912996292
0.015021548606455326
0.04471272975206375
0.0248904749751091
-0.018080078065395355
-0.01660318300127983
-0.06837379932403564
0.01940350979566574
-0.12085042148828506
0.015686355531215668
-0.00213154056109488
-0.021721389144659042
0.045301154255867004
0.059272654354572296
0.011542554013431072
-0.0037285275757312775
0.028002623468637466
-0.000879988307133317
0.014828165993094444
0.03399335965514183
-0.04575306922197342
0.005756237544119358
0.04877883940935135
0.05153399705886841
0.0029140596743673086
-0.007457116153091192
0.01630055159330368
-0.059099189937114716
-0.0627763569355011
-0.0016523388912901282
-0.008954952470958233
-0.04314564913511276
-0.027737170457839966
0.020360805094242096
0.02911989577114582
-0.05479377508163452
0.029368113726377487
-0.12089073657989502
0.08233948051929474
-0.002294260775670409
-0.022657020017504692
0.023281123489141464
0.04297749325633049
-0.00048696956946514547
-0.07171907275915146
0.04003521427512169
0.06807391345500946
-0.04351850971579552
0.03784795105457306
-0.019560784101486206
0.015530998818576336
-0.006699095480144024
0.001239541219547391
-0.059880759567022324
-0.08949475735425949
0.001837548683397472
-0.03415694832801819
0.05464009568095207
-0.0008622040622867644
0.09208323806524277
0.06475096940994263
-0.05805271863937378
-0.04326128214597702
0.03186571225523949
-0.07768028974533081
0.010122186504304409
-7.207438552259251e-33
0.007658675778657198
0.0025506552774459124
-0.017797579988837242
-0.09084898233413696
0.04352807626128197
-0.03145737946033478
0.054033100605010986
0.10731759667396545
0.08310707658529282
-0.001912977546453476
0.011168800294399261
-0.05206020548939705
-0.06145092099905014
0.0763087272644043
-0.05510617047548294
0.0021635848097503185
0.09193555265665054
-0.02190771885216236
-0.04530813544988632
0.05769951269030571
0.08550094068050385
0.05359206721186638
-0.0003642008232418448
0.025687478482723236
-0.02511044219136238
-0.002729960484430194
-0.1439957171678543
0.025765355676412582
-0.02986907958984375
0.026390084996819496
-0.014137040823698044
-0.013323516584932804
1.6769787180237472e-05
0.08256329596042633
-0.04060292989015579
0.004516019485890865
-0.01473909430205822
-0.039334092289209366
-0.05143633112311363
-0.004727123770862818
0.03198635205626488
0.011346986517310143
-0.050991084426641464
0.058512963354587555
0.037203460931777954
-0.02725132182240486
-0.06031343713402748
-0.05343775451183319
-0.0747755616903305
-0.030276596546173096
-0.021712753921747208
0.02320704609155655
-0.05630447715520859
0.031568631529808044
-0.005475708283483982
-0.05227018892765045
0.10547492653131485
-0.07751984894275665
-0.05289746820926666
-0.02723889797925949
-0.002072815550491214
0.020911889150738716
-0.032827671617269516
0.06952492147684097
0.09762457013130188
-0.08442729711532593
-0.12971650063991547
0.0005881323013454676
0.025432104244828224
-0.0441131666302681
0.0045620836317539215
-0.02467941865324974
0.07075392454862595
0.0024170256219804287
-0.05848059430718422
-0.008490673266351223
0.04189864546060562
-0.04634081572294235
-0.04652908816933632
-0.029666412621736526
0.0019841704051941633
0.04034017398953438
0.060344669967889786
-0.012121688574552536
-0.022808285430073738
0.04886307194828987
0.018025891855359077
-0.07403426617383957
-0.04076089709997177
0.015668559819459915
-0.06123701110482216
-0.026103651151061058
0.016751345247030258
0.018030229955911636
-0.03625191003084183
2.7110874370235668e-33
-0.020179718732833862
0.024402262642979622
0.04794381186366081
0.022552376613020897
-0.0064527238719165325
0.046450939029455185
-0.006165905389934778
0.06689528375864029
-0.044276196509599686
0.06626328825950623
-0.017550814896821976
0.03534535691142082
0.021632811054587364
0.040564220398664474
0.10271057486534119
0.08479080349206924
0.09963401407003403
-0.015175268985331059
-0.011330523528158665
0.0871211364865303
-0.027781007811427116
0.051399994641542435
-0.00040439708391204476
-0.02771935984492302
0.05325363203883171
0.05218122899532318
0.1299559324979782
-0.04198773205280304
-0.018989644944667816
0.01956307142972946
-0.06752409785985947
-0.027733340859413147
0.047905731946229935
0.009021625854074955
-0.012498130090534687
-0.001274316804483533
-0.016922911629080772
-0.11827292293310165
-0.017893290147185326
0.005104651674628258
0.033140234649181366
0.06873276829719543
0.0014838861534371972
0.0635332390666008
0.0326063297688961
-0.039907414466142654
-0.026022039353847504
0.09132245182991028
-0.006851238198578358
-0.03551463037729263
-0.020392296835780144
0.018038859590888023
0.09433546662330627
-0.03013998083770275
0.0093105873093009
0.02347887121140957
0.0052740322425961494
0.08475101739168167
0.04840114712715149
0.059422567486763
-0.03776504844427109
0.017993640154600143
-0.11102848500013351
0.010149743407964706
0.02918437123298645
0.07753490656614304
-0.02614559978246689
0.05866365507245064
-0.0688314437866211
0.021195029839873314
-0.002349576447159052
0.09568551927804947
-0.07831251621246338
-0.01920137368142605
0.03322843834757805
0.07259244471788406
0.0448542982339859
-0.015517591498792171
-0.029397305101156235
0.08810407668352127
-0.0776718333363533
0.0356457345187664
-0.027162883430719376
-0.07901187986135483
0.07782230526208878
-0.09010704606771469
-0.08817596733570099
0.04691635072231293
0.030294081196188927
-0.06843104958534241
-0.05875523015856743
0.011287406086921692
-0.05929256230592728
-0.11648622155189514
0.06466659903526306
-1.615492628559423e-08
-0.05764462426304817
-0.023314218968153
-0.008021739311516285
-0.0068872664123773575
0.05916986241936684
-0.06892471760511398
0.020484277978539467
-0.1621786504983902
0.011624778620898724
0.03414646536111832
-0.0031678196974098682
0.02429458126425743
-0.004815426655113697
0.042251985520124435
-0.04927510395646095
0.013922696933150291
-0.039985451847314835
-0.006548329256474972
0.009053911082446575
-0.04778674617409706
-0.045962292701005936
0.007112542632967234
-0.04160041734576225
-0.04653765261173248
0.04302629455924034
-0.08024543523788452
-0.08550059795379639
0.014464638195931911
-0.019842468202114105
0.11707600206136703
0.07647527009248734
0.01021383423358202
0.03581264242529869
-0.004254475701600313
0.042317040264606476
-0.07219955325126648
0.007798884995281696
0.031147999688982964
-0.03745086491107941
-0.06844314932823181
0.13152407109737396
-0.012758375145494938
0.0010193989146500826
0.030050866305828094
0.005193873308598995
0.003919376526027918
-0.031224796548485756
0.018938420340418816
-0.016548141837120056
-0.03257247805595398
0.09326645731925964
0.04787855222821236
-0.017086779698729515
0.02098306268453598
-0.03519900515675545
-0.03278617933392525
0.05484624579548836
-0.02205042913556099
-0.011839487589895725
-0.030492296442389488
0.021890534088015556
0.04997720196843147
0.0015327353030443192
0.03131255507469177
