-0.016000626608729362
0.045145273208618164
-0.026369376108050346
-0.014711618423461914
-0.04469195380806923
0.0012413383228704333
-0.002693899441510439
0.04559193179011345
-0.017207732424139977
-0.04803231731057167
-0.026540907099843025
0.0011147857876494527
-0.03174637258052826
0.04420590400695801
-0.027909353375434875
-0.022906862199306488
0.03604575991630554
0.007879252545535564
0.04559793323278427
0.013896270655095577
-0.003207047004252672
0.02523597702383995
-0.021722201257944107
-0.0074690887704491615
-0.05000382289290428
0.08258586376905441
-0.009462188929319382
0.005992211401462555
0.06129182502627373
0.013667119666934013
-0.021785011515021324
-0.045972928404808044
-0.0176372267305851
-0.004865339957177639
0.04396957531571388
-0.06451771408319473
-0.043054379522800446
-0.008110570721328259
0.03741131350398064
-0.025511328130960464
-0.009809029288589954
0.0409579835832119
0.002638834761455655
-0.029885854572057724
-0.10259325057268143
0.021000199019908905
-0.0030297632329165936
0.07160121202468872
0.026333210989832878
-0.15685348212718964
-0.04862956330180168
-0.03763395920395851
-0.02207818068563938
-0.016726266592741013
0.010575949214398861
0.014322231523692608
0.058849748224020004
-0.12742112576961517
0.033842675387859344
-0.06823451071977615
0.060433581471443176
-0.01030982006341219
-0.019773999229073524
0.03303050994873047
0.0468655601143837
0.005568868946284056
-0.014894017949700356
-0.08688154816627502
-0.022754769772291183
-0.016621096059679985
0.06037623807787895
-0.001142797525972128
-0.011713467538356781
0.028222037479281425
0.021664422005414963
-0.06012016534805298
0.0757548063993454
-0.03348808363080025
0.04689280688762665
0.047377556562423706
0.022215472534298897
0.02999180369079113
0.06750389188528061
0.03141483664512634
0.008964392356574535
0.017792103812098503
-0.025619393214583397
0.08640588074922562
-0.11900505423545837
-0.04888133704662323
0.008880682289600372
0.03898490220308304
0.010562477633357048
-0.015702854841947556
0.0032706214115023613
0.07475295662879944
-0.04027311131358147
0.08766064792871475
-0.08831699937582016
0.07991302013397217
-0.0009004826424643397
-0.010746038518846035
-0.013520477339625359
0.08369071036577225
0.0027183035854250193
-0.04762928932905197
0.06258086860179901
0.09166265279054642
-0.018178924918174744
-0.036943621933460236
-0.026170607656240463
0.040181420743465424
-0.04854432865977287
0.022034110501408577
-0.16517871618270874
-0.1103554219007492
0.03503696247935295
-0.07655637711286545
0.015354081988334656
-0.012117452919483185
0.05512261018157005
0.03136231377720833
-0.06671701371669769
-0.003050843020901084
0.05552314221858978
-0.07144392281770706
0.06827405095100403
-5.956936641594963e-33
0.016254868358373642
0.007834161631762981
0.006537806708365679
-0.11419080197811127
0.08018380403518677
0.027899568900465965
0.03731822222471237
0.1119481697678566
0.029520586133003235
0.05491427332162857
0.028435785323381424
-0.07883255183696747
-0.04632032662630081
0.07862801849842072
-0.03211921826004982
-0.036419883370399475
0.04116597771644592
0.0018590408144518733
-0.03234662860631943
0.005175300408154726
0.08122824877500534
-0.04110199958086014
0.0058923824690282345
0.018650241196155548
-0.04062791168689728
0.07461420446634293
-0.1591961681842804
-0.045710574835538864
-0.05447773262858391
0.048829738050699234
0.003733412129804492
0.00523616885766387
-0.017800364643335342
0.06068877503275871
-0.08671272546052933
-0.020948344841599464
-0.03723570704460144
-0.03444327414035797
-0.10309100151062012
-0.018253007903695107
0.050365179777145386
0.031882401555776596
-0.03338189795613289
0.10601384192705154
-0.021661335602402687
-0.02844676934182644
-0.07184794545173645
-0.025081515312194824
-0.05361374467611313
0.05500476062297821
-0.005072475876659155
-0.005769703071564436
0.018779678270220757
0.048129208385944366
-0.04170742258429527
-0.025450579822063446
0.03434242680668831
-0.08132918179035187
-0.06651777774095535
-0.08342233300209045
0.003760376712307334
-0.017673060297966003
-0.014225155115127563
0.012918472290039062
0.0776805654168129
-0.03741580247879028
-0.04258590564131737
-0.06351858377456665
0.02367931790649891
-0.03991476073861122
0.03498681262135506
-0.07741513103246689
0.029055215418338776
0.012901047244668007
-0.045069966465234756
0.025767745450139046
0.017539549618959427
-0.059974245727062225
-0.041395727545022964
0.0005394089967012405
0.0257550235837698
-0.04255221411585808
0.06304975599050522
-0.019847983494400978
0.0021341596730053425
0.04083510488271713
-0.00015279478975571692
-0.051880594342947006
0.015617725439369678
0.01043577492237091
-0.03206359222531319
-0.10268004238605499
0.03819144144654274
-0.034453656524419785
0.0007286513573490083
2.378213701822596e-33
-0.023899545893073082
0.018827339634299278
0.01577836275100708
-0.037652380764484406
-0.028461696580052376
-0.01756746508181095
-0.06431372463703156
0.09120864421129227
-0.11737392097711563
0.05414126068353653
0.01182415708899498
0.03207175433635712
-0.03226831182837486
0.01486404612660408
0.05523911863565445
0.12321987003087997
0.002394741168245673
-0.039335329085588455
0.014632239937782288
0.08894387632608414
0.010887006297707558
0.014909994788467884
0.06452350318431854
0.05618853494524956
0.062392234802246094
0.04836089164018631
0.13759180903434753
-0.008529981598258018
-0.017115138471126556
-0.02714391052722931
-0.06620260328054428
-0.011442793533205986
0.09805602580308914
-0.018169265240430832
-0.026075199246406555
0.08666154742240906
-0.035796571522951126
-0.12949952483177185
0.02106711082160473
0.054125599563121796
0.03624854236841202
0.05777487903833389
0.009298951365053654
0.07417017966508865
0.0333266519010067
-0.042328447103500366
-0.056838907301425934
0.06477360427379608
0.032535992562770844
-0.04704573377966881
-0.04388284683227539
-0.011163271963596344
0.08632864058017731
0.04596821591258049
0.006425911094993353
0.05719444528222084
-0.016550157219171524
0.01882813684642315
-0.020437950268387794
-0.02096826583147049
0.04321371763944626
0.01659165881574154
-0.07393648475408554
0.03761220723390579
0.0429147407412529
0.05083019658923149
-0.031587984412908554
-0.012548437342047691
-0.07742486894130707
0.0561186745762825
-0.10775961726903915
0.01684134267270565
0.022870643064379692
-0.014322125352919102
0.028637679293751717
0.04291047155857086
0.06088458374142647
0.024025144055485725
0.006604230497032404
0.038334041833877563
-0.11144980043172836
0.028889421373605728
-0.00834705587476492
-0.054147735238075256
0.12056512385606766
-0.12640157341957092
-0.07038579136133194
0.01770290732383728
-0.07229865342378616
-0.03420702740550041
-0.06593552231788635
0.03436390683054924
-0.04904065653681755
-0.018889248371124268
0.039827339351177216
-1.67663891659231e-08
0.029665883630514145
-0.05812175199389458
-0.02275381051003933
-0.07139627635478973
0.03475426882505417
-0.06425543129444122
0.009325701743364334
-0.13606448471546173
0.020755469799041748
0.04723655804991722
-0.01037042960524559
0.0363294892013073
0.022735120728611946
-0.030544882640242577
-0.04702673852443695
0.06349346041679382
-0.028923247009515762
-0.023432089015841484
-0.03706212341785431
-0.06495758891105652
-0.03675737977027893
0.02118336409330368
0.01375092938542366
-0.027401970699429512
0.0069540985859930515
-0.023122884333133698
-0.03136086091399193
0.03029712475836277
0.03945701941847801
0.09574101865291595
0.0386495366692543
0.05407758802175522
0.055167585611343384
0.002208427293226123
0.07916495949029922
-0.040067147463560104
-0.04231977090239525
-0.03863736614584923
-0.0654154047369957
-0.09779725223779678
0.08831506967544556
-0.017773760482668877
-0.040771737694740295
0.06634680926799774
0.07554775476455688
0.011280707083642483
-0.014643057249486446
0.03836781531572342
-0.0036854923237115145
-0.010083644650876522
0.043862584978342056
0.0361652635037899
0.0027360832318663597
0.027014976367354393
-0.05504308268427849
-0.008588702417910099
0.08188729733228683
-0.01903069019317627
0.005215642973780632
0.044785913079977036
0.011209068819880486
0.061200596392154694
-0.02691611833870411
0.023138826712965965
