-0.014719288796186447
-0.043719589710235596
-0.017526185140013695
-0.07005883753299713
0.033161263912916183
0.005706490483134985
-0.0422682911157608
-0.007137008011341095
-0.008926169946789742
0.023955881595611572
0.03252597525715828
0.017022252082824707
0.03522142022848129
-0.0029460464138537645
0.03581581264734268
0.08632990717887878
0.012785486876964569
0.037033479660749435
0.03254043310880661
-0.03513346612453461
0.01667637750506401
0.07169155776500702
0.02243899554014206
-0.0390089675784111
-0.024092264473438263
0.05318459868431091
-0.04369248077273369
0.031358540058135986
0.013302521780133247
-0.019822845235466957
-0.034916941076517105
0.028437895700335503
-0.046898648142814636
-0.0027113824617117643
0.010349150747060776
0.03455812856554985
-0.0751132145524025
-0.05469200760126114
0.09530259668827057
-0.021787995472550392
-0.027438946068286896
0.014715228229761124
0.019986974075436592
-0.0292345080524683
-0.10194570571184158
-0.04337996616959572
-0.029903171584010124
0.04737572371959686
0.02884003147482872
-0.1996748149394989
-0.04088430851697922
-0.023080065846443176
-0.06834147870540619
-0.03721606731414795
-0.013426502235233784
-0.03723803907632828
0.03962373360991478
-0.08493322134017944
0.016010690480470657
-0.06296506524085999
0.14842025935649872
-0.019238626584410667
0.03862215578556061
0.03501059487462044
0.03364706411957741
-0.027977166697382927
0.0029271880630403757
-0.046129968017339706
0.05828658863902092
-0.06794071942567825
-0.08103243261575699
0.005284221842885017
-0.10014119744300842
-0.002626013709232211
-0.03341967612504959
-0.04845846816897392
0.03820435702800751
0.04342345893383026
0.04215655475854874
0.06457457691431046
0.039910949766635895
0.02117622084915638
0.11859381198883057
0.06826183944940567
0.06694816797971725
0.009133371524512768
0.0033250253181904554
0.10348445922136307
-0.0708080604672432
-0.06843201071023941
0.005933943670243025
-0.0037083723582327366
0.01137220673263073
0.014189277775585651
-0.06586689502000809
0.0760238766670227
-0.019665757194161415
-0.00030564714688807726
-0.08395448327064514
0.03129570931196213
0.012624184601008892
-0.04399137943983078
-0.0072216009721159935
0.04217645153403282
0.0032080081291496754
-0.0862249806523323
-0.020145004615187645
0.10491681843996048
0.026954401284456253
-0.01853807456791401
-0.06177433207631111
0.000647619366645813
-0.04214722290635109
0.025768928229808807
-0.11651495099067688
-0.04075491055846214
0.04993431270122528
-0.051031388342380524
0.08214951306581497
0.03831302374601364
0.014582466334104538
0.044705405831336975
-0.040603090077638626
-0.0073660872876644135
0.11648441106081009
-0.020774109289050102
-0.00996475014835596
-6.525123591008424e-33
0.04846758767962456
0.010791832581162453
0.04483569413423538
-0.11138425767421722
0.08356620371341705
0.006655375938862562
0.055540189146995544
0.05273968726396561
0.03377296403050423
0.0031934359576553106
0.03725937008857727
-0.061566535383462906
-0.01945355534553528
0.024924395605921745
-0.03976909816265106
0.013807783834636211
0.016579249873757362
-0.02732139080762863
0.038522373884916306
-0.015954842790961266
0.0032387871760874987
-0.049412231892347336
-0.004698303993791342
-0.008664934895932674
-0.055585697293281555
0.010254249908030033
-0.06011716648936272
0.06385250389575958
-0.03769832104444504
0.027598701417446136
0.04451526328921318
-0.07542214542627335
-0.04226071760058403
0.07130495458841324
0.004147789441049099
-0.08008023351430893
0.035051848739385605
-0.014014995656907558
-0.05193495377898216
-0.010896199382841587
0.0031620601657778025
0.057085614651441574
0.023152869194746017
0.0064083789475262165
-0.015396100468933582
-0.0238814540207386
-0.07256127893924713
-0.019536761566996574
-0.059237126260995865
0.04126139357686043
-0.03104761429131031
0.03345145285129547
0.0448337160050869
0.03896266594529152
-0.04082918539643288
-0.018766222521662712
0.06484270840883255
-0.027376635000109673
-0.0651358887553215
-0.010797896422445774
0.02041727304458618
-0.060789067298173904
-0.00843766238540411
-0.02801215834915638
0.052351970225572586
-0.05445905774831772
-0.04550403356552124
-0.03534123674035072
-0.0007951063453219831
0.041104063391685486
0.04637809842824936
-0.025608429685235023
0.10115794837474823
-0.020321622490882874
-0.018963970243930817
-0.003357764333486557
-0.021381117403507233
-0.03616692125797272
-0.018861249089241028
0.059769805520772934
0.11092796921730042
-0.043376896530389786
0.062361642718315125
-0.023966703563928604
-0.040936946868896484
-0.0507509745657444
-0.0523809939622879
-0.07150397449731827
0.0028695554938167334
0.013234784826636314
-0.0014392539160326123
-0.05615336820483208
-0.0038967663422226906
-0.022862743586301804
0.004986042622476816
2.3562964259805223e-33
-0.07271435856819153
0.10620409995317459
0.0037197438068687916
0.0315580815076828
-0.016024800017476082
0.021504787728190422
-0.03421448916196823
0.046405352652072906
-0.05263920873403549
0.06083550676703453
0.005683000665158033
0.13479945063591003
-0.023054420948028564
0.02903326228260994
0.021038800477981567
0.07637655735015869
0.04695823788642883
-0.08833356946706772
0.023154761642217636
0.09562324732542038
0.0032273742835968733
-0.020328791812062263
0.08117392659187317
-0.00573183735832572
0.026718620210886
0.0027222540229558945
0.07794150710105896
-0.0010884474031627178
-0.033606141805648804
-0.041423458606004715
0.050452474504709244
-0.0443660207092762
0.006877676118165255
-0.026555463671684265
-0.06002012640237808
-0.031927864998579025
-0.07023315131664276
-0.14451055228710175
0.05408226698637009
0.059271037578582764
0.046998392790555954
-0.007332689128816128
0.03987628594040871
0.04569811001420021
0.012827614322304726
-0.08155276626348495
-0.0845411941409111
0.11314010620117188
0.03910315781831741
0.017207074910402298
-0.051278021186590195
0.06745240092277527
0.10503161698579788
-0.0052965967915952206
0.0018881680443882942
0.03695839270949364
-0.058177217841148376
0.07479851692914963
-0.030433591455221176
0.05330006405711174
0.014706308022141457
0.016070662066340446
-0.09677129983901978
0.03657661750912666
-0.01338967401534319
0.10017668455839157
-0.06206154078245163
0.06560041755437851
-0.06436853855848312
0.059233035892248154
-0.06132303923368454
0.0018170615658164024
0.0075713470578193665
-0.03268466889858246
0.07060263305902481
0.03197261691093445
0.08089026063680649
0.016047775745391846
-0.016299769282341003
0.024921800941228867
-0.03955661877989769
0.06735572963953018
-0.03010133095085621
-0.12373634427785873
0.08722824603319168
-0.1321665495634079
-0.09010819345712662
0.033086806535720825
-0.029955267906188965
-0.0771535187959671
-0.02993064746260643
0.01268487423658371
-0.11296364665031433
0.004508267622441053
0.012268518097698689
-1.807815763754661e-08
-0.002994038164615631
-0.060891132801771164
-0.015252119861543179
-0.028156282380223274
0.05375225841999054
-0.06335578858852386
0.10122755169868469
-0.08500310033559799
0.04261169955134392
0.054425787180662155
-0.013431046158075333
0.06595789641141891
0.0021069394424557686
0.030230652540922165
-0.010004124604165554
-0.019642753526568413
0.01389114186167717
-0.03550545498728752
-0.005831280257552862
-0.03281925246119499
-0.003356595989316702
-0.02771873213350773
-0.020106526091694832
-0.022092144936323166
0.07256726175546646
-0.042584870010614395
-0.047125425189733505
-0.041463129222393036
0.033291760832071304
0.11359753459692001
0.05814509466290474
0.01211885642260313
0.030298221856355667
0.052192892879247665
-0.09633234888315201
-0.07188209146261215
-0.016640596091747284
-0.0012469349894672632
-0.08190891146659851
-0.06113533303141594
0.07625386863946915
-0.016703380271792412
-0.023167798295617104
0.034804850816726685
0.018834521993994713
0.04776160791516304
-0.03150688111782074
0.0010995924239978194
-0.01347105298191309
0.0009433951927348971
-0.0054193465039134026
-0.041490714997053146
0.057379093021154404
-0.03755903244018555
-0.021537644788622856
0.011600459925830364
0.07097574323415756
-0.03506523370742798
-0.005018515046685934
0.010614694096148014
-0.03798406943678856
0.02198106423020363
-0.02750621922314167
0.012722007930278778
