-0.030856726691126823
0.013746192678809166
-0.020172040909528732
0.02320263348519802
-0.01319898385554552
-0.004232732579112053
0.04167370870709419
0.006033411715179682
-0.0353519581258297
-0.015093407593667507
-0.045639604330062866
0.002639450365677476
0.00941870640963316
0.005131187383085489
0.006287743337452412
0.013457152992486954
0.01788061484694481
0.01562332920730114
0.03829771652817726
-0.005290159024298191
0.003775475313887
0.0031320988200604916
-0.01798684149980545
-0.038770485669374466
-0.06896023452281952
0.08461670577526093
-0.005142667796462774
-0.01561853475868702
0.04432150349020958
0.009838320314884186
-0.032212644815444946
-0.04559796676039696
-0.0885951891541481
-0.019370736554265022
0.05639057978987694
-0.06183972209692001
-0.08140769600868225
0.010302502661943436
-0.02828289195895195
-0.01371562946587801
-0.011316951364278793
0.07362714409828186
-0.020188812166452408
-0.08413414657115936
-0.08077450096607208
-0.09054408967494965
0.006530255079269409
0.0921778753399849
0.01606573536992073
-0.094528429210186
-0.04300464317202568
-0.05357971042394638
0.008918806910514832
-0.009656421840190887
0.02142251655459404
-0.018366485834121704
0.03863304480910301
-0.1443185657262802
0.033552370965480804
-0.08786673843860626
0.12741996347904205
0.010766339488327503
-0.005753409583121538
0.03231298178434372
0.054018374532461166
-0.025398284196853638
0.034752365201711655
-0.08268475532531738
-0.0031693498603999615
0.0002883430279325694
0.0014663056936115026
-0.019819624722003937
-0.08249763399362564
0.03274938464164734
0.03677089512348175
-0.06294906139373779
0.09355337917804718
-0.06599897891283035
0.07665129005908966
0.07937456667423248
0.02676336281001568
0.07950828969478607
0.08182935416698456
-0.004556163679808378
0.00356488605029881
0.033251773566007614
0.004462078213691711
0.08370359987020493
-0.14308291673660278
-0.030572332441806793
0.031233524903655052
0.04991263151168823
0.007305411621928215
-0.008784067817032337
0.0003855742688756436
0.0625280812382698
-0.044983524829149246
0.07668234407901764
-0.06104554235935211
0.08265712857246399
0.010146086104214191
-0.027637863531708717
-0.019671538844704628
0.0735660269856453
0.0006580688059329987
-0.03146251291036606
0.041256360709667206
0.06384872645139694
0.010642029345035553
0.010243795812129974
-0.025557033717632294
0.033170584589242935
-0.05834188684821129
0.04673697054386139
-0.1193726658821106
-0.018673326820135117
-0.026276271790266037
-0.09514398872852325
0.06603576987981796
0.021982071921229362
0.026718704029917717
0.039628639817237854
-0.07685147225856781
-0.0039711445569992065
0.10369471460580826
-0.06086055561900139
-0.012971360236406326
-5.2020293940510895e-33
0.0009408490150235593
0.006038279738277197
0.058258477598428726
-0.09279657155275345
0.08403658866882324
0.016888046637177467
0.06603316962718964
0.07518654316663742
0.04594966024160385
0.07359888404607773
-0.03206140920519829
-0.03858231008052826
-0.02558768168091774
-0.020370004698634148
0.0008362875087186694
-0.05015900731086731
0.026598859578371048
-0.02963351458311081
-0.03072807565331459
-0.010835477150976658
0.04788481071591377
-0.03318380191922188
-0.027206474915146828
-0.012017267756164074
-0.01211486291140318
0.08330604434013367
-0.13301067054271698
-0.022436387836933136
-0.08177237212657928
0.05210702493786812
-0.009284338913857937
-0.016720371320843697
-0.02543836459517479
0.09693704545497894
-0.024804040789604187
-0.05583958700299263
0.06747496873140335
-0.021377528086304665
-0.08750148862600327
-0.04873090982437134
0.020514344796538353
0.035970333963632584
-0.01276624295860529
0.06713084131479263
-0.004755855072289705
-0.06054448336362839
-0.13430118560791016
0.005150910466909409
-0.10166230797767639
0.024969888851046562
0.0007073409506119788
0.048231590539216995
0.049436118453741074
0.00233917566947639
-0.0456172451376915
-0.024788105860352516
0.02732565812766552
-0.07764647901058197
-0.01953716389834881
-0.03559402376413345
0.025709088891744614
-0.07824256271123886
0.02998495101928711
0.008272609673440456
0.10036598891019821
-0.06589934974908829
-0.0003329543396830559
-0.05085572600364685
0.028812350705266
-0.044340699911117554
-0.030169645324349403
-0.00168141582980752
0.07912872731685638
-0.029180357232689857
-0.01694769226014614
0.026769088581204414
0.0076433634385466576
-0.03818035125732422
0.03507489338517189
0.01373856421560049
0.03318239748477936
-0.041761837899684906
0.06836524605751038
-0.0764995738863945
-0.015423192642629147
-0.01953010819852352
-0.06008153781294823
-0.05345689132809639
0.016254907473921776
-0.0005843077669851482
-0.007211442571133375
-0.06827346235513687
0.01489205751568079
-0.032966066151857376
-0.024932632222771645
1.4696675977518229e-33
-0.021811222657561302
0.04002773389220238
0.03438738361001015
-0.040676265954971313
-0.0030085714533925056
-0.014792181551456451
-0.0644746795296669
0.1014346033334732
-0.11451757699251175
0.03229068964719772
0.02527271769940853
0.05168493837118149
0.03145911544561386
0.013201181776821613
0.09509635716676712
0.08979474753141403
-0.01036264281719923
-0.0775827020406723
-0.004161290358752012
0.05578654259443283
-0.016772763803601265
-0.022752180695533752
0.03075193613767624
-0.0029663003515452147
0.012821707874536514
0.03816172480583191
0.06911801546812057
-0.028686387464404106
-0.006255210377275944
0.03476963937282562
0.019603809341788292
-0.019893627613782883
0.07230875641107559
-0.0059555224142968655
-0.03236185759305954
0.018691569566726685
0.004523670766502619
-0.139835923910141
0.04102114960551262
0.04454024136066437
0.07044747471809387
0.010814512148499489
0.02840570919215679
0.09721334278583527
0.06418156623840332
-0.030230320990085602
-0.08439421653747559
0.043753478676080704
0.02868451178073883
-0.08633062243461609
-0.02871827781200409
-0.008264316245913506
0.0976826548576355
0.026997249573469162
0.011686155572533607
0.08355706185102463
-0.025287358090281487
-0.016597172245383263
-0.022084839642047882
0.062101252377033234
0.049608852714300156
0.05688232183456421
-0.05924394726753235
0.0363585501909256
0.01509702205657959
0.05193287879228592
-0.04329223185777664
0.002545352792367339
-0.09937645494937897
0.050911080092191696
-0.021983858197927475
0.028915980830788612
-0.02378316968679428
-0.019997786730527878
0.07872126251459122
-0.008254769258201122
0.13043949007987976
0.03136377036571503
0.03357116878032684
0.03920484706759453
-0.0530080683529377
0.0470498651266098
-0.017944589257240295
-0.03954210877418518
0.10296284407377243
-0.11037609726190567
-0.07059922069311142
0.07311411947011948
-0.058650903403759
-0.056954242289066315
-0.07262983918190002
-0.0043705422431230545
-0.04922855645418167
0.0123033057898283
0.008499691262841225
-1.6681132919416086e-08
-0.06261179596185684
-0.06601829081773758
-0.025153636932373047
-0.0732397511601448
0.019963251426815987
0.007663917727768421
0.04376803711056709
-0.1464448869228363
0.0022007280495017767
0.014431892894208431
-0.035585980862379074
0.01649457961320877
0.0003804817679338157
-0.020474737510085106
-0.02614789456129074
0.03778545558452606
-0.0257254745811224
0.007312361616641283
-0.017577018588781357
-0.07163695245981216
-0.03599932789802551
0.04057710990309715
-0.0020579539705067873
-0.016436366364359856
0.03157447278499603
-0.01262560486793518
-0.06298874318599701
0.01929907687008381
0.0287596695125103
0.1536085307598114
-0.013955900445580482
0.059197455644607544
-0.007415516301989555
0.06425885856151581
-0.02178877778351307
-0.07306316494941711
-0.028980718925595284
-0.013996240682899952
-0.03217708691954613
-0.11371143162250519
0.07474371790885925
-0.008170600049197674
-0.009208189323544502
0.03038179688155651
0.0661543756723404
0.03612086921930313
-0.036541420966386795
-0.01825641095638275
0.010374654084444046
-0.03790213167667389
0.012183988466858864
-0.010564305819571018
0.011945270001888275
0.01859038509428501
-0.06152639538049698
0.021240927278995514
0.051524680107831955
-0.018382161855697632
-0.02951049990952015
0.005578123964369297
0.020086685195565224
0.02024371363222599
-0.020745014771819115
0.07178641855716705
