0.012192565016448498
-0.0008916198858059943
-0.053498774766922
0.018127888441085815
-0.012586246244609356
0.002994359703734517
-0.0706835612654686
0.02376808226108551
-0.04564816132187843
-0.06852295249700546
-0.042422786355018616
-0.0021688267588615417
0.007583659142255783
0.05562952533364296
-0.0026744664646685123
0.03704896569252014
-0.02997060865163803
0.0293255764991045
0.010809713043272495
-0.020665926858782768
-0.024985766038298607
0.001875431975349784
-0.027594801038503647
-0.03734758496284485
-0.04289240017533302
0.025561079382896423
-0.0035188207402825356
-0.02892083302140236
0.10745278745889664
-0.008087999187409878
0.0050926958210766315
-0.04284287244081497
-0.024824386462569237
0.0010888479882851243
0.05309808626770973
-0.10293113440275192
-0.049192678183317184
0.03149644657969475
0.03551749140024185
-0.06544487923383713
0.03491617739200592
0.0599420890212059
-0.04126450791954994
0.0023899732623249292
-0.09421177953481674
-0.018672171980142593
-0.02197771891951561
0.039748381823301315
0.022493179887533188
-0.12037742882966995
-0.0456087663769722
-0.0025362775195389986
-0.11908019334077835
0.004314083606004715
0.024943703785538673
-0.026461660861968994
0.06878212839365005
-0.09625754505395889
0.035253364592790604
-0.08962399512529373
0.10646361857652664
-0.026462461799383163
0.014547222293913364
0.034037765115499496
-0.0030166725628077984
0.02542116492986679
-0.005498194135725498
-0.07685725390911102
-0.007592503912746906
-0.07949170470237732
-0.012080504558980465
0.019550690427422523
-0.03307707980275154
0.040815409272909164
0.03429071605205536
-0.041027773171663284
0.04497624933719635
0.024193400517106056
0.04534390568733215
0.03732496127486229
0.046723946928977966
-0.027659447863698006
0.027938565239310265
0.06340964883565903
0.026447689160704613
-0.0034596009645611048
-0.03869989886879921
0.02010323666036129
-0.07730545848608017
-0.06361392140388489
0.04065776243805885
0.019246475771069527
-0.024921275675296783
0.008551402948796749
0.04741903394460678
0.061114151030778885
-0.04210281744599342
0.07147147506475449
-0.11512819677591324
0.07416228204965591
-0.019335530698299408
-0.04224589094519615
-0.011143185198307037
0.06650577485561371
0.0005802272353321314
-0.043798964470624924
0.051285840570926666
0.0386786162853241
-0.04272337257862091
0.013439442031085491
-0.029222147539258003
0.02916388399899006
-0.04553648456931114
0.017678705975413322
-0.11655902862548828
-0.07671267539262772
-0.008191006258130074
-0.08677228540182114
0.048115067183971405
-0.013247639872133732
0.05016792565584183
0.08000633865594864
-0.0694614052772522
-0.030063098296523094
0.05453234910964966
-0.0935346707701683
0.02025618590414524
-7.182433583365353e-33
0.010805852711200714
0.013616175390779972
-0.015506953932344913
-0.13769225776195526
0.06915901601314545
0.0009372472995892167
0.03944800794124603
0.10308114439249039
0.06769438832998276
0.01537041924893856
0.00546280387789011
-0.08212337642908096
-0.034738942980766296
0.07319966703653336
-0.047174833714962006
-0.028368325904011726
0.05730407312512398
-0.022701777517795563
-0.04247092083096504
0.06696165353059769
0.09676738828420639
-0.0006355547811836004
0.001413131831213832
0.05253540724515915
-0.037337563931941986
-0.000746635370887816
-0.12687212228775024
0.01769668236374855
-0.026355154812335968
0.035382308065891266
-0.03108840622007847
-0.024795785546302795
-0.028317313641309738
0.08529870957136154
-0.04856501892209053
0.01860019937157631
-0.0020574128720909357
-0.02202129177749157
-0.06745915859937668
-0.017180943861603737
0.050553761422634125
0.06321979314088821
-0.04536350071430206
0.07424952834844589
0.0261066984385252
-0.038642819970846176
-0.07849076390266418
-0.05413856729865074
-0.08676105737686157
0.02185175195336342
-0.0604633092880249
0.009291503578424454
-0.007542847190052271
0.02671176753938198
-0.0029731704853475094
-0.11175734549760818
0.0626385509967804
-0.05880877375602722
-0.05007896199822426
-0.035793013870716095
0.012682218104600906
-0.03739625960588455
-0.017351003363728523
0.037592656910419464
0.07664355635643005
-0.047840666025877
-0.1165597140789032
0.006864670664072037
0.018726861104369164
-0.06318434327840805
0.011152525432407856
-0.0030252663418650627
0.05807023495435715
-0.022334275767207146
-0.05852894112467766
-0.005846593528985977
0.003135109320282936
-0.027775265276432037
-0.009797262027859688
-0.010256425477564335
0.05707437917590141
0.0059644607827067375
0.07582353800535202
-0.009219516068696976
-0.019702523946762085
-0.00412369892001152
-0.03189670294523239
-0.05037527531385422
-0.030166344717144966
-0.0034144532401114702
-0.03271390125155449
-0.04265332967042923
0.043962642550468445
0.02116362378001213
-0.01351743284612894
2.179283874477979e-33
-0.03688235953450203
0.03636065870523453
0.05723853036761284
0.016215309500694275
-0.019475165754556656
0.015156453475356102
-0.028188249096274376
0.07929977029561996
-0.08603402972221375
0.050760865211486816
-0.010903935879468918
0.06460383534431458
0.03742983564734459
0.03629840537905693
0.09531255811452866
0.09243553876876831
0.04262700304389
-0.025089455768465996
0.025083821266889572
0.11025335639715195
-0.026843193918466568
0.055664896965026855
0.03366813436150551
0.012913226149976254
0.09688784182071686
0.05158904567360878
0.14111432433128357
-0.05104849487543106
-0.0068910629488527775
0.034280478954315186
-0.04283701628446579
-0.007848022505640984
-0.0006910154479555786
0.018714766949415207
-0.0039109098725020885
0.053860604763031006
-0.019563181325793266
-0.13983874022960663
-0.02031436562538147
0.015796348452568054
0.03974832966923714
0.05022150278091431
0.00585642596706748
0.036034733057022095
0.03900180011987686
-0.008039525710046291
-0.057654086500406265
0.09716533124446869
-0.013597262091934681
-0.06655425578355789
0.006766057573258877
0.035412952303886414
0.10238669067621231
0.015136374160647392
0.01463350374251604
0.01643974520266056
-0.015217110514640808
0.07294654846191406
0.0009970046812668443
0.07185729593038559
0.007951609790325165
-0.0034293087664991617
-0.08770642429590225
0.005426171701401472
-0.009601707570254803
0.044124145060777664
-0.026463136076927185
0.020623039454221725
-0.08690020442008972
0.029001997783780098
-0.06819271296262741
0.07198715209960938
-0.06628931313753128
-0.0018751596799120307
0.050254546105861664
0.09446638822555542
0.0875060185790062
-0.009741908870637417
-0.018905598670244217
0.08102359622716904
-0.1044776439666748
0.029913509264588356
0.009261093102395535
-0.10788197815418243
0.08069902658462524
-0.10670481622219086
-0.11777464300394058
0.06668601185083389
-0.006902456749230623
-0.06752908229827881
-0.08081182837486267
-0.01364925131201744
-0.09678570926189423
-0.043883316218853
0.06170836091041565
-1.821668149659672e-08
-0.051272761076688766
-0.04219992831349373
0.0061886426992714405
-0.027398088946938515
0.04614773392677307
-0.04839903116226196
0.03543461859226227
-0.16308151185512543
0.04445905610918999
0.021518642082810402
0.015567847527563572
0.03188399225473404
-0.014446351677179337
0.0018870567437261343
-0.03917647898197174
0.026814591139554977
-0.04788609966635704
0.026320699602365494
0.029150336980819702
-0.007640085183084011
-0.024107344448566437
-0.013706915080547333
-0.027283011004328728
-0.03297562897205353
0.07293372601270676
-0.09422387927770615
-0.07153387367725372
0.005767290946096182
0.014936307445168495
0.09912357479333878
0.08582496643066406
0.004251234699040651
0.03324393555521965
-0.02985096536576748
0.05222427099943161
-0.07039405405521393
0.021060118451714516
0.00302497879602015
-0.038067352026700974
-0.027733193710446358
0.10067802667617798
-0.04807426407933235
-0.007793212775141001
0.03780004754662514
0.02712307870388031
0.010223661549389362
0.00847850926220417
0.020199455320835114
-0.028092585504055023
-0.03930123150348663
0.06498359888792038
0.016509218141436577
0.011453216895461082
-0.005229349713772535
-0.041881486773490906
-0.008093946613371372
0.05524595081806183
0.0009832243667915463
0.0016893035499379039
0.0019733989611268044
-0.0018986235372722149
0.04573787748813629
-0.023781172931194305
0.038824304938316345
