-0.0136707229539752
0.019922155886888504
-0.038108788430690765
-0.02193448320031166
-0.045893870294094086
-0.007143544033169746
-0.024970443919301033
-0.045340850949287415
-0.028057372197508812
0.009995263069868088
-0.009012596681714058
-0.05088549479842186
-0.07126951217651367
0.0230843648314476
0.003499670187011361
0.0741962119936943
0.0026041034143418074
0.024665992707014084
0.014555851928889751
0.006279395427554846
-0.008349960669875145
0.006014956161379814
-0.011129978112876415
0.02370341494679451
-0.10422839969396591
0.033010173588991165
-0.011796117760241032
-0.051408953964710236
0.05096183344721794
-0.10255265980958939
-0.05122485011816025
-0.010105174966156483
-0.06978517770767212
-0.027236150577664375
0.012659874744713306
-0.06208954006433487
-0.08727988600730896
0.012578696012496948
-0.01167224533855915
-0.015534672886133194
-0.001657951739616692
0.033793993294239044
-0.03626533970236778
0.050750087946653366
-0.13361072540283203
-0.0010465980740264058
0.02100789174437523
0.039410363882780075
-0.01122234109789133
-0.08269024640321732
-0.04636646807193756
-0.06740054488182068
-0.048679839819669724
0.017007337883114815
0.05921966955065727
-0.08540181815624237
-0.006744922138750553
-0.10520688444375992
0.003696498228237033
-0.07962993532419205
0.1185692548751831
0.05094294995069504
0.02236918918788433
0.00455953273922205
0.02418261393904686
-0.014220857992768288
-0.0103628970682621
-0.11564750969409943
-0.006650401279330254
-0.06233648583292961
-0.04969151318073273
-0.01837889291346073
-0.0629994198679924
0.10722620785236359
-0.02039160579442978
-0.004419232718646526
0.05977015569806099
-0.002802408067509532
0.021099189296364784
-0.00038843718357384205
-0.014778888784348965
0.003241901518777013
0.038011737167835236
0.03999713808298111
0.09642995893955231
0.006893469020724297
-0.015659306198358536
0.10732089728116989
-0.1569330096244812
-0.06696323305368423
0.009779424406588078
0.024736948311328888
-0.007249410264194012
-0.06975313276052475
-0.002460695570334792
0.06075512245297432
0.014677297323942184
-0.02960984595119953
-0.0828423947095871
0.07390446215867996
0.008456007577478886
-0.03706052899360657
0.05110517889261246
0.11827900260686874
-0.08886270970106125
-0.08196752518415451
-0.025730075314641
0.034707870334386826
0.06160980835556984
-0.00804873090237379
-0.002303796587511897
0.00394613528624177
-0.05412805452942848
0.058955926448106766
-0.02791443280875683
-0.04169875755906105
-0.07728060334920883
-0.00758631806820631
0.09656831622123718
0.014675499871373177
0.06189423054456711
0.03765806555747986
-0.04171045869588852
0.04348624497652054
0.020202668383717537
-0.019038984552025795
0.021660951897501945
-5.5957733491445075e-33
0.02276151441037655
0.00017964116705115885
0.043892182409763336
-0.06553639471530914
0.06132996827363968
0.019611375406384468
0.006963722873479128
0.06637150794267654
-0.008484678342938423
0.08670754730701447
-0.004234649706631899
-0.07266514003276825
-0.016968581825494766
0.03959756717085838
-0.03806789219379425
0.024055112153291702
0.010168042965233326
0.016258874908089638
0.016191914677619934
-0.031194327399134636
0.06046334654092789
0.021671267226338387
-0.0568067841231823
-0.006220623850822449
0.018603490665555
-0.026713818311691284
-0.13143126666545868
0.03992488980293274
-0.010797658003866673
0.015595471486449242
-0.03826586902141571
0.028514720499515533
0.0007893721340224147
0.042543258517980576
-0.004156517330557108
-0.14886519312858582
0.05254120007157326
-0.00641972478479147
-0.024033131077885628
0.01915987953543663
0.06867325305938721
-0.015363472513854504
0.0026409742422401905
0.03780689835548401
0.010699508711695671
-0.029062597081065178
-0.0818927213549614
-0.05747949331998825
-0.060807522386312485
0.03490561246871948
0.00512922927737236
0.027460765093564987
0.03532625734806061
-0.004376617725938559
-0.026343556120991707
0.03470752388238907
0.06909393519163132
-0.01951892487704754
-0.0612800195813179
0.0193435400724411
0.039826590567827225
0.03049309365451336
0.01554558053612709
0.0445600226521492
0.10623324662446976
-0.06693664193153381
-0.06291121989488602
-0.029958251863718033
0.03906064108014107
-0.06446341425180435
-0.00996231846511364
-0.03208407387137413
0.12373587489128113
-0.059673987329006195
-0.04456830024719238
-0.052474427968263626
-0.014482807368040085
-0.013414527289569378
-0.03404185548424721
0.02142818085849285
0.019785979762673378
-0.016618462279438972
0.025762567296624184
-0.0543370246887207
-0.0125565892085433
0.029484406113624573
-0.06681041419506073
-0.1039481833577156
0.04892353713512421
-0.0008401646628044546
-0.09277299046516418
-0.04723373427987099
-0.06077218055725098
0.0035934385377913713
0.03248019888997078
7.74950436415851e-34
0.019887350499629974
0.03791435435414314
-0.003997658845037222
0.0006196823087520897
0.023166052997112274
0.006085640750825405
-0.06313181668519974
0.15418751537799835
-0.06118398532271385
0.039697419852018356
0.06197672709822655
0.014220720157027245
-0.02769281528890133
-0.010072794742882252
0.10655691474676132
0.06027542054653168
0.03566833212971687
-0.045130230486392975
0.02934800274670124
0.039022788405418396
-0.01338503323495388
-0.004816262982785702
0.003150329925119877
-0.03617101535201073
-0.04235570505261421
0.047073956578969955
0.07902340590953827
-0.040030863136053085
-0.07477209717035294
0.0348740853369236
-0.004010020289570093
-0.05668133869767189
0.03644806146621704
-0.04585316777229309
-0.04644196853041649
-0.04356484115123749
-0.05663334205746651
-0.1253259927034378
0.060545243322849274
-0.005451254080981016
0.11368381977081299
-0.038189396262168884
0.07960048317909241
0.08133384585380554
0.03755398839712143
-0.07116289436817169
-0.025130489841103554
0.10871516168117523
0.10028773546218872
-0.07582129538059235
-0.050324857234954834
0.005158876068890095
0.06198514252901077
0.02366356924176216
0.02329241670668125
-0.049142178148031235
-0.033974017947912216
0.059496987611055374
0.00920979306101799
0.08329147100448608
-0.03162236884236336
0.05010777339339256
-0.07595828175544739
0.017172588035464287
0.0512242317199707
0.06030971556901932
-0.06688237935304642
0.01953715644776821
0.04757905378937721
0.07612579315900803
-0.021415526047348976
-0.0012742603430524468
-0.043769191950559616
0.06273773312568665
0.05908983200788498
0.015378093346953392
0.06971534341573715
0.005694129504263401
0.07158644497394562
0.03595174849033356
-0.05976337939500809
0.022789176553487778
-0.04209586977958679
-0.0626194030046463
0.03310291841626167
-0.0636516585946083
-0.07082552462816238
0.07664894312620163
0.05890444293618202
-0.05930231511592865
-0.046065036207437515
0.06333469599485397
-0.007143770344555378
-0.020350860431790352
-0.054846614599227905
-1.8017191294461554e-08
0.03601733595132828
-0.03472466394305229
-0.04157066345214844
-0.012788085266947746
0.03619623929262161
-0.0008567933109588921
0.03582489863038063
-0.035201914608478546
0.025628088042140007
0.05076656863093376
-0.018591204658150673
0.05326234921813011
0.05187956988811493
0.08772335946559906
-0.051293738186359406
0.022979509085416794
-0.003946784883737564
-0.052843786776065826
0.02582661807537079
-0.0629480853676796
-0.024939807131886482
-0.023804565891623497
0.018213234841823578
-0.03248557075858116
-0.006590692326426506
-0.0296449176967144
-0.1188192069530487
0.0018579527968540788
0.010603935457766056
0.16940362751483917
0.014894315972924232
0.059400010854005814
0.0029243710450828075
0.03534514829516411
0.05657924339175224
-0.09650184214115143
-0.01395211648195982
0.00013357335410546511
-0.002161551034078002
-0.074813112616539
0.06762754917144775
0.06402616947889328
-0.04766373336315155
0.0013203936396166682
0.010785109363496304
0.008423172868788242
-0.05830967426300049
-0.04082900658249855
-0.01079943124204874
0.02236003987491131
0.008564349263906479
-0.021628227084875107
0.016606062650680542
0.052666254341602325
-0.04802471771836281
-0.02698984183371067
0.05545198917388916
0.011463255621492863
-0.019423294812440872
0.008118633180856705
0.06310724467039108
-0.014154200442135334
-0.0030597751028835773
0.018806593492627144
