-0.03274330496788025
-0.019174711778759956
-0.03060116060078144
0.03684511035680771
-0.02331707812845707
-0.0034944682847708464
-0.06375832110643387
-0.045026831328868866
-0.04817944020032883
-0.03351634368300438
0.010612601414322853
-0.03518342599272728
0.013614648953080177
0.06482656300067902
0.005662274546921253
0.05108688771724701
-0.05812767520546913
0.031858138740062714
0.07233726978302002
-0.0451965294778347
-0.049434565007686615
-0.03482114523649216
-0.044686660170555115
-0.059207137674093246
-0.012183839455246925
0.05287059396505356
-0.015555145218968391
-0.04097699373960495
0.06940709799528122
-0.019559131935238838
0.0026633264496922493
-0.0044279578141868114
-0.10670395195484161
-0.01116089429706335
0.08760257810354233
-0.04361921548843384
-0.03695154935121536
0.03720767796039581
0.09580957144498825
-0.019245533272624016
0.0017019836232066154
0.041961412876844406
-0.05987372249364853
0.029485706239938736
-0.12380460649728775
-0.04659951105713844
-0.01511638518422842
0.043200261890888214
0.026356663554906845
-0.06526953727006912
-0.010909628123044968
0.004343653097748756
-0.09254435449838638
-0.00047081775846891105
0.04049279913306236
-0.06445842236280441
0.10907414555549622
-0.06496203690767288
0.044040028005838394
-0.08556471765041351
0.1297038346529007
0.001422357396222651
0.012975554913282394
0.044412631541490555
-0.004021105356514454
-0.0868457481265068
-0.02406235598027706
-0.10327619314193726
0.028855301439762115
-0.05596328154206276
-0.013149963691830635
-0.0373065359890461
-0.05226726830005646
0.09850138425827026
0.04088214412331581
-0.016457973048090935
0.02047971449792385
0.00942308735102415
0.012154119089245796
0.033008936792612076
0.004067312926054001
-0.03678503632545471
0.020657265558838844
0.021995604038238525
0.056345436722040176
-0.052013810724020004
0.008010542020201683
0.02228562720119953
0.006856423802673817
-0.014553675428032875
0.024898385629057884
0.012969793751835823
0.0022554202005267143
-0.00979623757302761
0.060842014849185944
0.024615097790956497
-0.0559045784175396
0.013803482055664062
-0.1038203239440918
0.048997677862644196
-0.01202025543898344
-0.013913172297179699
-0.024854013696312904
0.06974512338638306
0.00829863827675581
-0.03342743590474129
0.016116507351398468
0.031532254070043564
0.022733354941010475
0.07187054306268692
-0.037387944757938385
0.014944996684789658
0.002316822297871113
-0.016492363065481186
-0.023170743137598038
-0.09849657118320465
-0.03427783027291298
-2.8396238121786155e-05
0.050644651055336
0.029871998354792595
0.027116434648633003
0.04741225019097328
-0.08568078279495239
-0.08311286568641663
0.05707618594169617
-0.07349535822868347
-0.03271356225013733
-7.443395533299809e-33
0.07128648459911346
0.03158440440893173
-0.04294652119278908
-0.11086718738079071
0.04492130130529404
0.006680969148874283
0.07801108062267303
0.08574888855218887
0.04501129314303398
0.0522824227809906
0.01857207715511322
-0.0703871101140976
-0.05262996256351471
0.08478640764951706
-0.050711605697870255
0.020543769001960754
0.06573137640953064
-0.06989790499210358
-0.030095601454377174
0.061256714165210724
0.05287516489624977
0.0017547912430018187
-0.0003909279766958207
0.018027765676379204
0.013103170320391655
-0.011118019931018353
-0.15586605668067932
0.006412574090063572
0.0014324901858344674
0.03578293323516846
-0.003849232569336891
-0.04151667281985283
0.00395199516788125
0.03932947292923927
0.05767405778169632
-0.04878998547792435
0.06402226537466049
0.013312801718711853
-0.08583689481019974
-0.0662531703710556
0.029192892834544182
0.011453527957201004
-0.026317451149225235
-0.023932117968797684
0.009806770831346512
-0.018565960228443146
-0.04561975225806236
-0.016684640198946
-0.05587804690003395
-0.048158880323171616
0.04098145663738251
0.012687288224697113
-0.002366433385759592
0.034755900502204895
0.02016407437622547
-0.01765778288245201
0.0857170820236206
-0.05174698308110237
-0.030213022604584694
0.014833318069577217
0.034142088145017624
0.021481210365891457
0.052966486662626266
0.009730634279549122
0.0644858330488205
-0.10551904886960983
-0.08722641319036484
-0.021947761997580528
-0.003948777448385954
-0.04047791287302971
-0.018272385001182556
0.015828076750040054
0.10880124568939209
-0.06891975551843643
-0.016469085589051247
-0.03308286517858505
-0.04117307439446449
-0.003096763277426362
-0.03249355033040047
-0.0591617226600647
0.0016347322380170226
-0.017247479408979416
0.10253263264894485
-0.04866050183773041
-0.0051573640666902065
0.02970898151397705
-0.03212974965572357
-0.09414515644311905
-0.006550961639732122
0.021958939731121063
-0.01918010599911213
-0.0006006106268614531
-0.004474972374737263
0.011556465178728104
-0.043385885655879974
2.370428623142291e-33
-0.059947509318590164
0.018584975972771645
0.047571711242198944
-0.03495712950825691
-0.021710118278861046
0.0217763539403677
-0.029590163379907608
0.11006347835063934
-0.06382583826780319
0.060773927718400955
-0.030544942244887352
0.013442745432257652
0.03231379762291908
0.035232897847890854
0.11180553585290909
0.10778986662626266
0.112100750207901
-0.049614161252975464
0.027163950726389885
0.06521915644407272
-0.06880611181259155
0.06997708231210709
-0.02206501178443432
0.006042640656232834
0.04709022492170334
0.042914628982543945
0.128849059343338
-0.029320094734430313
0.008800650015473366
0.017740348353981972
-0.023358475416898727
-0.02684292383491993
-0.00196386338211596
-0.00378430332057178
-0.02607419528067112
0.07055875658988953
-0.05319830775260925
-0.10037858039140701
0.004416738171130419
-0.02705477364361286
0.021407101303339005
0.016413938254117966
0.016590528190135956
0.078036367893219
0.02640792727470398
-0.04516362026333809
-0.01698414422571659
0.12489628791809082
-0.013582413084805012
-0.06658811867237091
-0.004069476388394833
0.06938088685274124
0.0978594422340393
3.7495790365937864e-06
0.01077226735651493
0.01235994417220354
-0.03884692117571831
0.08793918043375015
0.06050803139805794
0.042047321796417236
0.026854733005166054
0.05411330610513687
-0.09754594415426254
0.020963231101632118
-0.03617769479751587
0.07069029659032822
-0.023100322112441063
0.005076349247246981
-0.04295460134744644
-0.011331884190440178
-0.0035975053906440735
0.10075858235359192
-0.08630078285932541
-0.005974839441478252
0.030553830787539482
0.08364256471395493
0.09275128692388535
-0.03883260115981102
-0.025419926270842552
0.08599135279655457
-0.04941967502236366
0.03598271682858467
-0.06231590360403061
-0.05610561743378639
0.03561050072312355
-0.12398029118776321
-0.14667358994483948
0.02824356034398079
0.017907552421092987
-0.05004129931330681
-0.04506244137883186
-0.015693608671426773
-0.052955396473407745
-0.08156805485486984
0.09552380442619324
-1.723649489804302e-08
-0.04061773046851158
-0.055926788598299026
-0.0015966632636263967
-0.018169350922107697
0.05823459476232529
-0.03813640773296356
0.04769185185432434
-0.1225767582654953
0.0437990166246891
-0.008305265568196774
0.03180038556456566
0.009846406988799572
0.03274638578295708
0.09891630709171295
-0.016468387097120285
0.008236031979322433
-0.009879675693809986
0.018908511847257614
0.022344205528497696
-0.015435300767421722
-0.04455661028623581
-0.015051469206809998
-0.03787505254149437
-0.041841525584459305
0.04014863073825836
-0.10960594564676285
-0.10507287830114365
-0.05439817160367966
-0.04804372787475586
0.10589594393968582
0.07248315960168839
-0.004018458537757397
0.002634369069710374
-0.014796948060393333
0.04076031967997551
-0.029351595789194107
0.02564341574907303
-0.01858796365559101
-0.04074558988213539
-0.04335728660225868
0.11927994340658188
0.01929095946252346
-0.026248423382639885
0.009088982827961445
-0.031204402446746826
0.01505210530012846
-0.05671106278896332
-0.05222664028406143
-0.005072702653706074
-0.04408140107989311
0.05089077726006508
0.01602025330066681
-0.0005784446257166564
0.009712031111121178
-0.0012533306144177914
-0.013176115229725838
0.00716559449210763
-0.007448841352015734
-0.0027336443308740854
0.03678399324417114
0.02011159621179104
0.03815271332859993
0.009735113009810448
0.015836497768759727
