-0.0034992985893040895
-0.04828764870762825
-0.0074095455929636955
-0.014865318313241005
-0.031076505780220032
0.006178437266498804
0.016409102827310562
0.04826296865940094
-0.007600132375955582
-0.05570568889379501
-0.023257527500391006
0.02490067295730114
-0.012254665605723858
0.024072330445051193
0.009881238453090191
0.04156395047903061
0.013923406600952148
0.009121417999267578
0.038057148456573486
-0.01499153021723032
-0.03157265856862068
0.014071769081056118
0.015124316327273846
-0.002496004104614258
-0.06603528559207916
0.021061846986413002
-0.000780983769800514
-0.017279870808124542
0.056888971477746964
-0.05513666942715645
-0.03372441977262497
-0.023793434724211693
-0.03205864876508713
-0.036043308675289154
0.04360579699277878
-0.029281441122293472
-0.023039700463414192
-0.007276907097548246
0.030458347871899605
-0.01563997007906437
-0.016650091856718063
0.05289239436388016
0.0006181623321026564
-0.031061090528964996
-0.0651734471321106
-0.039061613380908966
-0.001145905815064907
0.05512305349111557
0.014135214500129223
-0.12519995868206024
-0.012861652299761772
0.004173366352915764
-0.07915670424699783
0.004358295351266861
0.027557771652936935
-0.02710217982530594
0.06866862624883652
-0.12487690150737762
0.019101582467556
-0.07851636409759521
0.17010821402072906
-0.013880448415875435
-0.020414331927895546
0.016751552000641823
0.04396865516901016
0.0031400846783071756
0.05285205319523811
-0.12764255702495575
0.04989239200949669
0.00273380265571177
-0.07033327221870422
-0.0002869300951715559
-0.053214311599731445
-0.007221194449812174
-0.051537539809942245
-0.06673987954854965
0.06515615433454514
-0.01793363317847252
0.10096953064203262
0.07519455999135971
0.06903576105833054
0.04599862918257713
0.0780264139175415
0.06713423877954483
0.01690501719713211
-0.009450970217585564
-0.004326767288148403
0.09603850543498993
-0.11289631575345993
-0.07577500492334366
-0.012774583883583546
0.0017574611119925976
0.008862736634910107
0.016715778037905693
-0.032942995429039
0.0741027221083641
-0.026686256751418114
0.032084930688142776
-0.07799439877271652
0.09056124091148376
0.03129620477557182
-0.007873142138123512
-0.025913376361131668
0.09707563370466232
-0.0034311593044549227
-0.0626756027340889
0.002748714992776513
0.008824994787573814
0.0043531726114451885
0.03888924792408943
-0.04290271922945976
0.00024174986174330115
-0.06101734936237335
0.032891400158405304
-0.14698635041713715
-0.004126351792365313
-0.017436068505048752
-0.08070144057273865
0.03022974729537964
0.007091121282428503
0.02764868550002575
0.052048321813344955
-0.029916346073150635
0.0010466257808730006
0.12634173035621643
-0.12745222449302673
0.005214476026594639
-6.333060303711539e-33
0.023047177121043205
0.004633109085261822
0.06924016028642654
-0.10720130801200867
0.0652138814330101
-0.0038120155222713947
0.006696292199194431
0.06374591588973999
0.03489009290933609
0.06494149565696716
0.019144296646118164
-0.06818901002407074
-0.010277308523654938
-0.0015515220584347844
-0.03906574100255966
0.02541746012866497
0.018929973244667053
-0.0522533617913723
-0.005674333311617374
-0.01563640497624874
0.10166636854410172
-0.009451234713196754
-0.041951145976781845
0.01000961009413004
0.007016174960881472
0.03349946439266205
-0.1148240715265274
0.007162853144109249
-0.06367084383964539
0.017623253166675568
-0.010313390754163265
-0.018307391554117203
-0.01471870206296444
0.09784747660160065
-0.023321419954299927
-0.09122408926486969
0.028216050937771797
-0.005637855269014835
-0.0671546682715416
-0.016431918367743492
0.0558461993932724
0.023847486823797226
-0.020422112196683884
0.05807451903820038
0.03544231504201889
-0.018091285601258278
-0.11449821293354034
-0.02504035457968712
-0.0469193160533905
0.04330747202038765
-0.044935788959264755
0.03270852193236351
0.02889973483979702
0.04888324439525604
-0.032416604459285736
-0.038084425032138824
0.028604768216609955
-0.03469308093190193
-0.06812521815299988
-0.050133779644966125
0.04267461597919464
-0.07182949781417847
0.04140293970704079
-0.0005505605367943645
0.07847429811954498
-0.07213691622018814
-0.042275622487068176
-0.03889797255396843
0.03071511536836624
-0.01308229099959135
-0.005045033525675535
-0.0012305862037464976
0.07441378384828568
-0.05978015437722206
-0.04109404236078262
-0.02255292423069477
-0.024543942883610725
-0.023477016016840935
-0.0328361839056015
0.013276548124849796
0.08179021626710892
-0.03303857892751694
0.07870172709226608
-0.02386522851884365
0.016973527148365974
-0.04891645535826683
-0.058264944702386856
-0.049527429044246674
0.007752404548227787
0.0005163007881492376
-0.01075698621571064
-0.09257496893405914
0.02265544794499874
-0.05990638583898544
0.03342312574386597
2.8262261903316483e-33
-0.030716173350811005
0.06687082350254059
-0.020593803375959396
-0.01842672936618328
-0.011179028078913689
-0.021046921610832214
-0.045618340373039246
0.0975186750292778
-0.11660800874233246
0.08384189009666443
-0.042928632348775864
0.11888452619314194
0.020762145519256592
0.055531833320856094
0.0567626915872097
0.08946552127599716
0.0016523265512660146
-0.04385834187269211
0.023533493280410767
0.09907059371471405
-0.009509235620498657
0.01584749110043049
0.02997259981930256
0.0044428640976548195
0.0473574660718441
0.04321379214525223
0.129731684923172
-0.022007066756486893
-0.026525499299168587
-0.003970736172050238
0.032732900232076645
0.010468262247741222
0.021694889292120934
-0.025643806904554367
-0.0745723620057106
0.001898204442113638
-0.06324823200702667
-0.12170405685901642
-0.01193876564502716
0.026971427723765373
0.06704677641391754
0.05088206008076668
0.05997416749596596
0.02325776033103466
0.06322556734085083
-0.07499788701534271
-0.05063629522919655
0.06761499494314194
0.060623783618211746
-0.10147102922201157
-0.07674585282802582
0.014119447208940983
0.0633929967880249
0.06353536248207092
0.026885081082582474
0.0654483214020729
-0.036109887063503265
0.02278742752969265
-0.05629652366042137
0.09458926320075989
0.030511124059557915
0.010591789148747921
-0.08731711655855179
0.012092332355678082
-0.040160320699214935
0.07622887939214706
-0.08527186512947083
0.05207611620426178
-0.08216910064220428
0.09714361280202866
-0.06306222826242447
0.017826786264777184
-0.0062277652323246
-0.0034781775902956724
0.056001581251621246
0.047998879104852676
0.09998546540737152
0.053316567093133926
0.03419745713472366
0.042396508157253265
-0.06996934115886688
0.031999532133340836
-0.015414155088365078
-0.037659455090761185
0.08100594580173492
-0.10624368488788605
-0.09664974361658096
0.04915505647659302
-0.018922964110970497
-0.04345054179430008
-0.011595037765800953
0.0058857835829257965
-0.05737960711121559
-0.006087270099669695
-0.0036597023718059063
-1.4885064736347431e-08
-0.0183523278683424
-0.00024032704823184758
-0.018315453082323074
-0.041101403534412384
0.04551851004362106
0.009148371405899525
0.06830208748579025
-0.14300721883773804
0.022485682740807533
0.033931612968444824
-0.04504188150167465
0.006442705634981394
0.02350527234375477
0.018724218010902405
0.029816986992955208
0.03898444399237633
-0.039085425436496735
0.022255990654230118
-0.024321718141436577
-0.030643397942185402
-0.011412987485527992
0.007004016079008579
-0.020510701462626457
0.00020057732763234526
0.018707312643527985
-0.014001279138028622
-0.019098524004220963
-0.041693221777677536
0.025448741391301155
0.1455508917570114
0.04648711159825325
0.07265054434537888
0.007728763855993748
0.001243421109393239
-0.03484094887971878
-0.06664620339870453
0.044715821743011475
0.018875498324632645
-0.027407629415392876
-0.09455788880586624
0.06655479967594147
-0.01934938319027424
-0.05426826328039169
0.035015352070331573
0.0369255505502224
0.007923692464828491
-0.027627917006611824
-0.04411756619811058
0.03296175226569176
-0.013247922994196415
0.03461860865354538
-0.010973120108246803
0.004551846068352461
0.02243959903717041
-0.021938791498541832
0.04702887311577797
0.03412667661905289
-0.013742686249315739
-0.05005839094519615
0.02065950259566307
-0.03945499658584595
0.01145919132977724
-0.01648334227502346
0.0389988012611866
