0.02921314351260662
-0.003108076751232147
-0.002903047949075699
-0.008532518520951271
0.008277585729956627
-0.016416428610682487
0.01054054033011198
0.03994382545351982
-0.010807296261191368
-0.02358359470963478
0.024780765175819397
-0.015068743377923965
-0.059595972299575806
0.0313449427485466
-0.00785092357546091
0.07787860929965973
0.027943270280957222
0.008423643186688423
0.008907496929168701
-0.022942371666431427
-0.0358852781355381
0.0060340058989822865
-0.011622647754848003
0.0035562736447900534
-0.06843040883541107
0.03168617933988571
-0.04346121847629547
0.018163315951824188
0.03417123481631279
-0.06378482282161713
-0.03819696605205536
0.009173791855573654
-0.02281215414404869
-0.0164958368986845
0.026067083701491356
0.011327739804983139
-0.017227940261363983
0.048706524074077606
0.07181810587644577
0.023122349753975868
-0.007882746867835522
0.05597931146621704
0.020714187994599342
-0.005785380955785513
-0.11345182359218597
-0.04230189323425293
0.00658233929425478
0.032544828951358795
-0.01055784709751606
-0.16410985589027405
0.04668837785720825
-0.036650534719228745
-0.09000038355588913
-0.015761734917759895
0.055237799882888794
-0.057247769087553024
0.04938198998570442
-0.12508746981620789
0.010858502238988876
-0.06676707416772842
0.1416131854057312
0.006083682179450989
-0.02662789076566696
0.0193719994276762
0.02981121465563774
-0.045512907207012177
0.05088431388139725
-0.13500656187534332
0.05773930996656418
-0.05316784232854843
-0.03231170400977135
-0.026524268090724945
-0.07003583759069443
0.06229839101433754
-0.05205906927585602
-0.05786486715078354
0.00802584644407034
0.00947000551968813
0.06721299886703491
0.08648637682199478
0.02227475307881832
0.018680308014154434
0.0011102452408522367
0.050184838473796844
0.039612382650375366
-0.0010793027468025684
0.04140050336718559
0.08021734654903412
-0.057371124625205994
-0.07995971292257309
-0.024509761482477188
0.0052485219202935696
-0.013707652688026428
-0.006516808643937111
-0.021168962121009827
-0.006713229697197676
-0.008697113953530788
-0.03057139925658703
-0.11931910365819931
0.08113788068294525
0.050282903015613556
0.012710033915936947
-0.011518365703523159
0.09674474596977234
-0.007081008516252041
-0.050098713487386703
0.005603799130767584
0.035602714866399765
0.047236036509275436
0.0553351566195488
-0.021748479455709457
-0.0014431686140596867
-0.024574274197220802
0.017859861254692078
-0.1087566390633583
-0.04577717185020447
-0.010141124948859215
-0.06162576377391815
-0.0012314707273617387
0.007177319843322039
0.05042613670229912
0.05897854268550873
-0.03810887783765793
-0.010347723960876465
0.1087019070982933
-0.08927290886640549
-0.011354201473295689
-5.656158861288233e-33
0.04338202252984047
0.02348913438618183
0.05598307028412819
-0.09148941934108734
0.07978684455156326
-0.014412403106689453
0.011265176348388195
0.03210340812802315
0.019859233871102333
0.08710437268018723
0.025424152612686157
-0.03221358731389046
-0.03167109563946724
0.0015025116736069322
-0.016604209318757057
0.04300449788570404
0.04202067479491234
-0.04191775992512703
0.007858903147280216
-0.004561861976981163
0.06456562131643295
0.02682286500930786
-0.0409139022231102
-0.006298399996012449
0.03539833799004555
0.02433486096560955
-0.10687194019556046
0.003903266740962863
-0.029400747269392014
0.007959888316690922
0.02366107888519764
-0.024536965414881706
0.003893854795023799
0.08441454917192459
-0.0295648742467165
-0.08275475353002548
0.04385167360305786
-0.036828119307756424
-0.046574946492910385
-0.03438664972782135
0.05846748873591423
0.0016869857208803296
-0.014028721489012241
0.03427848592400551
0.04308536648750305
-0.05308673158288002
-0.10306541621685028
-0.018093008548021317
-0.0470852293074131
-0.036645229905843735
0.006110664922744036
0.021952062845230103
0.030958201736211777
0.05633668974041939
-0.005819705314934254
0.04211824759840965
0.052899785339832306
-0.046253617852926254
-0.07879140228033066
-0.041875842958688736
0.05178079009056091
-0.037815336138010025
0.003759888932108879
0.04044172540307045
0.1212618425488472
-0.044142771512269974
-0.024524813517928123
-0.0144811337813735
0.013069364242255688
-0.03679778426885605
-0.01392285991460085
-0.013082972727715969
0.11941806226968765
-0.06212679669260979
-0.015216130763292313
-0.03146713599562645
-0.0027989374939352274
-0.05430232360959053
-0.04548035189509392
-0.002446007914841175
0.008538655005395412
-0.048693347722291946
0.06832126528024673
-0.06090604141354561
-0.01053240243345499
-0.021242400631308556
-0.03601031377911568
-0.032760217785835266
0.007163803093135357
0.04079887643456459
-0.0736287385225296
-0.055525586009025574
-0.03458673134446144
-0.04806464537978172
0.035881806164979935
2.6195621611715973e-33
-0.04398399218916893
0.04766291379928589
0.0009062817553058267
-0.028590146452188492
-0.003051391337066889
0.024905072525143623
-0.007095650304108858
0.15632353723049164
-0.11758182942867279
0.08205337822437286
-0.06789231300354004
0.07566256821155548
0.028390318155288696
0.027933433651924133
0.06934986263513565
0.09277313202619553
0.03640495613217354
-0.03968260437250137
0.056029919534921646
0.07195723056793213
-0.006948612164705992
0.02054506726562977
0.006620006635785103
0.003197168931365013
0.04041917994618416
0.038163017481565475
0.10963372141122818
-0.03839603066444397
-0.07396174222230911
-0.03918619826436043
0.03466290235519409
-0.034177545458078384
0.062443602830171585
-0.040665555745363235
-0.05674088001251221
-0.0066226813942193985
-0.06760241836309433
-0.1641833633184433
-0.00455510476604104
0.012899380177259445
0.021486829966306686
0.042370736598968506
0.08605153858661652
0.041158076375722885
0.025345485657453537
-0.10685278475284576
-0.031422149389982224
0.09116631001234055
0.05696503818035126
-0.10942812263965607
-0.07775860279798508
-0.014880507253110409
0.02768775075674057
0.0279709305614233
0.016604792326688766
0.05694172903895378
-0.004412137437611818
0.0661860853433609
-0.007653007283806801
0.06721432507038116
-0.008672855794429779
0.0037371644284576178
-0.1269673854112625
0.022247347980737686
-0.01367507129907608
0.10756850242614746
-0.08498899638652802
0.051230356097221375
-0.04370293766260147
0.10206430405378342
-0.012043650262057781
0.04670128598809242
0.017484301701188087
-0.02497181110084057
0.021139707416296005
0.02092502824962139
0.06599559634923935
0.04246363043785095
0.02891724742949009
0.0768980160355568
-0.01469788420945406
0.034115180373191833
-0.04461346194148064
6.895474598422879e-06
0.08307631313800812
-0.11597985774278641
-0.0861036479473114
0.0776943787932396
-0.007159795146435499
0.007512121926993132
-0.04024433717131615
0.045432280749082565
-0.022169899195432663
-0.03257022798061371
-0.012638024054467678
-1.3912172747154727e-08
0.004045356530696154
0.007697754539549351
-0.024161314591765404
-0.027859043329954147
0.06588227301836014
0.006510236766189337
0.033654481172561646
-0.12594561278820038
-0.013273917138576508
0.017891641706228256
-0.03936527669429779
0.03632690757513046
0.0038628990296274424
0.08023180067539215
0.033193960785865784
0.0002867841103579849
-0.01710592210292816
-0.03826139122247696
-0.016512246802449226
-0.08048980683088303
-0.037490081042051315
0.04375769570469856
-0.012749272398650646
-0.03629651665687561
-0.0018932231469079852
-0.036207783967256546
-0.016827700659632683
-0.012338719330728054
-0.024708647280931473
0.12752075493335724
0.06150022894144058
0.07113949209451675
-0.010570515878498554
0.059477563947439194
-0.04084230214357376
-0.0613408237695694
0.016668638214468956
0.04569583386182785
-0.008853468112647533
-0.10616353154182434
0.0817575603723526
-0.020319856703281403
-0.037134796380996704
0.03327946737408638
-0.02075565978884697
0.03109751269221306
-0.09199312329292297
-0.08114225417375565
0.032973285764455795
0.004920355509966612
0.050827112048864365
0.009329518303275108
-0.00018090649973601103
0.04043951258063316
-0.021189019083976746
0.02768685668706894
0.041347190737724304
-0.005654509179294109
-0.06728141009807587
-0.003079287940636277
-0.03819559887051582
0.004034683108329773
0.01251576654613018
0.04629518836736679
