-0.02434888668358326
-0.01620066538453102
0.03880635276436806
-0.014280484057962894
-5.833848990732804e-05
0.02135288156569004
0.024925529956817627
0.011005213484168053
-0.04777930676937103
-0.002249686745926738
0.015849310904741287
-0.009391936473548412
-0.004021471831947565
0.02646288275718689
0.005536854732781649
0.11876846104860306
-0.016224000602960587
0.04053068533539772
0.05304957926273346
-0.011715631000697613
0.036143749952316284
-0.033234041184186935
0.0012270556762814522
-0.02125740796327591
-0.06161801144480705
0.03008905053138733
-0.039022624492645264
0.01916356012225151
0.07666732370853424
-0.05728863552212715
-0.006677163299173117
0.006591790355741978
-0.10845477133989334
-0.04350165277719498
0.023194503039121628
-0.005202752072364092
-0.0848407968878746
0.03816584125161171
0.03411632776260376
0.039802953600883484
-0.06312204897403717
0.01196169201284647
0.016439488157629967
-0.05698058754205704
-0.09498158097267151
0.027022389695048332
-0.011831885203719139
0.05406976863741875
-0.02125672996044159
-0.04209813475608826
-0.010035746730864048
-0.01528237946331501
-0.04627330228686333
-0.058339230716228485
0.00965340156108141
-0.026231758296489716
-0.013453315012156963
-0.08733419328927994
0.07508619129657745
-0.11754157394170761
0.12394823879003525
0.0498371496796608
0.013758441433310509
0.04459749162197113
0.03905371576547623
0.011930673383176327
0.034494128078222275
-0.1061158999800682
0.055554989725351334
-0.020669929683208466
0.003092451486736536
0.004046577028930187
-0.025189781561493874
0.047754917293787
-0.030869578942656517
-0.00934541691094637
0.03850920498371124
0.01056407205760479
-0.016304397955536842
0.056022804230451584
0.056469835340976715
-0.09582076966762543
-0.030741022899746895
-0.08061651885509491
0.0881728082895279
0.02629067376255989
0.013823133893311024
0.08473089337348938
-0.07993210852146149
-0.0356844924390316
0.018730735406279564
-0.016457509249448776
-0.0032419473864138126
-0.01217354740947485
0.003036858281120658
0.039698779582977295
-0.031926024705171585
-0.042186032980680466
-0.08793146163225174
0.08701520413160324
0.030495624989271164
0.005285326857119799
0.014742997474968433
0.08904195576906204
0.01823880709707737
-0.061049435287714005
0.040177199989557266
0.04103397578001022
0.05924442037940025
0.10986258089542389
-0.03394356742501259
0.02497764118015766
0.00346390251070261
0.03685842826962471
-0.11584366112947464
0.01772446744143963
-0.07582935690879822
-0.09314411878585815
0.024116525426506996
-0.011988317593932152
0.0452260822057724
0.09381867200136185
-0.029319483786821365
0.029318999499082565
0.04166090488433838
-0.0900774747133255
-0.026383090764284134
-6.700960648160145e-33
0.05325472354888916
0.02951788529753685
0.0019065578235313296
-0.09591326862573624
0.009023196063935757
0.024155480787158012
-0.0038333262782543898
-0.026367798447608948
0.06932321190834045
0.10643380135297775
-0.10337118804454803
-0.033189788460731506
-0.002099915174767375
-0.0032809919212013483
-0.013290169648826122
-0.0032278718426823616
0.024645470082759857
-0.05128975212574005
-0.03634566441178322
0.004177486058324575
0.025774279609322548
0.013658755458891392
-0.06446975469589233
0.019411077722907066
0.009752260521054268
0.06872593611478806
-0.10525786876678467
-0.005674389190971851
-0.020184610038995743
0.022760888561606407
0.012570802122354507
-0.04936656728386879
-0.030697733163833618
0.0726105123758316
0.06305626779794693
-0.048559244722127914
0.06253043562173843
-0.037100303918123245
0.018162023276090622
-0.02619328908622265
0.0027692432049661875
-0.04562900960445404
-0.01203421875834465
-0.008168213069438934
-0.006799171678721905
-0.0730159655213356
-0.04100130498409271
-0.025576474145054817
-0.0693177878856659
-0.018711039796471596
0.027470914646983147
0.02203477919101715
0.0014402944361791015
0.028997913002967834
0.024376865476369858
-0.046303533017635345
0.07535095512866974
-0.07518827170133591
-0.07068206369876862
0.0030636212322860956
0.01391620934009552
-0.046108096837997437
0.04041215032339096
0.023233499377965927
0.045183442533016205
-0.06955152004957199
-0.01124278362840414
-0.007693275809288025
0.00643315352499485
-0.05728035047650337
0.010914555750787258
-0.06274525821208954
0.08101246505975723
-0.03783862292766571
-0.0383768305182457
-0.029393402859568596
-0.055310335010290146
-0.06149393692612648
-0.005105196963995695
0.08294818550348282
0.029467593878507614
-0.09046332538127899
0.051400721073150635
-0.0859745517373085
-0.020993709564208984
0.03127402439713478
0.015994427725672722
-0.11170163750648499
0.033461276441812515
-0.012407808564603329
-0.06505846232175827
-0.046493496745824814
-0.01839636079967022
-0.005211565177887678
0.07978083938360214
3.241315837139053e-33
-0.015012064017355442
0.03931253030896187
0.07390522211790085
0.04663386568427086
-0.012508205138146877
0.061816565692424774
0.01833329349756241
0.11878087371587753
-0.07543923705816269
-0.021036993712186813
-0.07633299380540848
0.07290012389421463
0.051572225987911224
-0.02651560679078102
0.12246254086494446
0.08740531653165817
0.0029492825269699097
-0.039581049233675
0.05413303151726723
0.1220192015171051
-0.07498681545257568
0.017941836267709732
-0.003560916753485799
0.02280939556658268
0.04827919974923134
0.05438774451613426
0.1432895064353943
-0.04550802707672119
0.028011402115225792
-0.0001921961666084826
0.005194446071982384
0.012948890216648579
0.05316147953271866
0.004695638082921505
-0.05193524807691574
0.02464626356959343
0.023746732622385025
-0.11699212342500687
0.037103552371263504
-0.002876691985875368
0.0251847505569458
0.010926135815680027
0.0628914013504982
0.05698297545313835
0.02243145741522312
-0.03484473004937172
-0.005122877657413483
0.10404957085847855
-0.009650628082454205
-0.11948725581169128
-0.0933513268828392
-0.01577642932534218
0.07973948866128922
-0.00896849762648344
0.024826178327202797
0.015967009589076042
-0.02279607579112053
0.031038686633110046
-0.06541691720485687
0.03627408295869827
0.01565040647983551
0.07620685547590256
-0.09883449226617813
0.03617732971906662
-0.001599968527443707
0.10756756365299225
-0.1194375604391098
0.034324392676353455
-0.09826475381851196
0.08416038751602173
-0.0771489217877388
0.01892990618944168
-0.01826624572277069
-0.047188304364681244
0.03751588612794876
-0.04772072657942772
0.07984978705644608
0.04760771617293358
0.04942663758993149
-0.03253491595387459
-0.04206163063645363
0.05205695331096649
-0.00926989782601595
-0.0013140725204721093
0.002698206575587392
-0.027925333008170128
-0.11615835130214691
0.058966588228940964
-0.011240203864872456
-0.08395031094551086
-0.04706249386072159
-0.006951743736863136
-0.04471416398882866
-0.008410239592194557
0.02798455022275448
-1.4879336873718785e-08
-0.04383804276585579
0.088472880423069
-0.024548785760998726
-0.012608980759978294
0.04879636690020561
0.053599633276462555
0.05997353419661522
-0.10715221613645554
0.015962064266204834
-0.053652942180633545
-0.04742545634508133
0.035361818969249725
0.041079990565776825
0.05942678824067116
-0.03417982906103134
-0.02404779940843582
-0.04357914626598358
0.049563806504011154
-0.0010077240876853466
0.007150154560804367
0.012038579210639
0.03186626359820366
0.048995379358530045
-0.030376287177205086
-0.03224116936326027
0.02124730311334133
-0.013941637240350246
-0.05324818938970566
-0.0059072463773190975
0.1156609058380127
0.01933341845870018
0.016497083008289337
-0.011501310393214226
0.00278623984195292
-0.02738298289477825
-0.009054357185959816
0.02409810945391655
0.007712707854807377
-0.044444549828767776
-0.09374076128005981
0.057106200605630875
0.10222188383340836
-0.04107477888464928
0.014559842646121979
-0.08314532041549683
0.0019245395669713616
-0.08228011429309845
-0.08410386741161346
0.037362296134233475
0.0034130176063627005
-0.0035494687035679817
0.022916099056601524
0.020367803052067757
0.005430500954389572
0.04346224665641785
0.023868601769208908
-0.0061049447394907475
0.015226495452225208
-0.0588940791785717
-0.021251102909445763
0.010969039052724838
-0.04218890517950058
0.0031198053620755672
0.005127544514834881
