-0.007435406092554331
-0.017857294529676437
0.0070333885960280895
0.03430972248315811
-0.018995989114046097
-0.00944250077009201
-0.024010326713323593
0.031093372032046318
-0.04298446327447891
0.02384086884558201
-0.03147679194808006
0.013438462279736996
-0.05203597992658615
0.03878366947174072
0.00214593973942101
0.034158673137426376
-0.06777083873748779
0.03732559084892273
0.09176250547170639
-0.06407932937145233
0.029626458883285522
0.07699276506900787
0.018043264746665955
-0.035095520317554474
-0.05423668771982193
-0.011671041138470173
0.008818691596388817
-0.043348249047994614
0.04764949902892113
-0.012341106310486794
-0.02506033517420292
-0.056025393307209015
-0.0029965012799948454
-0.031794194132089615
0.0633932575583458
-0.04065568000078201
-0.038795407861471176
-0.0290319062769413
0.0617150217294693
0.016565291211009026
-0.02683432400226593
0.09846790134906769
-0.03773827105760574
-0.03868068382143974
-0.07060305774211884
-0.09894009679555893
-0.030008384957909584
0.06910243630409241
0.010262425988912582
-0.10706860572099686
-0.025048870593309402
-0.06768320500850677
-0.05263702943921089
-0.02368447743356228
-0.030854513868689537
-0.012991431169211864
0.02471599355340004
-0.11146610975265503
0.03981807082891464
-0.039845746010541916
0.14386096596717834
-0.014159312471747398
-0.008593371137976646
0.000560787389986217
0.07109566777944565
0.024294758215546608
0.05578065663576126
-0.14179009199142456
0.05484084039926529
0.02755584754049778
-0.09090052545070648
-0.005488590802997351
-0.07917074114084244
0.06836750358343124
-0.04468164220452309
-0.10457949340343475
0.08248503506183624
-0.027602149173617363
0.024675646796822548
0.10570009797811508
-0.048838865011930466
0.008105630055069923
0.014530841261148453
0.010393626056611538
0.0014049295568838716
-0.0002769427665043622
-0.03385131061077118
0.12048009037971497
-0.0804910734295845
-0.07750052958726883
-0.04965752735733986
0.0003983180795330554
-0.001461712410673499
0.032141271978616714
-0.05506075918674469
0.0809573158621788
0.02030303329229355
0.0735522210597992
-0.04471946880221367
0.06034296005964279
-0.03202841058373451
0.02495568059384823
-0.017617611214518547
0.002016783459112048
-0.017388837411999702
0.007749298587441444
-0.043326232582330704
0.0022408687509596348
0.014116880483925343
0.006189854349941015
-0.020099269226193428
0.011978699825704098
-0.061425428837537766
0.055737145245075226
-0.09804754704236984
-0.013407526537775993
-0.026954403147101402
-0.09451703727245331
0.005954157095402479
0.06138286739587784
0.007121171802282333
0.02042541280388832
-0.008775757625699043
0.04576670750975609
0.060115545988082886
-0.05292573571205139
-0.0169976819306612
-5.7188351180481235e-33
-0.0034179857466369867
0.03881565108895302
0.017521904781460762
-0.10393369942903519
0.12239917367696762
0.018757855519652367
0.005596996750682592
0.0652151107788086
-0.0024464235175400972
0.0953979343175888
0.037333495914936066
-0.1315484493970871
0.010095000267028809
-0.013781570829451084
0.019271930679678917
-0.0002271950797876343
0.021139739081263542
-0.022344369441270828
-0.06040453910827637
0.02730889990925789
0.03072436712682247
0.022050917148590088
-0.027869360521435738
-0.011479094624519348
-0.00558169512078166
0.05644751712679863
-0.09458565711975098
-0.025360876694321632
0.022755779325962067
0.021769780665636063
0.007307060528546572
-0.02233112044632435
-0.009949056431651115
0.055501919239759445
-0.02283862791955471
-0.10328474640846252
0.059067998081445694
-0.01636272482573986
-0.06602264940738678
-0.026006560772657394
0.05652489513158798
0.06134191155433655
0.020796161144971848
-0.0016886766534298658
-0.00618686294183135
-0.04345277324318886
-0.0652991384267807
-0.014749479480087757
0.0029091984033584595
0.042826443910598755
-0.01513279415667057
0.05259370058774948
0.06773264706134796
0.02876317873597145
-0.04427724331617355
-0.02527156099677086
0.041823968291282654
-0.04797796532511711
-0.02744625322520733
0.0025050262920558453
0.07742210477590561
-0.10180392861366272
0.0640527755022049
-0.01632591336965561
0.015024569816887379
-0.016934450715780258
-0.01440922636538744
-0.059397872537374496
0.02126428112387657
-0.020995784550905228
-0.008493090979754925
0.01198683213442564
0.026941368356347084
-0.04082115367054939
-0.00015287252608686686
0.0037205335684120655
0.0022159884683787823
0.03641683980822563
-0.054324060678482056
0.008496172726154327
0.025293126702308655
-0.05498487129807472
0.0851060077548027
-0.052114006131887436
0.016533995047211647
-0.047887299209833145
-0.03730718418955803
-0.0478140152990818
0.008072861470282078
0.0069765569642186165
-0.04717082902789116
-0.04955263435840607
0.0009463132591918111
-0.023151125758886337
0.07513681799173355
1.0927378036499715e-33
-0.059025105088949203
0.0379214771091938
-0.017566824331879616
-0.03199014067649841
-0.051609527319669724
0.011998014524579048
-0.09306920319795609
0.07165580242872238
-0.12435588985681534
0.0036948227789252996
-0.027321707457304
0.09942742437124252
-0.0026450774166733027
0.04900839179754257
0.05005456879734993
0.0877649337053299
0.04847402125597
-0.04236691817641258
0.008782101795077324
0.09744874387979507
-0.01790951006114483
0.024603938683867455
0.04938163980841637
-0.05343072488903999
0.023137321695685387
0.052624426782131195
0.12113228440284729
-0.00968539621680975
-0.047380480915308
-0.04853638634085655
0.04739959537982941
0.01199569832533598
0.03639949858188629
-0.04178018867969513
-0.06639257073402405
-0.013540287502110004
-0.08122672885656357
-0.16157203912734985
0.046433672308921814
0.08114830404520035
0.06963243335485458
0.03478455916047096
0.02760407142341137
0.06765875220298767
-0.0064396639354527
-0.05091404542326927
-0.03139160946011543
0.06928716599941254
0.011940529569983482
-0.0788678452372551
0.009680613875389099
0.031769298017024994
0.1234607920050621
0.035080213099718094
0.00014602580631617457
0.0773310586810112
-0.049747832119464874
-0.017518173903226852
-0.020612459629774094
0.03572480008006096
0.01112403068691492
0.041398823261260986
-0.11340870708227158
0.04250359907746315
-0.023647837340831757
0.010233072564005852
-0.07936134934425354
-0.00621947692707181
-0.09773989766836166
0.03939826041460037
-0.05968298763036728
0.04272785410284996
-0.019243130460381508
0.016638491302728653
0.05115044116973877
0.07562555372714996
0.04131173714995384
0.03339817374944687
0.004868064541369677
0.031774554401636124
-0.0823962464928627
0.01856563612818718
-0.025897560641169548
-0.09897760301828384
0.09997588396072388
-0.13079005479812622
-0.13926362991333008
0.0423722006380558
-0.021491767838597298
-0.061562974005937576
-0.030509158968925476
-0.008090458810329437
-0.0485554039478302
0.02177330106496811
-0.02078714780509472
-1.5183161394816125e-08
-0.02299439162015915
0.009263050742447376
-0.0629524439573288
0.005644968245178461
0.08341412991285324
-0.034414660185575485
0.06342968344688416
-0.07288456708192825
-0.022009631618857384
0.049283042550086975
-0.020860038697719574
0.020091993734240532
-0.02500779740512371
0.08325832337141037
0.0011144235031679273
-0.025036366656422615
-0.005183443892747164
0.0674511268734932
-0.010042712092399597
0.04090583324432373
-0.043053608387708664
-0.0004612160555552691
-0.028095807880163193
0.03725499287247658
0.030091501772403717
-0.020519213750958443
0.023197965696454048
0.04153938218951225
0.03374843671917915
0.12027887254953384
0.04360027611255646
0.0907263234257698
0.02318054623901844
0.060522377490997314
-0.03574196249246597
-0.038342464715242386
0.013763582333922386
-0.009330149739980698
-0.06198370084166527
-0.04208177700638771
0.11381560564041138
-0.03091449663043022
-0.009626475162804127
0.04500611498951912
-0.037403520196676254
0.013818644918501377
-0.040612757205963135
0.018738262355327606
0.05260156840085983
-0.017879117280244827
0.0017209213692694902
0.01677846536040306
-0.00769011490046978
-0.006592626683413982
-0.02102087438106537
-0.015455225482583046
0.04283580929040909
0.001533853355795145
-0.03933081403374672
4.452598295756616e-05
0.054318007081747055
-0.02111002244055271
-0.03838689625263214
0.05588885769248009
