-0.029101993888616562
-0.026421384885907173
-0.0493125282227993
0.016633378341794014
-0.06450792402029037
0.037572912871837616
0.01728217490017414
-0.05072636529803276
-0.010431594215333462
-0.039338018745183945
0.020548561587929726
0.02235008031129837
-0.003887054044753313
0.024486104026436806
-0.040611084550619125
0.07777750492095947
0.005945554934442043
0.05506143718957901
0.03379255533218384
-0.012484804727137089
-0.05356534942984581
-0.006254400592297316
0.0012781108962371945
-0.022380387410521507
-0.06565982848405838
0.06189308315515518
0.020007120445370674
-0.030876219272613525
0.036166153848171234
-0.013531534932553768
-0.04001602157950401
-0.037203382700681686
-0.09268172830343246
-0.03152404725551605
-0.04125392809510231
0.011266045272350311
-0.1091424822807312
0.05859527364373207
0.032984666526317596
0.015052194707095623
-0.03943182900547981
0.03437770530581474
-0.027210619300603867
-0.00977567583322525
-0.13074320554733276
-0.06633163243532181
0.001150246593169868
0.08760225027799606
0.0592171810567379
-0.09462090581655502
0.02438393421471119
-0.05720290169119835
-0.11581896990537643
-0.02910810522735119
0.043629277497529984
-0.0001262922742171213
0.033147163689136505
-0.09893611818552017
0.008809525519609451
-0.05797381326556206
0.13593941926956177
-0.029959429055452347
0.0057229227386415005
0.010537829250097275
0.05778979882597923
-0.029839199036359787
-0.00418739253655076
-0.10487987846136093
-0.0024453422520309687
-0.0637136921286583
-0.016657518222928047
-0.00353424996137619
-0.06818615645170212
0.07842050492763519
-0.004832947161048651
-0.01601150445640087
0.0649922788143158
0.0010188028682023287
0.032262176275253296
0.04943733662366867
0.03361979126930237
-0.04269126430153847
0.01577872596681118
0.06392689049243927
0.08361805230379105
-0.040378931909799576
0.0049840486608445644
0.06624431163072586
-0.09194020181894302
-0.05349547788500786
-0.01096970122307539
-0.02747553214430809
0.05213672295212746
0.0012259979266673326
-0.019342316314578056
0.0401899628341198
-0.04236995801329613
0.0433516763150692
-0.06620479375123978
0.07483898103237152
0.006543217226862907
-0.016462350264191628
0.0393049530684948
0.09110866487026215
0.0032674383837729692
-0.01454058289527893
0.029274756088852882
0.01289572287350893
-0.002505277981981635
-0.002590642776340246
-0.033949561417102814
0.017001723870635033
0.009738103486597538
0.06369658559560776
-0.06518609076738358
-0.07187715917825699
-0.029770344495773315
-0.043482229113578796
0.09574983268976212
0.010984828695654869
0.0031844701152294874
0.07699364423751831
-0.014910227619111538
-0.029441984370350838
0.12198783457279205
-0.07222798466682434
-0.027039559558033943
-7.682539573399034e-33
0.023294545710086823
0.053151655942201614
0.03947960585355759
-0.10913214832544327
0.06472368538379669
0.02336626499891281
0.01648383028805256
0.022869419306516647
0.03677687048912048
0.06730294227600098
0.022655002772808075
-0.06647149473428726
-0.05432474613189697
0.011532820761203766
-0.028297031298279762
0.0031535939779132605
0.05910040810704231
0.014574633911252022
-0.017705779522657394
-0.017466802150011063
0.026499245315790176
0.07937483489513397
-0.05497756600379944
-0.007844442501664162
-0.03085712343454361
0.037729278206825256
-0.09310697019100189
-0.012530121020972729
-0.01756712980568409
0.028448572382330894
0.023441148921847343
0.022333158180117607
0.012375283986330032
0.01702161319553852
-0.038190290331840515
-0.05315329134464264
0.02822733111679554
-0.016230763867497444
-0.027267467230558395
-0.01119077019393444
0.03777865320444107
0.02831725776195526
-0.08495038002729416
0.020573675632476807
0.007933661341667175
-0.08218128979206085
-0.06877795606851578
-0.043791502714157104
-0.058900680392980576
0.018120525404810905
-0.003194197779521346
0.006385123357176781
-0.025352614000439644
0.01086425594985485
-0.06307907402515411
-0.03655519336462021
0.08683084696531296
0.011857974343001842
-0.0813334658741951
-0.014594600535929203
0.07546181976795197
-0.012873712927103043
0.0339570976793766
0.026363467797636986
0.05311747267842293
-0.06289508938789368
-0.021792901679873466
-0.031922757625579834
0.007059343159198761
-0.022712571546435356
-0.025817930698394775
-0.025194047018885612
0.04731800779700279
-0.062137339264154434
-0.021537575870752335
-0.002889554714784026
-0.027748459950089455
-0.030988436192274094
-0.0011993154184892774
-0.009904499165713787
-0.06138066574931145
-0.04843796789646149
0.07262478768825531
-0.057553790509700775
0.024606969207525253
0.029364699497818947
-0.0676918625831604
-0.12764479219913483
0.028103742748498917
0.021826274693012238
-0.05519440770149231
-0.04734707623720169
0.0010785047197714448
-0.018619459122419357
0.034899309277534485
2.6461292518551425e-33
-0.06960010528564453
0.06208926811814308
0.029192084446549416
-0.017738977447152138
0.026532642543315887
0.0194960106164217
-0.043299444019794464
0.16938064992427826
-0.10938728600740433
0.05686457082629204
-0.010286543518304825
-0.0011477364460006356
-0.010499098338186741
0.01857822574675083
0.07784571498632431
0.10561347752809525
0.06111191585659981
-0.07230351120233536
-0.01645992510020733
0.07640442997217178
-0.03571469336748123
-0.023396069183945656
0.05679076537489891
0.022016195580363274
0.01643049158155918
0.04712190106511116
0.11740254610776901
-0.03414163365960121
-0.006743161473423243
-0.023069703951478004
-0.00324046122841537
-0.10664814710617065
0.0672520250082016
0.0006385772721841931
-0.057567138224840164
0.011424810625612736
-0.07393328100442886
-0.16498681902885437
-0.0036420433316379786
0.0010545775294303894
0.05571558699011803
-0.0016070770798251033
0.05331216752529144
0.0800488069653511
-0.017674731090664864
-0.04001286253333092
-0.038315534591674805
0.08867298066616058
0.0872759222984314
-0.10175763815641403
-0.05356965586543083
0.00783455278724432
0.08979655057191849
0.008676876313984394
-0.041514597833156586
0.02282542921602726
0.0072233472019433975
0.04681164771318436
0.004952144343405962
0.07354970276355743
-0.010097000747919083
0.039241328835487366
-0.09230754524469376
-0.006826607510447502
-0.00792667455971241
0.09514177590608597
-0.07402877509593964
0.009756225161254406
-0.044112883508205414
0.04233962297439575
-0.024467378854751587
0.060561638325452805
-0.04704602435231209
0.0283231008797884
0.0503714494407177
0.0794900432229042
0.05871120095252991
-0.05745360627770424
0.02393547259271145
0.05334910377860069
-0.08968479186296463
0.010543322190642357
-0.03581959754228592
-0.013768362812697887
0.07904770970344543
-0.10468920320272446
-0.060074083507061005
0.05702443793416023
-0.0031600440852344036
-0.03401951119303703
-0.002785405842587352
0.04514957219362259
-0.04300627484917641
-0.03684093430638313
0.038683030754327774
-1.8419351377474413e-08
-0.018371393904089928
-0.028761252760887146
-0.012424743734300137
-0.04439641162753105
0.06738493591547012
-0.04588525742292404
0.029455110430717468
-0.09086808562278748
-0.03880173712968826
0.0011111852945759892
9.162602509604767e-05
0.036074474453926086
0.023430107161402702
0.09600657969713211
0.026086026802659035
0.035014569759368896
-0.013877573423087597
-0.029025375843048096
0.015475943684577942
-0.048048172146081924
-0.11675017327070236
-0.01910163089632988
0.016987016424536705
0.01784662716090679
0.019514845684170723
0.017565948888659477
-0.09315793961286545
0.009300504811108112
0.020203201100230217
0.15219560265541077
0.09557922929525375
0.006798943970352411
0.0024339358787983656
0.06549883633852005
-0.013585696928203106
-0.06730891764163971
-0.005865409970283508
-0.02658105082809925
-0.004792273510247469
-0.07046090811491013
0.14135029911994934
0.03860637918114662
-0.0244954414665699
0.08272382616996765
0.022266456857323647
0.024437252432107925
-0.04263734444975853
-0.055848628282547
-0.03142940625548363
-0.046814706176519394
0.032661933451890945
-0.040578391402959824
0.004487715195864439
-0.012075064703822136
-0.013694901950657368
0.014764973893761635
0.014323609881103039
0.007690478581935167
-0.0418604277074337
0.006846366450190544
0.05328977480530739
0.040552105754613876
-0.0008786054095253348
0.01682409830391407
