0.0047640143893659115
-0.07110054045915604
-0.038198474794626236
-0.026342447847127914
0.022159244865179062
0.043900616466999054
0.03542110323905945
-0.011412560008466244
-0.042089324444532394
-0.008275115862488747
0.06405488401651382
-0.02234145812690258
-0.049080293625593185
0.033638421446084976
-0.009513822384178638
0.08956606686115265
-0.0322570763528347
-0.01983393356204033
0.053398117423057556
-0.008865119889378548
0.054993025958538055
-0.03649037331342697
-0.016496451571583748
-0.07735387980937958
-0.08512488752603531
0.032221242785453796
0.00030497214174829423
-0.027875181287527084
0.06824224442243576
-0.06852423399686813
-0.03630240261554718
0.006430399138480425
-0.10563746094703674
-0.02307385951280594
0.06063283607363701
0.0040543703362345695
-0.04147481918334961
0.0237383171916008
-0.05118400976061821
0.021546391770243645
-0.030497200787067413
0.03773866221308708
-0.04847654327750206
-0.016963429749011993
-0.07894589006900787
0.06553485989570618
-0.009555652737617493
0.08644772320985794
0.0036066765896975994
-0.0747188851237297
-0.09272675216197968
-0.032503750175237656
-0.010527635924518108
-0.07984277606010437
0.06333660334348679
-0.024642672389745712
0.008092357777059078
-0.11435623466968536
0.0403212308883667
-0.08905833214521408
0.07102105766534805
0.029033031314611435
0.023387346416711807
0.008855032734572887
-0.005894667934626341
-0.011081836186349392
0.015882166102528572
-0.08401592820882797
0.05815828964114189
-0.04132179915904999
-0.0397026389837265
-0.04038581624627113
-0.05728820711374283
0.0768829807639122
-0.07808684557676315
-0.01903690956532955
0.04360342025756836
-0.018681250512599945
0.031237516552209854
0.06945478916168213
0.10556557774543762
-0.09689780324697495
-0.04848650097846985
-0.0672508105635643
0.04830161854624748
0.06213933974504471
0.030674343928694725
0.06225268542766571
-0.0612356998026371
-0.009490507654845715
0.005525675136595964
-0.06938061118125916
-0.026762818917632103
-0.047929663211107254
-0.003454000921919942
-0.0037801703438162804
-0.009474772959947586
-0.05730602145195007
-0.09174331277608871
0.04598782956600189
0.021054642274975777
-0.02232317626476288
0.0336797833442688
0.06305602937936783
-0.020360374823212624
-0.052778732031583786
0.11706485599279404
0.049832575023174286
0.03783819451928139
0.04879336431622505
-0.03816771134734154
-0.0251265000551939
0.020353110507130623
0.0074744815938174725
-0.1034490242600441
0.05572621151804924
-0.11146371066570282
-0.06712865829467773
0.09638819098472595
0.028626998886466026
0.08555018901824951
0.10046827048063278
0.0024469338823109865
-0.021430587396025658
0.07395828515291214
-0.10330893844366074
-0.05294172838330269
-6.29511093796318e-33
0.04646548628807068
0.03770454600453377
-0.0108343455940485
-0.07827336341142654
-0.01079870481044054
-0.03995046764612198
0.034466467797756195
0.003601890057325363
-0.01133809145539999
0.10465731471776962
-0.04072688892483711
-0.04512576386332512
7.922043732833117e-05
0.03112850897014141
0.006442459300160408
0.04110037162899971
0.0021635086741298437
0.01413337979465723
-0.01236632652580738
-0.008435111492872238
0.04735255986452103
0.01627863571047783
-0.035376522690057755
0.037525832653045654
-0.004553094040602446
0.043596163392066956
-0.0975571796298027
-0.03731666877865791
-0.030432535335421562
0.031693942844867706
0.02337641641497612
0.001677313237451017
-0.05142543464899063
0.08283597975969315
0.017901215702295303
-0.021281301975250244
0.07482104003429413
-0.04621631279587746
0.0048178620636463165
-0.0316285602748394
-0.05002652108669281
0.010279042646288872
-0.0019478867761790752
0.040924251079559326
0.0009952466934919357
-0.032340943813323975
-0.0706896260380745
-0.030721230432391167
-0.08798209577798843
-0.011671452783048153
0.0382150299847126
0.02522335946559906
0.03125656023621559
-0.009527400135993958
-0.027216417714953423
0.037253282964229584
0.07758497446775436
-0.023640617728233337
-0.06986574083566666
-0.03215334191918373
0.01042605098336935
-0.045908913016319275
0.018619148060679436
0.0015190162230283022
0.0907096192240715
-0.05250728875398636
-0.03205272927880287
-0.04399104043841362
0.015216405503451824
-0.05495235696434975
-0.06507298350334167
-0.09017813950777054
0.059681978076696396
-0.0849248617887497
-0.008066046983003616
0.009649975225329399
0.0008058243547566235
-0.0264417864382267
0.03279852494597435
-0.027734417468309402
0.12601657211780548
-0.08797567337751389
0.09711860865354538
-0.04174460843205452
0.023498399183154106
0.010677830316126347
-0.0387040413916111
-0.06982800364494324
-0.058934763073921204
0.03470061719417572
-0.02938671037554741
-0.025583423674106598
0.01419893093407154
0.0018374384380877018
0.053184084594249725
2.681588773631666e-33
-0.01639707013964653
0.04377314820885658
0.026568518951535225
0.010775771923363209
-0.06373964250087738
0.0634271577000618
0.0016570284496992826
0.16138087213039398
-0.044719647616147995
0.003347892314195633
-0.020008431747555733
0.0629119947552681
0.048219386488199234
0.017894430086016655
0.060668669641017914
0.03163701295852661
0.08732713013887405
-0.028915908187627792
0.023638879880309105
0.10354562103748322
-0.03187556564807892
0.029615109786391258
0.04877520725131035
-0.042808063328266144
0.06184561178088188
0.076505146920681
0.16027948260307312
-0.03271477296948433
-1.4992723663453944e-05
-0.028274253010749817
0.028837814927101135
-0.058058809489011765
0.042216576635837555
0.0624937042593956
-0.020167702808976173
-0.013306841254234314
-0.03353295847773552
-0.14569993317127228
0.034590646624565125
0.04251628741621971
0.005512990523129702
0.010358931496739388
0.04411941021680832
0.0500648207962513
0.04128924757242203
-0.012775726616382599
-0.022781379520893097
0.07075756788253784
-0.00022522179642692208
-0.14361007511615753
-0.1153022050857544
0.01162979006767273
0.018750429153442383
0.02222157083451748
0.001973794773221016
0.03702056407928467
0.03210022300481796
0.04254961386322975
-0.010340547189116478
0.005309397354722023
0.060388337820768356
0.03936704993247986
-0.11185749620199203
0.016818230971693993
0.011821598745882511
0.07414298504590988
-0.07377760857343674
0.025655146688222885
-0.03372355177998543
0.009142602793872356
-0.00034302991116419435
-0.003947182558476925
-0.010403178632259369
-0.004397071432322264
0.01637321524322033
0.03851679340004921
0.13902495801448822
0.01974077709019184
0.07105538994073868
0.0013395878486335278
-0.03451233357191086
0.03349953144788742
-0.015247979201376438
-0.002545093884691596
0.02547125145792961
-0.024707069620490074
-0.07495561242103577
0.02858319878578186
0.0005018204683437943
-0.03466826677322388
-0.09776274114847183
0.025282802060246468
0.005831159185618162
0.010466725565493107
0.017786163836717606
-1.5857013480058413e-08
-0.07585344463586807
0.009292904287576675
-0.006932573392987251
-0.028007419779896736
0.07892796397209167
0.026955394074320793
0.01784418523311615
-0.04833710193634033
-0.02997415140271187
-0.02534019947052002
0.01976127177476883
0.0697002112865448
0.037074409425258636
0.09346567094326019
0.016605889424681664
-0.0004772826796397567
-0.031717583537101746
0.02180708758533001
-0.005326529033482075
-0.004560943692922592
-0.023516161367297173
0.003238301258534193
0.05454118177294731
-0.02065196819603443
-0.04720982164144516
-0.001223845174536109
-0.11041634529829025
-0.06785942614078522
-0.04339495301246643
0.12853004038333893
0.03180806338787079
0.05714236944913864
0.023320157080888748
0.008599852211773396
-0.1029532328248024
0.02752756141126156
-0.015215463005006313
0.017581721767783165
0.011641556397080421
-0.09331110864877701
0.0811290293931961
0.0430922657251358
-0.05562842637300491
0.027838537469506264
-0.05719846114516258
-0.004806820303201675
0.02320648357272148
-0.11197168380022049
0.010863018222153187
0.01754591055214405
-0.009598459117114544
-0.010796211659908295
0.0052345930598676205
0.008534162305295467
-0.00598996551707387
-0.022546537220478058
-0.022814510390162468
-0.014137256890535355
-0.04685838893055916
0.006954067852348089
0.025201212614774704
-0.021482763811945915
-0.01001713052392006
0.05575921759009361
