-0.03189016506075859
-0.08185501396656036
-0.017897430807352066
0.002358129248023033
-0.020489023998379707
-0.02909052185714245
-0.00037694277125410736
-0.03020092472434044
0.019794484600424767
0.020251788198947906
0.009008334949612617
-0.04178673028945923
-0.021233897656202316
0.065331369638443
0.010761154815554619
0.05963367596268654
0.021008307114243507
0.06751153618097305
0.08566412329673767
-0.014334718696773052
0.016080524772405624
-0.018808139488101006
-0.014271275140345097
-0.05100543051958084
0.028138022869825363
0.04479990899562836
0.027282068505883217
-0.02346220053732395
0.07855790108442307
-0.006567767355591059
0.020796336233615875
-0.027140621095895767
-0.03281402960419655
0.002504173433408141
0.11720495671033859
-0.011353891342878342
-0.049376800656318665
-0.022147638723254204
0.049785763025283813
0.019565004855394363
-0.0436810627579689
0.05173812061548233
0.04291922226548195
-0.014652329497039318
-0.10670427232980728
-0.0172648373991251
-0.026513736695051193
0.019868038594722748
0.01775268279016018
-0.07619650661945343
-0.03793526440858841
-0.02179846167564392
0.002498072572052479
0.04003823548555374
-0.01914411038160324
-0.05192500725388527
0.07718199491500854
-0.07919247448444366
0.06323371082544327
-0.08684228360652924
0.0873791053891182
0.0304754339158535
0.01588546112179756
0.031206289306282997
0.022282885387539864
-0.010936832055449486
-0.01300871279090643
-0.1613069474697113
0.019817456603050232
-0.0258345864713192
-0.06249845400452614
-0.042353007942438126
0.0009953374974429607
0.08490480482578278
-0.006287650670856237
-0.08701442927122116
-0.03996087610721588
-0.0273573137819767
0.05462142452597618
0.05477433651685715
-0.012240154668688774
0.009336854331195354
0.022717125713825226
-0.016327006742358208
-0.03250822797417641
0.014383903704583645
0.048585906624794006
0.07988287508487701
-0.04667569324374199
-0.01695738546550274
0.03797657787799835
0.04842475429177284
-0.011385073885321617
-0.022671641781926155
0.028780417516827583
0.052907176315784454
-0.019588906317949295
0.027984675019979477
-0.041634250432252884
0.01925567351281643
-0.029734734445810318
0.017768867313861847
-0.07839136570692062
0.035340890288352966
-0.06491019576787949
-0.08638974279165268
-0.013891682028770447
0.0483737550675869
0.039948705583810806
0.06096665561199188
-0.06977501511573792
0.01864459179341793
-0.008619576692581177
0.03816094249486923
-0.04348554089665413
-0.10331348329782486
0.018726976588368416
-0.04207538440823555
0.023553363978862762
0.038854990154504776
0.049414534121751785
0.0036755974870175123
-0.06637050956487656
-0.011878978461027145
0.07342107594013214
-0.07778269797563553
0.009368891827762127
-6.452262777724612e-33
0.08795104175806046
0.032038696110248566
-0.024749651551246643
-0.12785007059574127
0.06290889531373978
-0.003245492000132799
0.029546720907092094
0.028021005913615227
0.02976120449602604
0.10132836550474167
-0.0020266794599592686
-0.08385274559259415
-0.09205234050750732
-0.025845155119895935
0.01908823475241661
0.07637486606836319
0.059876393526792526
-0.08084968477487564
0.03837672621011734
0.026568681001663208
0.08397512137889862
0.0530734658241272
-0.008341468870639801
0.019753199070692062
0.01860027015209198
0.020254557952284813
-0.1633828580379486
-0.033539075404405594
-0.03146969527006149
0.03839467838406563
0.026053545996546745
0.0019862947519868612
-0.037509843707084656
0.029110249131917953
0.0040753125213086605
-0.06665695458650589
0.07498778402805328
0.023304741829633713
-0.057144906371831894
-0.06012589484453201
0.019454022869467735
-0.03689832612872124
0.010648886673152447
-0.027370495721697807
0.024715665727853775
-0.016245748847723007
-0.04262065514922142
-0.01275829877704382
-0.014444846659898758
-0.013772796839475632
0.05236523970961571
0.03341919556260109
0.04456312209367752
0.02762158401310444
0.0068979118950665
-0.034031230956315994
0.04410380870103836
-0.10137394815683365
-0.04762360081076622
0.03399674594402313
0.04431663081049919
-0.028185391798615456
0.0487830676138401
0.027486527338624
0.07712838053703308
-0.1474449336528778
0.012449813075363636
-0.03921906650066376
0.0016268910840153694
0.027898885309696198
-0.045211195945739746
-0.02350687049329281
0.0719497799873352
-0.05862323194742203
-0.03636642545461655
-0.0321526937186718
-0.04290325567126274
0.0005320538766682148
-0.040444549173116684
-0.029824264347553253
-0.01055607944726944
-0.022461727261543274
0.09026208519935608
-0.06433620303869247
0.0445336252450943
0.01214552577584982
-0.06142358109354973
-0.05237339809536934
-0.011601748876273632
0.010357394814491272
-0.011610805056989193
-0.07354109734296799
-0.027552541345357895
-0.014944525435566902
0.018964000046253204
1.774392375847927e-33
-0.03289630636572838
-0.0021821758709847927
-0.000483412470202893
-0.0007549223373644054
-0.03152291849255562
-0.0024765648413449526
-0.0679539144039154
0.13303637504577637
-0.047743599861860275
0.02427874691784382
-0.0003365962766110897
0.055616606026887894
0.013136321678757668
0.04661792889237404
0.07724235951900482
0.07613448798656464
0.06121614947915077
-0.06043175980448723
0.06611255556344986
0.031549274921417236
-0.0018951186211779714
0.06850830465555191
-0.06512441486120224
0.004532012157142162
0.02929576486349106
0.031531739979982376
0.11846204102039337
0.0336727611720562
-0.022136017680168152
0.00021481109433807433
0.02574302814900875
0.00637773284688592
0.039300400763750076
-0.04696972295641899
-0.057631101459264755
-0.031487543135881424
-0.05173283815383911
-0.12042134255170822
-0.008431850001215935
-0.025090530514717102
0.04221995919942856
-0.020400870591402054
0.013657099567353725
0.01787630282342434
0.014906949363648891
-0.09244450181722641
-0.06854663044214249
0.1284749060869217
0.034111618995666504
-0.0874515175819397
-0.034015387296676636
0.07884450256824493
0.07131988555192947
-0.03425043076276779
0.010104021988809109
0.08427980542182922
-0.07411374896764755
0.03404386714100838
-0.005442507565021515
0.04561509191989899
0.017309805378317833
0.10106167942285538
-0.09712541848421097
0.053118713200092316
-0.012440931983292103
0.0852101743221283
-0.035010628402233124
0.0066358535550534725
-0.06126795709133148
-0.003548480337485671
-0.03737089782953262
0.07425706833600998
-0.008319096639752388
0.03906315937638283
0.03835318237543106
0.011661417782306671
0.0900249183177948
0.035972461104393005
0.06564825773239136
0.06879139691591263
-0.03545983135700226
0.07762562483549118
-0.040835101157426834
-0.02180100977420807
0.06396758556365967
-0.055982355028390884
-0.1421937197446823
0.03781004250049591
-0.01488870196044445
-0.06896413117647171
-0.011816266924142838
-0.0028280660044401884
0.002019288018345833
-0.08529812097549438
0.018054872751235962
-1.5640727824006717e-08
-0.06569267064332962
-0.001412286190316081
-0.01808289624750614
-0.08686898648738861
0.06624581664800644
-0.00872122123837471
0.07616225630044937
-0.06057623773813248
0.002608488779515028
-0.042527440935373306
-0.012451207265257835
0.008161877281963825
0.050323329865932465
0.12507086992263794
0.036423955112695694
0.01109419297426939
0.0007223864668048918
0.009450002573430538
0.015522650443017483
-0.05298824980854988
0.006823563948273659
-0.03535028547048569
0.00687800208106637
0.00618889182806015
0.005095888860523701
-0.07801029086112976
-0.07942727953195572
-0.046323277056217194
-0.027663331478834152
0.16888247430324554
0.06046563759446144
0.012014804407954216
0.013817502185702324
0.02333509549498558
-0.037692841142416
-0.034161150455474854
-0.028794333338737488
-0.07540732622146606
-0.039661653339862823
-0.09889022260904312
0.12128840386867523
0.014706079848110676
-0.03164014220237732
-0.011479699984192848
-0.044373683631420135
0.008299361914396286
-0.06849747151136398
-0.06963890045881271
0.013750426471233368
-0.031906429678201675
0.027923032641410828
0.0014711101539433002
-0.02865244261920452
0.041195839643478394
0.03133353218436241
-0.05294821783900261
0.05427821725606918
-0.024380989372730255
-0.025059575214982033
0.020474445074796677
0.052258629351854324
-0.03861893340945244
0.0075562139973044395
0.00701376935467124
