0.012471362017095089
-0.024214060977101326
-0.07820971310138702
0.06897260248661041
0.035055868327617645
0.03222937509417534
-0.053669001907110214
-0.03985489532351494
-0.010727177374064922
0.012353599071502686
0.028437670320272446
-0.0742478296160698
-0.06605220586061478
-0.01240764744579792
-0.015702344477176666
0.12850438058376312
-0.016287293285131454
-0.010619360953569412
0.04770531505346298
-0.009021119214594364
-0.03145909681916237
0.04625999182462692
-0.03057875670492649
0.026637785136699677
-0.10177803784608841
-0.03174952417612076
-0.060344383120536804
0.009902595542371273
0.018142489716410637
-0.03978467360138893
-0.0661434605717659
-0.03462320566177368
-0.057813823223114014
0.005585846491158009
0.016833318397402763
-0.01232256181538105
-0.031028278172016144
0.022395987063646317
0.047227293252944946
0.010670303367078304
-0.061344679445028305
0.07158642262220383
-0.036713458597660065
-0.028272531926631927
-0.13428448140621185
-0.11140739917755127
-0.019393259659409523
0.08020026236772537
0.026725400239229202
-0.10449058562517166
-0.025129089131951332
-0.06255219131708145
-0.13353081047534943
0.02751152403652668
0.04904097318649292
-0.07738231122493744
0.043526504188776016
-0.11474013328552246
0.014243862591683865
-0.04006696864962578
0.11057774722576141
0.02224213071167469
0.016579821705818176
0.010683688335120678
0.012220554053783417
-0.028111949563026428
-0.01767471432685852
-0.06206521764397621
0.07856620848178864
-0.010319283232092857
-0.023699620738625526
0.014761388301849365
-0.07430228590965271
0.06455742567777634
-0.03988857567310333
0.012414854019880295
0.03051440231502056
-0.01917857490479946
0.03549332171678543
0.08092828094959259
-0.028078770264983177
-0.0022285222075879574
0.025527358055114746
0.04320773482322693
0.12912702560424805
-0.006555172149091959
-0.05724885314702988
0.07173148542642593
-0.054980166256427765
-0.06363635510206223
-0.06595621258020401
-0.0066260225139558315
-0.00011944669677177444
-0.009098957292735577
-0.031294502317905426
0.03515377640724182
0.00686383293941617
0.0055543542839586735
-0.056721143424510956
0.07092868536710739
-0.02008730359375477
-0.0408625602722168
-0.03560343012213707
0.03829691559076309
-0.05058382824063301
0.016152041032910347
-0.04822426289319992
0.05546839162707329
0.019655460491776466
-0.024380195885896683
-0.01337918359786272
0.018268143758177757
-0.08739528059959412
0.0581200048327446
-0.06429170817136765
-0.07102266699075699
-0.030509186908602715
-0.0660543367266655
0.08971080929040909
0.09721449017524719
0.02652028761804104
0.04200868308544159
-0.0641644299030304
0.014965007081627846
0.10729094594717026
-0.03457222133874893
0.024408942088484764
-5.0426261152658485e-33
0.05254027619957924
0.022172575816512108
0.03992030769586563
-0.06860444694757462
0.0992693156003952
-0.01832004263997078
0.012693905271589756
-0.00561016658321023
-0.0006032574456185102
0.036221664398908615
0.009800507687032223
-0.08651363104581833
-0.098998062312603
-0.03912809491157532
0.005305360071361065
0.020207397639751434
0.014893927611410618
0.02490062266588211
0.030662326142191887
-0.0009696783381514251
0.00822855718433857
0.047109946608543396
-0.045129839330911636
-0.037288449704647064
-0.03832743689417839
0.0454726368188858
-0.07493635267019272
0.03713596984744072
0.0019018311286345124
0.03158993273973465
0.029408471658825874
-0.01761321723461151
0.013402463868260384
0.029156088829040527
0.01912185177206993
-0.10987818241119385
0.02097409963607788
-0.044227421283721924
-0.014538529329001904
0.007805491331964731
0.03225509449839592
0.006644390057772398
0.019534319639205933
-0.02155439555644989
0.03349680453538895
-0.025507356971502304
0.005092615727335215
0.005932422820478678
-0.006149136461317539
0.03871893510222435
-0.014030723832547665
-0.044524259865283966
0.01940287835896015
0.0684858113527298
-0.021181654185056686
0.02049238793551922
0.11692080646753311
-0.05281219258904457
-0.019495554268360138
0.04076383262872696
0.0683942437171936
-0.10514480620622635
0.06163535267114639
-0.01959593966603279
0.10075446963310242
-0.06038021668791771
-0.00015963254554662853
-0.017568588256835938
0.033206045627593994
0.006720369216054678
-0.028942378237843513
0.004051582887768745
0.05408453568816185
-0.018425803631544113
0.003077200846746564
0.017993267625570297
0.02819838374853134
0.05223784223198891
-0.025501001626253128
0.006373214535415173
-0.03325137123465538
0.03882472217082977
-0.04330159351229668
0.008084295317530632
-0.041320912539958954
-0.025159576907753944
-0.036817315965890884
-0.08932915329933167
0.009837176650762558
0.005432413425296545
-0.04608644172549248
0.02097855508327484
-0.03490344434976578
-0.034886498004198074
-0.01496980246156454
5.16728352591521e-34
-0.02104014903306961
0.0206757839769125
0.08551599830389023
-0.015608028508722782
-0.028113439679145813
0.05834927409887314
-0.07795927673578262
0.11966102570295334
-0.038363177329301834
0.005400257650762796
-0.005718276370316744
0.03186481446027756
0.03069157525897026
0.05588609725236893
0.05062884837388992
0.012376216240227222
0.14254522323608398
-0.05457126349210739
0.03857630491256714
0.010218629613518715
-0.002545807044953108
0.010935491882264614
0.03376156836748123
-0.05162939801812172
0.008418362587690353
-0.0012729023583233356
0.09926082193851471
-0.0029337084852159023
-0.033633433282375336
-0.011276114732027054
0.055147912353277206
-0.017178067937493324
0.03657786175608635
-0.004371521528810263
-0.04668324813246727
-0.03557216376066208
-0.04254923760890961
-0.1323225349187851
0.011922863312065601
0.02202472649514675
0.12767183780670166
0.018594620749354362
0.015341185964643955
0.07817301899194717
-0.035032592713832855
-0.04849124327301979
0.011877420358359814
0.08650244027376175
0.07802402228116989
-0.06340344250202179
-0.011885716579854488
-0.01372134406119585
0.05064741522073746
0.07326047867536545
-0.04120581969618797
-0.019536012783646584
0.040594376623630524
0.01530265249311924
0.04727708548307419
0.045428454875946045
-0.054519712924957275
0.0799427404999733
-0.17599406838417053
0.023868536576628685
-0.03279240056872368
0.036471784114837646
-0.06384643912315369
-0.014469921588897705
-0.07837462425231934
0.07629696279764175
0.022296663373708725
0.025898240506649017
-0.07626041769981384
0.06323395669460297
0.020201899111270905
0.0041005597449839115
0.05749983713030815
-0.07917305827140808
-0.0014446310233324766
0.053939931094646454
-0.06964905560016632
0.027249136939644814
-0.003603637218475342
-0.021434538066387177
0.04181749001145363
-0.02061087265610695
-0.07291767001152039
0.046387236565351486
0.06745597720146179
-0.06142743304371834
-0.05724312365055084
0.046043578535318375
-0.022943761199712753
-0.045956067740917206
-0.04131395369768143
-1.5230344985184274e-08
-0.02316892519593239
0.04811345785856247
-0.002155006630346179
-0.09610649943351746
0.049682799726724625
-0.04394864663481712
0.019556891173124313
-0.0525917112827301
-0.013442935422062874
0.06919751316308975
-0.01978360489010811
0.02847161889076233
0.07833975553512573
0.024786122143268585
0.004766009747982025
-0.017731156200170517
0.06757641583681107
-0.029202841222286224
0.023926688358187675
-0.05422872304916382
-0.036752063781023026
-0.013168205507099628
0.053613532334566116
-0.047912705689668655
0.0032583421561867
-0.02048562280833721
-0.08459864556789398
-0.0057940674014389515
0.07439210265874863
0.1669527143239975
0.049953196197748184
0.1223621740937233
0.03360810503363609
0.028554726392030716
-0.05472394451498985
-0.019684260711073875
0.021278614178299904
0.024091554805636406
-0.06910843402147293
-0.07603994011878967
0.08317604660987854
-0.005876882001757622
-0.05186496675014496
-0.023367654532194138
-0.02592162974178791
0.038927990943193436
-0.0381866991519928
-0.042547836899757385
-0.013441990129649639
0.0010761222802102566
0.02835111692547798
-0.01763768680393696
-0.011002260260283947
0.026030495762825012
-0.04893433302640915
-0.10638704150915146
0.011374068446457386
-0.040769096463918686
-0.03340771421790123
0.01386985182762146
0.07255097478628159
-0.08287053555250168
-0.004791369196027517
0.01874930039048195
