-0.07488395273685455
-0.04305382817983627
0.021950112655758858
0.0344330333173275
-0.026562990620732307
-0.018606731668114662
-0.036054372787475586
-0.013238302432000637
0.01812724769115448
0.04761413112282753
-0.06168980523943901
-0.02552882395684719
-0.0429847352206707
0.02077815681695938
0.016964541748166084
0.09515967965126038
-0.03685953468084335
0.08593141287565231
0.13445666432380676
-0.09426451474428177
0.06146090105175972
-0.021729769185185432
-0.03113303892314434
-0.059861913323402405
0.010030299425125122
-0.002697487361729145
-0.01364959217607975
-0.05450034514069557
0.06058841943740845
0.02565222792327404
-0.025212693959474564
-0.04061382636427879
-0.04866942763328552
0.02320821024477482
0.019867613911628723
-0.03752090036869049
-0.015599390491843224
-0.06356804817914963
0.05170690268278122
0.028894364833831787
0.007326082792133093
0.11281757056713104
-0.02362188883125782
-0.02707851491868496
-0.13881374895572662
-0.04698502644896507
-0.03211790323257446
0.0704934224486351
-0.02216881699860096
-0.06835018843412399
-0.023066002875566483
-0.04891250282526016
-0.08161375671625137
-0.0458037331700325
0.004512200132012367
-0.02097441628575325
0.09043969213962555
-0.09325889497995377
0.05446816235780716
-0.052813973277807236
0.16399790346622467
0.03636585548520088
0.003676279215142131
0.04887615889310837
0.011504928581416607
-0.02802196703851223
0.005067460238933563
-0.11166723817586899
0.06096431612968445
-0.0488215796649456
-0.06171632185578346
-0.05594172701239586
-0.08771992474794388
0.10204992443323135
-0.022686323150992393
-0.047116272151470184
0.015421310439705849
0.00589674012735486
0.002065306529402733
0.0862533301115036
-0.034251630306243896
0.028243854641914368
0.010901806876063347
-0.03035966120660305
0.05065544322133064
-0.009391720406711102
0.02962591126561165
0.07316217571496964
-0.017470890656113625
-0.009829515591263771
0.018147923052310944
-0.014901296235620975
-0.04986253008246422
-0.015420093201100826
-0.02591477893292904
0.05224323272705078
0.007148250937461853
0.01714089885354042
-0.049898210912942886
0.00783461146056652
-0.007996516302227974
-0.0031343528535217047
-0.06442932039499283
0.027418265119194984
-0.06522608548402786
-0.00819424632936716
-0.03750834986567497
-0.004724516998976469
0.04245572164654732
0.08880890905857086
-0.02633306384086609
-0.01605970785021782
-0.015151379629969597
0.02307809144258499
-0.08760596811771393
-0.08735118806362152
-0.03279605507850647
-0.011648314073681831
0.03738439828157425
0.12862125039100647
0.03863508626818657
0.008010591380298138
-0.06943590939044952
0.011961468495428562
0.08323745429515839
-0.04905376210808754
-0.03919009119272232
-8.058728622388875e-33
0.07260218262672424
0.04281049594283104
0.0318940095603466
-0.08782166987657547
0.07074608653783798
0.029302405193448067
0.06979512423276901
0.053338561207056046
0.007093430031090975
0.061062853783369064
-0.03400525450706482
-0.10398828983306885
-0.042678192257881165
-0.013202967122197151
-0.03754490241408348
0.052265215665102005
0.06581807136535645
-0.07481846958398819
0.007513558492064476
0.03523433208465576
0.05298623815178871
-0.01961486227810383
-0.01754583790898323
-0.020691700279712677
0.036753423511981964
0.00794640276581049
-0.1381550431251526
0.005108905956149101
0.048025425523519516
0.033426567912101746
0.02510954812169075
-0.08123686909675598
0.015117151662707329
0.03320524841547012
0.027306729927659035
-0.07082909345626831
0.08430446684360504
0.02535656839609146
-0.047798674553632736
-0.06725376844406128
0.015215279534459114
-0.0031100171618163586
0.01860801689326763
-0.04984738677740097
0.002342551713809371
-0.006273012608289719
-0.04689054563641548
-0.04459163174033165
-0.03727715462446213
0.015044311061501503
0.014135417528450489
0.023051893338561058
0.06462780386209488
0.050750453025102615
-0.020171131938695908
-0.007660488598048687
0.053912386298179626
-0.05150815472006798
-0.04864909499883652
0.06363143771886826
0.059031903743743896
-0.04003499448299408
0.07114296406507492
-0.03867603465914726
0.11168329417705536
-0.023094749078154564
-0.005459190811961889
-0.0538058876991272
-0.0016592593165114522
0.024542244151234627
-0.02004752680659294
-0.013450466096401215
0.09309331327676773
-0.07296781986951828
0.006545888725668192
-0.006218892056494951
-0.04790351539850235
0.000851389195304364
-0.07209282368421555
-0.00044383518979884684
-0.054652873426675797
-0.05799274891614914
0.13197752833366394
-0.08562400192022324
0.04404747113585472
-0.028980301693081856
-0.027677198871970177
-0.05345286428928375
0.020898234099149704
0.024170927703380585
0.005616586655378342
-0.009774806909263134
-0.02851497009396553
0.001609377795830369
0.017013076692819595
2.8475863920540278e-33
-0.0511397086083889
0.006742164026945829
0.06130428984761238
-0.06918589770793915
-0.06700251251459122
0.04020601511001587
-0.09556733816862106
0.08612062782049179
-0.06683789938688278
0.0067576211877167225
-0.014509321190416813
0.03359665721654892
0.014195331372320652
0.044907063245773315
0.030897026881575584
0.054148830473423004
0.06432443857192993
-0.03141120821237564
0.035262104123830795
0.07926616072654724
-0.031391728669404984
0.10022969543933868
-0.013478831388056278
0.007597600109875202
0.0211324580013752
-0.04611560329794884
0.0925145074725151
0.005863562226295471
-0.01868249662220478
-0.0016003031050786376
0.03793545067310333
-0.02374614030122757
0.018531592562794685
-0.03666368126869202
-0.06710321456193924
-0.006602186243981123
-0.06803280860185623
-0.09212424606084824
0.03663546219468117
0.05763978511095047
0.03794580325484276
0.001112392288632691
0.009993108920753002
0.012947353534400463
-0.0031974301673471928
-0.09402307122945786
-0.03468596190214157
0.12635451555252075
0.007712520658969879
-0.0750490352511406
0.002010930562391877
0.04808739572763443
0.10613521933555603
0.042583588510751724
0.002197311259806156
0.06676305830478668
-0.08123467862606049
0.05205979570746422
-0.023423006758093834
-0.022843357175588608
-0.0017954155337065458
0.05813448503613472
-0.10770393162965775
-0.01135634258389473
-0.007123392075300217
0.037920430302619934
-0.056547123938798904
0.017859574407339096
-0.022084927186369896
-0.024599485099315643
-0.08265744894742966
0.05074743926525116
-0.04136037081480026
0.02883107401430607
0.04585825279355049
0.012117747217416763
0.062247078865766525
-0.035902298986911774
0.00715084420517087
0.053470905870199203
-0.05094414949417114
0.0323365181684494
-0.04858890175819397
-0.03365650773048401
0.06349970400333405
-0.08433187007904053
-0.10219039022922516
0.045800816267728806
0.029039880260825157
-0.030388526618480682
-0.024306783452630043
-0.010739593766629696
-0.020492134615778923
-0.04080773890018463
0.01919114962220192
-1.573739716320688e-08
-0.0677775889635086
-0.00469996128231287
-0.00860524270683527
0.01022305991500616
0.07106450945138931
-0.017152005806565285
0.05816621705889702
-0.04846072942018509
-0.0023623956367373466
-0.010595031082630157
0.0069394465535879135
0.021089058369398117
0.03219263628125191
0.08945152908563614
0.048597730696201324
-0.005034192930907011
0.00878182053565979
0.04335356876254082
0.027744773775339127
0.02179483138024807
-0.0630728229880333
-0.01664705015718937
-0.023129023611545563
0.035595111548900604
0.0294074397534132
-0.047573648393154144
-0.016808342188596725
-0.05404658243060112
0.007403504569083452
0.15533065795898438
0.005726069677621126
0.016626304015517235
-0.013563323765993118
0.0658537894487381
-0.06392893940210342
-0.07121048122644424
0.016800720244646072
0.01527763344347477
-0.03319627419114113
-0.013280575163662434
0.14488725364208221
0.0740867629647255
-0.03356298804283142
0.0063258931040763855
-0.09343495965003967
0.05630723387002945
-0.04593529924750328
-0.013476597145199776
-0.009335486218333244
-0.013368220999836922
0.05904844030737877
0.017756273970007896
-0.0548243522644043
-0.024588797241449356
0.0027069980278611183
-0.04298137128353119
0.03666600584983826
-0.019020557403564453
-0.04168333485722542
0.038791947066783905
0.08028347790241241
-0.027388153597712517
0.06497865915298462
0.015117732807993889
