-0.008406012319028378
-0.05457071587443352
-0.014968404546380043
-0.05544939637184143
0.01514811534434557
-0.0011149205965921283
-0.018541686236858368
-0.023564795032143593
-0.016541535034775734
0.020589830353856087
0.040734048932790756
0.009148926474153996
0.026668734848499298
-0.005719939712435007
0.05976756289601326
0.06175382062792778
0.027460267767310143
0.030206257477402687
0.03027622401714325
-0.044865433126688004
0.020736411213874817
0.08309286832809448
0.01623990386724472
-0.054640330374240875
-0.025130197405815125
0.0456710048019886
-0.047861967235803604
0.027237167581915855
0.028340274468064308
-0.04363414645195007
-0.02246824838221073
0.02583996392786503
-0.05704740807414055
-0.02039824239909649
0.01252040732651949
0.0454387366771698
-0.0628313198685646
-0.06941469758749008
0.07081172615289688
-0.008825894445180893
-0.02255556732416153
0.003928778227418661
0.03093864582479
-0.0501873642206192
-0.09547892212867737
-0.043963488191366196
-0.03338364139199257
0.048554565757513046
0.03302135318517685
-0.18967017531394958
-0.04647026211023331
0.007058705203235149
-0.07208933681249619
-0.03157075494527817
-0.029179781675338745
-0.041534438729286194
0.04261075705289841
-0.06926893442869186
-0.0027661786880344152
-0.06653512269258499
0.1448134332895279
-0.017031291499733925
0.059736814349889755
0.041085511445999146
0.0386725477874279
0.0005015359492972493
0.005396622233092785
-0.046110011637210846
0.08037026971578598
-0.06866166740655899
-0.08535102009773254
0.012381709180772305
-0.1089758649468422
0.03567930683493614
-0.04121077060699463
-0.03984781354665756
0.048773735761642456
0.04713217541575432
0.05304582044482231
0.09378797560930252
0.0466076135635376
0.011856657452881336
0.11053799092769623
0.05630284920334816
0.06357453763484955
0.004078974016010761
-0.002854953519999981
0.095870241522789
-0.05991559103131294
-0.059741124510765076
0.01653142273426056
-0.005035848822444677
0.025367863476276398
0.01746184378862381
-0.07356604188680649
0.058143261820077896
-0.0043138423934578896
0.00024855523952282965
-0.06091468781232834
0.03651903569698334
0.004110587760806084
-0.046087004244327545
-0.022662220522761345
0.053793784230947495
-0.004271301906555891
-0.07397865504026413
-0.02743467688560486
0.10427756607532501
0.0435795933008194
-0.019120601937174797
-0.05822893977165222
-4.993856782675721e-05
-0.037281300872564316
0.03261943906545639
-0.11988968402147293
-0.046309616416692734
0.03962532803416252
-0.05360670015215874
0.0791633203625679
0.0633724257349968
0.009389380924403667
0.03738182410597801
-0.05166980251669884
0.006509310100227594
0.10295511782169342
-0.030385680496692657
-0.015473473817110062
-6.757894982358253e-33
0.04846104234457016
0.016672354191541672
0.060651786625385284
-0.11727862060070038
0.07933612167835236
0.015289023518562317
0.053403254598379135
0.034147460013628006
0.03686101362109184
-0.014880605973303318
0.05003467574715614
-0.07776748389005661
-0.015276948921382427
0.04309661313891411
-0.009908291511237621
0.023358270525932312
0.00761130778118968
-0.017706263810396194
0.050621889531612396
-0.023106036707758904
0.0022726033348590136
-0.04849075525999069
-0.0028745317831635475
-0.0034635625779628754
-0.05944204702973366
0.007126589771360159
-0.04266892001032829
0.06751035153865814
-0.030968358740210533
0.022040508687496185
0.05360433831810951
-0.0864374116063118
-0.051385629922151566
0.05984814092516899
0.03503766283392906
-0.09061892330646515
0.02491205744445324
-0.014732332900166512
-0.056828513741493225
-0.027678649872541428
-0.0018914612010121346
0.039034079760313034
0.024701690301299095
0.008346413262188435
-0.021979523822665215
-0.0048736026510596275
-0.07141129672527313
-0.02219315990805626
-0.04886995255947113
0.038317177444696426
-0.033083487302064896
0.03954087942838669
0.046251729130744934
0.05432748422026634
-0.031989533454179764
-0.019633077085018158
0.06130572408437729
-0.02005762606859207
-0.05122899264097214
0.00045372554450295866
0.02727593667805195
-0.0619233176112175
-0.007540881633758545
-0.014527490362524986
0.04074835777282715
-0.0428345613181591
-0.02366202138364315
-0.029388410970568657
-0.023042138665914536
0.04188136011362076
0.04077443480491638
-0.032570384442806244
0.09081096947193146
-0.035210803151130676
-0.023622777312994003
-0.009087149053812027
-0.023747442290186882
-0.039260026067495346
-0.037004776298999786
0.07225575298070908
0.09384617209434509
-0.044051069766283035
0.05318593606352806
-0.026913946494460106
-0.051856305450201035
-0.0472165048122406
-0.04427601769566536
-0.05959109589457512
0.015613013878464699
0.011163427494466305
0.03189937397837639
-0.04969246685504913
-0.014921285212039948
-0.05638257414102554
0.02189958654344082
2.2906246790069504e-33
-0.07878310978412628
0.0923762395977974
0.010472939349710941
0.014563865959644318
-0.013857308775186539
0.005649625789374113
-0.06779025495052338
0.07363112270832062
-0.02925105020403862
0.03419544920325279
0.01622799225151539
0.15826846659183502
-0.022669535130262375
0.015224659815430641
0.0014104386791586876
0.06749793142080307
0.020892655476927757
-0.08280333876609802
0.02964049205183983
0.11208753287792206
-0.0049559250473976135
-0.016182659193873405
0.08215891569852829
0.014564118348062038
0.015902170911431313
0.004963964223861694
0.0878332331776619
0.008526599034667015
-0.022443292662501335
-0.05276846885681152
0.049091845750808716
-0.013471302576363087
-0.01924239844083786
0.002283993409946561
-0.051479317247867584
-0.02600148692727089
-0.03695321083068848
-0.17020225524902344
0.05529412999749184
0.0652102380990982
0.04687778651714325
-0.004461510106921196
0.05052319914102554
0.04205223172903061
0.004969426896423101
-0.07657185196876526
-0.10464387387037277
0.10153014212846756
0.05305711552500725
0.032941367477178574
-0.041420817375183105
0.07979358732700348
0.09342334419488907
-0.009659696370363235
-0.009082058444619179
0.02711069956421852
-0.06551580876111984
0.060835614800453186
-0.03716753050684929
0.05549812689423561
0.0008593110251240432
0.011738348752260208
-0.10101891309022903
0.05214085429906845
-0.03189695253968239
0.0822157934308052
-0.07632279396057129
0.07544469833374023
-0.04228254407644272
0.06872998923063278
-0.06459829211235046
-0.005708570126444101
0.018980620428919792
-0.033072344958782196
0.06180456280708313
0.004726720973849297
0.0812518373131752
0.019558992236852646
-0.03198087960481644
0.02223673090338707
-0.04475259780883789
0.07965482771396637
-0.013367815874516964
-0.1164613738656044
0.09762521833181381
-0.13526830077171326
-0.09698794037103653
0.02934824861586094
-0.03791331872344017
-0.05546668916940689
-0.030382122844457626
-0.0013119361829012632
-0.10470516234636307
0.01334273349493742
0.016507122665643692
-1.586549558396655e-08
-0.00793024618178606
-0.04942793399095535
-0.014272813685238361
-0.02578563056886196
0.060752611607313156
-0.05223821848630905
0.09386405348777771
-0.08820219337940216
0.03774302452802658
0.0708344429731369
-0.006015521939843893
0.04865057393908501
0.002126091392710805
0.03278517723083496
0.0010976302437484264
-0.04080522432923317
0.005672581028193235
-0.014993531629443169
-0.004767584148794413
-0.030261799693107605
0.017161479219794273
-0.033310167491436005
-0.013577754609286785
-0.007493308745324612
0.06193343549966812
-0.042884279042482376
-0.030194491147994995
-0.04650145769119263
0.029588045552372932
0.11568368971347809
0.05223264917731285
0.025523703545331955
0.017079515382647514
0.047840651124715805
-0.0939241349697113
-0.07827448099851608
-0.009361217729747295
-0.015586833469569683
-0.08112343400716782
-0.07843512296676636
0.04986022785305977
0.021048905327916145
-0.035590969026088715
0.01645336113870144
0.0142593365162611
0.04699837043881416
-0.020363889634609222
-0.010072009637951851
-0.02575773559510708
-0.008335708640515804
-0.010479310527443886
-0.032047078013420105
0.040089018642902374
-0.043902430683374405
-0.014285989105701447
0.019891221076250076
0.056119341403245926
-0.03264933079481125
-0.007816212251782417
0.021934468299150467
-0.04561107978224754
0.01039835438132286
-0.003433182369917631
-0.019504830241203308
