-0.029567964375019073
0.012830219231545925
-0.04778077453374863
0.011411388404667377
-0.025559501722455025
0.026068395003676414
-0.001635660999454558
0.018821896985173225
-0.0022053115535527468
-0.040118612349033356
0.007935548201203346
-0.03570759668946266
-0.038001883774995804
0.009167138487100601
-0.05263889953494072
0.08853069692850113
-0.03349589928984642
-0.002138583455234766
0.00449305260553956
0.03528178855776787
0.010240516625344753
0.03781314566731453
0.014529143460094929
-0.02989325299859047
-0.08518917858600616
0.0478794202208519
0.014888986945152283
0.023365681990981102
0.04576708748936653
-0.016843507066369057
-0.04797324538230896
-0.03876430541276932
-0.09171450883150101
-0.03685447573661804
0.07773932814598083
-0.014592343010008335
-0.1287866085767746
0.06931649148464203
0.044211577624082565
-0.0011049964232370257
-0.07832232862710953
0.04897398129105568
-0.07056412100791931
0.007445975206792355
-0.12552042305469513
-0.024880971759557724
0.051543835550546646
0.12629334628582
0.03897664323449135
-0.12866714596748352
-0.028567811474204063
-0.052421096712350845
-0.06329213827848434
-0.04473760724067688
0.023546122014522552
0.004387861117720604
0.015833858400583267
-0.1479683220386505
0.036196090281009674
-0.08516054600477219
0.09741858392953873
0.01333799958229065
0.006208178121596575
0.030986754223704338
0.07435937225818634
-0.017776045948266983
0.009805482812225819
-0.14410768449306488
0.005670957732945681
-0.005910452455282211
-0.018085602670907974
0.02345961518585682
-0.07977081835269928
0.03844498097896576
-0.000730524945538491
-0.025515025481581688
0.0024962404277175665
-0.006604249123483896
0.010952891781926155
0.05810557305812836
0.038446925580501556
-0.005267147906124592
-0.04590551555156708
0.06958916038274765
0.07023142278194427
-0.029006637632846832
-0.009739106521010399
0.05575358495116234
-0.05360116437077522
-0.02245434559881687
-0.00985074695199728
0.06002400815486908
-0.03451381251215935
-0.020324653014540672
-0.02107752300798893
-0.025346362963318825
0.010358360596001148
-0.019079837948083878
-0.06152928248047829
0.08340447396039963
-0.012046463787555695
-0.028788890689611435
-0.04456178843975067
0.0648871660232544
-0.030072765424847603
-0.015474694781005383
0.0039943852461874485
0.06270170956850052
0.03848675638437271
0.012262140400707722
-0.004771324805915356
-0.028183432295918465
-0.0771767720580101
0.039845988154411316
-0.08840011060237885
-0.03223973512649536
0.02306734211742878
-0.057439882308244705
0.046593647450208664
0.05622592195868492
0.02388572506606579
0.06577617675065994
-0.10668214410543442
0.00851810909807682
0.06399618834257126
-0.05468687787652016
-0.01427333615720272
-6.453070195406833e-33
0.04948542267084122
0.005717982072383165
-0.02519896812736988
-0.06605489552021027
0.08334831148386002
0.014166641980409622
-0.03453734144568443
-0.0016708202892914414
0.027125611901283264
0.13370639085769653
-0.003960412926971912
-0.03105751983821392
-0.03993083909153938
0.008006477728486061
-0.01914946176111698
-0.01533645112067461
0.07849985361099243
0.003462390974164009
-0.041967712342739105
0.0051913876086473465
0.04078928381204605
0.0320301428437233
-0.03665176406502724
-0.07398706674575806
-0.0353296734392643
0.020678896456956863
-0.1346244215965271
0.013990051113069057
0.006072974763810635
0.005441741552203894
0.02644658088684082
-0.03747543692588806
-0.011480358429253101
0.030766135081648827
0.005278891883790493
-0.008261195383965969
0.04616432636976242
-0.03102254495024681
-0.044324327260255814
-0.07436448335647583
0.003906726371496916
0.026899954304099083
-0.012577484361827374
0.014118008315563202
0.06880059093236923
-0.06656749546527863
-0.06252036988735199
-0.06861339509487152
-0.04488952457904816
-0.0014968704199418426
0.049598149955272675
-0.03949843347072601
-0.008961613290011883
0.017982957884669304
-0.007502387277781963
0.022971870377659798
0.07483553886413574
-0.044166199862957
-0.08170415461063385
-0.014636699110269547
0.03285381197929382
-0.052287377417087555
0.03551771864295006
0.010374094359576702
0.103537917137146
-0.0872524082660675
-0.012552867643535137
-0.0015828018076717854
0.014576764777302742
-0.05991378799080849
-0.04775359854102135
0.010806774720549583
0.06885179132223129
-0.020072048529982567
-0.02781088836491108
0.0009832895593717694
-0.007655423134565353
-0.04079866409301758
0.07238086313009262
0.041174132376909256
-0.0060895453207194805
-0.009235484525561333
0.01722533628344536
-0.14098167419433594
-0.06157819181680679
-9.052603127202019e-05
-0.0440753772854805
-0.029570134356617928
-0.0134187126532197
0.009933468885719776
-0.10580682754516602
-0.009500937536358833
-0.05745461583137512
-0.03427724912762642
-0.004360198508948088
9.761235294251195e-34
-0.08736536651849747
0.010943738743662834
0.06954769045114517
-0.012745583429932594
-0.042396266013383865
0.027053741738200188
0.014024138450622559
0.11205893754959106
-0.13392166793346405
0.039167337119579315
-0.01545492559671402
0.06291136890649796
0.04988216981291771
0.013517213054001331
0.06838370114564896
0.1080903634428978
0.08973213285207748
-0.005322404205799103
0.02689613401889801
0.04548768326640129
-0.026185929775238037
0.015682097524404526
0.04092197120189667
-0.0008305437513627112
0.009403964504599571
0.02330615557730198
0.06827347725629807
-0.017025994136929512
-0.017724785953760147
0.025725889950990677
0.03346964344382286
-0.06931329518556595
0.05800102278590202
-0.011427502147853374
-0.024452609941363335
0.053798459470272064
-0.018770139664411545
-0.1711176186800003
0.021530700847506523
0.002179951872676611
0.13251428306102753
-0.02954191341996193
0.03348974511027336
0.044872649013996124
0.01099622342735529
-0.031113099306821823
-0.03770097717642784
0.12259193509817123
0.022137351334095
-0.10706645250320435
-0.08023372292518616
-0.006373659707605839
0.06037554889917374
0.038487762212753296
0.030130449682474136
0.04059746488928795
0.010177543386816978
-0.028560033068060875
0.04175904020667076
0.08466442674398422
0.048513397574424744
0.07956011593341827
-0.13050702214241028
0.024135172367095947
0.0034105677623301744
0.08883513510227203
-0.035917654633522034
0.04680561274290085
-0.03137042373418808
0.03743552044034004
0.0204292144626379
0.02857181243598461
-0.009766588918864727
0.005656213499605656
0.036278385668992996
-0.024329353123903275
0.0842880979180336
0.007834340445697308
0.02381577156484127
0.0347461961209774
-0.07889821380376816
0.04931911453604698
-0.014907442033290863
0.017481474205851555
0.08696077764034271
-0.09097594767808914
-0.06509924679994583
0.019850391894578934
0.052039291709661484
-0.0331021286547184
-0.01350640319287777
0.06613761186599731
-0.044186729937791824
-0.052357081323862076
-0.010997981764376163
-1.7981680144885104e-08
0.008349349722266197
-0.006015381775796413
0.0677412822842598
-0.07282061874866486
0.053958095610141754
-0.029784642159938812
0.028543148189783096
-0.0885370746254921
1.644367330300156e-05
0.003613074542954564
-0.0767689123749733
0.02097022719681263
0.009462091140449047
0.08916714787483215
-0.01897273026406765
0.033575065433979034
0.02472570724785328
-0.05492793768644333
0.014715517871081829
-0.06865287572145462
-0.08799326419830322
0.0029008511919528246
0.03490794077515602
-0.07981637120246887
0.002866113558411598
-0.022714389488101006
-0.09448216110467911
0.017524974420666695
0.0030260938219726086
0.10523724555969238
0.05937126651406288
0.0634240061044693
0.012938989326357841
-0.014432261697947979
0.03209218382835388
-0.039795804768800735
-0.01786159537732601
-0.0178543608635664
-0.02446717768907547
-0.03800904378294945
0.08595793694257736
-0.0013083090307191014
-0.02299574948847294
0.04881206154823303
0.035576701164245605
0.060304589569568634
-0.05074083060026169
-0.04252845421433449
0.005504429806023836
-0.020394446328282356
0.05352645367383957
0.002713079797104001
0.009661268442869186
0.04312344267964363
-0.030245209112763405
-0.06151452660560608
0.022231148555874825
0.02513384260237217
-0.07271905243396759
0.015659375116229057
0.021097324788570404
-0.005868982989341021
-0.05547405779361725
0.043262727558612823
