-0.021138997748494148
-0.035193052142858505
-0.02814071998000145
0.01894860342144966
-0.03904426470398903
0.05844845995306969
-0.0634756088256836
-0.005093680229038
0.022029979154467583
-0.014586670324206352
0.05389561504125595
-0.0005629910156130791
-0.06485046446323395
-0.007362846750766039
-0.020629141479730606
0.127614825963974
-0.098260298371315
0.10143467038869858
0.026736248284578323
0.00838510598987341
-0.0056798821315169334
0.002260158769786358
-0.009273570030927658
-0.0044595468789339066
0.018516281619668007
0.04959803819656372
-0.08829225599765778
0.017578652128577232
0.07715672254562378
-0.030664416030049324
-0.038962166756391525
-0.009902775287628174
-0.04987529665231705
-0.029153618961572647
0.006165569182485342
0.013584443368017673
-0.04093503579497337
-0.036836687475442886
0.045720480382442474
-0.016549620777368546
0.01998019777238369
0.02368444763123989
-0.038228437304496765
-0.025890300050377846
-0.15518255531787872
-0.01460560504347086
-0.029390055686235428
0.09804284572601318
0.024638323113322258
-0.13211777806282043
0.01063072681427002
-0.03464052826166153
-0.0973762720823288
-0.04647254943847656
-0.016146378591656685
-0.010388008318841457
0.08895416557788849
-0.04014993831515312
0.016924267634749413
-0.024032507091760635
0.11017784476280212
-0.03283713012933731
-0.008587764576077461
0.06295562535524368
0.025012001395225525
-0.010726853273808956
-0.04617317393422127
0.016285693272948265
0.0319015234708786
-0.042371947318315506
-0.04189804941415787
-0.008952252566814423
-0.09711925685405731
0.0968770831823349
-0.0359811969101429
0.07193124294281006
-0.031173275783658028
0.06350063532590866
-0.0333738774061203
-0.010750208981335163
-0.026323333382606506
-0.029929794371128082
-0.014846403151750565
-0.0071774376556277275
0.0642656683921814
-0.014992865733802319
-0.012769904918968678
0.10485982149839401
-0.07089519500732422
-0.05217866972088814
0.06037626415491104
0.041541073471307755
0.02580862306058407
0.02643042430281639
-0.02984323911368847
0.07542488723993301
0.03438199684023857
-0.012044386006891727
-0.11052021384239197
0.025446942076086998
0.0411183126270771
-0.0220318790525198
-0.045437488704919815
0.05194574221968651
-0.01271178387105465
-0.0004602412227541208
-0.08527787774801254
-0.06110961362719536
-0.006954222917556763
-0.02194136753678322
-0.024268560111522675
-0.028244521468877792
-0.014174333773553371
0.03672803193330765
-0.0866905152797699
-0.033726464956998825
0.02003750205039978
-0.027324961498379707
0.0883762463927269
0.002394711831584573
0.029521850869059563
0.01924491859972477
-0.02739487774670124
-0.025250418111681938
0.0935593917965889
-0.05599886178970337
-0.08700279891490936
-5.4486609658230675e-33
0.0770489051938057
0.03554943948984146
-0.026797909289598465
-0.027175594121217728
0.04756704345345497
-0.009876450523734093
0.00048544214223511517
0.02079695649445057
0.004759531933814287
0.026504013687372208
-0.06322614848613739
-0.07953894883394241
-0.052346378564834595
0.011833851225674152
0.0074004181660711765
-0.002856498584151268
0.06996177136898041
-0.040788475424051285
0.05401299148797989
0.054662421345710754
-0.03645747900009155
-0.010010328143835068
-0.0740538239479065
0.017134396359324455
0.0020093920174986124
0.03995718061923981
-0.05876889452338219
-0.02537045255303383
-0.04096749797463417
-0.0037874593399465084
0.03717535361647606
-0.03844248503446579
0.018108109012246132
0.08474655449390411
-0.05229254066944122
-0.09922612458467484
0.050357602536678314
-0.013953820802271366
-0.06358389556407928
-0.01767764613032341
0.05343053117394447
0.06509808450937271
0.027788259088993073
-0.015600819140672684
0.053566597402095795
-0.003070641541853547
-0.0779402107000351
-0.0330212339758873
-0.021280696615576744
0.07920293509960175
-0.003950153477489948
0.010303552262485027
0.0015204420778900385
0.04387880116701126
-0.01642964594066143
-0.013489224016666412
0.01483449898660183
-0.0009666471160016954
-0.12742769718170166
-0.0022271820344030857
0.02316531166434288
0.016693536192178726
0.0037942698691040277
-0.010310890153050423
0.10582415759563446
0.04901933670043945
-0.04645920544862747
-0.01500797737389803
0.02707163617014885
0.005439779255539179
-0.050909556448459625
-0.0840267613530159
0.07421508431434631
0.0068353875540196896
0.002339361933991313
0.021115010604262352
-0.02504901774227619
-0.056152600795030594
-0.015184047631919384
0.09552732855081558
0.04618679732084274
-0.02233140356838703
0.06240728497505188
-0.0921410545706749
-0.020230866968631744
-0.016695579513907433
-0.05822496488690376
-0.07876161485910416
0.017144232988357544
0.06692321598529816
0.022845501080155373
0.031192081049084663
0.06154010072350502
-0.016559375450015068
0.03591232746839523
1.6936882601792458e-33
-0.03149345517158508
0.06695777922868729
0.03881491720676422
-0.007543148007243872
0.009226656518876553
0.036523085087537766
-0.14546820521354675
0.0021107655484229326
-0.07076200097799301
0.049227524548769
-0.042459048330783844
0.035838257521390915
-0.07464423030614853
0.048824768513441086
0.07530360668897629
0.01598934642970562
0.1278383582830429
-0.021011538803577423
0.011120343580842018
0.0641677975654602
-0.05896500125527382
0.033483244478702545
0.027286136522889137
0.02706986293196678
0.03823670372366905
0.0179958064109087
0.12855497002601624
-0.06137918680906296
-0.032635048031806946
-0.006819961126893759
0.021667594090104103
-0.05672108381986618
-0.028817705810070038
0.008689594455063343
0.021037476137280464
-0.01186436414718628
-0.028529297560453415
-0.12393666058778763
0.02592979557812214
0.01150447316467762
0.06128278747200966
-0.004973882343620062
0.04956115409731865
0.03159238025546074
-0.020700180903077126
-0.11126247048377991
-0.037131838500499725
0.09314678609371185
-0.03528124839067459
-0.07134293764829636
-0.08931257575750351
0.02442067489027977
0.023572305217385292
0.007113683968782425
-0.009878786280751228
-0.036838144063949585
0.05623535066843033
0.04853679984807968
0.013075154274702072
0.04212852567434311
0.016082536429166794
0.005282251164317131
-0.09057572484016418
-0.01106868777424097
-0.010064452886581421
0.13235923647880554
-0.02971249260008335
0.05344312638044357
-0.05235941708087921
0.11510501056909561
-0.054667212069034576
0.04848064109683037
0.0227875504642725
0.01605207286775112
0.027916163206100464
0.04117770120501518
0.0425623394548893
-0.06363515555858612
-0.006099654361605644
-0.00405274610966444
-0.057474829256534576
0.041636332869529724
-0.07561596482992172
-0.03719931095838547
0.0038833175785839558
-0.08314528316259384
-0.11473403871059418
0.0772293284535408
0.030513165518641472
-0.013092510402202606
0.013440282084047794
0.0066730668768286705
-0.026988118886947632
-0.003742857603356242
0.016450684517621994
-1.621857670386362e-08
0.03922400251030922
-0.03100004233419895
-0.038857415318489075
-0.06419369578361511
0.02847360260784626
-0.04356785863637924
-0.011540433391928673
-0.05874000862240791
0.012852003797888756
0.04005260020494461
0.03835699334740639
0.08527997881174088
0.0017540628323331475
0.07953870296478271
-0.0013660304248332977
-0.01603771187365055
-0.02604285627603531
0.017618577927350998
-0.017583191394805908
-0.017898425459861755
-0.07094161212444305
0.033042483031749725
-0.057954829186201096
0.009122687391936779
0.016746804118156433
-0.013051309622824192
-0.01944882422685623
0.0014009330188855529
0.08976718783378601
0.15357835590839386
0.14675800502300262
-0.01416381262242794
0.004892180673778057
0.034650713205337524
0.033736445009708405
-0.12065913528203964
0.025875164195895195
-0.015668122097849846
-0.0022566555999219418
-0.04306893050670624
0.12709972262382507
0.010781184770166874
-0.046552225947380066
0.059569504112005234
0.07696796208620071
0.03632660582661629
-0.03607054054737091
-0.027994008734822273
-0.005564299412071705
-0.012141142971813679
-0.023291412740945816
-0.019293006509542465
0.0050130439922213554
-0.037025343626737595
-0.06405437737703323
-0.07414347678422928
0.07622086256742477
0.05032302811741829
0.0063528926111757755
-0.004221426788717508
-0.027996812015771866
0.015131077729165554
0.04012594744563103
0.037599626928567886
