-0.012644410133361816
-0.021034792065620422
-0.04800238460302353
-0.009979109279811382
-0.012050080113112926
-0.02437805011868477
-0.029886707663536072
-0.025840559974312782
-0.047546181827783585
0.0025978954508900642
0.016056057065725327
0.009558386169373989
-0.039164118468761444
-0.02428640052676201
0.0061271898448467255
0.08352803438901901
-0.042613815516233444
0.02358122356235981
0.04540284350514412
-0.03161264955997467
0.04888734221458435
0.002118461998179555
0.013422023504972458
-0.028283540159463882
-0.048507802188396454
0.0688084065914154
0.0022237051744014025
-0.007066698744893074
0.07693664729595184
-0.0630185604095459
-0.01928066462278366
-0.05877887085080147
-0.0735393688082695
-0.013493071310222149
-0.009989513084292412
0.002397197298705578
-0.06074649095535278
-0.011034936644136906
0.01900763250887394
0.024002933874726295
0.03956528753042221
0.029738765209913254
0.001991604221984744
0.001759063801728189
-0.09412441402673721
-0.03245608136057854
-0.05261147767305374
0.08219058066606522
-0.013201609253883362
-0.08264869451522827
-0.040207624435424805
-0.03532696142792702
-0.05884363129734993
-0.0038468583952635527
-0.0032931347377598286
-0.03760925307869911
0.08728314191102982
-0.103866808116436
-0.021008236333727837
-0.08119702339172363
0.13321051001548767
0.012972787022590637
0.030544154345989227
0.043313682079315186
0.05977046117186546
0.013766978867352009
0.029241690412163734
-0.03304231911897659
0.03375094756484032
-0.05822218582034111
-0.052455320954322815
-0.035532571375370026
-0.1227010190486908
0.13171660900115967
-0.0019251436460763216
-0.06949276477098465
0.08365824818611145
0.017373809590935707
0.0015221115900203586
0.08883955329656601
0.004744013771414757
-0.05220796540379524
0.062421269714832306
0.04565124586224556
0.08235027641057968
0.030645199120044708
0.02058326080441475
0.05243110656738281
-0.07144038379192352
-0.03809582442045212
-0.00990615040063858
-0.015099646523594856
0.03674657270312309
-0.03440273180603981
-0.05634431913495064
0.07155200093984604
-0.00672890292480588
0.0036177735310047865
-0.10641409456729889
0.05528244748711586
0.018665194511413574
-0.04478347674012184
-0.025361811742186546
0.053190506994724274
-0.037263937294483185
-0.041932739317417145
0.0010525528341531754
0.12402905523777008
0.02460145391523838
-0.024451542645692825
-0.04732481762766838
-0.002380765974521637
0.0038528740406036377
0.04951700195670128
-0.08868250995874405
-0.07401147484779358
-0.03491270914673805
-0.013857991434633732
0.09704289585351944
0.05503672733902931
0.08015986531972885
0.05986907333135605
-0.07446236908435822
0.003788190660998225
0.10348439961671829
-0.06410925090312958
0.013812609016895294
-6.795195622161752e-33
0.05886193737387657
0.04482223093509674
0.020035462453961372
-0.08851731568574905
0.10976730287075043
0.003027974395081401
0.018334142863750458
0.01125237625092268
-0.01253509521484375
0.03388754278421402
-0.0030025632586330175
-0.060151200741529465
-0.044736627489328384
0.04350542277097702
0.014644171111285686
-0.013984099961817265
0.07353630661964417
-0.020978804677724838
0.05931371822953224
0.012048537842929363
0.04109426960349083
-0.0278805959969759
0.013024266809225082
-0.04607927054166794
-0.027082126587629318
0.02640918456017971
-0.15246334671974182
0.09282168745994568
-0.050355326384305954
0.03529815375804901
0.030831405892968178
-0.058684106916189194
-0.021289631724357605
0.06801288574934006
-0.004751225467771292
-0.12042059004306793
0.04975328966975212
-0.045415960252285004
-0.06315727531909943
-0.04845099896192551
0.02142222411930561
-0.003149020252749324
-0.014293799176812172
0.04467605799436569
-0.009149372577667236
-0.074966199696064
-0.08055012673139572
-0.04796333611011505
-0.05157497525215149
0.03613298758864403
0.004817067179828882
0.027355369180440903
0.017232561483979225
0.011900804005563259
-0.059899087995290756
0.0019971923902630806
0.04578113928437233
-0.04849504306912422
-0.05800888314843178
0.01930759660899639
0.06707093119621277
-0.037066128104925156
-0.00013201632827986032
-0.016031572595238686
0.08181862533092499
-0.04180227592587471
-0.006693024653941393
-0.03432668745517731
-0.022429032251238823
-0.04444264993071556
-0.038074150681495667
-0.022149724885821342
0.10112335532903671
-0.025933891534805298
-0.07034030556678772
0.016318490728735924
-0.0320262610912323
-0.048724401742219925
0.003984041046351194
0.06419549882411957
0.06534530222415924
-0.04962924122810364
0.09026340395212173
-0.05587213858962059
-0.03255835175514221
-0.04008789360523224
-0.0542428195476532
-0.10829995572566986
-0.003108968259766698
0.06571516394615173
-0.02857917919754982
-0.00426551653072238
0.004419886507093906
-0.011087391525506973
0.037603698670864105
1.8872260582024428e-33
-0.06090771406888962
0.016825463622808456
0.0028972425498068333
0.02158488519489765
0.002262373920530081
0.0404997281730175
-0.04929584264755249
0.10415732860565186
-0.07309004664421082
0.029078878462314606
0.0423283576965332
0.04849221929907799
-0.1005987748503685
0.032453835010528564
0.07659462094306946
0.09766584634780884
0.08108162879943848
-0.08664771914482117
0.0039137802086770535
0.03947838395833969
0.03670405596494675
-0.02825336903333664
0.011198151856660843
0.004910323303192854
0.06507726013660431
0.0056208954192698
0.10820204764604568
-0.041201405227184296
-0.02148023247718811
0.03439696878194809
0.016831114888191223
-0.027396908029913902
0.02636285498738289
-0.02880224399268627
-0.027242401614785194
0.010719764046370983
-0.010079698637127876
-0.10569862276315689
0.059640299528837204
0.017637215554714203
0.07224886119365692
0.01510845310986042
0.02322879433631897
-0.0015740366652607918
0.016057178378105164
-0.03318243846297264
-0.10482209175825119
0.10835698246955872
0.0005633201217278838
-0.02119513601064682
-0.01593741774559021
0.03907148912549019
0.10617244243621826
-0.012569381855428219
-0.022542500868439674
0.028795422986149788
-0.03490208089351654
0.02671394869685173
-0.015512155368924141
0.03037746623158455
-0.04010467231273651
0.02642790786921978
-0.10404211282730103
0.026921488344669342
0.03821809962391853
0.0712326392531395
-0.060008615255355835
0.043701812624931335
-0.07358701527118683
0.048979777842760086
-0.005286369938403368
0.04897238686680794
-0.005524542648345232
-0.03410303220152855
0.03672952577471733
0.0077104647643864155
0.038385648280382156
0.017850514501333237
-0.0014555363450199366
0.026666756719350815
-0.04205233231186867
0.0630769357085228
-0.06459224969148636
-0.10465085506439209
0.04753691703081131
-0.11018248647451401
-0.09167224168777466
0.06512247771024704
-0.034958694130182266
-0.06903861463069916
-0.02145269885659218
-0.005251152906566858
-0.13547107577323914
0.013340922072529793
-0.018393125385046005
-1.625684298289798e-08
0.001234009163454175
-0.04026573896408081
-0.036939963698387146
-0.020257269963622093
0.07595552504062653
0.031538236886262894
0.042650241404771805
-0.10818595439195633
-0.008280856534838676
-0.016969824209809303
0.033547673374414444
0.08223753422498703
0.014713170006871223
0.07583630084991455
-0.020095059648156166
-0.025006897747516632
-0.018567711114883423
-0.015630308538675308
0.019039440900087357
-0.06818002462387085
0.01780598983168602
-0.04212585836648941
0.01324748620390892
-0.02659478597342968
0.04082116484642029
-0.015151320025324821
-0.05312191694974899
0.030329907312989235
-0.022698916494846344
0.09263502806425095
0.030056357383728027
0.0005920636467635632
-0.0009179991902783513
0.0469767190515995
0.008038313128054142
-0.06748562306165695
-0.029757298529148102
-0.039360079914331436
-0.056384216994047165
-0.046398524194955826
0.13719366490840912
0.06832634657621384
-0.003613094799220562
0.047128383070230484
0.09665726125240326
0.06658410280942917
-0.040590882301330566
-0.013016094453632832
0.016682691872119904
-0.0206071175634861
0.004727560095489025
-0.03842199593782425
0.029148057103157043
0.00333371851593256
-0.024688230827450752
-0.036254025995731354
0.08205819129943848
-0.019798995926976204
-0.05728316307067871
0.02569032460451126
0.03852527588605881
-0.008216646499931812
0.016154805198311806
0.007000279147177935
