-0.002535400213673711
-0.023988792672753334
-0.0478130541741848
-0.015409893356263638
-0.02052408456802368
-0.027366571128368378
-0.012539413757622242
-0.018891770392656326
-0.04198763146996498
0.004029359668493271
0.02927817404270172
-0.0031765818130224943
-0.04840825870633125
-0.004492972977459431
0.025490477681159973
0.0799783393740654
-0.03197632357478142
0.01759217493236065
0.04112246632575989
-0.027167176827788353
0.048738326877355576
-0.00627532135695219
0.013544168323278427
-0.03650108724832535
-0.05186493694782257
0.06189469248056412
0.004484765697270632
-0.004796353634446859
0.06951141357421875
-0.06685727834701538
-0.009093454107642174
-0.03798582777380943
-0.07420220971107483
-0.01376643218100071
-0.02129996009171009
0.002247515833005309
-0.05809507519006729
-0.014476879499852657
0.02536814659833908
0.023461202159523964
0.03650609776377678
0.009911100380122662
0.0044375211000442505
-0.013272387906908989
-0.09340662509202957
-0.022699696943163872
-0.05541646480560303
0.0928988829255104
-0.01268570777028799
-0.09087790548801422
-0.049588803201913834
-0.030419308692216873
-0.07246521860361099
0.012212606146931648
-0.009464351460337639
-0.04678235948085785
0.09176315367221832
-0.09514045715332031
-0.01781916245818138
-0.09221407771110535
0.12815037369728088
0.015645556151866913
0.04483332112431526
0.04645240306854248
0.07147820293903351
0.01384697761386633
0.037817586213350296
-0.04005266726016998
0.035135313868522644
-0.07388146221637726
-0.05728238821029663
-0.03540058061480522
-0.12690390646457672
0.12814100086688995
-0.004489858169108629
-0.07605283707380295
0.07991310954093933
0.017970407381653786
0.01403847150504589
0.10613440722227097
0.014877484180033207
-0.05543103069067001
0.05910379812121391
0.03668984770774841
0.0819101557135582
0.03982012718915939
0.016967682167887688
0.057084884494543076
-0.08878784626722336
-0.0369403101503849
-0.00973109994083643
-0.015330366790294647
0.03554515168070793
-0.019250908866524696
-0.05148766562342644
0.051971185952425
-0.013760441914200783
0.018423832952976227
-0.09156021475791931
0.06279214471578598
0.017925037071108818
-0.05173696205019951
-0.023537609726190567
0.06810900568962097
-0.026661822572350502
-0.04415480047464371
-0.0050096954219043255
0.11573874205350876
0.028560250997543335
-0.02522219717502594
-0.04897554591298103
0.0070072659291327
0.014423877000808716
0.06003139913082123
-0.073349729180336
-0.07297725975513458
-0.03673134744167328
-0.009190980345010757
0.10167951136827469
0.05482877790927887
0.07276583462953568
0.0521249994635582
-0.07996304333209991
0.0009902704041451216
0.08871927112340927
-0.06451712548732758
0.026945583522319794
-6.176356621171359e-33
0.05071103945374489
0.021226832643151283
0.0280444398522377
-0.07886362820863724
0.09719863533973694
-0.001117743318900466
0.01471706572920084
0.02534453384578228
-0.015566840767860413
0.02359444461762905
-0.0037958554457873106
-0.06484070420265198
-0.042907312512397766
0.05431964993476868
0.025304727256298065
-0.0041835918091237545
0.0735504999756813
-0.01101015880703926
0.05464150384068489
0.017700932919979095
0.044262126088142395
-0.02085006795823574
0.016474684700369835
-0.05422820895910263
-0.036032047122716904
0.03030446730554104
-0.13708153367042542
0.07522416859865189
-0.033435795456171036
0.03128066658973694
0.02451913058757782
-0.07616119086742401
-0.025814957916736603
0.06590943038463593
-0.003547512460500002
-0.11449994891881943
0.05088837072253227
-0.05235475301742554
-0.06093115732073784
-0.052204910665750504
0.0193901676684618
0.005793973803520203
-0.01163666695356369
0.045698922127485275
-0.011197525076568127
-0.07400785386562347
-0.07507282495498657
-0.03609819337725639
-0.04252377524971962
0.04331492632627487
0.015572279691696167
0.02541692741215229
0.022087272256612778
0.010676967911422253
-0.045263562351465225
0.0022060254123061895
0.06680810451507568
-0.04726174473762512
-0.06347429007291794
0.025566071271896362
0.056587982922792435
-0.024792643263936043
-0.0025326311588287354
-0.005775267258286476
0.08417031913995743
-0.044797010719776154
-0.00405551353469491
-0.03792459890246391
-0.02868415042757988
-0.05150720477104187
-0.03244432434439659
-0.028390703722834587
0.10452764481306076
-0.032051749527454376
-0.05523666366934776
0.0020775804296135902
-0.03836711496114731
-0.05280042439699173
0.0005798565689474344
0.07393212616443634
0.04649893566966057
-0.042911190539598465
0.09532736241817474
-0.05629708990454674
-0.04719401150941849
-0.02066006138920784
-0.04414035379886627
-0.10641194880008698
-0.0047713699750602245
0.0632404237985611
-0.015444230288267136
-0.004894455894827843
-0.0023995554074645042
-0.01488864328712225
0.07489781081676483
1.579955508317343e-33
-0.050946567207574844
0.0327325165271759
0.007749281823635101
0.02887536771595478
0.005106693133711815
0.044312991201877594
-0.04531720653176308
0.10340575128793716
-0.06576873362064362
0.02031780406832695
0.05564168468117714
0.05633237585425377
-0.08561169356107712
0.0314364992082119
0.07617173343896866
0.09609079360961914
0.059501294046640396
-0.09109725803136826
0.017230799421668053
0.05292677506804466
0.04886019602417946
-0.033140067011117935
0.027599424123764038
0.01459307037293911
0.060329608619213104
0.007462543435394764
0.10463980585336685
-0.03690232336521149
-0.026919594034552574
0.012454618699848652
0.002239230088889599
-0.02726915292441845
0.03164120763540268
-0.027756735682487488
-0.031852781772613525
0.002413226757198572
0.011031626723706722
-0.12793602049350739
0.05254065990447998
0.00956384651362896
0.07639181613922119
0.03758097067475319
0.02902003563940525
0.020244784653186798
0.017584333196282387
-0.03595900908112526
-0.11980365216732025
0.10469353944063187
0.0028520473279058933
-0.005545338150113821
-0.02401205152273178
0.04302142560482025
0.09835504740476608
-0.024890907108783722
-0.02964545413851738
0.03256316855549812
-0.05119683966040611
0.020238086581230164
-0.029872946441173553
0.033385954797267914
-0.040445681661367416
0.030062682926654816
-0.10795646905899048
0.03298838809132576
0.028890663757920265
0.07518607378005981
-0.07764644920825958
0.05433306843042374
-0.06875965744256973
0.03698256239295006
0.0023312820121645927
0.06014825031161308
-0.013084709644317627
-0.04780307039618492
0.04027538746595383
-0.007267570588737726
0.038860056549310684
0.002193563850596547
0.004086996894329786
0.021150680258870125
-0.06267234683036804
0.06803905218839645
-0.054921042174100876
-0.11282806843519211
0.04314218461513519
-0.10503769665956497
-0.09240558743476868
0.05904307961463928
-0.03983377665281296
-0.07215465605258942
-0.03258649259805679
0.010998107492923737
-0.11561452597379684
-0.008231302723288536
-0.021800708025693893
-1.5122024521474486e-08
-0.01661873608827591
-0.03466159850358963
-0.0442139096558094
-0.02330760471522808
0.0746992826461792
0.04614687338471413
0.03402157127857208
-0.12632401287555695
0.002323960652574897
-0.00680234981700778
0.017869267612695694
0.07530295103788376
0.01759057492017746
0.07362882047891617
-0.02178792655467987
-0.035985954105854034
-0.012696906924247742
-0.019859321415424347
0.006162108853459358
-0.06576626002788544
0.03410990536212921
-0.02640788070857525
0.016103168949484825
-0.017957517877221107
0.032111797481775284
-0.014367367140948772
-0.05157466232776642
0.030773336067795753
-0.016192927956581116
0.10101678222417831
0.005685901734977961
0.004600741434842348
-0.009118854999542236
0.05340631678700447
0.009659546427428722
-0.06534920632839203
-0.014055794104933739
-0.028795652091503143
-0.05351307988166809
-0.062293779104948044
0.1185443326830864
0.06087597459554672
-0.016728950664401054
0.027054427191615105
0.09328629821538925
0.07052730023860931
-0.04042322188615799
-0.015830017626285553
0.013776441104710102
-0.02812119759619236
0.018351592123508453
-0.030202843248844147
0.01598481461405754
0.007935889065265656
-0.021588636562228203
-0.033361855894327164
0.07340455800294876
-0.02710404433310032
-0.0597011037170887
0.02586919069290161
0.04006904736161232
-0.004334682133048773
0.02490437962114811
0.01173667423427105
