-0.021687308326363564
-0.03201858699321747
-0.042292047291994095
0.00627698702737689
-0.054508719593286514
-0.017215048894286156
0.015009812079370022
-0.05097663775086403
0.02579864300787449
-0.029903069138526917
0.06545128673315048
-0.0008632338140159845
-0.011884893290698528
0.04541429877281189
0.04189672693610191
0.08422231674194336
-0.04335445538163185
0.03567812219262123
-0.005235296208411455
-0.009410595521330833
0.04410293325781822
-0.034757472574710846
-0.025434084236621857
-0.05135876312851906
-0.06170593947172165
0.0820394903421402
-0.03556166961789131
-0.002979004755616188
0.06009860709309578
-0.043390728533267975
-0.007686971686780453
-0.042427197098731995
-0.079715296626091
-0.02970855124294758
-0.03236814960837364
-0.021102765575051308
-0.06908724457025528
0.02183554694056511
0.053658559918403625
0.001039499999023974
-0.029485464096069336
-0.003860559780150652
0.01530903298407793
0.0065408372320234776
-0.13349074125289917
-0.050833966583013535
-0.07174816727638245
0.12390411645174026
0.029475275427103043
-0.0888746976852417
-0.06810218095779419
-0.04211450740695
-0.10609705001115799
-0.007754278369247913
0.01689232513308525
-0.012068860232830048
0.011240259744226933
-0.08164993673563004
-0.0016791467787697911
-0.04840412735939026
0.11369890719652176
-0.007899166084825993
0.028603646904230118
0.06487085670232773
0.07517645508050919
-0.017829669639468193
0.03501966968178749
-0.05154832825064659
0.013864681124687195
-0.052863333374261856
-0.08721727877855301
0.00047745072515681386
-0.06798247247934341
0.13361358642578125
-0.025141576305031776
-0.0670815035700798
0.04568382725119591
-0.007844808511435986
0.0040681506507098675
0.03705964982509613
-0.027824820950627327
-0.07444486767053604
0.04546581953763962
-0.0011117610847577453
0.08095044642686844
-0.006531222257763147
-0.01982351951301098
0.0574386827647686
-0.09392931312322617
-0.05719175562262535
-0.02800557017326355
-0.06001788005232811
0.10675644129514694
-0.007126312702894211
-0.006311943754553795
0.0458117239177227
0.0019392253598198295
0.00134345144033432
-0.061980415135622025
0.08383738249540329
0.005211456213146448
-0.022195566445589066
-0.05287088826298714
0.05726025253534317
0.005134242586791515
-0.041230879724025726
-0.0384334921836853
0.07598251104354858
0.056789036840200424
0.005712202750146389
-0.022177040576934814
0.014497129246592522
0.0027848214376717806
0.07518933713436127
-0.09412180632352829
-0.07332334667444229
-0.006936753634363413
-0.02627113088965416
0.10216888040304184
0.016918161883950233
0.020364301279187202
0.03387969359755516
-0.012319661676883698
-0.03405364975333214
0.10828839242458344
-0.09524597227573395
-0.0008745136437937617
-7.018070085761627e-33
0.06240753456950188
0.012558948248624802
0.01643325574696064
-0.0537528470158577
0.08435337245464325
0.010970888659358025
-0.012561916373670101
0.0015446910401806235
0.013987438753247261
0.04305987060070038
-0.027570446953177452
-0.006526321638375521
-0.04447852075099945
0.037086907774209976
0.036111343652009964
0.003956452012062073
0.06981813162565231
-0.0049559492617845535
0.015224906615912914
-0.022989658638834953
0.016768887639045715
0.06323675811290741
0.019146112725138664
-0.022643476724624634
-0.03364512696862221
0.009244371205568314
-0.11583743244409561
0.04428331181406975
-0.012044122442603111
0.028423886746168137
0.03482245281338692
-0.05077652260661125
-0.03573085740208626
0.0633578896522522
0.007466321345418692
-0.04544220119714737
0.015217783860862255
-0.04455752298235893
-0.035726290196180344
-0.03633579984307289
-0.00011640688899205998
-0.0010858409805223346
-0.016445303335785866
-0.008991367183625698
-0.03620088845491409
-0.04438764229416847
-0.08015099912881851
-0.026732824742794037
-0.02393531985580921
-7.071814616210759e-05
-0.01870923861861229
0.04329126700758934
-0.0150099853053689
0.04185408353805542
-0.04943597689270973
0.017400486394762993
0.06157148256897926
-0.04154476150870323
-0.08601982146501541
0.0011865715496242046
0.044228896498680115
0.0074410708621144295
0.03876210376620293
-0.018234094604849815
0.06967074424028397
-0.028978096321225166
0.0045105889439582825
-0.01568555273115635
-0.008207203820347786
-0.03752138838171959
-0.024100249633193016
-0.03773122280836105
0.16497556865215302
-0.039708927273750305
-0.029216667637228966
0.024908797815442085
-0.025064019486308098
-0.05123462155461311
-0.029264789074659348
0.06330138444900513
0.003911885898560286
-0.001761572901159525
0.07974676042795181
-0.07039043307304382
-0.07527177035808563
0.00370047683827579
-0.06362862139940262
-0.07789396494626999
0.02737942524254322
0.0479334257543087
-0.05436468496918678
0.017737776041030884
0.021259302273392677
-0.0786910429596901
0.07629861682653427
2.3173245638179402e-33
-0.11359895020723343
0.10649197548627853
0.004974754527211189
0.0243358351290226
0.012506312690675259
0.027696767821907997
-0.018325379118323326
0.024770526215434074
-0.05019548162817955
0.0698985606431961
0.007602191064506769
0.024136941879987717
-0.05076172575354576
-0.03840620815753937
0.049554456025362015
0.0683911144733429
0.107158362865448
-0.09207195043563843
0.030161725357174873
0.06364873796701431
0.007448216434568167
-0.006704057566821575
-0.04758523404598236
0.0071145338006317616
0.05138683319091797
0.04014357179403305
0.14512033760547638
-0.02294033020734787
-0.0433504618704319
0.023180358111858368
0.014224286191165447
-0.03093826398253441
0.035107389092445374
-0.0250049140304327
-0.046501267701387405
0.00703740119934082
-0.0252707377076149
-0.15704494714736938
0.05893890932202339
-0.0011404872639104724
0.053330715745687485
0.0099747059866786
0.06485839933156967
0.08770649880170822
0.008940096013247967
-0.06007663160562515
-0.11427026242017746
0.09428398311138153
0.039401162415742874
-0.09165378659963608
-0.02914569526910782
0.05189622938632965
0.02362896502017975
-0.08408166468143463
-0.04813770204782486
0.015525242313742638
-0.008488929830491543
0.03959648683667183
0.016876380890607834
0.0723857507109642
-0.007652719505131245
0.05443242937326431
-0.14325493574142456
0.05702807754278183
-0.010604845359921455
0.0772823765873909
-0.08971597999334335
0.07155381143093109
-0.016786225140094757
0.051643844693899155
-0.015729404985904694
0.0812116265296936
0.004088141955435276
-0.04275837540626526
0.042409684509038925
0.00842440128326416
0.03030487522482872
0.005106240510940552
0.001078324974514544
0.03279007598757744
-0.06855323910713196
0.10006286948919296
-0.040607206523418427
-0.03482656925916672
0.05182979628443718
-0.055809132754802704
-0.0807359367609024
0.02667572908103466
-0.010782688856124878
-0.045599691569805145
-0.01597592607140541
0.021509487181901932
-0.06214507296681404
-0.024476202204823494
-0.023980189114809036
-1.5543667686301887e-08
-0.0044233063235878944
-0.0003029800718650222
-0.02042730711400509
-0.0065438211895525455
0.06700456887483597
0.04689390957355499
0.07124677300453186
-0.08213835209608078
-0.018585462123155594
0.027150604873895645
0.0011674597626551986
0.06840363144874573
-0.010670620016753674
0.08052924275398254
0.017323823645710945
-0.012755258940160275
0.00016337804845534265
-0.06202907860279083
0.011237058788537979
-0.05814758688211441
-0.02400539442896843
-0.014010275714099407
-0.012382928282022476
0.01941278949379921
0.03447037190198898
0.015384714119136333
-0.018835289403796196
0.0019184439443051815
0.007236871402710676
0.1553104668855667
0.015585454180836678
0.011971840634942055
-0.033039338886737823
0.054182279855012894
0.020233523100614548
-0.11450785398483276
-0.04593639075756073
-0.03997538238763809
-0.056766968220472336
-0.07875721901655197
0.08697400987148285
0.05256041884422302
-0.027445267885923386
0.0744568482041359
0.05492611601948738
0.03863846883177757
-0.06075187027454376
-0.06856698542833328
0.0076019070111215115
-0.01429804041981697
0.0364835262298584
-0.016870340332388878
0.026385745033621788
0.007664847187697887
-0.015407790429890156
-0.021555332466959953
0.03850589320063591
0.005831785034388304
-0.05190650746226311
0.05387752875685692
0.07515300810337067
-0.001685645431280136
0.021123910322785378
-0.011761555448174477
