-0.04188988730311394
0.04076112434267998
-0.04223347827792168
-0.0117450887337327
-0.019170155748724937
0.04544474557042122
0.026699990034103394
-0.056909337639808655
-0.011819708161056042
0.005335250869393349
-0.018547603860497475
-0.03916008770465851
-0.04842570051550865
0.09501087665557861
-0.012431529350578785
0.08224324882030487
-0.05163886770606041
0.02033979259431362
0.04554244503378868
-0.003331175073981285
0.02633245289325714
-0.02888050116598606
-0.022987673059105873
-0.009975064545869827
-0.10903316736221313
0.04403122141957283
0.040809497237205505
-0.02069859392940998
0.06066621094942093
-0.06350071728229523
-0.07043583691120148
0.06364575773477554
-0.07674701511859894
-0.017279909923672676
0.0291429590433836
-0.05013081058859825
0.002922637388110161
-0.01296316273510456
0.025364821776747704
0.05661013349890709
0.04525545984506607
0.04462800920009613
-0.0176000464707613
0.010392646305263042
-0.11498075723648071
-0.052558109164237976
-0.05255766585469246
0.04922638460993767
0.0456005297601223
-0.12065213173627853
-0.010045398026704788
-0.14867883920669556
-0.06979552656412125
-0.06650053709745407
0.054186929017305374
-0.054363738745450974
0.020170221105217934
-0.10844220966100693
0.08044689893722534
-0.066811203956604
0.0921030342578888
-0.014798161573708057
0.01993943378329277
0.04236142337322235
-0.0055093360133469105
-0.046745333820581436
-0.02594788931310177
-0.10491816699504852
0.040149006992578506
-0.09078456461429596
-0.028048083186149597
-0.008369782008230686
-0.054013606160879135
0.10800214111804962
0.026399895548820496
-0.03968619927763939
0.07359576970338821
0.047917041927576065
-0.0012586221564561129
-0.0016638691304251552
-0.06829625368118286
-0.015019581653177738
-0.025883687660098076
-0.0008663909393362701
0.09517802298069
-0.012932832352817059
-0.014863645657896996
0.06783278286457062
-0.005594822112470865
-0.02212621457874775
-0.0048169344663619995
0.07693332433700562
0.04508044943213463
-0.04600654914975166
-0.08167344331741333
0.05856156349182129
-0.0356796570122242
-0.005240100435912609
-0.10892485827207565
0.08656864613294601
0.07388396561145782
-0.01787666231393814
-0.04605717957019806
0.0925309956073761
0.035444315522909164
-0.06348102539777756
0.03129997476935387
0.09901601076126099
-0.023734742775559425
0.021996544674038887
0.0036516154650598764
-0.03471862152218819
0.04525771364569664
-0.01967727765440941
-0.0966998040676117
-0.03324238210916519
-0.07680350542068481
0.004183144308626652
0.08147749304771423
0.06436029821634293
0.07032960653305054
0.0004215734079480171
-0.06380823999643326
0.004133972339332104
0.07329214364290237
0.007130287121981382
0.026440149173140526
-6.495641458005831e-33
0.06976063549518585
0.05471194162964821
0.03272181376814842
-0.06041642278432846
0.01978447660803795
-0.011260674335062504
0.03823146969079971
0.03734338656067848
0.04911968484520912
-0.026803772896528244
0.05918087810277939
-0.04956863448023796
-0.020487677305936813
0.07353010028600693
-0.03454003483057022
0.03053888864815235
0.05114786699414253
-0.03127295523881912
-0.06488647311925888
0.06057271733880043
-0.0364619679749012
0.056812237948179245
-0.004830420482903719
0.0012627567630261183
0.010261757299304008
0.02892589196562767
-0.16476036608219147
-0.008605013601481915
-0.0020514882635325193
0.051943857222795486
0.08419698476791382
0.0070986682549119
0.04861431196331978
0.08211862295866013
-0.07470743358135223
-0.06572195142507553
0.04546405375003815
-0.03329138085246086
-0.03509371355175972
0.06472743302583694
0.021587703377008438
-0.0028388446662575006
0.019327523186802864
0.026387786492705345
0.004364098887890577
-0.037979159504175186
-0.025730084627866745
-0.01023405697196722
-0.042742591351270676
-0.004294718150049448
0.008592667058110237
0.036079153418540955
-0.030828149989247322
0.024637801572680473
-0.0803699940443039
0.027251586318016052
0.08407720178365707
-0.03922196105122566
-0.037566281855106354
-0.09939128905534744
0.00987173430621624
-0.0010692088399082422
0.021815219894051552
0.03738510608673096
0.09816648066043854
-0.09184397011995316
-0.043851546943187714
-0.05725700780749321
0.015003489330410957
-0.005692212376743555
-0.03024246357381344
-0.037215154618024826
0.0748635083436966
-0.03739219531416893
-0.013439561240375042
-0.007797712460160255
-0.0012519198935478926
-0.09303249418735504
-0.0011565382592380047
-0.03704782575368881
-0.028735624626278877
-0.024313781410455704
0.04810040816664696
-0.04532599449157715
-0.029327942058444023
0.00021219604241196066
-0.02157442830502987
-0.031078536063432693
0.010944490320980549
-0.0451500378549099
-0.04563603177666664
0.029815087094902992
-0.05918925255537033
-0.018684184178709984
0.025036653503775597
2.8903973452979985e-33
0.010345780290663242
0.07326354831457138
0.020047593861818314
-0.0387922003865242
-0.030903305858373642
0.016503766179084778
-0.02391400933265686
0.11839037388563156
-0.10164876282215118
0.03419403359293938
0.037805162370204926
0.005705672781914473
-0.029195930808782578
0.015276498161256313
0.07225009799003601
0.04752819240093231
0.043292488902807236
-0.006372846197336912
-0.003120702924206853
0.035038817673921585
-0.029666593298316002
-0.01936367154121399
0.034012891352176666
-0.02737562172114849
0.023140981793403625
0.06833347678184509
0.04583696648478508
-0.04289059340953827
-0.0214517954736948
-0.009465601295232773
0.01351241022348404
-0.06748131662607193
0.03964080289006233
-0.02146882563829422
0.005175729747861624
-0.025122854858636856
-0.024274395778775215
-0.15617245435714722
0.014858976006507874
0.013758409768342972
0.031541891396045685
-0.00971587561070919
0.06196316331624985
0.016035733744502068
-0.015889441594481468
-0.04939306527376175
0.05021701380610466
0.09786853194236755
0.021525414660573006
-0.05709557235240936
-0.05464337021112442
0.04014917090535164
0.06590156257152557
0.08011716604232788
-0.03522495925426483
0.015058876015245914
-0.04437756538391113
0.03830978274345398
0.04282047599554062
0.064921535551548
-0.02013855054974556
0.08062300086021423
-0.10004042834043503
-0.013388446532189846
0.058677688241004944
0.10938483476638794
-0.03951548784971237
0.027547970414161682
-0.01671452447772026
0.03415083512663841
-0.05904090777039528
0.06764843314886093
-0.006720624398440123
-0.04926927387714386
0.004911139607429504
-0.008861249312758446
0.033149320632219315
-0.032642826437950134
0.019781261682510376
0.10205130279064178
-0.07058046013116837
0.030187731608748436
-0.023857880383729935
-0.0013868034584447742
0.0454394593834877
-0.07990232855081558
-0.08692308515310287
0.01765201799571514
0.08821786940097809
-0.06531596183776855
-0.022379742935299873
0.052629679441452026
-0.07015680521726608
-0.009232895448803902
0.00024012576614040881
-1.444715991283374e-08
0.007304346188902855
-0.0739966630935669
-0.04467644542455673
-0.061984218657016754
0.05766674503684044
-0.07840043306350708
-0.00395404314622283
-0.11964116990566254
-0.040941011160612106
0.02603103034198284
0.051752448081970215
0.039747949689626694
-0.011908707208931446
0.06023046746850014
0.020616522058844566
0.04811849445104599
0.006699103396385908
0.01817832887172699
-0.017267005518078804
0.004363793879747391
-0.046738602221012115
-0.026768557727336884
-0.008913685567677021
-0.017167622223496437
-0.06583945453166962
-0.015456351451575756
-0.05246144160628319
0.04443417116999626
0.03370632976293564
0.12495605647563934
-0.003327092854306102
0.019032223150134087
0.06838364899158478
0.058131907135248184
0.03317282721400261
-0.04439986124634743
-0.036468256264925
0.03638053312897682
0.015803730115294456
-0.05480540543794632
0.12529794871807098
-0.0031828773207962513
-0.030846286565065384
0.033117253333330154
0.04634179174900055
-0.01397445984184742
-0.0626775398850441
-0.03282150253653526
0.004792181774973869
-0.008403141982853413
-0.012631958350539207
0.030075086280703545
-0.030410554260015488
0.03022690676152706
-0.08979921042919159
-0.08579797297716141
0.039174214005470276
-0.010774488560855389
-0.043441448360681534
-0.007855689153075218
0.08229555934667587
-0.014424759894609451
0.03905120864510536
0.008967498317360878
