-0.036490652710199356
0.0008976824465207756
0.0209164060652256
0.008774716407060623
0.0017278955783694983
0.06269153207540512
-0.00943041779100895
0.07989814877510071
0.07013466954231262
0.05393452197313309
-0.051236338913440704
0.009170030243694782
0.0030495421960949898
0.028700800612568855
0.030338997021317482
-0.026701685041189194
-0.0677332729101181
-0.05974780395627022
0.0911146029829979
-0.035275738686323166
0.05319224298000336
0.08925613760948181
0.02674999088048935
-0.011538242921233177
-0.0411435104906559
0.043498408049345016
0.0160323865711689
-0.026561744511127472
0.07770520448684692
0.031222935765981674
-0.03907477483153343
-0.032746195793151855
-0.008467772975564003
-0.020369525998830795
-0.03343838453292847
0.06580335646867752
0.03651206195354462
0.07196033746004105
-0.004729686304926872
0.08331386744976044
0.03755392134189606
0.040184639394283295
0.007131363730877638
-0.07159654796123505
-0.015463287010788918
0.02774069271981716
-0.06582501530647278
0.021567463874816895
0.08210351318120956
-0.02797432243824005
-0.04507366567850113
-0.06655136495828629
-0.03004799783229828
0.04925147444009781
-0.0966426432132721
-0.007029925473034382
0.005658213049173355
-0.08475719392299652
-0.08586565405130386
-0.012035689316689968
0.017891045659780502
-0.014270756393671036
0.006655996199697256
0.04900169000029564
0.02397990971803665
-0.003934196196496487
-0.025649776682257652
-0.0026647811755537987
-0.07809938490390778
-0.026398759335279465
0.020822253078222275
0.04048994556069374
-0.03517553210258484
-0.022579602897167206
-0.013838347978889942
-0.08428367227315903
0.018016574904322624
-0.018819984048604965
0.10943509638309479
0.09092133492231369
0.05816533416509628
0.020102035254240036
0.03398199379444122
0.03417911380529404
-0.036384161561727524
0.03459649905562401
0.027615416795015335
-0.032508399337530136
0.005777708254754543
-0.005452999845147133
-0.08548182994127274
-0.09037899971008301
-0.10992313176393509
0.04023903235793114
-0.10630954802036285
-0.011105800047516823
0.032112006098032
-0.03596951812505722
0.011018160730600357
0.002136601135134697
0.019231531769037247
-0.060854773968458176
-0.020073797553777695
-0.008042382076382637
0.07698453962802887
-0.009348518215119839
0.0073298304341733456
-0.005660898983478546
-0.038412850350141525
0.01615862362086773
-0.028203533962368965
-0.03426404297351837
-0.00010828311496879905
0.05035283416509628
0.0567941777408123
-0.020158322528004646
-0.17753177881240845
-0.043267618864774704
-0.027163231745362282
-0.0157276913523674
0.01348836813122034
0.0009305202402174473
-0.02257089503109455
0.04933803156018257
0.06650201976299286
-0.010554883629083633
0.04279288277029991
-7.079428686822643e-33
0.009769003838300705
-0.017705166712403297
-0.03234909474849701
-0.03446843475103378
0.0030021953862160444
0.020774437114596367
0.0351242832839489
0.05973001942038536
-0.11623568087816238
0.05497414991259575
0.03840308636426926
0.0475691519677639
-0.07359933108091354
-0.02963312901556492
-0.013971873559057713
0.01298418827354908
0.032094430178403854
0.020145805552601814
0.04690375179052353
0.05790303647518158
0.06207486242055893
0.004147570114582777
0.02168438211083412
0.04835585132241249
-0.032235246151685715
-0.011344593949615955
-0.07271944731473923
-0.07480200380086899
-0.07504893839359283
-0.0259572621434927
0.04920037463307381
-0.033344440162181854
0.027643242850899696
0.014423125423491001
0.01347102876752615
-0.08070671558380127
0.00811473373323679
-0.048938099294900894
0.020688796415925026
-0.03866291046142578
0.04738403856754303
-0.016700662672519684
0.03587855398654938
-0.05663550645112991
-0.026832226663827896
-0.0321166031062603
-0.12769834697246552
-0.02807142399251461
-0.04182605817914009
-0.028020352125167847
0.12172787636518478
0.06613003462553024
0.026134084910154343
-0.006999480538070202
-0.029423566535115242
-0.008286445401608944
0.00038319043233059347
0.016567852348089218
-0.003523576306179166
0.06819979846477509
-0.06005855277180672
-3.417855259613134e-05
0.04137794300913811
-0.05453386902809143
0.071399986743927
-0.014089747332036495
-0.05336685851216316
-0.018229467794299126
-0.0642811581492424
0.055263273417949677
0.04965144023299217
-0.044140711426734924
-0.008873756043612957
0.00890587829053402
-0.03630705177783966
0.057371195405721664
0.04614262282848358
0.0106826052069664
0.050429679453372955
0.023173488676548004
0.0431918129324913
0.03569605574011803
0.06751854717731476
0.04944732412695885
-0.0722748190164566
-0.0004167542210780084
0.024281417950987816
-0.031736113131046295
0.02708425745368004
0.019725752994418144
-0.04627997428178787
-0.020152313634753227
0.010614121332764626
-0.0004263860755600035
0.04456738010048866
2.8661783045802208e-33
0.0571364089846611
0.005910606123507023
0.052952080965042114
-0.04478367418050766
-0.08316852897405624
0.11416712403297424
-0.010453437454998493
0.08922900259494781
-0.03368047997355461
0.010805897414684296
0.01351291872560978
0.09624997526407242
0.07814482599496841
0.000341687846230343
0.004953361116349697
0.01315387524664402
0.006711956113576889
0.06698012351989746
-0.008754451759159565
-0.029735982418060303
-0.03700827434659004
0.04913181811571121
-0.028965875506401062
-0.032910801470279694
-0.006212088745087385
0.03136901557445526
-0.04189816862344742
0.006972496397793293
-0.040293265134096146
-0.0936775803565979
-0.042642395943403244
-0.03079868294298649
0.0074203466065227985
-0.0695340558886528
-0.04446132108569145
0.020234165713191032
-0.046673864126205444
-0.1691533923149109
-0.019531888887286186
0.011212143115699291
0.051532283425331116
-0.050060026347637177
0.03587974235415459
0.022704467177391052
0.12321971356868744
0.019601495936512947
-0.02112087607383728
-0.04625457897782326
0.11452002823352814
0.028965149074792862
-0.053961578756570816
0.0006452774978242815
0.02253921702504158
0.023383786901831627
0.023689161986112595
0.007173807360231876
-0.0700756311416626
0.012151484377682209
0.03426682949066162
-0.10052033513784409
0.034237366169691086
-0.044096484780311584
-0.010336915031075478
0.005498014856129885
-0.0296624843031168
-0.08452753722667694
0.0654132291674614
0.020821746438741684
0.0876125916838646
-0.05269153043627739
0.0500342883169651
0.03097275085747242
0.04975372180342674
-0.0825079008936882
0.05934437736868858
0.08207275718450546
0.011589988134801388
-0.10175615549087524
-0.017192702740430832
0.0675249770283699
-0.06067713722586632
0.06657536327838898
-0.10687471926212311
0.028872104361653328
0.07128606736660004
-0.04563773423433304
0.012801175005733967
0.024973267689347267
0.01351315900683403
0.017426490783691406
-0.05582106485962868
0.11283142864704132
-0.053306229412555695
-0.01000797376036644
0.033457376062870026
-1.9562023112484894e-08
-0.038659900426864624
-0.004028776660561562
-0.0012687824200838804
0.04278045520186424
0.03537120670080185
0.01437629759311676
-0.03609491139650345
-0.12538595497608185
-0.06072916090488434
0.022891061380505562
0.05135277286171913
0.027784567326307297
-0.026113616302609444
0.030260417610406876
-0.1000126451253891
0.04050343483686447
-0.0333939753472805
0.011431975290179253
0.04565808176994324
-0.030340110883116722
-0.025392964482307434
0.006031638476997614
0.05594487115740776
-0.044512469321489334
-0.055350162088871
-0.07021430134773254
-0.02326049469411373
0.014522419311106205
-0.0499931275844574
0.052128907293081284
-0.1449182778596878
0.029186595231294632
0.01718582585453987
0.03697684779763222
0.015124964527785778
-0.055255159735679626
0.041705649346113205
0.07435101270675659
0.001693466678261757
-0.028686026111245155
0.10329741984605789
0.1011466532945633
-0.013649385422468185
-0.015114996582269669
-0.09091885387897491
0.14332769811153412
0.056990846991539
0.0014722016640007496
-0.004106700886040926
0.025630304589867592
-0.15696178376674652
-0.001886410522274673
-0.013477637432515621
-0.009943864308297634
-0.018494442105293274
0.08508382737636566
-0.03644121065735817
-0.06733955442905426
-0.011053215712308884
0.01846669428050518
-0.090509332716465
-0.03234932944178581
-0.004029352217912674
0.03813228756189346
