0.027602341026067734
0.032679952681064606
0.014944655820727348
0.023778188973665237
-0.12149960547685623
0.031604766845703125
0.021275337785482407
-0.027435585856437683
0.035406071692705154
0.006295961327850819
0.034828245639801025
-0.043056000024080276
0.02059277705848217
0.05173073336482048
0.008062077686190605
-0.025725601240992546
-0.031126687303185463
0.01538444310426712
0.0022757670376449823
-0.1191064789891243
0.01558957900851965
0.10623665153980255
0.025687966495752335
-0.04070603847503662
-0.044376060366630554
0.026396701112389565
0.028776545077562332
-0.09656791388988495
0.045660872012376785
-0.043003883212804794
-0.04257854446768761
-0.02989434078335762
-0.0719338208436966
-0.036486729979515076
-0.0027106530033051968
-0.012369749136269093
0.024319147691130638
0.03438831493258476
0.09708303958177567
0.07240712642669678
0.03366325795650482
0.03550565615296364
-0.01651890017092228
-0.053028643131256104
-0.013079109601676464
0.03059377335011959
-0.14501281082630157
-0.064094677567482
0.01524206530302763
-0.02084110677242279
-0.04522234573960304
-0.06734529882669449
0.030133990570902824
0.06825374811887741
-0.1454956978559494
-0.04222708195447922
-0.008874836377799511
0.010695119388401508
-0.057139113545417786
0.01903180032968521
0.026265980675816536
-0.03544136881828308
0.07024185359477997
0.016164951026439667
-0.010358036495745182
-0.012657337822020054
0.021996228024363518
-0.00031953820143826306
-0.046645257622003555
-0.03031878173351288
0.03119478188455105
-0.04702905938029289
-0.009013325907289982
-0.0796593725681305
-0.007115770597010851
-0.09463127702474594
0.0749385803937912
-0.032230716198682785
0.06950189918279648
0.07873468846082687
0.029308274388313293
0.06757310032844543
-0.05715233460068703
0.013420939445495605
-0.01085356343537569
-0.02463294193148613
0.0293886661529541
-0.026085522025823593
-0.06243475526571274
0.0017123554134741426
-0.10290893167257309
-0.07883217930793762
-0.02308562584221363
-0.03168969228863716
0.01618555188179016
-0.04158463329076767
0.022608483210206032
-0.06423724442720413
-0.01879030279815197
0.0449528805911541
-0.011282366700470448
-0.010223301127552986
-0.05140870064496994
-0.06040791794657707
0.07931987196207047
0.012419548816978931
-0.0004913799930363894
0.016133762896060944
0.03683003410696983
-0.051647383719682693
-0.030525516718626022
0.029989510774612427
0.05544882267713547
-0.010245087556540966
0.05189206078648567
0.015549544245004654
-0.06655676662921906
-0.01159976888448
-0.017056558281183243
-0.04013175144791603
-0.023364398628473282
-0.051900770515203476
-0.029833290725946426
0.05904732272028923
0.02731294371187687
-0.04147489368915558
0.03385845571756363
-5.703381040754657e-33
-0.014690115116536617
-0.004733735229820013
-0.04671008139848709
-0.05311720445752144
0.027109196409583092
0.0443573035299778
0.07211379706859589
-0.006740046199411154
-0.07804688811302185
-0.0029101299587637186
-0.01585654355585575
-0.10093798488378525
-0.05127560719847679
0.06559969484806061
0.029798109084367752
-0.018155138939619064
-0.0006976395379751921
0.04675271362066269
0.07501162588596344
-0.049798138439655304
0.059735506772994995
0.09096754342317581
0.049242403358221054
-0.02065885439515114
-0.046767350286245346
0.03348962217569351
-0.06538727134466171
-0.08380521833896637
-0.07536613196134567
0.018425753340125084
0.05213967710733414
0.0276726596057415
-0.038226835429668427
-0.05901603400707245
-0.035698313266038895
-0.08669890463352203
-0.008880287408828735
-0.036451734602451324
-0.04837677627801895
0.014649864286184311
0.0028369163628667593
-0.018053309991955757
-0.012089826166629791
0.03902445733547211
-0.08163401484489441
-0.030757170170545578
-0.05417430028319359
-0.06818085163831711
0.015242553316056728
-0.04735837131738663
0.03454801067709923
0.04084472358226776
0.09268583357334137
0.007962498813867569
-0.07541849464178085
0.009797293692827225
0.059098150581121445
-0.03778817877173424
0.018432093784213066
0.08811886608600616
0.041389018297195435
-0.0016703170258551836
-0.013823234476149082
-0.027487339451909065
0.07117477059364319
-0.04584088921546936
-0.11409587413072586
-0.0646161213517189
-0.05747959762811661
0.0001603074197191745
-0.046239711344242096
-0.010863170027732849
0.019978437572717667
-0.04490451142191887
-0.06184821203351021
-0.014147966168820858
0.05348026379942894
-0.011701153591275215
0.029781753197312355
-0.033728089183568954
0.014728130772709846
0.07546019554138184
0.05393550917506218
0.025699762627482414
0.016717158257961273
0.011312260292470455
0.0002764989039860666
-0.05954334884881973
0.0575423501431942
0.06006144359707832
-0.08877918869256973
-0.0018593105487525463
0.0015333720948547125
-0.10116904973983765
0.123497873544693
1.307563161518087e-33
0.0464772991836071
0.10017330944538116
-0.007944240234792233
0.02847348339855671
0.0011425315169617534
0.03934331238269806
0.03580086678266525
0.20913924276828766
-0.027190107852220535
0.01324195135384798
-0.01579584926366806
0.03913106769323349
0.07790588587522507
0.016916882246732712
0.02732871100306511
0.07569827884435654
0.029931126162409782
0.031218061223626137
0.03315410017967224
-0.0014855829067528248
-0.0541965588927269
-0.004643250722438097
-0.021206947043538094
0.037956733256578445
0.007317136973142624
0.07250381261110306
-0.03558555617928505
0.018587131053209305
-0.06268924474716187
-0.08379006385803223
0.004159450996667147
0.028014741837978363
-0.007543809711933136
-0.005845681298524141
-0.08256005495786667
0.022583914920687675
-0.02503351680934429
-0.07895629853010178
-0.09732227772474289
0.024805840104818344
0.031057914718985558
-0.018439438194036484
-0.01515896525233984
0.1140197142958641
0.06816268712282181
0.07335231453180313
-0.0030760769732296467
-0.04734664782881737
0.042254187166690826
0.10165595263242722
0.022989019751548767
0.025267593562602997
0.021399272605776787
-0.020095961168408394
-0.0008450250024907291
-0.019681135192513466
-0.06482907384634018
0.041603442281484604
0.008144238032400608
-0.018140345811843872
0.0019355167169123888
0.014641212299466133
0.0014381265500560403
-0.023377614095807076
-0.015600429847836494
-0.05595611780881882
0.03417181968688965
-0.016987865790724754
0.10867895931005478
-0.07586555927991867
0.05178125202655792
0.050060492008924484
0.01718505471944809
-0.07021065801382065
0.07596764713525772
0.12866412103176117
-0.0855412483215332
-0.1180773451924324
0.023315394297242165
0.033354636281728745
-0.07716166228055954
0.018401013687253
0.004968501161783934
0.03798598423600197
0.06886371970176697
-0.022453781217336655
-0.06054214388132095
0.01319919340312481
-0.011640738695859909
-0.046600766479969025
-0.0031377130653709173
0.08087777346372604
0.005303298123180866
-0.010426598601043224
0.08655516803264618
-1.8442767313331387e-08
-0.011732682585716248
-0.03195793554186821
-0.0484720878303051
0.03458692505955696
0.03307512402534485
-0.03536349907517433
-0.011328112334012985
-0.05462811142206192
-0.003309383988380432
-0.0374598428606987
0.010000508278608322
-0.07203958183526993
-0.06910063326358795
0.04407037794589996
-0.047000035643577576
0.020630862563848495
-0.038298893719911575
0.11951296776533127
0.06752745062112808
0.015009053982794285
-0.03276297450065613
0.005763446446508169
0.055861614644527435
0.011023222468793392
-0.05223021283745766
-0.03290168568491936
-0.05796552449464798
0.10662708431482315
-0.1097661629319191
0.016212331131100655
0.027229472994804382
0.037753500044345856
-0.03713396564126015
0.049306198954582214
0.03950643166899681
-0.031559426337480545
-0.03810027241706848
-0.032013267278671265
0.015718672424554825
-0.024396169930696487
0.04655911400914192
0.10448089241981506
-0.07357542961835861
0.042909927666187286
-0.000751358806155622
0.06842712312936783
0.06803330779075623
-0.06647546589374542
0.023741254583001137
-0.011228181421756744
-0.06801909953355789
0.01682480238378048
0.00906738918274641
0.014802282676100731
0.05809459835290909
0.015332489274442196
-0.026989169418811798
-0.060537032783031464
-0.08927647769451141
0.057188730686903
-0.016444247215986252
0.04360140115022659
0.05236322805285454
-0.01744239777326584
