-0.009578523226082325
-0.03594261035323143
0.019329890608787537
0.055950380861759186
-0.048922739923000336
0.034943852573633194
-0.004402271006256342
0.04836204648017883
0.0777285173535347
0.06081433594226837
-0.08703318238258362
0.05360863357782364
0.0371410995721817
0.04306323826313019
-0.010221379809081554
-0.03684753179550171
-0.0517546683549881
-0.04800622910261154
0.04551912844181061
-0.03709238022565842
-0.029565881937742233
0.03833236172795296
-0.01689555123448372
1.8880553398048505e-05
-0.005271651782095432
-0.0092963557690382
0.005364507436752319
-0.027417819947004318
-0.029562201350927353
-0.013619755394756794
-0.07349268347024918
-0.03543560579419136
-0.03872732073068619
0.05549018085002899
0.00894858781248331
-0.011103506200015545
0.01968449167907238
0.009347540326416492
0.05391089990735054
0.013129722326993942
0.037141103297472
0.039440616965293884
0.04196157306432724
-0.10933225601911545
-0.008185293525457382
-0.026016993448138237
-0.0801386833190918
-0.006280160509049892
0.03236844018101692
0.006943940185010433
-0.08962107449769974
0.07078145444393158
-0.059399981051683426
0.0682319775223732
-0.0809798538684845
0.039172183722257614
-0.0009281394304707646
-0.0809723362326622
-0.036574117839336395
-0.03879229351878166
0.010253522545099258
0.021518554538488388
0.08724295347929001
0.02078297920525074
0.02877543494105339
0.043806709349155426
-0.04881370812654495
-0.07333210855722427
-0.048552680760622025
0.009729016572237015
-0.0025981988292187452
0.07526179403066635
0.01901051215827465
-0.06072771176695824
-0.07282338291406631
-0.14059346914291382
0.030132288113236427
-0.055385906249284744
0.1074121966958046
0.0736658051609993
-0.018793094903230667
0.07939159870147705
0.08808834850788116
0.049214739352464676
-0.02119041420519352
0.006258182227611542
0.013310263864696026
0.004899292252957821
-0.08371783047914505
-0.05078015848994255
0.009095174260437489
-0.016402769833803177
-0.05823950842022896
0.06439623981714249
-0.12521892786026
0.056926775723695755
0.07406653463840485
0.00859171524643898
0.004674816969782114
0.023741155862808228
0.03298299387097359
-0.017316801473498344
0.01968328282237053
0.024043448269367218
0.009894107468426228
-0.04383453354239464
0.02327665686607361
0.011257042177021503
-0.07533392310142517
-0.0224723182618618
-0.05596961826086044
0.028253719210624695
-0.11076237261295319
0.007749510928988457
-0.07717432081699371
0.016605423763394356
-0.13265153765678406
-0.10286787897348404
-0.04418420046567917
-0.013544737361371517
0.010291459038853645
0.07585425674915314
-0.07170353084802628
0.10871981829404831
0.06370161473751068
-0.003963020630180836
0.07301898300647736
-8.347634277094284e-33
-0.016431691125035286
-0.048702239990234375
0.031285930424928665
-0.11782383918762207
0.1085667610168457
-0.004547139164060354
0.07444216310977936
0.11812890321016312
-0.007870673201978207
-0.010526970028877258
0.029884442687034607
0.02831302583217621
-0.03938532620668411
-0.06936796009540558
0.05738341435790062
0.01901758834719658
-0.02425548806786537
-0.03878870978951454
0.043493352830410004
0.05401703715324402
0.055804699659347534
-0.029046110808849335
0.05813193693757057
0.05916754901409149
-0.013503869995474815
0.022278781980276108
-0.020658979192376137
0.008616955019533634
-0.046810586005449295
0.003349603619426489
0.03486444428563118
-0.047011684626340866
-0.03713732957839966
-0.022240323945879936
0.035958703607320786
-0.05025528371334076
-0.04674961045384407
-0.008903484791517258
0.04914386570453644
0.03549429774284363
0.1049039363861084
-0.0035891514271497726
0.040711693465709686
-0.03999970480799675
0.025587208569049835
0.036749210208654404
-0.04666518792510033
0.0007386499200947583
-0.03381151705980301
-0.006352037191390991
0.06387845426797867
0.03130832687020302
0.07152588665485382
0.007024868857115507
0.03578946366906166
-0.07308750599622726
0.0066433316096663475
-0.017276493832468987
0.06453101336956024
0.020484892651438713
-0.010236949659883976
-0.10533610731363297
0.06727297604084015
-0.08984873443841934
0.026239633560180664
-0.0349268838763237
-0.10015907883644104
-0.014441940002143383
-0.023938320577144623
-0.012693536467850208
0.0855352133512497
0.010157167911529541
0.06534259021282196
-0.02240554802119732
-0.011650985106825829
-0.003640267299488187
-0.03153861314058304
-0.062002431601285934
0.020398713648319244
-0.04148876294493675
0.0802965760231018
0.038627639412879944
0.02782772295176983
0.07104413211345673
-0.08106720447540283
-0.05346846207976341
0.007660806644707918
0.04230434447526932
-0.044771790504455566
-0.012237691320478916
0.011576269753277302
-0.026381582021713257
0.001704445923678577
-0.052747562527656555
0.06472000479698181
3.3309799748258845e-33
0.02826712280511856
-0.013399722054600716
0.012251202017068863
-0.04109487310051918
-0.07221008837223053
0.034157611429691315
-0.020517224445939064
0.04045237600803375
-0.0263786893337965
0.03870835527777672
-0.018668171018362045
0.05257250368595123
0.034925177693367004
-0.012297485023736954
0.019572176039218903
0.06250963360071182
-0.038537222892045975
0.08766167610883713
0.0004310125077608973
-0.01619182713329792
-0.027933768928050995
0.06937550008296967
0.04237968102097511
0.031087156385183334
0.043894387781620026
0.005961819551885128
0.013504301197826862
-0.012532955035567284
-0.0030933006200939417
-0.030081413686275482
-0.028102075681090355
0.022710129618644714
-0.0026974070351570845
-0.03736131638288498
-0.0679406002163887
0.0436883419752121
0.012858041562139988
-0.13934792578220367
-0.062028441578149796
0.014248835854232311
0.09288590401411057
-0.07016049325466156
-0.000616528675891459
0.022379141300916672
0.12252293527126312
-0.010443557985126972
-0.025597190484404564
0.020606311038136482
0.11065360903739929
0.006096366792917252
0.019816074520349503
-0.04450114071369171
0.03328852355480194
-0.005442013964056969
0.03723279386758804
0.06369377672672272
-0.10321813076734543
-0.04060681164264679
-0.03613880276679993
0.0024708795826882124
-0.0029253936372697353
0.0310456994920969
0.06075344979763031
0.010407385416328907
-0.08820221573114395
-0.10868071019649506
-0.0015696908812969923
-0.049048349261283875
0.05254694074392319
0.04578692838549614
-0.014358915388584137
0.03213275596499443
0.008739293552935123
-0.03945697098970413
0.0855141207575798
0.07912038266658783
0.05663859099149704
0.060670413076877594
-0.01891091652214527
0.025944100692868233
-0.10873836278915405
-0.0031283600255846977
-0.02102954126894474
-0.03891990706324577
0.04847458750009537
-0.12216141819953918
0.01307991798967123
-0.0021278371568769217
-0.07078075408935547
-0.008426545187830925
-0.032813992351293564
0.00940028391778469
-0.06359437108039856
0.02863054722547531
0.005820946767926216
-1.8964678716315575e-08
-0.016093263402581215
-0.0017276190919801593
-0.03135773912072182
0.0008293601567856967
0.03339438512921333
-0.017873063683509827
0.05120164528489113
-0.13305605947971344
0.032253459095954895
0.030005047097802162
0.04606755077838898
-0.010180486366152763
-0.023142945021390915
0.0017368830740451813
-0.059070926159620285
0.06606466323137283
-0.04934675619006157
0.02592276781797409
0.05060353875160217
0.016562722623348236
0.006652450188994408
-0.04636843875050545
-0.030653493478894234
-0.015510708093643188
0.033291008323431015
-0.048485372215509415
0.048063188791275024
-0.004159340634942055
0.006781690753996372
0.05310538411140442
-0.1279289573431015
-0.019738391041755676
0.09349870681762695
0.024957822635769844
0.09931731969118118
-0.07084430009126663
0.039561182260513306
-0.013397478498518467
-0.037828899919986725
-0.047830671072006226
0.03487241640686989
0.08814695477485657
-0.03804092854261398
-0.03611030429601669
0.032047346234321594
0.07231142371892929
-0.022030983120203018
0.017143866047263145
0.01710190251469612
-0.03131692111492157
-0.12781685590744019
-0.03040216863155365
-0.05753304436802864
0.00040893087862059474
-0.05428695306181908
0.1056135818362236
0.02876022458076477
-0.053793374449014664
-0.03935256600379944
0.008225375786423683
-0.02491793967783451
0.057060692459344864
-0.07228099554777145
0.0306097362190485
