0.007496864069253206
-0.054184067994356155
-0.046265747398138046
0.10450565069913864
-0.006987191271036863
0.07907626777887344
0.0116581404581666
0.006948587950319052
0.06397926807403564
0.011287624016404152
-0.06672749668359756
0.03225820139050484
0.022371748462319374
0.040407534688711166
-0.07558450847864151
0.0016941350186243653
0.001521896687336266
-0.0852547287940979
0.07293328642845154
-0.013208925724029541
-0.0683620423078537
0.07315517961978912
0.045568015426397324
-0.05933286249637604
-0.02758191153407097
-0.04348957538604736
-0.020960988476872444
-0.08692198246717453
0.018036022782325745
-0.09369576722383499
0.0008737249299883842
-0.052616700530052185
-0.045330919325351715
0.02520735375583172
0.11999323964118958
-0.053311459720134735
-0.0320805087685585
0.011020014993846416
0.027470069006085396
-0.009701290167868137
0.036828212440013885
0.06824373453855515
-0.02373611368238926
-0.05141937732696533
-0.008653892204165459
0.02932874485850334
0.012642916291952133
-0.0375957228243351
0.060945793986320496
-0.0005869365995749831
0.03253309801220894
0.048129912465810776
-0.060224972665309906
0.06433834880590439
-0.028514843434095383
-0.03053533285856247
-0.015869105234742165
-0.0344286672770977
0.045054685324430466
-0.052370332181453705
0.028004087507724762
0.1310475617647171
0.1274847537279129
-0.015263866633176804
0.03680282086133957
0.007170177064836025
-0.011503949761390686
-0.00018006352183874696
-0.009542051702737808
0.03463907912373543
0.012544592842459679
0.08135192841291428
-0.004662696737796068
-0.050075430423021317
-0.0685669332742691
-0.07955574989318848
0.07402905821800232
0.008371937088668346
0.11056786775588989
0.07389838248491287
-0.07513553649187088
0.02862224355340004
0.052309099584817886
0.06672853976488113
0.024095451459288597
-0.03932759538292885
-0.05240493640303612
0.02790437638759613
-0.09773655980825424
-0.06851157546043396
0.057435132563114166
0.017382925376296043
0.03884729743003845
0.01640855334699154
0.026934616267681122
0.01683245413005352
-0.05778610706329346
-0.028672099113464355
0.04098580777645111
0.04675901308655739
-0.04598059132695198
0.02491571009159088
0.03233709558844566
0.036096420139074326
0.006791786290705204
-0.03291698917746544
0.021539635956287384
0.04423078894615173
-0.03123868629336357
-0.01776927150785923
-0.08751466125249863
-0.03148195147514343
-0.04368886724114418
0.054902952164411545
0.045626502484083176
-0.01992773450911045
-0.0348304882645607
-0.027752909809350967
0.025449922308325768
-0.049967143684625626
0.005341148469597101
0.006710718851536512
-0.06517224758863449
0.023863205686211586
-0.021087294444441795
-0.024228285998106003
-0.001018826151266694
-6.48663937533044e-33
0.030729299411177635
-0.0794423371553421
-0.043219298124313354
-0.07715363800525665
0.08597461879253387
0.02632800303399563
-0.006826913915574551
0.08077701926231384
-0.0502479188144207
0.01934247650206089
0.0016764630563557148
-0.03231852501630783
0.039617039263248444
-0.0037103246431797743
0.012831523083150387
-0.011363564990460873
0.0060280691832304
-0.050176337361335754
0.015230064280331135
0.012884213589131832
-0.00010224542347714305
0.05143304541707039
0.06461118906736374
0.003034951165318489
0.016661275178194046
-0.04611381143331528
-0.038353078067302704
-0.01938159205019474
-0.07970232516527176
-0.013884109444916248
-0.06723561882972717
-0.05846220627427101
-0.040588971227407455
-0.05968670919537544
-0.01321832649409771
-0.03710434213280678
0.03063938207924366
-0.0027266251854598522
-0.0993213802576065
0.059346724301576614
0.0943140909075737
-0.01937192492187023
0.008269843645393848
0.03526647388935089
0.037069909274578094
0.055569276213645935
-0.03595518320798874
0.021505635231733322
-0.012145177461206913
-0.007177406456321478
0.0026118624955415726
-0.08713136613368988
0.04299372807145119
-0.06313532590866089
-0.04445367678999901
-0.02435801923274994
-0.005561404395848513
-0.04028323292732239
0.0644209161400795
0.1093604564666748
0.06036753207445145
-0.10228811204433441
0.02625611424446106
-0.08582714945077896
0.04544886574149132
-0.13647836446762085
-0.05013156682252884
-0.02354937605559826
-0.018983082845807076
-0.06849341839551926
0.00813978910446167
0.03554188832640648
0.035466115921735764
-0.04015909135341644
0.06195976585149765
-0.03451103717088699
-0.04313383251428604
0.04388006776571274
0.013082696124911308
-0.05073389783501625
0.05057673901319504
-0.0310798529535532
0.012992475181818008
-0.0032643338199704885
-0.011128528974950314
-0.009146211668848991
-0.024815497919917107
0.09091783314943314
-0.0049011497758328915
-0.012504450976848602
-0.006458069197833538
-0.03834634646773338
0.02021583542227745
-0.04191281646490097
0.04420515522360802
2.669815095682227e-33
-0.03745995834469795
-0.015855981037020683
0.013921309262514114
0.027314387261867523
-0.005573765840381384
0.01166696660220623
-0.01936136744916439
-0.016590580344200134
-0.10349742323160172
0.05825994536280632
0.06886980682611465
0.025276314467191696
0.05425950139760971
-0.018239127472043037
0.06346961855888367
0.05634218081831932
-0.046164724975824356
0.04633636400103569
0.0021587051451206207
0.0267634280025959
-0.051732487976551056
0.039460714906454086
0.010692874900996685
-0.01067366823554039
0.0011691153049468994
0.0586254857480526
0.002270451281219721
0.019042562693357468
-0.015928618609905243
-0.015744782984256744
-0.016906416043639183
0.016017815098166466
-0.04720548167824745
0.0035348671954125166
-0.02703802101314068
0.03616572916507721
0.00025432894472032785
-0.04768429324030876
-0.05739866569638252
0.016858313232660294
0.16081582009792328
-0.07023946940898895
-0.1100836768746376
0.04798874631524086
0.06463024765253067
0.07338830083608627
-0.05988187715411186
0.032020945101976395
0.08048439025878906
0.025075335055589676
-0.007912633009254932
-0.043174296617507935
0.11449228972196579
-0.012134389951825142
0.03783314675092697
0.0352061465382576
-0.05661237612366676
-0.011051912792026997
0.04412330314517021
0.16418762505054474
0.10341469198465347
0.04283316060900688
0.025878580287098885
-0.023388810455799103
-0.12191208451986313
-0.09964919835329056
0.026143645867705345
-0.033765800297260284
0.001731716562062502
-0.055343255400657654
-0.0002753763983491808
-0.03691774234175682
0.022964557632803917
0.07703230530023575
0.03885265067219734
0.0619799941778183
0.06512082368135452
-0.020445803180336952
0.004497940186411142
-0.025158055126667023
-0.10154566168785095
-0.09381677210330963
0.044225893914699554
-0.0530996173620224
0.02396576665341854
-0.07209856063127518
0.008510428480803967
0.04409382492303848
0.01691419444978237
-0.07616309076547623
-0.062379855662584305
0.03839686140418053
-0.036607082933187485
-0.014041529968380928
0.03742380812764168
-1.608371569261635e-08
-0.07047700136899948
-0.03347642719745636
0.03723748400807381
-0.03730984032154083
0.006465209182351828
-0.051911525428295135
0.07218632847070694
-0.11292147636413574
0.019074318930506706
0.03693082928657532
0.013910974375903606
-0.09132692217826843
-0.0420357808470726
-0.051134105771780014
-0.049803849309682846
0.10471983999013901
-0.030524732545018196
0.07616201043128967
0.09971562772989273
0.04510052502155304
0.03670888766646385
-0.0026871985755860806
0.05215004086494446
-0.04958091303706169
0.012186011299490929
-0.07517922669649124
-0.0050906892865896225
0.0907798707485199
-0.01011214591562748
0.028709951788187027
0.015076232142746449
0.10387914627790451
0.002191001083701849
-0.0735945850610733
0.014283905737102032
-0.04717976599931717
0.1107797622680664
-0.09778665006160736
0.011159990914165974
-0.025569722056388855
0.0015846213791519403
0.08864673972129822
-0.07387853413820267
-0.08996248245239258
0.03698136284947395
0.014320805668830872
0.03255870193243027
-0.017201311886310577
0.006918739061802626
0.02016654796898365
-0.023412130773067474
-0.01743505895137787
0.010491098277270794
0.0390707291662693
-0.0593254491686821
-0.07469442486763
-0.0006689067813567817
-0.06969321519136429
0.006661543622612953
0.01995767652988434
0.0015443767188116908
0.009922325611114502
-0.03636648878455162
0.023262089118361473
