0.09770634770393372
0.02185113914310932
-0.029591774567961693
0.04422147199511528
0.027228951454162598
-0.005598112009465694
0.028600046411156654
-0.020593229681253433
0.0759294256567955
0.05605795606970787
0.0654987245798111
-0.016164744272828102
0.02415359392762184
0.08702969551086426
-0.05709958076477051
0.005037213675677776
-0.026266830042004585
-0.015620931051671505
-0.03657277300953865
-0.03318652883172035
-0.12454938888549805
-0.059287164360284805
-0.013191244564950466
0.0019776204135268927
-0.1333196461200714
0.025959225371479988
-0.08128013461828232
-0.031239498406648636
0.01300190482288599
-0.017069941386580467
-0.05065329372882843
0.036004893481731415
0.022364111617207527
0.0021078018471598625
0.036294061690568924
0.03558982163667679
0.022627675905823708
0.037360966205596924
0.03887499123811722
0.05000881105661392
0.01891489513218403
0.042874328792095184
0.030052632093429565
0.007810001261532307
-0.03414209187030792
-0.045874837785959244
-0.08128881454467773
-0.06849117577075958
-0.0042777587659657
-0.07393041998147964
0.031317323446273804
0.014051565900444984
0.0118452999740839
0.055926643311977386
-0.022872045636177063
-0.11727628111839294
-0.09232117980718613
-0.11200232803821564
0.01150965504348278
-0.007714967243373394
0.10030555725097656
0.03065509907901287
0.052935641258955
0.019626356661319733
-0.007069453131407499
0.0028663889970630407
0.04511705040931702
0.10609736293554306
-0.029209990054368973
-0.007769875228404999
0.03668789938092232
-0.029868558049201965
0.03484094515442848
0.05835696682333946
0.0003085918433498591
-0.021536240354180336
-0.043580442667007446
-0.007468084339052439
0.11704905331134796
0.028081659227609634
-0.02933911420404911
0.0018844202859327197
-0.02877538837492466
0.010817610658705235
0.02400261163711548
-0.0025798012502491474
-0.023125972598791122
0.01671193353831768
-0.1315598338842392
-0.056320130825042725
-0.024112699553370476
0.048294488340616226
0.014403880573809147
-0.020239265635609627
0.002912886906415224
-0.10452134162187576
0.03669910132884979
0.014790340326726437
0.0451088510453701
0.03195452317595482
0.07856477797031403
0.0029558276291936636
0.031512368470430374
0.021000079810619354
0.08599354326725006
-0.015591194853186607
-0.01135158073157072
0.03515603393316269
0.004375998862087727
-0.005196109879761934
-0.09805585443973541
0.04224661365151405
-0.03193918615579605
0.08435896784067154
-0.001512151793576777
0.02271398901939392
-0.030322838574647903
-0.028092199936509132
0.014475974254310131
0.06017337366938591
0.036428455263376236
0.04508107528090477
0.015728730708360672
-0.07069031149148941
0.09949096292257309
0.05241849645972252
-0.06091264635324478
-4.043121635860889e-33
0.03435773774981499
-0.05487971007823944
-0.08334212750196457
0.022911548614501953
0.02649555914103985
-0.03940634801983833
0.013514623045921326
-0.0051087732426822186
-0.06131956726312637
0.008290437050163746
-0.05397624149918556
0.04259644076228142
0.0829325020313263
-0.0445871464908123
0.04184458404779434
-0.05141868442296982
-0.010280587710440159
0.02179027535021305
0.06125408411026001
-0.052992913872003555
-0.14080138504505157
0.0767534077167511
0.059541892260313034
0.03585675358772278
0.036038316786289215
-0.008771095424890518
-0.09322033822536469
-0.0770118311047554
-0.029418956488370895
0.026784121990203857
-0.04464997723698616
0.005218343809247017
-0.017452571541070938
-0.011231369338929653
-0.11440770328044891
0.028142275288701057
0.07909182459115982
-0.05319485068321228
0.010936548933386803
-0.006121823564171791
0.07713042944669724
-0.031457286328077316
0.05880892649292946
-0.00858050212264061
-0.012711391784250736
0.0508299320936203
-0.0837356373667717
0.004465618170797825
-0.07107420265674591
0.016114605590701103
-0.048692312091588974
-0.022820712998509407
-0.012231120839715004
-0.0589735209941864
-0.009840632788836956
-0.005673499777913094
-0.02120177447795868
0.02910982072353363
-0.013280842453241348
0.0632905513048172
-0.024050243198871613
0.0015897920820862055
-0.08286982029676437
0.009504727087914944
0.13701054453849792
-0.059290047734975815
-0.01783621497452259
0.011174652725458145
-0.03560924530029297
-0.0003196044417563826
-0.015544994734227657
0.03463759273290634
0.043933819979429245
-0.05562127009034157
0.05608529970049858
-0.03277646377682686
0.03385523334145546
0.02374418079853058
-0.11939385533332825
-0.03281625732779503
0.03562265262007713
0.029860256239771843
-0.09155777841806412
0.05577000230550766
-0.074311263859272
0.03290208801627159
0.023368436843156815
0.07334498316049576
-0.013113671913743019
0.012819169089198112
-0.052924659103155136
-0.032817911356687546
0.02035871334373951
-0.07289110124111176
-0.016324786469340324
1.1888627521625101e-33
0.032555196434259415
0.05314973369240761
0.05296291410923004
-0.024390986189246178
0.046235665678977966
0.03166617080569267
0.07170373946428299
0.049442123621702194
0.044535648077726364
0.05836641043424606
-0.023704059422016144
0.027285657823085785
0.019386369735002518
-0.000636445649433881
-0.05171310901641846
0.05674215778708458
-0.008099870756268501
-0.06838351488113403
0.12524758279323578
-0.06316734105348587
0.011116696521639824
-0.009780720807611942
0.03384115919470787
0.08523958176374435
0.05425803363323212
0.04126940667629242
-0.020422426983714104
-0.0703783631324768
-0.025367943570017815
-0.021093212068080902
-0.0029327240772545338
-0.08346109092235565
0.008757493458688259
0.09357359260320663
0.057962726801633835
0.015996770933270454
0.0074409618973731995
0.008457156829535961
-0.06792006641626358
0.0005992709193378687
0.026895057410001755
-0.013912045396864414
-0.1101086437702179
0.04296112060546875
-0.013596164993941784
0.05308285728096962
0.020244291052222252
-0.0502266101539135
-0.010612803511321545
-0.011156599968671799
-0.07460899651050568
-0.07294411957263947
0.0032087243162095547
-0.09317024797201157
-0.043565087020397186
0.0093636279925704
0.03087688609957695
-0.007187693379819393
0.004824203439056873
0.045922018587589264
7.576662756036967e-05
-0.012440680526196957
-0.0045580738224089146
0.029342135414481163
-0.08365030586719513
-0.0859590694308281
-0.04380502179265022
0.011378618888556957
0.018324270844459534
-0.02575518749654293
0.040098726749420166
0.006172815803438425
0.051964834332466125
-0.016436824575066566
0.01739969663321972
0.036987319588661194
-0.015580265782773495
-0.049777351319789886
0.05084472522139549
0.07202423363924026
-0.007720933761447668
-0.04569421336054802
0.019096210598945618
0.05236077681183815
0.003281113225966692
-0.011476777493953705
0.06420311331748962
0.1171833872795105
-0.031257424503564835
0.05467049777507782
0.002753240754827857
0.03132728114724159
0.11363819986581802
-0.030836354941129684
-0.029483510181307793
-1.5078716941729908e-08
-0.00016562418022658676
-0.05199549347162247
-0.02350306324660778
0.04295435547828674
-0.009279930964112282
0.039779987186193466
-0.08440864086151123
-0.06178847327828407
0.0028878976590931416
0.12376999109983444
0.07890394330024719
-0.04379929229617119
-0.06967359781265259
0.015927733853459358
-0.06277438253164291
0.08425642549991608
-0.041286394000053406
-0.03266476094722748
0.07358092814683914
0.039016224443912506
-0.05972939729690552
0.022480154410004616
0.04412602633237839
-0.03990940749645233
0.030773410573601723
-0.0592256598174572
-0.0520455464720726
-0.026850203052163124
-0.0878819078207016
-0.02358226105570793
-0.06619657576084137
0.05765699967741966
-0.03699527680873871
0.10405552387237549
0.04964403435587883
-0.05633139610290527
-0.007982251234352589
-0.021868636831641197
0.03243023157119751
-0.05999297648668289
-0.054934944957494736
-0.02985352836549282
-0.0838303416967392
-0.04161959886550903
0.022826198488473892
0.027355153113603592
0.015836583450436592
-0.014554348774254322
0.008381896652281284
-0.10429312288761139
-0.09336504340171814
-0.04533345624804497
0.00601181061938405
-0.008978588506579399
-0.011591603048145771
0.037708353251218796
0.004451064858585596
-0.03831421211361885
0.10392389446496964
-0.06402966380119324
-0.06637828052043915
0.13881441950798035
-0.005725970957428217
0.00843723677098751
