-0.03670252859592438
0.017133960500359535
-0.05918172746896744
0.10365857183933258
0.007436844985932112
0.07676935195922852
-0.009296046569943428
0.00667534489184618
0.0194779634475708
0.04708268865942955
-0.02246413193643093
-0.03543175384402275
0.017382178455591202
0.09929858893156052
-0.039439812302589417
0.03520287573337555
-0.04984332621097565
-0.08452753722667694
0.039797343313694
-0.04684017598628998
-0.033207640051841736
0.02373654581606388
0.0632588118314743
-0.024936798959970474
-0.01176851149648428
-0.012261669151484966
0.022484052926301956
-0.10006394982337952
0.045165374875068665
-0.017712008208036423
-0.06374581903219223
-0.03635465353727341
-0.07406125217676163
0.03892047703266144
0.04555525630712509
-0.0007459527114406228
-0.00610527815297246
0.0039850142784416676
0.010504146106541157
0.042073722928762436
0.06011176481842995
0.03519710153341293
-0.06781455874443054
-0.019779229536652565
-0.021889010444283485
0.00950903631746769
-0.005217324011027813
0.01723327301442623
0.040414970368146896
0.004355749115347862
-0.0054485248401761055
0.0539809912443161
-0.009175091050565243
0.032661113888025284
-0.001950213685631752
-0.007653736509382725
-0.03218378499150276
-0.004659655969589949
-0.021646231412887573
0.017720984295010567
0.05568598583340645
0.06274595856666565
0.08077988028526306
-0.0046480875462293625
0.037089936435222626
0.07729003578424454
-0.006648870650678873
-0.0038205478340387344
-0.02886762097477913
0.03901165723800659
0.0670737475156784
0.025213968008756638
0.024753818288445473
-0.04336283355951309
-0.06532418727874756
-0.08818396925926208
0.06731049716472626
0.011865103617310524
0.041634343564510345
0.056814294308423996
-0.0027597052976489067
0.04587607458233833
-0.05452290177345276
0.03431425243616104
-0.016038348898291588
-0.08061178773641586
0.04210871085524559
-0.023174699395895004
-0.07864784449338913
-0.05379464849829674
0.02459147572517395
-0.012649806216359138
-0.035664334893226624
0.0008719321922399104
-0.008612466044723988
-0.00938061811029911
-0.014992344193160534
-0.011049202643334866
-0.08823979645967484
0.018939772620797157
-0.03156105801463127
-0.01908229850232601
-0.06999662518501282
0.045420899987220764
0.0018819868564605713
-0.07713069021701813
-0.004046844784170389
0.06114618852734566
-0.033424098044633865
0.022546203806996346
-0.049170345067977905
-0.013600955717265606
-0.06538192182779312
0.05883510783314705
0.05512901768088341
-0.04405117407441139
-0.03425440937280655
0.06906543672084808
0.01672654040157795
0.033079273998737335
0.06603964418172836
0.052445702254772186
-0.07165109366178513
-0.0027289134450256824
-0.009408804588019848
-0.08020865172147751
-0.0402911938726902
-5.5844408489186114e-33
0.11094963550567627
-0.029719246551394463
0.01289370283484459
-0.005786628928035498
0.017286334186792374
-0.051940057426691055
-0.03617989644408226
0.08077928423881531
-0.024269863963127136
0.0628516897559166
0.03858255594968796
-0.042697496712207794
-0.022337613627314568
0.003323096316307783
0.07177956402301788
-0.014623408205807209
0.030809622257947922
-0.009210505522787571
0.06954032182693481
-0.036733921617269516
-0.006356991361826658
0.0661027580499649
0.0740557312965393
-0.07484818249940872
-0.007692892570048571
-0.04955315589904785
-0.06541241705417633
-0.03933892771601677
-0.11792583018541336
-0.01590518280863762
0.014850538223981857
-0.0676114559173584
0.03638073801994324
-0.05800642445683479
-0.0015249737771227956
-0.07086393982172012
-0.0036374880000948906
-0.011493664234876633
-0.049773167818784714
0.01896943338215351
0.05884644389152527
-0.0051581040024757385
0.012414512224495411
0.024407070130109787
0.02900496870279312
0.04024863243103027
-0.02481720969080925
-0.045166756957769394
0.04028026759624481
-0.0158303864300251
0.11755382269620895
-0.07622118294239044
0.022929100319743156
-0.04593202844262123
-0.01280535850673914
0.06452847272157669
0.0004238389083184302
-0.06810066848993301
-0.02896401658654213
0.01689455471932888
0.08553382754325867
-0.13136893510818481
-0.02108287625014782
-0.09833000600337982
0.07865597307682037
-0.09121058881282806
-0.06367416679859161
-0.026863133534789085
-0.07986392825841904
-0.014078712090849876
-0.04713531583547592
0.044965025037527084
0.016768094152212143
-0.06383884698152542
0.05038214847445488
0.03332098200917244
-0.006070337723940611
0.0857582539319992
-0.0039044725708663464
-0.06367989629507065
0.07515789568424225
0.05430787056684494
-0.020957017317414284
-0.08304793387651443
-0.013022762723267078
0.04788937792181969
-0.000863141380250454
0.14750051498413086
-0.025326786562800407
0.0017559827538207173
0.0012423155130818486
0.013595018535852432
0.044040702283382416
-0.1490105241537094
0.05462593957781792
2.3876472276589373e-33
-0.07858641445636749
-0.04043734446167946
-0.0315043181180954
-0.012127332389354706
-0.029038909822702408
-0.022610913962125778
-0.0720619484782219
0.010198417119681835
-0.09483329206705093
0.092668816447258
0.04177907109260559
0.009416704066097736
0.032275062054395676
0.019047407433390617
-0.021094538271427155
0.07411088794469833
-0.04072482883930206
0.07849331200122833
0.023371638730168343
-0.02363932691514492
-0.11805375665426254
0.05981269106268883
0.03983662277460098
-0.031083090230822563
0.018037687987089157
0.03635355830192566
-0.025001177564263344
0.10197344422340393
0.03616902977228165
-0.06707042455673218
0.005662296898663044
-0.00204363907687366
-0.07274099439382553
0.023440061137080193
-0.037787433713674545
0.015567455440759659
-0.01539628766477108
-0.048730816692113876
-0.014018013142049313
0.007833879441022873
0.11324194073677063
-0.0713457390666008
-0.045341409742832184
0.03182053193449974
0.05906643718481064
0.008667963556945324
-0.014471299946308136
0.0015944454353302717
0.0353451743721962
0.039141226559877396
0.0016960271168500185
-0.008189080283045769
0.023515135049819946
-0.0010392016265541315
0.04971449822187424
-0.005992234218865633
-0.1740969717502594
-0.026922831311821938
0.10184744000434875
0.042330749332904816
0.07603946328163147
0.0656149685382843
0.016105758026242256
-0.02312335930764675
-0.09087825566530228
-0.05814070627093315
-0.015693774446845055
-0.018594155088067055
0.006403784733265638
-0.02111891098320484
0.06768084317445755
0.03359203413128853
-0.04814142733812332
-0.009446877986192703
-0.018441876396536827
0.03336977958679199
0.0032103194389492273
-0.055541232228279114
-0.03217358514666557
0.03009965643286705
-0.04812284931540489
-0.09452953189611435
-0.03851927071809769
0.008019748143851757
0.058389343321323395
-0.08191989362239838
0.06818724423646927
0.06405588239431381
0.061776917427778244
-0.014867153018712997
-0.0628935769200325
0.06832782179117203
0.03530174866318703
0.03509637713432312
-0.004165456630289555
-1.546576200439631e-08
-0.02951606549322605
-0.0011101366253569722
-0.032000936567783356
-0.03137608617544174
0.05784428492188454
-0.01351986639201641
0.009867859072983265
-0.18484902381896973
0.0008292058482766151
0.0016154692275449634
-0.03989608958363533
-0.05189443379640579
-0.04345554858446121
-0.00967258121818304
-0.05155321955680847
0.043660834431648254
-0.008738729171454906
0.04573766887187958
0.1135595440864563
0.04588647559285164
-0.013368351384997368
-0.010724212974309921
0.031552620232105255
0.0003482864995021373
0.05921711400151253
-0.008497701026499271
0.010082609951496124
0.06698468327522278
-0.040521420538425446
0.04528191685676575
0.02188887633383274
0.06214958056807518
0.09906930476427078
-0.02514411322772503
0.0011520477710291743
-0.06194920837879181
0.1541595757007599
-0.011056452058255672
0.04303433746099472
0.007267477456480265
0.06841392815113068
0.0820765420794487
-0.0974300429224968
0.013712354004383087
0.002570085460320115
0.07588833570480347
0.012366333045065403
-0.0424647219479084
0.025979407131671906
-0.008376634679734707
-0.06336510181427002
-0.06683196872472763
-0.019996214658021927
0.07928303629159927
0.0037435537669807673
-0.07439504563808441
-0.0077869039960205555
-0.009976021014153957
0.0172495748847723
0.059167955070734024
-0.04850190132856369
0.01051231101155281
-0.009643576107919216
0.06194474548101425
