0.03827638551592827
0.00880480371415615
-0.01321172434836626
0.05519883707165718
0.020109549164772034
0.040688853710889816
0.03936624526977539
0.034412868320941925
0.06647145748138428
0.0003907160717062652
-0.03007354587316513
0.023543644696474075
0.005669156555086374
-0.002504749456420541
-0.030705882236361504
-0.031103454530239105
-0.02200767584145069
-0.032220639288425446
-0.01089421845972538
-0.05779920145869255
-0.08936384320259094
-0.03739134222269058
-0.0524991974234581
-0.036343470215797424
-0.0018052039667963982
0.008968154899775982
-0.017673062160611153
-0.04170999303460121
0.034128520637750626
-0.0027309213764965534
-0.0025193379260599613
-0.009309849701821804
-0.07330608367919922
0.0164286307990551
0.05761629715561867
-0.1103360503911972
0.07082011550664902
-0.03883811831474304
0.0539165697991848
-0.05194695666432381
0.006876681465655565
0.07590501755475998
-0.027122359722852707
-0.045483846217393875
0.008951274678111076
-0.01464614737778902
-0.07026830315589905
-0.03627292439341545
0.05300324037671089
-0.04774647206068039
-0.13869687914848328
0.04327769577503204
-0.021159131079912186
0.003548472421243787
-0.09265078604221344
0.022277791053056717
0.02922462485730648
-0.03648572787642479
0.008034979924559593
0.028928527608513832
0.07597263157367706
-0.006843443959951401
0.02551407180726528
0.014118635095655918
-0.024810250848531723
0.03161744400858879
-0.018643174320459366
-0.03537267819046974
0.043599653989076614
-0.04129861295223236
0.010992489755153656
0.04385162889957428
0.061302315443754196
-0.08413735032081604
-0.06476964056491852
-0.11640404909849167
0.08551636338233948
-0.08717785030603409
0.12576064467430115
0.025982728227972984
0.07300671935081482
0.05094952881336212
-0.043554604053497314
0.01760001666843891
0.06501273065805435
0.019529614597558975
-0.012530299834907055
-0.036999717354774475
-0.07712814211845398
0.044810254126787186
-0.03712974861264229
-0.08565521240234375
-0.10807257890701294
-0.0009549097740091383
0.03082560934126377
-0.007863667793571949
0.03294956684112549
0.0018071484519168735
0.01371779479086399
0.03669310361146927
0.021553346887230873
0.0520358644425869
0.05938010290265083
0.005943644791841507
0.001460354425944388
-0.01819939911365509
0.030270108953118324
0.0891227051615715
0.018420018255710602
-0.03749728575348854
-0.0799393281340599
-0.009705943986773491
0.03397144004702568
0.016534416005015373
0.021869638934731483
0.010760698467493057
-0.005110112018883228
-0.024583017453551292
-0.026028236374258995
0.011271270923316479
0.03878955915570259
-0.02323872037231922
-0.06608571112155914
-0.03218814358115196
0.0855427086353302
-0.0506741963326931
0.07845187187194824
-5.999724268622909e-33
-0.0014951075427234173
0.01471030991524458
-0.015342257916927338
-0.040275346487760544
0.05172348767518997
0.004521606024354696
0.06937747448682785
0.07334703952074051
-0.0786110982298851
-0.012784861959517002
0.01799597591161728
-0.01230474840849638
-0.024790210649371147
0.011586559936404228
0.047320034354925156
0.0073947906494140625
-0.0027994357515126467
0.08324499428272247
0.038633909076452255
-0.022937912493944168
-0.015279638580977917
-0.06016134098172188
-0.008370380848646164
-0.011942113749682903
-0.002247618744149804
0.03231936693191528
-0.014925765804946423
-0.050194304436445236
-0.10417274385690689
0.02705460973083973
-0.012222038581967354
0.08816397190093994
-0.04728903993964195
-0.002355514094233513
-0.04499301314353943
-0.06865599006414413
-0.04458354040980339
-0.01494501531124115
0.012433318421244621
-0.0018868232145905495
0.02996601164340973
-0.0035835157614201307
0.02036903239786625
0.05073821544647217
-0.01681719347834587
0.03698819875717163
-0.0675097107887268
0.0057666003704071045
-0.03574388101696968
0.060230668634176254
0.002919234102591872
0.015709470957517624
-0.037521470338106155
-0.033409483730793
-0.03733767569065094
0.023024817928671837
0.07017688453197479
-0.012128951959311962
0.04196424037218094
0.021226536482572556
-0.013909694738686085
-0.04723682627081871
0.010510836727917194
-0.028299659490585327
0.039302583783864975
-0.06952673941850662
-0.11841422319412231
-0.04429152235388756
-0.07894744724035263
0.10977493971586227
-0.062253665179014206
0.04238108545541763
0.00023341069754678756
0.03311111032962799
0.017880277708172798
-0.011431580409407616
0.02380630560219288
0.08741788566112518
0.016619965434074402
-0.02391584776341915
0.1472146362066269
0.03743219003081322
0.0881037712097168
0.00574259040877223
-0.02285195142030716
-0.034595075994729996
-0.013854733668267727
-0.028590986505150795
-0.06624087691307068
-0.013304037973284721
0.056577589362859726
-0.008357045240700245
0.00925615057349205
-0.06487082690000534
0.003359762951731682
2.3049388941221042e-33
0.02813955396413803
-0.04021072760224342
0.05342122167348862
-0.09256642311811447
-0.04355182126164436
0.022236336022615433
-0.08671091496944427
0.05592665448784828
-0.026109518483281136
0.04840828478336334
0.04917214810848236
0.07924515753984451
0.027521535754203796
0.0508296936750412
-0.0422605499625206
0.03451646491885185
0.008676993660628796
-0.0432952456176281
-0.014267118647694588
0.040965162217617035
-0.009136779233813286
-2.6823201551451348e-05
0.050549641251564026
0.03255072236061096
0.052661653608083725
0.04362516850233078
0.04196930676698685
-0.025669973343610764
0.004253292456269264
-0.07915934175252914
-0.03647905960679054
-0.004282932262867689
-0.0341268852353096
-0.004518282599747181
0.03668350726366043
-0.0154451634734869
0.10133393108844757
-0.1314978003501892
-0.09341982007026672
0.10431483387947083
0.017997145652770996
0.031686607748270035
-0.00660407030954957
0.03162679076194763
0.06987413763999939
0.09383044391870499
-0.02167220041155815
-0.00711040198802948
0.01837107166647911
0.08383165299892426
0.06320954114198685
0.01018840167671442
0.03381600230932236
0.0565694198012352
0.05785690248012543
0.013395589776337147
-0.10406877845525742
0.045133668929338455
-0.00881551019847393
0.046358607709407806
0.06652010232210159
0.01796308159828186
-0.01266814861446619
-0.009502696804702282
-0.11102410405874252
-0.0726652443408966
0.026573583483695984
0.01769784837961197
0.052039869129657745
-0.06730340421199799
0.013561510480940342
-0.035217978060245514
-0.033859528601169586
-0.01064243447035551
0.0639045462012291
0.11490955203771591
0.11586326360702515
-0.08636676520109177
-0.03549771383404732
0.027907926589250565
-0.09364650398492813
-0.0142453508451581
0.03565669804811478
-0.036352355033159256
0.024704204872250557
-0.07215074449777603
-0.021307894960045815
0.027978071942925453
-0.023130344226956367
-0.08628477901220322
-0.04030640423297882
0.07495841383934021
-0.022926509380340576
-0.036795638501644135
0.048586200922727585
-1.685246253657624e-08
-0.12516671419143677
-0.03456248342990875
-0.024949653074145317
-0.03368848189711571
-0.020268363878130913
-0.00116241117939353
0.04340266436338425
-0.07229821383953094
-0.0427061952650547
-0.05174822360277176
0.02253071963787079
-0.10744217783212662
-0.06703107804059982
0.017770759761333466
-0.007939934730529785
0.0007311905501410365
-0.10147333145141602
-0.02137499488890171
0.07813243567943573
0.07399632036685944
0.015562210232019424
0.03662310168147087
0.05762339383363724
0.036594659090042114
-0.01828708127140999
0.009701861068606377
-0.058232489973306656
-0.0017942962003871799
-0.04123370721936226
0.08241493999958038
-0.013459720648825169
0.11601965874433517
0.033762652426958084
-0.00099675462115556
-0.037592045962810516
-0.014556938782334328
0.05255790054798126
-0.01666521467268467
-0.05382979288697243
-0.016103334724903107
0.08885081112384796
0.006005707662552595
-0.12698781490325928
-0.006715400144457817
0.03234778717160225
0.059219010174274445
0.11929307878017426
-0.08545378595590591
-0.02226036600768566
-0.1126720979809761
-0.05152692273259163
-0.015520814806222916
0.032024186104536057
-0.06671749800443649
-0.04781961813569069
0.009457574225962162
0.023772692307829857
-0.05889372527599335
-0.05890641734004021
0.023698460310697556
-0.045689668506383896
0.0803668200969696
-0.039846986532211304
0.09886004030704498
