0.0187097005546093
-0.008218427188694477
0.009154673665761948
0.026423228904604912
0.012221917510032654
-0.014616536907851696
-0.031910065561532974
-0.036792781203985214
0.02919403836131096
0.03265911713242531
-0.009459923952817917
0.027454175055027008
-0.007410197984427214
-0.006482119672000408
0.017414771020412445
0.0011033718474209309
0.015066363848745823
-0.031415101140737534
0.006737336050719023
-0.05418875440955162
-0.04492945969104767
0.08344752341508865
0.10554525256156921
-0.05191792920231819
-0.06657689064741135
0.020991457626223564
-0.0027996585704386234
-0.009939581155776978
-0.01847866177558899
-0.050854604691267014
0.010171360336244106
-0.03712528944015503
-0.032868046313524246
0.07527006417512894
-0.002356200013309717
0.00595434196293354
0.018871817737817764
0.02018563263118267
0.07722139358520508
0.10598860681056976
0.009471372701227665
-0.027469070628285408
-0.026440002024173737
-0.007746321614831686
-0.05368201807141304
0.0013697516405954957
-0.04216602072119713
-0.05415331572294235
0.07027121633291245
-0.0742652416229248
-0.045528434216976166
-0.0368817001581192
0.0008865085546858609
-0.018184062093496323
-0.0825636237859726
-0.015791529789566994
-0.01963558793067932
0.07770752906799316
-0.09362521767616272
-0.04934614896774292
-0.04578731954097748
-0.04402559623122215
-0.011082236655056477
0.020650003105401993
-0.03816347196698189
-0.10320557653903961
-0.050780039280653
-0.04230828210711479
0.01635410264134407
0.01067407801747322
0.03935723006725311
0.008372955955564976
-0.0421033538877964
-0.08890014886856079
-0.09627730399370193
-0.024700824171304703
0.007141175679862499
0.011916644871234894
0.07588506489992142
0.02908298373222351
0.10802711546421051
0.022837474942207336
-0.03978467732667923
-0.0029065324924886227
0.07081733644008636
0.07075446844100952
-0.0014247169019654393
-0.008229859173297882
-0.00308358040638268
-0.06809867173433304
-0.02877000719308853
-0.043067220598459244
-0.028472697362303734
0.03996146842837334
0.0150022367015481
-0.061255961656570435
0.048907794058322906
-0.10977186262607574
0.01062045432627201
-0.010248512029647827
-0.01380109041929245
-0.029111871495842934
0.0028740083798766136
0.009279396384954453
0.0795278400182724
0.029531916603446007
-0.03635256737470627
0.15497586131095886
0.004496775567531586
-0.008763262070715427
-0.021458325907588005
-0.02413279376924038
0.01325929630547762
0.025550348684191704
0.040504440665245056
0.01251398678869009
-0.0629388839006424
0.009738298133015633
-0.006249899510294199
0.09110855311155319
-0.03203630819916725
-0.0027367500588297844
-0.03066328912973404
0.05647745355963707
0.001120359287597239
-0.006221969146281481
0.0816444456577301
-8.900422985195942e-33
-0.031500838696956635
-0.04866166040301323
-0.06666982918977737
-0.11566650122404099
-0.020176218822598457
0.05675448849797249
0.05102045089006424
-0.011013711802661419
-0.03013736940920353
0.02591240592300892
-0.001403195783495903
-0.06535511463880539
-0.011216920800507069
0.04442215710878372
0.07273341715335846
0.01177549920976162
-0.0358659103512764
0.0010594718623906374
0.054228320717811584
-0.006708043627440929
0.001125571085140109
-0.04828079789876938
-0.01628839783370495
-0.03423070162534714
-0.01341782882809639
-0.07648834586143494
0.01993592455983162
-0.019870314747095108
-0.011527126654982567
0.022220326587557793
0.05729278549551964
-0.05031048133969307
-0.017256848514080048
0.05567330867052078
-0.09504762291908264
0.07292617112398148
-0.053203027695417404
-0.048811476677656174
0.08277513831853867
0.06698068231344223
0.012586207129061222
-0.03639662265777588
0.07064950466156006
-0.061321914196014404
-0.048564255237579346
0.019887767732143402
-0.008401918224990368
0.04259646683931351
-0.044284623116254807
0.0371251255273819
0.07583592087030411
0.00899758655577898
0.09998445212841034
-0.028130121529102325
0.04154393449425697
-0.033600687980651855
0.03137444332242012
-0.0068714311346411705
0.002290734089910984
0.08850716054439545
0.026629114523530006
-0.0317910835146904
-0.06532007455825806
0.026924408972263336
0.01821138709783554
-0.08711745589971542
-0.11936300992965698
-0.042305152863264084
-0.06907223165035248
0.13894176483154297
0.01269081886857748
-0.02118855156004429
0.0019897331949323416
0.008128476329147816
0.048186421394348145
-0.03395390510559082
0.07187357544898987
-0.010673386976122856
0.00749468756839633
-0.07655839622020721
-0.00045120829599909484
0.059447165578603745
0.011687862686812878
-0.04160405322909355
-0.016800854355096817
0.03590572997927666
0.03981826826930046
-0.0357176773250103
-0.006635869853198528
-0.05969948321580887
0.0534965917468071
-0.13035325706005096
-0.07772371172904968
-0.00888721365481615
0.1342342048883438
4.6710890851693866e-33
0.015285834670066833
0.1007445901632309
0.028191788122057915
-0.00189612852409482
0.011446252465248108
0.01652567647397518
0.011401667259633541
0.01827416382730007
-0.022307205945253372
0.035356149077415466
-0.0864512026309967
0.10856304317712784
-0.0323571152985096
0.06030289828777313
0.012486615218222141
-0.01740693859755993
-0.0037415276747196913
-0.026653986424207687
0.03993840515613556
-0.0447935089468956
-0.1543767750263214
0.047470200806856155
0.08466392755508423
-0.038087327033281326
0.04437035694718361
-0.02187993936240673
-0.0031081594061106443
0.01083168014883995
0.006632758304476738
-0.07468082755804062
0.04865382984280586
-0.014176896773278713
0.001956444000825286
0.016381103545427322
0.04096381738781929
0.009628920815885067
0.04278019443154335
-0.02437720261514187
0.010984414257109165
-0.019737234339118004
0.02443765476346016
-0.03374636918306351
0.044950585812330246
0.04248379170894623
-0.01669190265238285
0.01108640618622303
-0.043612290173769
-0.05041434243321419
-0.03773612156510353
0.07953977584838867
0.02699900232255459
0.00036638646270148456
0.08871152997016907
0.08426640182733536
0.06385768949985504
0.03578808903694153
-0.07260464131832123
0.053581561893224716
-0.07547911256551743
-0.00563716609030962
0.059643857181072235
0.07712795585393906
0.04156326875090599
0.031141266226768494
-0.00028151198057457805
-0.09689775109291077
-0.02152399905025959
-0.03723464533686638
0.05686674267053604
0.00854751281440258
-0.13206639885902405
0.05194444581866264
-0.047851819545030594
0.020919349044561386
-0.028579726815223694
0.048352934420108795
-0.0010300581343472004
-0.012855389155447483
-0.08230527490377426
0.08705676347017288
0.014919200912117958
0.01200350932776928
-5.663732736138627e-05
-0.08279299736022949
0.08282656222581863
-0.05553654208779335
-0.08947581052780151
0.05804263427853584
0.01990307681262493
0.0041076974011957645
0.08263018727302551
0.010044055059552193
0.014299876987934113
-0.03117329441010952
0.02699948661029339
-1.7399965912545667e-08
-0.05470798537135124
0.013136588037014008
0.019787458702921867
-0.00837345514446497
0.10853936523199081
0.09416157752275467
0.05053567513823509
-0.10155829787254333
-0.013043615035712719
-0.035960011184215546
0.02106136456131935
-0.0316472165286541
-0.040066175162792206
0.06891341507434845
0.0022231542970985174
-0.024030830711126328
-0.024100475013256073
0.04900186136364937
0.07444023340940475
0.11383572220802307
-0.07292300462722778
0.0037858285941183567
-0.040158092975616455
0.02245911955833435
-0.012367586605250835
0.004098175093531609
-0.030827783048152924
-0.00808194000273943
-0.014156686142086983
0.03566771373152733
-0.03207775950431824
0.0810009315609932
0.014577428810298443
0.07972462475299835
-0.11298313736915588
-0.0349007174372673
0.05611851066350937
-0.0030276367906481028
-0.07018999010324478
0.02501666359603405
0.11021071672439575
0.10941128432750702
-0.004928966052830219
-0.04838985577225685
0.026524528861045837
0.019814545288681984
0.026274293661117554
-0.12287908792495728
-0.04358562454581261
-0.009563612751662731
-0.1002768725156784
-0.009362679906189442
0.015674056485295296
-0.029646944254636765
0.02469347044825554
0.02916170097887516
-0.07688921689987183
-0.0652133896946907
-0.017281970009207726
0.0097266286611557
-0.07749836891889572
0.010732706636190414
0.07366181164979935
0.05395975336432457
