0.01668711006641388
-0.03580179437994957
0.04202643409371376
5.324198355083354e-05
-0.0017578232800588012
0.02178800478577614
0.07431710511445999
0.0391920730471611
0.04712897911667824
0.06499792635440826
-0.042089011520147324
0.00986220221966505
0.016370203346014023
0.02183089405298233
0.07399684190750122
0.013264995068311691
0.03759612515568733
0.002280318411067128
0.04529985040426254
-0.06438997387886047
-0.07559426128864288
0.005530876573175192
-0.0350101999938488
-0.02221357263624668
-0.050589822232723236
0.0025288781616836786
-0.06311667710542679
-0.0005640889285132289
0.01779036968946457
-0.02070637233555317
-0.06240769103169441
-0.07619859278202057
-0.023264756426215172
0.041923653334379196
0.03647789731621742
0.05742839351296425
0.01382681168615818
-0.048586729913949966
0.06707823276519775
0.012064632959663868
0.027872221544384956
0.02335941232740879
0.004536291118711233
-0.03925279155373573
0.04598207399249077
-0.02174978330731392
-0.050451844930648804
-0.06698275357484818
0.11588633805513382
-0.08297880738973618
-0.03556345775723457
0.02501828223466873
0.034550875425338745
-0.020107591524720192
-0.11749795824289322
-0.03470862656831741
-0.027808284386992455
0.010525528341531754
0.0417771115899086
-0.019044039770960808
0.11191180348396301
0.008797072805464268
0.07039158791303635
0.03533968701958656
0.0327829085290432
-0.03156845271587372
-0.04423947632312775
-0.018816174939274788
0.09373914450407028
-0.0653643012046814
0.02828936278820038
0.024485014379024506
-0.02547193504869938
-0.09783820062875748
-0.07521899044513702
-0.05217700079083443
0.07801532000303268
0.019749857485294342
0.13463984429836273
-0.04259084165096283
0.0010928561678156257
0.04047822207212448
0.06179151311516762
0.019567446783185005
0.046354029327631
-0.04412374272942543
0.04588128253817558
-0.0009714108309708536
-0.06321833282709122
0.001735859434120357
-0.012605739757418633
0.004476865287870169
-0.04297170042991638
0.03216031566262245
-0.03619346395134926
0.05074375867843628
0.011206954717636108
-0.037643566727638245
0.010223111137747765
0.06723881512880325
0.009556641802191734
0.06801991164684296
0.012414486147463322
-0.013385380618274212
0.08883512765169144
-0.04918847233057022
-0.0603158138692379
0.051888804882764816
-0.03247600793838501
0.021794112399220467
-0.08395782858133316
0.01209739875048399
-0.005383994895964861
0.07432085275650024
-0.030245300382375717
0.05657176300883293
-0.046124059706926346
-0.08640603721141815
-0.013424389995634556
-0.05041177570819855
-0.00878819078207016
-0.008953019976615906
-0.06742623448371887
0.05025656148791313
-0.04437610134482384
-0.007089946884661913
0.08356671780347824
-7.121261592032531e-33
-0.0030181684996932745
-0.08437055349349976
0.011588620953261852
-0.132612943649292
0.01989683322608471
0.029522940516471863
0.03873487561941147
0.09766124933958054
-0.06954092532396317
-0.029325390234589577
0.03131609037518501
-0.072893887758255
0.07995304465293884
-0.025101056322455406
0.03665677085518837
0.02161208726465702
-0.015603677369654179
0.015179770067334175
0.1354697346687317
-0.029846811667084694
-0.04550383985042572
-0.04621310904622078
0.010840113274753094
0.03027970716357231
-0.02152133174240589
0.026118192821741104
0.013310003094375134
-0.01714499294757843
-0.04431070387363434
0.03365464136004448
-0.03771905228495598
-0.07482866197824478
0.02203953266143799
-0.010128193534910679
0.044885989278554916
-0.09007099270820618
-0.001142417429946363
-0.005053533706814051
-0.009312771260738373
-0.0041326615028083324
0.02603675052523613
-0.02588183432817459
-0.02328413911163807
-0.005247015506029129
-0.027832988649606705
0.03793022781610489
-0.00444044591858983
0.004281358327716589
-0.0439273975789547
0.029760396108031273
-0.053386177867650986
0.05003815144300461
0.06531814485788345
-0.038094524294137955
-0.004970025736838579
-0.045849211513996124
0.006547670345753431
0.020912062376737595
0.0385529100894928
0.06896989792585373
0.09389353543519974
0.05748738348484039
-0.029803739860653877
-0.052274130284786224
0.03855502977967262
-0.08373802900314331
-0.10084134340286255
-0.021583765745162964
-0.01076782587915659
0.04376706853508949
0.07142040133476257
0.05002904683351517
0.010061216540634632
0.006726515479385853
0.03091873787343502
-0.0626538023352623
0.006236147601157427
0.05159876123070717
-0.058743976056575775
0.010779760777950287
0.04302429407835007
-0.008423115126788616
-0.03446925804018974
0.06110192835330963
-0.06021427363157272
-0.026686344295740128
0.01785939931869507
0.01678960770368576
-0.054513052105903625
-0.03512175753712654
-0.004530786070972681
-0.059852469712495804
-0.04418601095676422
-0.04091399535536766
0.03860761225223541
2.711313168673123e-33
0.0058035822585225105
0.031149093061685562
0.030246952548623085
-0.07910022884607315
-0.046289052814245224
-0.0030226469971239567
-0.08907151967287064
0.03336280956864357
-0.09810078889131546
0.03808928281068802
-0.060210566967725754
0.029360385611653328
0.06307456642389297
0.010209266096353531
-0.007081440184265375
0.03087892197072506
-0.11411689221858978
0.015403312630951405
-0.04839600622653961
0.09252037107944489
0.010304814204573631
0.07404930144548416
0.09881918877363205
0.11673521250486374
-0.008813640102744102
0.04894688352942467
-0.03125455230474472
0.01735905185341835
-0.06998912245035172
-0.005366566125303507
-0.0009211036376655102
0.07092053443193436
-0.0445086695253849
-0.02737332135438919
-0.045847006142139435
-0.05020993947982788
0.02776225470006466
-0.13559743762016296
-0.024838780984282494
0.053398653864860535
0.12587320804595947
-0.005579328630119562
-0.00882019754499197
0.034475333988666534
0.11391082406044006
0.06804226338863373
-0.04613998159766197
0.031422100961208344
-0.01332568284124136
0.0026765083894133568
-0.016452284529805183
-0.009695864282548428
-0.01023016031831503
0.026355328038334846
0.10153649747371674
0.013956859707832336
-0.13821272552013397
0.060457129031419754
-0.06102936714887619
-0.002031973795965314
0.03220684826374054
-0.017358170822262764
-0.005141978617757559
0.07792408764362335
-0.08686427772045135
-0.07427960634231567
0.04964478313922882
-0.0015104259364306927
-0.013792011886835098
-0.006875545252114534
-0.037008997052907944
0.00880050752311945
0.020963536575436592
0.0036463395226746798
0.02346109412610531
0.08103207498788834
0.1110767126083374
0.023646919056773186
0.02270185388624668
0.017616428434848785
-0.0822957456111908
0.009768049232661724
0.057272784411907196
-0.0699530690908432
0.04041760414838791
-0.0176936537027359
-0.08552871644496918
0.031051259487867355
-0.01660478673875332
-0.02009139209985733
-0.08112403005361557
0.032146040350198746
-0.07631906121969223
0.029810534790158272
-0.02976069040596485
-1.7335608504254196e-08
-0.006679781712591648
0.0073805032297968864
0.0067812115885317326
-0.013625496998429298
-0.03218947350978851
-0.0465579628944397
0.03752725198864937
-0.092957504093647
-0.01499343104660511
0.053381748497486115
0.0290287584066391
-0.08963030576705933
-0.027490075677633286
-0.010125129483640194
-0.07864058762788773
-0.0068570771254599094
-0.03803957626223564
0.08113234490156174
0.047962736338377
0.07959888130426407
-0.008508419618010521
-0.039619214832782745
0.07968678325414658
0.0020009740255773067
0.04001767560839653
-0.1056390032172203
0.030819736421108246
-0.023443439975380898
0.018088441342115402
0.01743679866194725
-0.0016970301512628794
0.09128742665052414
0.04946696013212204
0.01670358143746853
0.04825214669108391
-0.08052580803632736
0.0362803153693676
0.012377742677927017
-0.060100726783275604
-0.00022437678126152605
-0.02114194631576538
0.06059100851416588
-0.07560090720653534
-0.03414704278111458
0.058784183114767075
0.10617049783468246
0.0689113438129425
0.013245546258985996
-0.012631935998797417
-0.11364296823740005
-0.11935707181692123
-0.05040491744875908
0.02456066943705082
-0.043584972620010376
-0.00037569820415228605
0.030306799337267876
-0.055644456297159195
-0.05960123986005783
-0.01725316420197487
0.018520746380090714
-0.05376240983605385
0.062208693474531174
-0.07241440564393997
0.00012569189129862934
