-0.0031280627008527517
-0.014619934372603893
0.014974416233599186
0.0772433951497078
-0.03839818760752678
0.020918551832437515
0.060291580855846405
-0.0005283346981741488
0.03004145435988903
0.008521053940057755
-0.006308470852673054
0.05323652923107147
0.04894576966762543
0.09261767566204071
-0.005042672622948885
0.03185286372900009
-0.04611283913254738
0.005457076244056225
0.020250698551535606
-0.08101053535938263
-0.13016900420188904
0.08176448196172714
-0.03558068722486496
-0.008738348260521889
-0.06948842108249664
-0.0659964382648468
0.03596479818224907
-0.044502947479486465
0.01854153722524643
-0.0496867373585701
-0.032586805522441864
-0.0826951414346695
-0.00919427815824747
0.002155484864488244
0.041296299546957016
-0.0070607527159154415
0.06207886338233948
0.04329808056354523
0.027856430038809776
0.00896727666258812
0.07005255669355392
0.04016463831067085
0.024077504873275757
-0.07165637612342834
0.02244425192475319
-0.08888121694326401
-0.09308845549821854
-0.04924110695719719
0.007547083310782909
-0.03799812123179436
-0.08116142451763153
0.024315232411026955
-0.059632059186697006
0.041018255054950714
-0.14079368114471436
-0.02800474315881729
0.012445615604519844
0.03098132647573948
-0.04952298849821091
-0.01563693769276142
0.09065618366003036
0.04159226268529892
0.04216393455862999
0.01873760111629963
0.0062466831877827644
-0.020756520330905914
-0.031060513108968735
-0.0519559420645237
0.016584362834692
0.004836403764784336
0.011357287876307964
0.03417534381151199
-0.01963529922068119
-0.12644973397254944
-0.08813881874084473
-0.08619192242622375
0.024690009653568268
0.023147152736783028
0.13944117724895477
0.00841351505368948
0.009288347326219082
0.08872243762016296
0.047229424118995667
0.08841858804225922
0.031745195388793945
0.0024980627931654453
0.036040421575307846
-0.023730114102363586
-0.07952544093132019
-0.03863617777824402
-0.0008037459338083863
-0.010496148839592934
-0.06839339435100555
0.020907415077090263
-0.045821648091077805
0.02475496008992195
-0.025085117667913437
-0.001573501736856997
-0.05525876581668854
0.02314256690442562
0.04399804770946503
0.016174044460058212
-0.026567745953798294
0.009178387001156807
0.10775113850831985
0.0028776347171515226
-0.007455260958522558
-0.0002785920223686844
-0.04521450027823448
0.03371085226535797
-0.027835894376039505
-0.017349986359477043
-0.05239446833729744
0.04434162378311157
-0.004045967943966389
0.017365841194987297
-0.0565715953707695
-0.04380153492093086
-0.01682632602751255
0.01265551708638668
-0.019432974979281425
-0.01344108022749424
-0.019859012216329575
0.024109285324811935
0.07474279403686523
-0.05500059574842453
0.07512018829584122
-6.727099969102586e-33
0.01176228653639555
-0.06316404789686203
-0.0036574085243046284
-0.07549077272415161
0.08470792323350906
0.03604386746883392
0.03938223421573639
0.02856113389134407
-0.11825545877218246
-0.020140167325735092
0.04398142173886299
-0.014812612906098366
0.05877777934074402
0.00809586513787508
0.05158063769340515
-0.042612046003341675
0.048332639038562775
0.009988192468881607
0.08069836348295212
-0.04232329502701759
0.023386243730783463
-0.05558319389820099
0.03615167364478111
-0.014351334422826767
0.05109817907214165
-0.017227647826075554
-0.010161164216697216
0.037774424999952316
-0.03611456975340843
0.03133955970406532
0.04719994589686394
-0.03629540652036667
-0.009000628255307674
0.024298863485455513
-0.02748917229473591
-0.06269291788339615
-0.002019302686676383
-0.028319409117102623
-0.06237589940428734
-0.027945104986429214
0.021754518151283264
0.008910494856536388
0.020709149539470673
0.020653389394283295
-0.0040977769531309605
0.008246341720223427
-0.006589948665350676
-0.00809183157980442
-0.020712299272418022
0.015624873340129852
-0.017670635133981705
-0.023140044882893562
0.0632285326719284
-0.013578992336988449
-0.00014020134403835982
-0.012928660027682781
0.0017934642964974046
0.030877290293574333
0.0010897149331867695
0.05006745457649231
0.061226990073919296
0.0511506162583828
-0.011716794222593307
-0.08011376857757568
0.06604106724262238
-0.07512398064136505
-0.06004202738404274
-0.03899625316262245
-0.05121336504817009
0.0378691665828228
0.038045305758714676
0.04782509058713913
0.06339170783758163
-0.05117620527744293
0.02056742087006569
-0.04665388539433479
-0.014014116488397121
-0.013758045621216297
0.02418963611125946
-0.03178846836090088
-0.013807948678731918
0.0007735281251370907
0.01336419116705656
0.0303150936961174
-0.037956949323415756
-0.09511001408100128
-0.03763841092586517
0.07678457349538803
-0.023225024342536926
-0.022984260693192482
0.07149065285921097
-0.018969040364027023
-0.02071979269385338
-0.06273043900728226
0.03015618585050106
2.6319762998712422e-33
-0.0009031877270899713
0.0317978672683239
0.1324908584356308
-0.03703117370605469
-0.03585055097937584
-0.022708004340529442
-0.10230738669633865
0.026679890230298042
-0.045399460941553116
0.049307651817798615
-0.038015399128198624
0.08550756424665451
0.04439622536301613
0.07714394479990005
0.05516568198800087
0.0471096970140934
-0.07258407026529312
0.011851772665977478
0.03487401828169823
0.026008885353803635
-0.03698194399476051
0.06134510412812233
0.05986570194363594
0.0912000760436058
-0.011085642501711845
0.05092142894864082
0.025136234238743782
0.0038301204331219196
-0.03569064661860466
-0.02224438078701496
0.02778230421245098
0.004672486335039139
-0.04961536452174187
0.009749548509716988
-0.11564788967370987
0.05106639862060547
0.0007353191031143069
-0.05517897754907608
-0.036824729293584824
0.07856760174036026
0.0708945095539093
-0.06759950518608093
0.028114857152104378
-0.02751735970377922
0.0723172053694725
0.032940853387117386
-0.009350608102977276
0.015754874795675278
0.05053746700286865
-0.0010973497992381454
0.00339244375936687
0.03791969269514084
0.012811752036213875
0.09515704214572906
0.0474049411714077
0.05263833329081535
-0.1912589818239212
0.019356319680809975
-0.08111997693777084
-0.03544444963335991
0.08452333509922028
0.010098469443619251
0.029676837846636772
0.039962101727724075
-0.11406305432319641
-0.12304562330245972
-0.015788577497005463
-0.0032014483585953712
-0.00039742267108522356
-0.009702791459858418
-0.027434231713414192
0.08363455533981323
-0.015970218926668167
-0.0001886428944999352
0.09147185832262039
0.10325881093740463
0.06096755713224411
-0.013500818982720375
-0.0032951163593679667
0.015753546729683876
-0.09069205820560455
-0.002700619865208864
0.00329719134606421
-0.04705982282757759
0.030041290447115898
-0.08816955238580704
-0.030004162341356277
0.02738623507320881
0.006548122502863407
-0.03705984354019165
-0.0006173591245897114
0.0351247675716877
-0.12266713380813599
0.018090086057782173
-0.05423837900161743
-1.5576466338984574e-08
-0.04832791909575462
-0.023991994559764862
-0.017160838469862938
-0.033424679189920425
0.01708466000854969
-0.00783127173781395
0.08029045164585114
-0.12854614853858948
0.005850175395607948
0.08286257088184357
-0.034262485802173615
-0.05441528186202049
-0.08345913887023926
0.01759369671344757
-0.04023447632789612
0.02449602074921131
-0.02264162339270115
0.026148218661546707
0.10489688813686371
0.07979980111122131
0.016683068126440048
-0.03806959092617035
0.029010718688368797
0.00904091913253069
0.0023107316810637712
-0.08419393002986908
-0.014094854705035686
-0.02097203955054283
0.0003207047702744603
0.07740794122219086
0.0026778667233884335
0.06001070514321327
0.017061958089470863
0.014569747261703014
0.004357980098575354
-0.11466459184885025
0.06129901856184006
-0.022767093032598495
-0.04994435980916023
0.030138704925775528
0.0863826721906662
0.09012345969676971
-0.07409347593784332
-0.019673099741339684
0.044394124299287796
0.06517168134450912
0.07550156116485596
-0.0671117827296257
-0.0393686406314373
-0.04093798249959946
-0.10703027248382568
-0.0516304150223732
0.036430127918720245
-0.08298840373754501
0.01625179871916771
0.021014448255300522
0.013771867379546165
-0.07134873420000076
-0.030916636809706688
0.06559642404317856
-0.11261706799268723
0.03318116441369057
-0.006401096936315298
0.04230042174458504
