-0.03015117347240448
-0.0005111410282552242
-0.037663981318473816
0.04894593358039856
-0.04314589127898216
0.05976796895265579
0.049870412796735764
-0.03849206119775772
0.045291341841220856
0.025629764422774315
0.07453472167253494
-0.03206334263086319
0.048750218003988266
0.0816454365849495
0.0035875968169420958
0.012792816385626793
-0.03836922347545624
-0.039470091462135315
0.02029358595609665
-0.07515466213226318
-0.12367221713066101
0.055727269500494
0.032995596528053284
0.015112965367734432
-0.06258387118577957
-0.03673182800412178
0.0018487046472728252
-0.05182623118162155
-0.011458778753876686
-0.019957367330789566
-0.0044713630340993404
-0.061677947640419006
-0.048430971801280975
0.09076087921857834
-0.06307654827833176
0.0005630105151794851
0.03591088205575943
0.057843856513500214
0.0872628465294838
0.0746968612074852
0.03550565242767334
0.024988975375890732
-0.013224372640252113
-0.016711343079805374
-0.030068272724747658
0.04419660568237305
-0.06654204428195953
-0.02494729496538639
-0.026579460129141808
-0.06492584943771362
-0.03094913251698017
0.00048942951252684
0.02536829560995102
0.03218410909175873
-0.044918786734342575
0.06049482524394989
-0.010796120390295982
0.015242415480315685
-0.05244242399930954
0.04658839479088783
-0.03976631164550781
0.029065825045108795
0.03719643875956535
0.041130948811769485
0.01903056725859642
-0.023883169516921043
-0.06093450263142586
-0.025874517858028412
-0.03682131692767143
0.003328012302517891
0.12788517773151398
-0.02738391049206257
0.04931499809026718
0.002584378467872739
0.004645764362066984
-0.08164247870445251
0.0565413273870945
0.035291027277708054
0.12904775142669678
0.04560542851686478
-0.08987218141555786
-0.022819094359874725
-0.04040802642703056
0.04131261631846428
0.009460726752877235
0.006449753884226084
0.035703741014003754
-0.005035900976508856
-0.09703461080789566
-0.02965073473751545
0.01331720408052206
-0.012744225561618805
-0.0534304641187191
-0.004425594583153725
0.03229331225156784
-0.0020341442432254553
-0.011637989431619644
-0.034051746129989624
-0.08375032246112823
0.06592387706041336
0.0014532858040183783
-0.055939484387636185
-0.055309802293777466
0.011987169273197651
0.0725080594420433
0.006079459562897682
-0.010763101279735565
0.04678003489971161
-0.046460382640361786
-0.0034361325670033693
0.008482182398438454
-0.020579010248184204
-0.07016099244356155
0.030301330611109734
0.035700488835573196
-0.031225405633449554
-0.020939446985721588
-0.02205144613981247
-0.01939293183386326
-0.05123993009328842
0.07213180512189865
0.003140138927847147
-0.10024745017290115
-0.00979439727962017
-0.0008992993971332908
0.025699229910969734
0.04034813493490219
-9.743183374442411e-33
0.04204082489013672
-0.0722818672657013
-0.060965027660131454
-0.11389005929231644
-0.002156878588721156
0.044534943997859955
0.00041354814311489463
-0.00021049751376267523
-0.05135980620980263
-0.024778813123703003
0.03452958166599274
0.028863394632935524
0.023624610155820847
0.05751402676105499
0.037697941064834595
-0.03023485466837883
0.07310327142477036
0.03880074620246887
0.06684815138578415
-0.04330986738204956
-0.03575518727302551
0.030869754031300545
0.03224606439471245
0.013223226182162762
0.014166602864861488
0.03223087266087532
0.006436609197407961
-0.09256043285131454
-0.025756102055311203
0.035430870950222015
-0.0032025589607656
-0.008193666115403175
0.015721658244729042
-0.007359575014561415
-0.11756688356399536
-0.0030257597099989653
-0.06176666542887688
-0.06719377636909485
-0.029276160523295403
0.05762970447540283
0.10889741778373718
-0.010908178985118866
0.04089928790926933
-0.003879958065226674
0.0025456100702285767
-0.03991534560918808
-0.06548953801393509
-0.02576623111963272
-0.015924841165542603
0.04031207785010338
0.032774392515420914
-0.02553669363260269
0.06312641501426697
-0.10022305697202682
0.009674612432718277
0.049902718514204025
0.013196103274822235
0.019971702247858047
0.026020485907793045
0.04423372820019722
0.024313943460583687
-0.05475826933979988
0.033102188259363174
-0.035929057747125626
0.18406592309474945
-0.08859347552061081
-0.027608370408415794
-0.0582030713558197
-0.08243557810783386
0.0376654714345932
-0.038603801280260086
0.006562269292771816
0.024221451953053474
-0.037944212555885315
0.022206705063581467
-0.0021034565288573503
-0.0020359319169074297
0.0008320146007463336
0.01257838774472475
-0.0359574519097805
-0.03304087370634079
0.020840534940361977
-0.01087870355695486
0.09344735741615295
0.010947858914732933
0.002087328350171447
0.014365078881382942
0.023731114342808723
0.03267667070031166
0.050256866961717606
0.005284514278173447
-0.04710839316248894
-0.047955840826034546
-0.010322940535843372
0.08737736940383911
5.2764969611756814e-33
0.017303867265582085
0.07309654355049133
0.024346403777599335
-0.006457161623984575
-0.042986657470464706
-0.009357990697026253
-0.028814589604735374
0.12948058545589447
-0.09377891570329666
0.08692863583564758
0.041501592844724655
0.011474469676613808
-0.05103781819343567
0.024133596569299698
0.004003982990980148
0.08511608093976974
-0.050865065306425095
0.027776969596743584
0.04545459523797035
-0.029728664085268974
-0.06782055646181107
0.061177950352430344
0.04055625572800636
0.048878539353609085
0.004253591410815716
0.025477660819888115
-0.013517376966774464
-0.008774281479418278
-0.03551606833934784
-0.11042336374521255
-0.0558784082531929
-0.04747828096151352
0.01730211451649666
-0.021519115194678307
0.004760595038533211
0.05990612879395485
0.10431428253650665
-0.0756339356303215
-0.019375205039978027
0.05637580156326294
0.027322005480527878
-0.010527065023779869
0.023623891174793243
0.019255738705396652
0.03292834758758545
0.022384772077202797
-0.012894893065094948
-0.032461799681186676
0.0011192896636202931
0.02729640156030655
-0.04567379504442215
-0.01302172802388668
0.05043219402432442
-0.025137418881058693
-0.024380140006542206
-0.02492719329893589
-0.0989735797047615
0.06561824679374695
0.009861617349088192
-0.013967158272862434
0.04596227779984474
0.020146887749433517
0.059740327298641205
0.0567372664809227
-0.08784496784210205
-0.1259228140115738
-0.005035554990172386
-0.06797762960195541
0.014190828427672386
-0.02354067750275135
-0.0019169775769114494
0.09102029353380203
0.04878274351358414
-0.04205168038606644
-0.011225594207644463
0.07259387522935867
-0.01383750420063734
-0.0461994931101799
-0.010651098564267159
0.03809578716754913
-0.0508740171790123
-0.04549460858106613
-0.017488092184066772
0.013007208704948425
0.0011801292421296239
-0.09015220403671265
0.000255858845775947
0.07483190298080444
0.010107062757015228
-0.0318024680018425
-0.022799359634518623
0.04718942567706108
-0.007392127066850662
-0.012692643329501152
-0.05266384035348892
-1.823851647486663e-08
-0.04779953882098198
-0.03558061644434929
-0.049751464277505875
-0.040305089205503464
0.08441141992807388
0.10656503587961197
-0.02058074250817299
-0.12834227085113525
-0.04805101454257965
0.005012399051338434
0.03293721005320549
-0.05909601226449013
-0.11911921948194504
-0.006184447091072798
-0.05801307410001755
0.02065320499241352
-0.06211415305733681
0.03798484057188034
0.11794240772724152
0.08477788418531418
-0.025442007929086685
0.038447123020887375
0.061612989753484726
-0.05004032701253891
-0.012881258502602577
-0.048245448619127274
-0.022252650931477547
0.08827328681945801
-0.06885460019111633
0.09475234895944595
-0.013351821340620518
0.04815703257918358
0.03949515148997307
-0.006925408728420734
0.020666202530264854
-0.10849886387586594
0.044533129781484604
-0.05124761536717415
0.006528263911604881
-0.0034384329337626696
0.10603715479373932
0.13998426496982574
-0.12215178459882736
-0.019216572865843773
0.07673925906419754
0.042508240789175034
0.06472387164831161
-0.08595660328865051
0.034477490931749344
-0.031782280653715134
-0.10907001793384552
-0.042210761457681656
0.05213041603565216
-0.012007770128548145
-0.08041194081306458
-0.00389433023519814
0.008243323303759098
-0.11728768795728683
-2.54877613770077e-06
0.040048662573099136
-0.013683650642633438
0.027181625366210938
0.05201926827430725
0.023615628480911255
