-0.06071460619568825
-0.07280600070953369
0.01598859392106533
0.10315147042274475
-0.07514949142932892
0.021715780720114708
0.04152759164571762
0.0016461102059111
0.054335884749889374
0.04134149104356766
0.038394633680582047
0.021861068904399872
-0.025416851043701172
0.06688980013132095
-0.05791153013706207
0.11393839865922928
-0.018108699470758438
0.03645094484090805
0.06465142220258713
-0.0223065335303545
-0.06764427572488785
-0.014397446066141129
-0.03599219024181366
0.04320336505770683
-0.07002715766429901
-0.05867542326450348
0.03313790261745453
-0.061093300580978394
-0.020321335643529892
-0.007643117569386959
-0.06114878132939339
-0.029493626207113266
-0.004216026980429888
0.053690142929553986
-0.031064357608556747
0.03786040470004082
0.0561632439494133
0.08935394138097763
0.020668290555477142
0.09338892251253128
0.0472918339073658
0.014721470884978771
0.05896967276930809
-0.10880590230226517
-0.06049511954188347
-0.07041719555854797
-0.05352681875228882
-0.02817983366549015
-0.07848302274942398
-0.03389674797654152
-0.010232481174170971
0.0764642059803009
-0.07984627038240433
-0.04474776238203049
-0.058222487568855286
-0.058302946388721466
-0.008506899699568748
0.05400631204247475
-0.014679918065667152
0.030824728310108185
0.062449485063552856
0.06954935938119888
0.0413748063147068
0.05300422012805939
-0.011777962557971478
-0.08581962436437607
-0.008764548227190971
-0.016227327287197113
-0.0019000897882506251
0.019453831017017365
0.0315321609377861
0.028437193483114243
-0.017154663801193237
-0.0324210450053215
-0.0345139279961586
-0.02499648556113243
0.04603917896747589
0.07220105826854706
0.06008314713835716
0.008548631332814693
-0.03111685998737812
0.00279050855897367
0.057759348303079605
0.09520338475704193
0.07371213287115097
0.07327409088611603
-0.020763536915183067
0.020991701632738113
-0.0031186179257929325
-0.048881739377975464
-0.0026669546496123075
-0.06095578148961067
-0.04401889815926552
0.001427818788215518
-0.04540837183594704
-0.03491015359759331
-0.07795997709035873
-0.0315699465572834
0.06585106998682022
0.003551758825778961
0.025289934128522873
0.0624353289604187
-0.09532052278518677
0.008883766829967499
0.06099811941385269
0.05513906106352806
-0.006190875079482794
0.01759704016149044
-0.05717473104596138
0.09401006251573563
0.032565873116254807
-0.03124326840043068
-0.06777919828891754
0.011786924675107002
0.0849565714597702
0.01979747787117958
-0.09222835302352905
0.011146838776767254
0.08608871698379517
-0.02226424776017666
-0.036179978400468826
-0.0694773718714714
0.0006426009349524975
-0.06364966928958893
0.08269871771335602
0.0004651280178222805
-0.004583360627293587
-5.3114040006073185e-33
-0.0012435003882274032
-0.015773974359035492
-0.007308703847229481
-0.02172153629362583
0.015351821668446064
0.03564560413360596
0.028195789083838463
0.0332433246076107
-0.0647672787308693
-0.05004344508051872
0.02770557440817356
0.020862940698862076
0.01058159489184618
-0.058299414813518524
-0.006919885985553265
-0.04573814198374748
0.046696458011865616
0.043566834181547165
0.04431670531630516
-0.04176529869437218
0.08745274692773819
-0.014953391626477242
0.0690998062491417
-0.013352480717003345
0.03423504903912544
-0.054663997143507004
0.009640946984291077
0.054665546864271164
-0.017628448083996773
-0.0028643894474953413
0.010877961292862892
-0.07003065943717957
0.07194440066814423
-0.05061771720647812
-0.05014723539352417
-0.05216626822948456
-0.027150137349963188
-0.024100515991449356
-0.03190891072154045
-0.01449204608798027
0.008071709424257278
-0.027395062148571014
0.08199960738420486
-0.05484355241060257
-0.03509062901139259
0.015637120231986046
-0.014566498808562756
-0.057458244264125824
-0.035361435264348984
0.04099186137318611
-0.09798770397901535
-0.07521995157003403
0.06810400635004044
0.026777135208249092
-0.012426231056451797
-0.03160542622208595
0.04803391918540001
0.04430311173200607
0.05432029068470001
0.020149612799286842
0.03746380656957626
0.08663474023342133
-0.019778041169047356
-0.024944690987467766
0.14401306211948395
-0.05287404730916023
0.02245175465941429
-0.039362583309412
-0.03885501250624657
0.0672290176153183
-0.039925381541252136
0.08523190021514893
0.10525943338871002
0.03035450167953968
0.07749458402395248
0.03382329270243645
-0.003803157014772296
-0.028723906725645065
0.046440523117780685
-0.10715283453464508
-0.0763961672782898
0.031057896092534065
0.04874081909656525
0.042630575597286224
-0.0019527702825143933
-0.004188063088804483
-0.038390226662158966
0.07375524193048477
-0.039372194558382034
-0.011021374724805355
0.0699249729514122
-0.0020981752313673496
0.03174813836812973
-0.031527236104011536
0.006596844177693129
2.5608331777075696e-33
-0.02729719504714012
0.08593390136957169
0.1537596434354782
-0.006266399752348661
-0.02777571603655815
0.0034631644375622272
-0.01867789775133133
0.018137438222765923
0.038744453340768814
0.003817435121163726
0.00033135252306237817
-0.05586355924606323
-0.011862392537295818
0.09523747861385345
0.025118933990597725
-0.032536305487155914
-0.058324575424194336
-0.058419227600097656
0.03206201642751694
-0.1016235426068306
-0.1536795198917389
0.03787533938884735
-0.009128504432737827
0.049331557005643845
0.0055716088972985744
0.047628097236156464
0.07677011936903
0.006122887600213289
-0.0567321740090847
-0.035901203751564026
0.007462321314960718
-0.08751239627599716
-0.08521627634763718
-0.07866215705871582
-0.035626452416181564
0.024809665977954865
-0.050475090742111206
0.026217475533485413
0.0069418917410075665
0.05498700216412544
-0.015316092409193516
-0.013777580112218857
0.013287559151649475
-0.07095599919557571
0.004818803630769253
0.11675157397985458
0.036092232912778854
-0.08223062753677368
0.06785054504871368
-0.021218137815594673
-0.04107167571783066
-0.027194702997803688
-0.012468742206692696
0.023622946813702583
0.0063313827849924564
0.03217220678925514
-0.049693699926137924
0.017973901703953743
-0.013856970705091953
-0.11979459226131439
-0.008367199450731277
0.045478638261556625
5.8133184211328626e-05
0.011477858759462833
-0.08160983771085739
-0.07852146029472351
-0.0058335717767477036
-0.07500461488962173
0.011015813797712326
-0.04661810025572777
-0.04244653880596161
0.07851075381040573
-0.05205610767006874
0.05683806911110878
0.07223110646009445
0.030233660712838173
0.06500202417373657
-0.09592366963624954
0.04687545448541641
-0.0031784663442522287
-0.04624145105481148
-0.021967599168419838
-0.0012940707383677363
-0.060522932559251785
0.026836050674319267
-0.006404178682714701
-0.001138232066296041
0.054617125540971756
0.01290959119796753
-0.021306214854121208
0.008366284891963005
0.024071866646409035
0.008780592121183872
-0.07215537875890732
-0.06977750360965729
-1.536535876311973e-08
-0.04821345582604408
0.017598293721675873
0.04028822109103203
-0.05245300009846687
0.04656367003917694
-0.032723866403102875
0.035690803080797195
-0.04302731528878212
0.014679237268865108
0.05721069499850273
-0.025583231821656227
0.004521580412983894
-0.03509155660867691
0.07344023883342743
-0.00674401642754674
0.038222745060920715
-0.0029993059579283
0.04717264696955681
0.0766625925898552
0.008407794870436192
0.013908317312598228
-0.030240658670663834
0.05235202610492706
-0.04031086340546608
-0.014592907391488552
-0.04313812777400017
-0.019422192126512527
0.04577070102095604
-0.0517452098429203
0.04258793219923973
-0.022138796746730804
0.0314047634601593
0.041355252265930176
0.05333799496293068
0.018058545887470245
-0.07187937200069427
0.06460237503051758
-0.04265473783016205
-0.05537077784538269
0.04534822329878807
0.07779427617788315
0.1218193918466568
-0.05515456944704056
0.026465607807040215
-0.0004364178457763046
0.04998946934938431
0.03230133280158043
-0.08341796696186066
-0.07229337841272354
-0.0019367531640455127
-0.09124068170785904
-0.011243721470236778
-0.002771091414615512
-0.07788418233394623
-0.013735299929976463
-0.022849418222904205
0.029374727979302406
-0.11299868673086166
-0.015108639374375343
0.0668627917766571
-0.08709130436182022
0.0024229546543210745
0.09431375563144684
-0.014622848480939865
