-0.04705161601305008
0.07471912354230881
0.0218003299087286
0.06578594446182251
0.007984018884599209
0.008507474325597286
-0.0007500480278395116
-0.007610948756337166
0.08586225658655167
0.001805904321372509
0.06245020776987076
-0.028460364788770676
0.07335807383060455
0.11459437012672424
-0.025133352726697922
0.04441041126847267
-0.0840248391032219
0.0025531421415507793
-0.017187906429171562
0.025311056524515152
-0.06314251571893692
0.020783375948667526
0.0223128292709589
-0.04067825898528099
-0.08377976715564728
-0.0310670118778944
0.014831184409558773
-0.03024441935122013
0.014154121279716492
-0.030801651999354362
-0.017849117517471313
-0.047163281589746475
-0.02466474659740925
0.050329964607954025
0.013778367079794407
-0.052908409386873245
0.03014945797622204
0.03556865453720093
0.04134581983089447
0.050401195883750916
-0.01491452381014824
-0.009231507778167725
-0.019433602690696716
-0.0441809706389904
-0.06855320930480957
0.0741846114397049
-0.020705651491880417
-0.01954560913145542
0.015495248138904572
-0.03948015719652176
-0.07277041673660278
-0.028548672795295715
-0.042249903082847595
-0.0017588575137779117
-0.0061616357415914536
-0.02955162711441517
-0.06780365109443665
-0.02826765552163124
0.009604031220078468
-0.030762050300836563
-0.006256202235817909
0.08577294647693634
0.004472516011446714
0.03625320643186569
0.06636174023151398
0.0578848198056221
-0.06987204402685165
-0.06353776901960373
-0.03400949761271477
-0.059056445956230164
0.059144891798496246
0.06703221797943115
0.08022768795490265
-0.088288314640522
-0.08304141461849213
-0.051937248557806015
0.0104296263307333
0.003955230116844177
0.07928227633237839
-0.03446231409907341
0.04705443233251572
-0.0025230383034795523
-0.026624716818332672
0.05568636953830719
0.07201630622148514
0.034930408000946045
-0.06301930546760559
-0.006047089584171772
-0.13625380396842957
-0.06322894990444183
-0.07386025041341782
-0.029458381235599518
-0.04847041517496109
-0.07177799940109253
-0.01153076533228159
-0.02914249897003174
-0.022724851965904236
-0.06835377961397171
0.05098819360136986
0.05989377945661545
0.014612068422138691
-0.03721104562282562
0.056570131331682205
0.025576531887054443
0.11357291787862778
-0.03328372910618782
-0.0383797287940979
0.07966549694538116
0.03688167408108711
-0.01612222008407116
-0.016024800017476082
-0.010508242063224316
-0.08517131954431534
0.025148719549179077
0.04442537575960159
-0.059240587055683136
-0.06274263560771942
-0.03993507847189903
-0.03353879973292351
-0.10095284134149551
0.03971787169575691
-0.011135542765259743
-0.05766650661826134
-0.0020084362477064133
-0.01508746575564146
-0.034996721893548965
0.0694979652762413
-6.541471778692485e-33
0.046659138053655624
-0.02326899766921997
-0.011598953977227211
-0.042795903980731964
0.080148845911026
0.025573017075657845
-0.010552376508712769
-0.02974405512213707
-0.10328599065542221
-0.015262280590832233
-0.023180795833468437
0.009546231478452682
0.01476597785949707
0.06362555921077728
0.052945975214242935
-0.02418590523302555
-0.008477789349853992
0.016565129160881042
0.09598464518785477
0.012292275205254555
-0.0457167886197567
0.018734268844127655
0.07746873050928116
-0.013453814201056957
0.019162744283676147
-0.018770724534988403
0.012002181261777878
-0.10003437101840973
-0.03284250199794769
-0.010868026874959469
0.004880127031356096
0.01821768656373024
0.020992904901504517
-0.057591866701841354
-0.039093032479286194
-0.00952506996691227
-0.051916833966970444
-0.0915362760424614
-0.03583794832229614
0.046988535672426224
0.12713390588760376
0.002069518668577075
-0.0057356455363333225
0.022940807044506073
0.01768149994313717
0.06331683695316315
-0.033460818231105804
-0.006477265153080225
-0.028989534825086594
0.025045396760106087
0.07192917168140411
-0.053365495055913925
0.02830391936004162
-0.06749057024717331
-0.01596752554178238
0.025230808183550835
0.03641657903790474
-0.042467884719371796
-0.0030206951778382063
0.06169695034623146
0.07225370407104492
0.008697905577719212
-0.011074678972363472
-0.02849213220179081
0.11459656059741974
-0.052133724093437195
-0.08007586747407913
0.0009945790516212583
-0.04396847262978554
0.03874654695391655
-0.02778744325041771
0.03780578449368477
0.034154362976551056
-0.07463456690311432
0.04097156599164009
0.021391861140727997
0.06737478822469711
-0.012487349100410938
-0.005660601891577244
0.026361556723713875
-0.054973945021629333
0.050362344831228256
-0.015435016714036465
-0.021718528121709824
-0.06000206992030144
0.045108549296855927
0.037826862186193466
0.05535249039530754
-0.020463308319449425
0.0022200169041752815
-0.06630611419677734
0.04975904896855354
-0.024469029158353806
-0.01829187199473381
0.06414151191711426
2.4952776944721338e-33
-0.0019384698243811727
0.02789091318845749
0.03574678301811218
0.003623054828494787
-0.03129062429070473
0.05835611745715141
-0.001616366789676249
0.0854492112994194
-0.009248608723282814
0.06427492946386337
0.026095321401953697
0.030161328613758087
0.01903877966105938
-0.03542591258883476
-0.011946495622396469
0.01936236023902893
-0.01998935639858246
0.06110698729753494
-0.011766553856432438
-0.04784112423658371
-0.08386211097240448
0.08208179473876953
0.03661329299211502
0.016441741958260536
-0.03753616288304329
0.08422863483428955
0.06706424057483673
-0.019419774413108826
-0.06294169276952744
-0.056444164365530014
-0.011690674349665642
-0.07411155849695206
0.037352923303842545
0.04035001993179321
-0.001996788661926985
0.011421343311667442
0.05857148766517639
-0.07900582253932953
-0.02284644916653633
0.027422668412327766
0.05602113530039787
-0.03620850667357445
-0.009281790815293789
0.02072698064148426
0.012654077261686325
-0.005142746027559042
-0.019374703988432884
-0.037234868854284286
0.05570150166749954
0.041258394718170166
-0.022137995809316635
-0.058614086359739304
0.0037999346386641264
0.02275068871676922
0.03302599489688873
-0.016067462041974068
-0.07481752336025238
-0.02313164807856083
0.09237253665924072
0.06350067257881165
-0.002634240547195077
0.053056295961141586
-0.08518793433904648
0.010542172938585281
-0.06201872229576111
-0.12086223810911179
-0.012599254958331585
-0.03590785712003708
-0.02197660505771637
-0.04405088722705841
0.0423259399831295
0.03377872332930565
0.01858501508831978
-0.008084835484623909
0.056110408157110214
0.02201799303293228
0.0005489310133270919
0.039327703416347504
0.037707190960645676
-0.010226565413177013
-0.06888237595558167
-0.0970035120844841
-0.010971618816256523
0.07534556090831757
0.027877872809767723
0.022070225328207016
-0.02649000659584999
0.007447719573974609
0.08888311684131622
-0.10041093826293945
0.010097178630530834
0.11522111296653748
-0.014164370484650135
-0.03230458125472069
0.07656547427177429
-1.8132547907612206e-08
-0.03249771147966385
-0.0016204888233914971
0.03166608512401581
-0.08190465718507767
0.0971670001745224
-0.00046936579747125506
0.02589637041091919
-0.060340918600559235
-0.03010535053908825
-0.006047672126442194
0.03814283385872841
-0.02189614064991474
-0.12774533033370972
-0.02480199560523033
-0.06434983015060425
0.034377895295619965
-0.0030398783273994923
0.045019831508398056
0.10247360914945602
0.07691129297018051
-0.11104001104831696
-0.047008104622364044
0.095798060297966
-0.09515493363142014
-0.07332656532526016
-0.060828953981399536
-0.028415672481060028
0.00503876805305481
-0.04599165543913841
0.014894548803567886
-0.018746867775917053
0.09316226840019226
0.04779990762472153
-0.07418128848075867
0.0827559381723404
-0.0979146882891655
0.008081554435193539
-0.025619151070713997
-0.055925726890563965
0.010075324214994907
0.056029971688985825
0.07747063785791397
-0.022545309737324715
-0.011511193588376045
0.048356834799051285
0.06841114908456802
0.09512201696634293
-0.05902251601219177
-0.021881090477108955
0.05056072771549225
-0.12355838716030121
-0.02163505367934704
0.03523200377821922
0.024953588843345642
-0.05844055488705635
-0.09601614624261856
0.034147538244724274
-0.10351737588644028
0.05142952501773834
0.0891229435801506
0.07881594449281693
0.031932927668094635
-0.0688101202249527
0.06866110116243362
