0.055303480476140976
0.04279150441288948
0.03853349760174751
0.09746689349412918
0.07754957675933838
0.08139726519584656
0.03590831160545349
0.03859010338783264
-0.02212211862206459
0.0759810358285904
0.03486696630716324
0.04122113063931465
-0.023556657135486603
0.07095244526863098
0.00998090673238039
0.03608305752277374
0.004537222441285849
-0.020902592688798904
0.03941364213824272
-0.033037327229976654
-0.11862283200025558
0.06945125758647919
-0.049328796565532684
-0.037184860557317734
0.010333731770515442
-0.026111427694559097
0.0439738929271698
-0.021684596315026283
0.06165841594338417
-0.013288886286318302
-0.00444378238171339
-0.04557717964053154
-0.023338070139288902
0.046609051525592804
0.08813291043043137
0.016703693196177483
0.03469015285372734
-0.005012315232306719
0.03828367963433266
0.020665494725108147
0.12059882283210754
0.02911997213959694
-0.03475490212440491
-0.05772107467055321
-0.062296729534864426
-0.03905033692717552
-0.057621631771326065
-0.03197861462831497
0.060239844024181366
-0.1265370398759842
-0.005950504913926125
0.043862465769052505
-0.043399617075920105
0.04583209753036499
-0.10065671801567078
-0.0385901965200901
-0.02733139507472515
0.008991261012852192
-0.06047073379158974
-0.030687013640999794
0.041841477155685425
0.024935482069849968
0.009173266589641571
0.029201503843069077
-0.0015905757900327444
0.03364887088537216
0.00038883136585354805
-0.047615520656108856
-0.0042099435813724995
0.021119337528944016
0.003179749706760049
0.018194710835814476
0.034046851098537445
-0.01057371124625206
-0.021926693618297577
-0.15516167879104614
0.013687148690223694
-0.0008513241773471236
0.08359179645776749
0.033327460289001465
-0.08274529129266739
0.05637494847178459
-0.024139417335391045
0.06468863785266876
-0.04583612456917763
-0.024097081273794174
-0.0005596434348262846
-0.014009007252752781
-0.06320112198591232
-0.07879862189292908
0.02681243233382702
-0.0034297460224479437
-0.0643659234046936
0.048393841832876205
-0.041510097682476044
-0.012323864735662937
-0.015006770379841328
-0.016355670988559723
-0.06065492331981659
0.03158973529934883
-0.020116062834858894
0.07145510613918304
-0.06500007957220078
0.06293503940105438
0.09135570377111435
-0.04266643524169922
0.0014039457309991121
-0.029562855139374733
0.010946684516966343
0.08219374716281891
-0.03418128192424774
0.004742317833006382
-0.0752340629696846
0.027874190360307693
-0.00575595535337925
-0.05476471036672592
-0.05315873771905899
-0.028840981423854828
-0.01111300103366375
-0.040024206042289734
0.04723550006747246
0.05121487379074097
-0.02892635576426983
0.020466763526201248
0.045326411724090576
-0.05975795164704323
0.0209836196154356
-5.628342624185947e-33
0.03972042724490166
0.026823386549949646
0.04130026325583458
-0.039325911551713943
0.033283405005931854
0.003953390754759312
0.02590208686888218
0.03238241747021675
-0.06765694171190262
0.06445803493261337
0.03638391196727753
-0.03632113337516785
0.02752121537923813
-0.00880925077944994
0.07251684367656708
0.01092781312763691
0.014433254487812519
-0.024130498990416527
0.049926768988370895
0.0488620400428772
-0.01566578447818756
-0.012633530423045158
0.03819381073117256
-0.004223836585879326
-0.0392913892865181
-0.02172030322253704
0.02501240000128746
-0.002845115028321743
-0.044997964054346085
0.021817313507199287
-0.02058190107345581
-0.016980983316898346
0.014994565397500992
0.02770843915641308
-0.035891950130462646
-0.051870837807655334
-0.009172327816486359
-0.03530914708971977
0.024829991161823273
-0.02044372446835041
0.06368859857320786
0.01792716234922409
0.034212641417980194
-0.005597707815468311
-0.004736392758786678
0.03869093954563141
-0.005928268656134605
0.001180079416371882
0.030849603936076164
-0.06203899905085564
0.10395926982164383
0.002352811163291335
0.04226623475551605
-0.030778491869568825
-0.005923046730458736
0.0161477942019701
-0.03687377646565437
-0.04447834938764572
-0.0299852155148983
0.020375242456793785
0.0543564036488533
-0.039684902876615524
0.022311989217996597
-0.07656785845756531
0.08283788710832596
-0.055596258491277695
-0.045176468789577484
-0.035637497901916504
-0.06395142525434494
-0.020147068426012993
-0.008425980806350708
0.030049243941903114
0.12174735218286514
-0.0649234876036644
0.08627935498952866
0.019946947693824768
0.01626816764473915
0.049836624413728714
-0.021940940991044044
-0.07569562643766403
0.03582632541656494
-0.01955760270357132
0.004787622485309839
-0.007502228952944279
-0.03038039430975914
-0.060513872653245926
-0.03146335855126381
0.13821326196193695
-0.0488256998360157
0.0016284274170175195
0.003676322055980563
-0.0281539186835289
0.00622154213488102
-0.1244223341345787
0.02825596183538437
2.1133856611708814e-33
-0.08689205348491669
-0.020996736362576485
0.02759169414639473
-0.07086943835020065
-0.053932901471853256
-0.03749392554163933
-0.059269703924655914
0.05559747666120529
-0.05621761083602905
0.1155090257525444
-0.0334419347345829
0.01587740331888199
0.07075045257806778
-0.030987055972218513
0.008536580950021744
0.13677795231342316
-0.052832890301942825
-0.0026090240571647882
0.056081339716911316
0.03018890507519245
-0.0763159766793251
0.06382284313440323
0.061151158064603806
0.05845777317881584
0.04857856035232544
0.046608779579401016
-0.008781337179243565
0.028957568109035492
-0.004975993186235428
-0.1208234503865242
-0.005940505303442478
0.011475097388029099
-0.03766660764813423
-0.008031059987843037
-0.036589812487363815
0.03664400428533554
-0.09062401950359344
-0.12237954139709473
-0.05082738399505615
0.014308862388134003
0.044599443674087524
-0.052905384451150894
0.06930841505527496
-0.04666483774781227
0.08487964421510696
-0.03515060618519783
-0.0445287749171257
-0.007202328182756901
-0.05603109672665596
0.016509322449564934
0.0030733877792954445
0.07090424746274948
-0.013428001664578915
0.004283141810446978
0.03191281110048294
0.05103133246302605
-0.16505193710327148
0.0023892491590231657
0.023256052285432816
-0.016718335449695587
0.09097805619239807
0.004039022605866194
-0.040944624692201614
0.033774830400943756
-0.1048329547047615
-0.031663790345191956
-0.05903337150812149
-0.07229432463645935
-0.0008660638704895973
0.03900407999753952
0.01634090021252632
0.09777788072824478
0.04436821490526199
-0.038060639053583145
0.0015121136093512177
0.07344191521406174
0.06881297379732132
0.002870656782761216
-0.028036056086421013
0.0479113943874836
-0.08115221560001373
-0.010044864378869534
-0.06338172405958176
-0.036195386201143265
0.0749119445681572
-0.12208300828933716
-0.02842795103788376
0.050183702260255814
-0.052415646612644196
0.02656756155192852
-0.0961545780301094
0.09241443127393723
-0.009947840124368668
0.044410813599824905
-0.010847773402929306
-1.645258862481569e-08
-0.01401469949632883
0.013521531596779823
-0.05845004320144653
-0.023275211453437805
0.0010237048845738173
-0.027250390499830246
0.005736950319260359
-0.1718798577785492
-0.030459405854344368
0.08420492708683014
0.0016929106786847115
-0.038624875247478485
-0.03541811555624008
0.04629460722208023
-0.057462383061647415
0.031314849853515625
-0.023425191640853882
-0.006216603331267834
0.06963241100311279
0.03089582547545433
0.01144416257739067
0.024137593805789948
-0.028164993971586227
0.018456384539604187
0.02700413204729557
-0.07982596755027771
0.040791794657707214
0.038196809589862823
-0.06262412667274475
0.013075743801891804
0.02699621208012104
0.06512436270713806
0.02756180614233017
0.040008846670389175
0.03505353257060051
-0.03119390830397606
0.09834236651659012
-0.030853325501084328
0.015262213535606861
0.0036685550585389137
0.09126434475183487
0.04650295525789261
-0.0951317772269249
0.04077230393886566
0.010306387208402157
0.03811066970229149
0.026380879804491997
-0.08503084629774094
0.05372217297554016
0.003883303375914693
-0.09752314537763596
-0.09183850139379501
-0.022844599559903145
-0.019887123256921768
0.01415212918072939
0.011879750527441502
-0.0322585366666317
-0.02839425951242447
-0.00545302452519536
0.008816516026854515
-0.09674777090549469
0.07307381927967072
-0.032566145062446594
0.10255565494298935
