0.04879409819841385
0.025873741135001183
0.07262919098138809
0.14224275946617126
0.05974708870053291
0.050776831805706024
-0.04237775132060051
0.030852897092700005
0.04613558202981949
0.05323890596628189
-0.11802353709936142
0.02653242088854313
-0.012246121652424335
0.012855387292802334
0.013421440497040749
0.0614415667951107
-0.037255991250276566
0.07491082698106766
0.08238333463668823
-0.07366602122783661
-0.010623186826705933
-0.03194350376725197
0.024750854820013046
-0.0491015762090683
0.04194942116737366
-0.047669265419244766
0.04652843624353409
-0.06755268573760986
0.004789507482200861
-0.011476214975118637
-0.060885775834321976
-0.032543957233428955
-0.016369685530662537
-0.019268840551376343
0.02145390585064888
0.08522406220436096
0.04414372146129608
-0.00743316113948822
0.006836868356913328
0.05469910800457001
0.09272121638059616
0.12016644328832626
0.031214814633131027
-0.040972549468278885
-0.10110953450202942
-0.025387294590473175
-0.12043093889951706
-0.0493919663131237
-0.0011040441459044814
-0.0018912970554083586
0.007875004783272743
0.04981424659490585
-0.07242951542139053
-0.0005516111268661916
-0.02423981949687004
-0.0771627277135849
-0.021628014743328094
-0.02129349671304226
0.057449065148830414
0.017935579642653465
-0.03116454929113388
0.0375681146979332
0.17801067233085632
-0.002406851854175329
-0.02047920785844326
0.02819853276014328
-0.037625230848789215
0.0007671199855394661
-0.0451481007039547
-0.030049555003643036
-0.03435918316245079
0.021217044442892075
0.001461890060454607
-0.00867551565170288
-0.09217976778745651
-0.08705375343561172
0.02193365804851055
0.07006663829088211
0.11174839735031128
0.06677687913179398
-0.1025780588388443
0.06354032456874847
0.00188342179171741
-0.0492517426609993
-0.008223792538046837
0.07772751897573471
0.07574159651994705
-0.01721363328397274
-0.11840382218360901
0.05039538815617561
0.11482074856758118
0.04037022963166237
-0.015676463022828102
0.0201596487313509
0.007397509645670652
-0.08710435777902603
0.008628328330814838
-0.007843594066798687
-0.03280560299754143
-0.045777205377817154
0.019974319264292717
0.05021689459681511
0.027871131896972656
0.03393532335758209
0.027347004041075706
0.0050602927803993225
-0.036684878170490265
-0.006235045846551657
0.04980069771409035
0.03474799916148186
-0.04973529651761055
0.046256739646196365
0.03082265704870224
0.021353622898459435
0.03961615636944771
0.0020987053867429495
-0.016165386885404587
0.030302055180072784
-0.013103784993290901
-0.023343278095126152
0.04624074324965477
-0.0024690371938049793
-0.027494270354509354
-0.07284287363290787
-0.06370359659194946
-0.06629866361618042
-0.00019601003441493958
-3.600462054751894e-33
0.07485143095254898
-0.033757515251636505
-0.027220653370022774
-0.03161407262086868
-0.04846175014972687
0.021759729832410812
-0.01659216359257698
0.09080687910318375
-0.11146280914545059
0.07212869077920914
0.010668105445802212
0.011606264859437943
0.021446743980050087
-0.029113611206412315
0.07192600518465042
-0.00445951335132122
0.023427648469805717
0.008889548480510712
0.05662623047828674
0.0005871324683539569
-0.059559307992458344
0.07690862566232681
0.07514975219964981
0.007257645018398762
-0.050607822835445404
-0.06661166250705719
0.01336210872977972
-0.03580892086029053
-0.11946704983711243
-0.01162546593695879
-0.0497157946228981
-0.038108471781015396
0.027224058285355568
0.009477433748543262
-0.07391957938671112
-0.09890305995941162
0.010525827296078205
-0.0209603663533926
-0.08131921291351318
-0.0111647117882967
0.12838834524154663
0.03429418429732323
0.018027685582637787
-0.023727403953671455
-0.01952291652560234
0.009032460860908031
0.04773038998246193
0.012642399407923222
0.05145588144659996
-0.039308398962020874
0.027653248980641365
0.001458493061363697
0.004309686832129955
-0.042195361107587814
-0.009136968292295933
-0.004798692651093006
-0.018535571172833443
-0.05091635137796402
0.0076260752975940704
0.03691823408007622
0.06187158823013306
-0.05495312809944153
0.04164103791117668
-0.08006621152162552
0.06446442008018494
-0.01195913553237915
-0.08272828906774521
-0.09547504037618637
-0.041869573295116425
-0.0663180723786354
0.06705521792173386
0.02329154685139656
0.030549487099051476
-0.03798797354102135
0.038826264441013336
0.008032755926251411
0.03846857324242592
-0.0016614979831501842
-0.09586184471845627
-0.04371941089630127
0.07082778960466385
0.005403408780694008
-0.003962056245654821
-0.016710078343749046
-0.010309695266187191
-0.03073025681078434
0.03145894035696983
0.0920138731598854
-0.1072278693318367
0.04092550650238991
-0.11195288598537445
-0.055504269897937775
-0.06459464132785797
-0.01763220690190792
0.05164932459592819
1.980396107790602e-33
-0.011330333538353443
-0.12805433571338654
0.07065720856189728
-0.03585158661007881
-0.08501817286014557
-0.025991037487983704
-0.004240699112415314
0.035795655101537704
-0.09834372997283936
0.06668195873498917
-0.0030410506296902895
-0.06981077045202255
0.054458197206258774
-0.0493457093834877
0.08091035485267639
0.0107618672773242
-0.011235940270125866
-0.008780110627412796
0.02271386981010437
0.031940460205078125
-0.04664893075823784
0.08644551783800125
-0.014305740594863892
0.036668673157691956
-0.00013905545347370207
0.10041337460279465
-0.028437266126275063
0.0041276453994214535
0.02861696295440197
-0.08689318597316742
0.0739704892039299
-0.017985988408327103
-0.012581863440573215
0.0337577648460865
0.015018968842923641
-0.04207567125558853
0.01440124399960041
-0.0932435393333435
0.020509794354438782
-0.018751230090856552
0.05724845081567764
-0.058041732758283615
-0.05584196746349335
-0.04954475164413452
0.06426148116588593
-0.04327141493558884
-0.059966810047626495
0.004167547915130854
0.09533282369375229
0.05079623684287071
-0.04985015466809273
-0.04171396419405937
-0.02823234349489212
-0.01547548733651638
-0.0039566634222865105
0.004132351838052273
-0.10103794187307358
0.02910740114748478
0.07237281650304794
-0.03885610029101372
0.05625811219215393
0.05947982892394066
0.08556918054819107
-0.01953706331551075
-0.08202839642763138
-0.011997590772807598
0.00794068444520235
-0.019333451986312866
0.057000964879989624
-0.022807560861110687
0.05196891725063324
0.07290516793727875
0.08713594824075699
0.03590947762131691
0.007467093877494335
0.031012048944830894
0.06529364734888077
-0.062107447534799576
-0.02694159559905529
0.026437092572450638
-0.009858354926109314
0.003646472003310919
-0.019270874559879303
0.037513550370931625
-0.003857320174574852
-0.040133241564035416
0.029004128649830818
0.04781001806259155
-0.01850755512714386
0.013160265050828457
-0.07425490766763687
0.040596675127744675
-0.05523456633090973
0.025756830349564552
-0.012736851349473
-1.623584111598575e-08
-0.043240200728178024
-0.03565705195069313
-0.015327733010053635
0.05867559090256691
-0.06627798080444336
-0.03248075768351555
0.012226306833326817
-0.13588835299015045
-0.0318688303232193
0.03106432780623436
0.08546603471040726
-0.046235762536525726
-0.014921843074262142
-0.01756656914949417
0.0016081202775239944
-0.0007745330804027617
-0.02663690224289894
0.004739214200526476
0.10867778211832047
0.02058952860534191
-0.032720502465963364
-0.01592397131025791
0.052480168640613556
-0.04017001762986183
0.02610114775598049
-0.07258064299821854
0.060467325150966644
0.054257869720458984
-0.052414778620004654
-0.008410987444221973
-0.0274738147854805
0.014841274358332157
-0.029780426993966103
0.03903127834200859
0.023249393329024315
-0.06906495243310928
0.016430553048849106
-0.007969572208821774
0.022795721888542175
0.0007336955168284476
0.09408821165561676
0.040934305638074875
-0.030469700694084167
0.020685648545622826
0.013070057146251202
0.024636149406433105
0.02465180493891239
-0.034505248069763184
0.02639763243496418
0.04918082803487778
-0.07718947529792786
0.011420917697250843
-0.07178476452827454
0.034174077212810516
0.005422764457762241
-0.02529514580965042
0.004145530983805656
-0.00847288966178894
0.01548241451382637
-0.002448277547955513
-0.038958482444286346
0.044849053025245667
0.02975521609187126
0.026988981291651726
