-0.02535073831677437
0.013937726616859436
0.03156234696507454
0.0014454551273956895
-0.027489133179187775
-0.0013807759387418628
0.16495317220687866
-0.03736979141831398
-0.008511831983923912
-0.007901189848780632
0.06694702804088593
-0.032070342451334
0.05477467551827431
0.08453528583049774
0.049989257007837296
0.03515065833926201
-0.06762292236089706
0.014056289568543434
0.06718627363443375
0.034712616354227066
-0.03767099604010582
0.025935949757695198
-0.09938498586416245
-0.013569542206823826
-0.1103990375995636
0.04239412024617195
-0.010863590054214
-0.09373124688863754
0.03375754877924919
0.016528917476534843
0.0254707932472229
-0.08100344985723495
-0.051482751965522766
0.010118675418198109
-0.1165451928973198
-0.032841119915246964
-0.0014536194503307343
0.04292677342891693
-0.020993268117308617
0.09516232460737228
-0.0646594911813736
0.004997476004064083
0.0008891023462638259
-0.004022629465907812
-0.0012476475676521659
0.10582579672336578
-0.0820409283041954
-0.014228913001716137
0.05009957030415535
-0.059388648718595505
-0.04912354424595833
0.02893802337348461
0.04015146568417549
-0.07465369254350662
0.006617198698222637
0.020251251757144928
-0.09848132729530334
0.07956995815038681
-0.02435080148279667
0.019042860716581345
0.014900964684784412
0.0074727218598127365
-0.0034081372432410717
0.04851920157670975
0.02800155058503151
-0.04774576798081398
-0.090451680123806
-0.010100655257701874
-0.012112951837480068
0.06545586884021759
0.010960291139781475
-0.016932418569922447
0.06288161128759384
-0.045601990073919296
-0.06338247656822205
-0.08479823917150497
0.014995980076491833
-0.03409222513437271
0.03570817410945892
-0.028544031083583832
-0.024033652618527412
0.022099964320659637
-0.043061673641204834
0.05614729970693588
0.08980406820774078
0.00807102955877781
-0.020742341876029968
0.011064576916396618
-0.0824851542711258
0.03637735918164253
-0.028512613847851753
-0.11975976824760437
0.0462305024266243
-0.031008103862404823
0.022849146276712418
-0.013580385595560074
-0.012518079951405525
0.013061756268143654
-0.014230333268642426
0.05050202086567879
-0.02284918911755085
-0.08229966461658478
-0.08184728026390076
0.028323916718363762
0.09554772078990936
0.04536133632063866
0.05383693054318428
0.0436757355928421
-0.006887335795909166
0.10935815423727036
-0.0036199339665472507
0.010000169277191162
-0.09482786804437637
-0.023918772116303444
0.05315035581588745
0.04108920320868492
-0.06356793642044067
-0.04598606377840042
0.03397589921951294
-0.043023429811000824
0.05776110291481018
0.0050549800507724285
0.04809394106268883
0.006040938198566437
0.11357171833515167
0.011227013543248177
0.05014434829354286
-6.364987464963842e-33
0.024546898901462555
0.029718942940235138
-0.043065812438726425
0.006771564017981291
-0.005879047326743603
0.04647271707653999
0.01676119677722454
-0.0022217980585992336
-0.04448668286204338
-0.011869858019053936
0.026406344026327133
0.09747803956270218
-0.044758666306734085
0.05067436769604683
0.012549130246043205
-0.05386550351977348
0.03352132439613342
0.07768188416957855
0.006922653876245022
-0.06878579407930374
-0.05550983175635338
-0.032951995730400085
-0.004300025291740894
0.07064657658338547
-0.0016832688124850392
0.026304170489311218
0.043365392833948135
-0.028232619166374207
0.030218906700611115
0.024315979331731796
-0.07442508637905121
-0.005501657258719206
0.0006396635435521603
0.027472643181681633
-0.006125576328486204
0.06440144777297974
-0.08129988610744476
-0.028813878074288368
-0.0038124206475913525
0.05668618902564049
0.08492402732372284
0.039160002022981644
-0.007725144270807505
-0.03201436996459961
-0.0766395702958107
-0.007889159955084324
-0.04409031942486763
0.02469751611351967
-0.01804463006556034
-0.08970193564891815
0.020527679473161697
-0.009988527745008469
0.015958240255713463
-0.11649805307388306
-0.04111569747328758
0.021900193765759468
0.03586450591683388
0.054972827434539795
0.006321643013507128
-0.022990133613348007
-0.007599401753395796
0.02675679512321949
0.01827438734471798
-0.0062086922116577625
0.08902299404144287
-0.10687530040740967
-0.023035315796732903
0.0048505766317248344
-0.10418321937322617
-0.03357476741075516
-0.031841959804296494
0.02999846078455448
-0.001971751917153597
-0.02293170988559723
0.08794359862804413
0.019859829917550087
0.026529302820563316
0.06413091719150543
-0.04760121926665306
0.014548535458743572
-0.10344401746988297
0.0789530947804451
0.0351286418735981
-0.07916048169136047
0.004995204042643309
0.07455307245254517
-0.0189900491386652
0.08317860215902328
-0.059963930398225784
0.012335462495684624
0.022170793265104294
-0.05374164506793022
0.03701717406511307
0.0050863903015851974
0.0024013249203562737
1.4528743752533803e-33
-0.07712265849113464
0.04625929892063141
0.15193837881088257
-0.024944081902503967
0.031167304143309593
-0.008043336682021618
0.025400493294000626
0.05566287040710449
-0.07638225704431534
0.0025383527390658855
0.012513739988207817
0.06635784357786179
0.02583281323313713
0.015613557770848274
-0.06783345341682434
0.0016561946831643581
-0.05749313533306122
0.03941943496465683
0.02652473747730255
-0.010679800063371658
-0.0018683765083551407
-0.012978256680071354
0.01851584203541279
-0.035725612193346024
-0.13978250324726105
0.08934945613145828
-0.04994764178991318
-0.02093675546348095
-0.0379834845662117
-0.003976317122578621
-0.04519486799836159
-0.036315035074949265
-0.017399601638317108
-0.0691646859049797
0.019325798377394676
0.022300569340586662
-0.07118859887123108
-0.012714410200715065
-0.08852043002843857
0.009554451331496239
-0.004670492839068174
0.01586236245930195
0.06776749342679977
-0.025339467450976372
0.08940461277961731
0.012659690342843533
0.022822123020887375
-0.10129182040691376
-0.04383077844977379
-0.07445891201496124
-0.04357447475194931
-4.9744139687391e-05
-0.09347829222679138
-0.08436159044504166
-0.054281655699014664
0.030312491580843925
-0.0738815888762474
0.05597957223653793
0.0629674568772316
-0.050264690071344376
0.004307497758418322
-0.004987654741853476
0.016992418095469475
0.08155123889446259
-0.07303059101104736
-0.02402494288980961
-0.00022223914857022464
-0.012779389508068562
0.039870016276836395
-0.06770674884319305
0.023234432563185692
-0.06157074123620987
-0.027704527601599693
-0.0407257117331028
0.05113157257437706
0.022002212703227997
0.044078949838876724
0.026465043425559998
0.08257942646741867
0.025571441277861595
-0.033353377133607864
-0.025958029553294182
-0.03916195407509804
0.10906514525413513
-0.02633667178452015
0.0015667512780055404
-0.0060952999629080296
0.018967311829328537
-0.023355435580015182
-0.01123278122395277
-0.04253310710191727
0.041396308690309525
0.0025305694434791803
0.026898162439465523
0.008256821893155575
-1.6902182764511053e-08
-0.02589382417500019
-0.03969733417034149
-0.021674491465091705
-0.0621943324804306
0.027250010520219803
-0.02038193866610527
-0.0752335637807846
-0.14036498963832855
-0.0650569498538971
0.04534561559557915
-0.013877077028155327
0.023175111040472984
-0.05376185476779938
0.030051734298467636
0.006123281084001064
0.014480742625892162
-0.045145247131586075
0.039360515773296356
0.03232642635703087
0.00443746754899621
-0.0025653589982539415
0.01763790287077427
0.04600264132022858
0.02030896209180355
0.017910245805978775
0.06732039153575897
-0.013285129331052303
0.015869444236159325
-0.06014334410429001
0.06209965795278549
-0.0115731256082654
0.08659277111291885
-0.045666880905628204
-0.030398627743124962
0.08666376769542694
-0.10861422121524811
0.009525948204100132
-0.04141070321202278
0.10439711809158325
0.015018545091152191
0.058382440358400345
0.08500280976295471
-0.0029920206870883703
0.10306773334741592
0.04540605470538139
0.05100378394126892
0.06795625388622284
-0.05432508513331413
-0.0618106983602047
-0.0007659264374524355
-0.03323553130030632
-0.041197218000888824
0.02668599784374237
-0.05659710243344307
-0.07102113962173462
-0.03871012106537819
0.044984810054302216
-0.07348921149969101
0.021456101909279823
-0.08589600026607513
-0.037693921476602554
0.022151697427034378
0.04331005737185478
0.006830952130258083
