0.0608547143638134
-0.07756658643484116
0.033215511590242386
0.10847640782594681
-0.0059796408750116825
-0.0004135188355576247
0.017950136214494705
-0.01799817569553852
0.05695844441652298
0.034467101097106934
0.00958962645381689
0.03894855082035065
0.08260303735733032
0.07551509886980057
-0.049494292587041855
0.05722169205546379
-0.00041307040373794734
-0.05783165991306305
0.003867870895192027
-0.01146702840924263
-0.12854349613189697
-0.027211599051952362
-0.10533057153224945
-0.052865851670503616
-0.008231810294091702
0.000402942969230935
-0.01645619422197342
-0.046088915318250656
-0.021953606978058815
0.013383734971284866
0.04420478641986847
-0.0480489507317543
0.01779690384864807
0.009164965711534023
-0.008068921975791454
0.04040110483765602
-0.001416182378306985
-0.007476381491869688
0.003831559559330344
0.018440132960677147
0.013290335424244404
0.00541156530380249
-0.00992835033684969
-0.056987013667821884
-0.08318813890218735
-0.056952424347400665
-0.1297791451215744
-0.06510976701974869
0.004543674644082785
-0.028179042041301727
-0.038901787251234055
0.047929633408784866
-0.1087527796626091
0.07348649948835373
-0.06786099076271057
-0.07248223572969437
-0.02953752875328064
-0.012552875094115734
0.01610773801803589
0.023938151076436043
0.027706077322363853
-0.008997496217489243
0.10679642111063004
-0.012316075153648853
0.0230198185890913
-0.028764260932803154
0.0009894492104649544
0.003476383863016963
-0.04447820410132408
0.004955080803483725
-0.001657988061197102
0.05047411471605301
0.037055786699056625
0.0034976652823388577
-0.03851523995399475
-0.08738990873098373
-0.01711330935359001
0.05135494843125343
0.14883357286453247
-0.017697079107165337
-0.0973203033208847
0.0064391689375042915
-0.09739183634519577
0.0172599945217371
-0.009042746387422085
0.034659869968891144
-0.021971937268972397
-0.05159665271639824
-0.10216827690601349
-0.07481050491333008
0.050835371017456055
-0.00530944624915719
0.0742570236325264
0.057357002049684525
0.030111830681562424
-0.04170902818441391
0.007804769091308117
-0.010510426945984364
0.03182927891612053
0.0021695017348974943
0.006120545789599419
0.07018794864416122
0.014588155783712864
0.02595675177872181
-0.010235416702926159
-0.01028387900441885
0.02751002088189125
-0.061519160866737366
-0.012225458398461342
-0.028084643185138702
-0.019325915724039078
0.029610764235258102
-0.019127916544675827
0.04044686630368233
-0.019830599427223206
0.04719269275665283
0.0632297694683075
-0.07921727001667023
0.0426374115049839
-0.1030627116560936
-0.003966237884014845
0.0008774322923272848
0.017059551551938057
-0.05132215470075607
0.05148162692785263
-0.03125036880373955
-0.0005829833098687232
-2.990795032104784e-33
-0.03508253023028374
-0.043298788368701935
-0.06285508722066879
0.022148555144667625
0.03758035972714424
0.06457865238189697
0.011733122169971466
0.11415339261293411
-0.05010439082980156
-0.0622236430644989
0.008454227820038795
0.00944344699382782
0.018791982904076576
-0.12163203954696655
0.047005441039800644
-0.03315194323658943
0.02378135919570923
0.01489951927214861
0.05472986400127411
0.0719108060002327
0.018475981429219246
0.10154395550489426
0.017010008916258812
0.11811890453100204
-0.01597413420677185
-0.0012153014540672302
0.047605179250240326
-0.06086193770170212
-0.07967014610767365
0.002421278040856123
-0.04896721988916397
-0.012024450115859509
0.016261737793684006
-0.04822537302970886
-0.09478816390037537
-0.05197032913565636
-0.0037464569322764874
-0.025525933131575584
-0.06202844902873039
0.032229095697402954
0.12606333196163177
-0.01238611526787281
0.04678374528884888
-0.01629621349275112
-0.06286057829856873
0.028083620592951775
-0.018014265224337578
0.06632453203201294
-0.023335745558142662
-0.010859925299882889
-0.08848385512828827
0.005991610232740641
0.05542364344000816
0.010549399070441723
-0.02465672418475151
0.06695771217346191
0.002711643697693944
-0.07751891016960144
-0.030739638954401016
-0.020189503207802773
0.047182388603687286
-0.012021757662296295
-0.01567043550312519
-0.11071477085351944
0.02655765227973461
0.00013477618631441146
-0.007415584288537502
0.03255612403154373
0.014573294669389725
0.0019623099360615015
-0.02124476432800293
0.07579006999731064
0.0470886267721653
-0.024201037362217903
0.08925224840641022
0.023457633331418037
0.03686899319291115
0.0015641433419659734
-0.019669029861688614
-0.08026298880577087
0.026643773540854454
0.03539750352501869
0.04067351669073105
0.062185224145650864
-0.08059822022914886
-0.011251503601670265
0.046841442584991455
0.09964665025472641
-0.086597740650177
0.0689530149102211
-0.019028836861252785
0.024979228153824806
0.04977606236934662
-0.0820196121931076
0.08365759998559952
1.1707051296976483e-33
-0.018468720838427544
-0.03201466426253319
0.060458529740571976
-0.0015774868661537766
0.03228168934583664
-0.0278505627065897
-0.001904904143884778
-0.03694619983434677
-0.02810818888247013
0.12435638159513474
0.019056951627135277
-0.047215674072504044
0.04341981187462807
-0.06419610977172852
0.024731818586587906
0.09208966046571732
-0.00582830561324954
-0.04873596131801605
0.0921722874045372
-0.041282542049884796
-0.0019940119236707687
0.016745664179325104
0.023690560832619667
0.08487262576818466
0.04655058681964874
0.06954853981733322
0.0693347305059433
-0.05286459997296333
-0.023943336680531502
0.022764530032873154
-0.014871811494231224
-0.04357577860355377
-0.013734749518334866
0.03426951542496681
0.06281644850969315
0.017402660101652145
-0.07694534957408905
-0.02620045840740204
-0.08467085659503937
-0.014346594922244549
0.059854842722415924
0.0015710381558164954
-0.05664230138063431
0.029164744541049004
-0.0026706503704190254
0.03255577012896538
0.030034096911549568
0.014020606875419617
0.04878954961895943
0.0032792200800031424
-6.204882083693519e-05
-0.0459916889667511
-0.05921420827507973
-0.06722799688577652
0.015451004728674889
-0.018530525267124176
0.015188183635473251
0.05897966027259827
0.05803834646940231
0.04225517436861992
0.02382754348218441
-0.010470257140696049
-0.03180711716413498
0.05061279237270355
-0.09082431346178055
-0.08148270100355148
-0.03650204837322235
-0.026970908045768738
-0.012911607511341572
-0.015368116088211536
0.0003434311074670404
0.04247715324163437
0.08252032101154327
0.01872859336435795
0.03627404198050499
0.041488178074359894
0.017265597358345985
-0.027698295190930367
-0.007085720542818308
0.037524256855249405
-0.024753322824835777
0.0197156872600317
0.03125128895044327
-0.04806069657206535
-0.001678275759331882
-0.058771565556526184
-0.022798264399170876
0.09482111781835556
-0.08655589073896408
-0.00029360599000938237
-0.0930279865860939
0.1179036870598793
-0.00281662680208683
-0.11919856071472168
-0.02627619355916977
-1.567179275241415e-08
-0.011335370130836964
-0.040838051587343216
0.027830038219690323
-0.028604628518223763
-0.0388249047100544
-0.07085451483726501
-0.034430358558893204
-0.08592489361763
-0.003938277717679739
0.08231862634420395
0.06342555582523346
-0.035201188176870346
-0.011676640249788761
0.03582412376999855
0.003622605698183179
0.07159192115068436
-0.05268566682934761
-0.0006744953570887446
0.09778604656457901
0.07053538411855698
-0.023594796657562256
0.02316673845052719
0.011242174543440342
-0.0030602242331951857
-0.03818648308515549
-0.06404733657836914
0.07130930572748184
0.059204112738370895
-0.09654831141233444
-0.03930746391415596
0.010103085078299046
0.04791473597288132
-0.010414987802505493
0.01310355868190527
0.02726573310792446
-0.007200983818620443
0.016050269827246666
-0.026691513136029243
-0.0037605599500238895
0.0026819552294909954
-0.003579044248908758
0.015052681788802147
-0.07532526552677155
0.014515817165374756
0.10640585422515869
0.04518434405326843
0.005792546551674604
-0.14863824844360352
0.060846082866191864
-0.0030471731442958117
-0.11412044614553452
0.005457924213260412
0.022138936445116997
-0.02740006148815155
-0.05153803899884224
-0.033714793622493744
-0.02373269572854042
-0.008034882135689259
0.07829512655735016
0.00626635504886508
-0.024341536685824394
0.1525680422782898
0.042696770280599594
0.041146136820316315
