0.05980610474944115
0.047349605709314346
0.047615937888622284
0.014202358201146126
0.058918409049510956
0.059607602655887604
0.03552887588739395
-0.0047577256336808205
0.04313455522060394
0.05302802845835686
-0.019867561757564545
0.012080243788659573
-0.007375058252364397
0.054818835109472275
-0.011008107103407383
0.05663343146443367
-0.05125531926751137
-0.01264418289065361
0.0014515764778479934
0.013444101437926292
-0.13104116916656494
0.07311056554317474
-0.04728873819112778
0.04884987697005272
-0.031462423503398895
-0.010120579972863197
-0.025728804990649223
0.055372290313243866
-0.043674029409885406
-0.06767512112855911
-0.034721117466688156
0.07587955892086029
0.009148302488029003
0.0010637517552822828
0.06113128736615181
0.02554083988070488
0.0025842986069619656
0.003991216421127319
0.11137577891349792
0.03335870802402496
0.025364061817526817
-0.04806540161371231
0.016105858609080315
-0.011756804771721363
-0.044027503579854965
-0.08244167268276215
-0.03425458073616028
-0.08185026794672012
0.10048668831586838
-0.10525282472372055
-0.06025340408086777
0.014696105383336544
-0.06678701937198639
0.025814736261963844
-0.06936068832874298
-0.01438046433031559
0.001713531673885882
-0.045243870466947556
-0.029398830607533455
-0.012150920927524567
0.04809614643454552
0.028544150292873383
0.06597795337438583
0.03863630071282387
-0.05233030021190643
-0.061519235372543335
-0.08807932585477829
-0.0208139605820179
0.04004017636179924
-0.11434148997068405
0.05991845577955246
0.06394017487764359
-0.021623270586133003
-0.06187772378325462
-0.07120504230260849
-0.06826863437891006
-0.021990768611431122
0.04846042022109032
0.10541228204965591
-0.0016327531775459647
-0.01685011386871338
0.054214395582675934
-0.03867899999022484
0.05971333011984825
0.027674786746501923
-0.00813368335366249
-7.062124495860189e-05
0.006442540790885687
-0.10597540438175201
-0.07594011723995209
0.02299676463007927
-0.004141266457736492
-0.06211728975176811
0.010102251544594765
-0.05458778887987137
-0.008700800128281116
-0.021173078566789627
-0.06425867229700089
-0.0873752012848854
0.01913212053477764
0.09279877692461014
0.061311379075050354
0.0765576884150505
0.015906933695077896
0.09584940969944
-0.06472603231668472
-0.006030121352523565
0.048128657042980194
-0.034222960472106934
-0.020688414573669434
-0.06064647436141968
-0.012881956994533539
-0.02970614843070507
0.017286641523241997
-0.07679269462823868
0.08849824219942093
-0.035168588161468506
-0.11580278724431992
-0.06934989243745804
-0.010029846802353859
0.009108179248869419
-0.005597021896392107
-0.05748849734663963
0.023305624723434448
0.04960723966360092
0.0032830059062689543
0.09885820001363754
-3.846039722369963e-33
0.02868426963686943
0.009673740714788437
-0.0190130528062582
-0.030608899891376495
0.019480666145682335
0.006079971790313721
0.033835649490356445
0.037681180983781815
-0.10631997138261795
-0.10864102095365524
-0.010890019126236439
0.007247047498822212
0.05602336302399635
-0.05390039086341858
0.02407832257449627
-0.05086858570575714
0.007187332957983017
0.0016822407487779856
0.037876103073358536
0.0011390169383957982
-0.06867430359125137
0.01785544492304325
-0.007444560993462801
0.030518649145960808
0.02016041800379753
0.02525120973587036
-0.02177315391600132
0.002513720653951168
-0.09180822968482971
0.03575579822063446
0.044816914945840836
-0.013160771690309048
0.055223241448402405
0.06358873099088669
-0.06655082106590271
-0.07406926900148392
0.028746502473950386
-0.08637621998786926
-0.029437845572829247
0.031083688139915466
0.061753951013088226
0.05438952147960663
0.060019973665475845
0.07648465782403946
-0.035398416221141815
0.03470839187502861
-0.0013375261332839727
0.07214722037315369
0.036553140729665756
-0.004422331694513559
0.015333150513470173
0.012090419419109821
0.06753568351268768
-0.0009608452674001455
0.05792549252510071
0.041540175676345825
-0.009420755319297314
-0.03424069285392761
0.0054819886572659016
-0.028891410678625107
0.05639965459704399
-0.022073447704315186
-0.0829235166311264
-0.06880847364664078
0.08695564419031143
-0.021632151678204536
-0.1269327700138092
-0.04188622906804085
0.004473426379263401
0.06601610034704208
0.03925793245434761
0.04533661529421806
0.011331572197377682
-0.007388031575828791
0.042733967304229736
-0.021971803158521652
0.06882095336914062
-0.0627169981598854
0.007118151523172855
-0.00745874410495162
0.054911378771066666
-0.009878813289105892
-0.01963559351861477
0.08453412353992462
-0.06498131901025772
-0.05599161610007286
0.019420096650719643
0.10345862805843353
-0.09306394308805466
-0.0754338949918747
0.012708455324172974
-0.02321436069905758
-0.038290251046419144
-0.07628916949033737
0.017918163910508156
1.3140124929067742e-33
-0.014297722838819027
0.040778983384370804
0.02852926217019558
0.02648484706878662
-0.0253664031624794
0.07471419870853424
-0.02830636501312256
0.022073455154895782
-0.06344795227050781
0.10843439400196075
-0.06663207709789276
0.10399612784385681
0.015401133336126804
-0.06988257169723511
0.024469545111060143
0.043628934770822525
-0.037676699459552765
0.011022310703992844
0.035485196858644485
0.0375882163643837
-0.03131954371929169
0.050526149570941925
0.04456783086061478
-0.002219130052253604
-0.007996444590389729
0.06432681530714035
-0.01909811422228813
-0.11584682017564774
-0.07739078998565674
-0.07257436960935593
0.0050627700984478
-0.039815470576286316
-0.03174474462866783
0.022662246599793434
-0.026259083300828934
0.005875067785382271
-0.004299116786569357
-0.1360040009021759
-0.04713822156190872
0.09230909496545792
0.02918965555727482
-0.028528837487101555
0.03301847726106644
-0.004078809171915054
0.06153371185064316
-0.049004510045051575
-0.013955088332295418
0.03889306262135506
0.04597870633006096
0.02167477458715439
-0.05891428887844086
-0.027218203991651535
0.01650150679051876
0.03361028805375099
0.05035482347011566
0.025471769273281097
-0.10144957154989243
0.00438107643276453
0.005370326340198517
-0.018656050786376
0.06248089298605919
-0.03185911849141121
0.01879832334816456
0.018901539966464043
-0.08739706873893738
-0.016007740050554276
-0.04319900646805763
0.030919227749109268
-0.03281477838754654
0.01959119364619255
-0.017134178429841995
0.04998941347002983
0.053810279816389084
-0.005010736640542746
0.054156992584466934
0.10166538506746292
0.023886624723672867
0.02891639806330204
0.05991329252719879
0.04216533154249191
-0.03216242417693138
0.006610785145312548
-0.014568076469004154
-0.11662492156028748
0.03185168653726578
-0.08521293103694916
-0.06872112303972244
0.012322695925831795
0.007944869808852673
-0.03503192216157913
-0.04197058826684952
0.11290904879570007
-0.0071943518705666065
-0.033457741141319275
0.01344206277281046
-1.8846321836463176e-08
-0.035916831344366074
-0.07540305703878403
-0.010915672406554222
0.023987825959920883
0.031456440687179565
-0.05614706128835678
0.015300977975130081
-0.0996440201997757
0.04702981933951378
0.10031387954950333
-0.011857246980071068
0.008960990235209465
-0.05497719347476959
-0.01613977551460266
-0.005641306284815073
0.0595676489174366
0.04344571381807327
-0.04088438302278519
0.03515595197677612
0.08646461367607117
0.002312966389581561
0.023787887766957283
-0.009354916401207447
-0.045908138155937195
0.0183559637516737
-0.09319226443767548
0.01445157453417778
-0.005683436058461666
-0.011925739236176014
0.00796409510076046
0.011410828679800034
0.06878723204135895
0.01533379778265953
0.04455047473311424
-0.04168134927749634
-0.040622778236866
0.04695677012205124
0.03465846925973892
-0.07094582170248032
-0.00729950238019228
0.043900832533836365
-0.021606408059597015
-0.06416497379541397
-0.037425000220537186
0.04599655419588089
0.046747125685214996
0.038964640349149704
-0.013128108344972134
-0.004595245234668255
-0.025578826665878296
-0.10245435684919357
-0.012808771803975105
0.03785080462694168
-0.05422654747962952
-0.0941421315073967
0.029817383736371994
0.0371355339884758
-0.03579224273562431
0.012170141562819481
-0.029641391709446907
-0.07122781872749329
0.12820111215114594
-0.011273229494690895
0.09295773506164551
