0.022340280935168266
0.04851776361465454
0.02130887284874916
0.022798234596848488
-0.003908485174179077
0.05072169005870819
0.023888036608695984
0.05785491317510605
0.079082190990448
0.005446550436317921
-0.010359363630414009
0.056310415267944336
-0.0011108465259894729
0.024483894929289818
-0.043380007147789
-0.016625963151454926
-0.02015550062060356
-0.04376828670501709
-0.007546283770352602
0.0068313670344650745
-0.10026318579912186
-0.021122055128216743
-0.020750343799591064
-0.05278129130601883
0.06579594314098358
-0.020153047516942024
-0.0012533578556030989
-0.010503308847546577
0.004964861553162336
0.02242858149111271
0.0032865048851817846
-0.059110406786203384
-0.048718251287937164
0.05004565045237541
0.009323135018348694
-0.002377146389335394
0.03585544601082802
-0.002965308725833893
0.08471941947937012
-0.018504463136196136
-0.01143657322973013
0.05724235624074936
0.0038923912215977907
-0.008965641260147095
0.008289054967463017
-0.023031672462821007
-0.08693361282348633
-0.06082114204764366
0.034305498003959656
-0.03086172416806221
-0.07644284516572952
0.0049003916792571545
-0.00935975369066
0.04028530791401863
-0.12038370966911316
-0.004244836512953043
0.03197241201996803
-0.01104224193841219
0.005084074102342129
-0.005224715918302536
0.07835129648447037
-0.011477096937596798
0.045003462582826614
0.01867324486374855
-0.010146270506083965
-0.013736250810325146
-0.06886614114046097
-0.03127068281173706
0.047747205942869186
-0.006830844562500715
0.03265827149152756
0.012255493551492691
0.048792675137519836
-0.08030777424573898
-0.0681559145450592
-0.1514001339673996
0.03482002392411232
-0.05193423107266426
0.15279266238212585
0.03928554430603981
0.08755598962306976
0.0971219539642334
0.015463501214981079
0.034355826675891876
0.06708808243274689
0.017139991745352745
-0.00034723125281743705
0.002833964303135872
-0.10910370945930481
-0.02297971583902836
0.0024041717406362295
-0.04181423410773277
-0.06078696250915527
0.024170536547899246
-0.04383893311023712
-0.06245177239179611
0.03185945749282837
0.004830782301723957
0.015558038838207722
0.04389876872301102
-0.008311162702739239
0.031118514016270638
0.12304313480854034
0.02612985484302044
0.011200657114386559
0.0032069911248981953
-0.0076697939075529575
0.007723964285105467
-0.07221955806016922
-0.05924127623438835
-0.0670606940984726
-0.03372550383210182
-0.048841442912817
-0.054404422640800476
-0.012669083662331104
0.00956902839243412
-0.06808187067508698
-0.07980432361364365
-0.049297723919153214
-0.06050704047083855
0.039933107793331146
-0.01244335062801838
-0.02953411266207695
-0.009169354103505611
0.0552825927734375
-0.07152627408504486
0.09992502629756927
-5.248228893432298e-33
0.026800109073519707
-0.04555360972881317
-0.05307915806770325
-0.047036949545145035
0.0945584774017334
0.04459821432828903
0.08143146336078644
0.11228491365909576
-0.013521398417651653
-0.011774780228734016
0.002594143385067582
-0.0008650310919620097
-0.006807882804423571
-0.026235802099108696
0.0521283820271492
0.038703881204128265
0.06724151223897934
0.0707184374332428
-0.009891155175864697
0.005154644139111042
0.029805123805999756
-0.05773741379380226
-0.04536670446395874
-0.011256696656346321
0.02715151011943817
0.014478040859103203
-0.024088073521852493
-0.03503161668777466
-0.012180325575172901
0.022453339770436287
-0.021811166778206825
0.03358042240142822
-0.025033751502633095
-0.006670406553894281
-0.08651118725538254
-0.059802401810884476
-0.06654166430234909
-0.07128554582595825
0.10613013058900833
0.038422808051109314
-0.0021324804984033108
0.06266187131404877
0.1167915090918541
0.04483075439929962
0.04059524089097977
-0.019924884662032127
-0.06335453689098358
0.05210253596305847
0.04669732600450516
0.006342222448438406
0.006040974520146847
-0.004795366432517767
0.04134548082947731
0.023018701002001762
-0.026487141847610474
-0.036900222301483154
0.053150929510593414
0.009603546001017094
0.03239459916949272
0.09077338874340057
0.01726488582789898
0.006912820972502232
-0.017753658816218376
-0.021344071254134178
0.030894100666046143
-0.11748696863651276
-0.11415137350559235
-0.013304979540407658
-0.03016521781682968
0.04667225107550621
0.026879465207457542
-0.02263755165040493
0.00713979359716177
0.008856566622853279
0.005037607159465551
-0.04802996292710304
-0.01306059118360281
0.02469240315258503
-0.037971749901771545
-0.029411902651190758
0.032566674053668976
0.005990381818264723
0.04975694417953491
-0.0002319436171092093
0.008729353547096252
0.042920246720314026
-0.02477647177875042
-0.013550483621656895
-0.04214940965175629
0.023124124854803085
0.004811867140233517
-0.05900491774082184
0.000453001179266721
-0.03482890501618385
0.03131552413105965
1.8780414065606898e-33
-0.002992005553096533
-0.02119646780192852
-0.02873009629547596
-0.07119100540876389
-0.023278111591935158
0.08142372220754623
-0.023419231176376343
0.035122327506542206
-0.120275117456913
0.10635622590780258
0.04753056541085243
0.04642340540885925
0.01779654435813427
0.06331004947423935
0.04510476440191269
0.07062128186225891
-0.014438831247389317
0.0036010039038956165
-0.08695802837610245
0.0015078880824148655
-0.00844149012118578
0.018332865089178085
0.042465683072805405
0.08330446481704712
0.04227311536669731
-0.021048039197921753
-0.01621193252503872
-0.05061359703540802
0.0452815480530262
0.005707848817110062
-0.10599975287914276
-0.010590866208076477
-0.037549957633018494
0.023018818348646164
0.08035291731357574
-0.03206414729356766
0.026389310136437416
-0.15262839198112488
-0.0863567590713501
0.040900543332099915
0.07675429433584213
0.020099133253097534
-0.04434404522180557
0.04903576523065567
0.08650883287191391
0.05005455017089844
-0.08878122270107269
-0.023997759446501732
0.034952323883771896
0.01613297313451767
0.0027041572611778975
-0.030988439917564392
0.09213775396347046
-0.011932152323424816
0.008778795599937439
-0.0036277074832469225
-0.09685759246349335
-0.023054368793964386
0.001565973274409771
-0.00859347265213728
0.05130274221301079
-0.01625942625105381
0.05477306991815567
-0.027112694457173347
-0.09146349877119064
-0.026669709011912346
-0.028567714616656303
0.05243057385087013
0.05981532484292984
-0.09815003722906113
0.0027192372363060713
0.04770601913332939
-0.028284229338169098
-0.00764319347217679
0.01143535878509283
0.11003728955984116
0.12622323632240295
-0.050507672131061554
0.00830793846398592
-0.004381699487566948
-0.06767456233501434
0.03443248197436333
0.030408665537834167
-0.06768624484539032
0.0002604667970445007
-0.04460667073726654
-0.04675302654504776
-0.007242528256028891
-0.11538980901241302
-0.05048947036266327
-0.01340740080922842
0.0697719156742096
-0.015137963928282261
-0.027502378448843956
0.01992509514093399
-1.7637903582112813e-08
-0.15654291212558746
-0.03538640961050987
0.013251370750367641
-0.06137238070368767
-0.0638645812869072
-0.024948405101895332
0.0536007285118103
-0.12660512328147888
-0.005955526139587164
-0.007397552486509085
0.002271093660965562
-0.0704234167933464
-0.03564060851931572
-0.004711486864835024
-0.003345532575622201
0.049833863973617554
-0.02494649402797222
0.044271618127822876
0.0718466266989708
0.05225025489926338
0.03717491775751114
0.011424784548580647
0.10822063684463501
0.033065713942050934
-0.00909452885389328
-0.008015269413590431
0.029127050191164017
0.05451066792011261
-0.01489986851811409
0.08956268429756165
-0.020060408860445023
0.004775698762387037
-0.0006117360317148268
0.08292670547962189
0.019807757809758186
-0.026678280904889107
0.029984351247549057
-0.018694045022130013
-0.09633257240056992
-0.02458370476961136
0.06897594034671783
-0.010618826374411583
-0.0830579549074173
0.0018641866045072675
0.054784778505563736
0.011630130000412464
0.05694721266627312
-0.0818159356713295
0.019179098308086395
-0.08423131704330444
-0.06111439689993858
-0.03916699439287186
0.032420478761196136
-0.05215473100543022
-0.0706733912229538
0.02991236187517643
-0.0028727378230541945
-0.04633169248700142
-0.030671363696455956
0.009714897722005844
-0.00900697149336338
0.13125057518482208
-0.04251125454902649
0.11075638234615326
