-0.04356394335627556
0.022403176873922348
0.07808927446603775
-0.01797664351761341
-0.0035072127357125282
-0.017647458240389824
0.07827206701040268
-0.05440717563033104
-0.031100939959287643
0.04129224643111229
0.008094060234725475
-0.006117203738540411
0.051315534859895706
0.1423051804304123
-0.032154034823179245
0.00419259537011385
-0.029264245182275772
0.034495968371629715
-0.03357098624110222
-0.007312519941478968
0.019007403403520584
0.056527454406023026
-0.008433518931269646
-0.03799092024564743
-0.01980278268456459
-0.026297561824321747
0.09528880566358566
-0.054903704673051834
-0.037606365978717804
-0.036405302584171295
-0.031999241560697556
-0.01161999348551035
-0.12513063848018646
-0.06838861852884293
0.02994711883366108
-0.03264760226011276
0.028603844344615936
-0.0523701049387455
0.051383163779973984
0.07424953579902649
0.04780707135796547
0.006015090737491846
0.013414291664958
0.031568240374326706
0.007751826196908951
0.008369894698262215
0.0002609076036605984
-0.04418806731700897
0.09806202352046967
-0.02726691961288452
-0.09377287328243256
-0.0567861944437027
0.06482357531785965
-0.017053285613656044
-0.14507891237735748
-0.017238903790712357
0.03501291573047638
-0.034289076924324036
0.0335921086370945
0.04716971516609192
-0.04579249769449234
0.013408555649220943
0.06834769994020462
0.025347065180540085
0.05183204635977745
-0.01847284473478794
-0.025398410856723785
0.00962094683200121
-0.015245238319039345
-0.07855089008808136
0.008241652511060238
0.017267407849431038
-0.010332559235394001
0.04869542643427849
0.029845740646123886
-0.05297127738595009
0.0039404574781656265
0.04472118243575096
0.03658722713589668
0.07326465845108032
-0.04298422858119011
0.010179596953094006
0.05661159008741379
0.013486255891621113
0.06604961305856705
0.07029611617326736
0.07363231480121613
-0.02302645519375801
-0.009220534935593605
-0.010038672015070915
-0.05563076585531235
0.0232397448271513
-0.013809693045914173
-0.0752904936671257
-0.008827694691717625
0.03860373795032501
-0.1263592541217804
0.06477885693311691
-0.0016535791801288724
0.01683593913912773
-0.024542927742004395
-0.016762197017669678
-0.014516866765916348
0.03852469101548195
0.058176517486572266
-0.03841415420174599
0.009536444209516048
0.1184091567993164
-0.006472952663898468
0.03169798105955124
-0.030399635434150696
-0.07348444312810898
0.06794647872447968
-0.021896405145525932
0.0573364794254303
0.023680850863456726
0.03158743306994438
0.0034731344785541296
-0.05670583248138428
0.056131601333618164
0.12081605941057205
-0.10253135859966278
-0.07918782532215118
0.020810173824429512
-0.06906827539205551
0.043025847524404526
0.06451768428087234
-4.6176731525000834e-33
0.09572011977434158
-0.023364413529634476
0.001732231117784977
-0.03553234785795212
-0.06106103956699371
0.07106588780879974
-0.020072905346751213
-0.05437663942575455
-0.010253430344164371
-0.10370881110429764
-0.03461197391152382
0.07194877415895462
-0.06413901597261429
0.005892295856028795
-0.006691445130854845
0.06975147128105164
0.018125275149941444
-0.015267996117472649
0.05396321043372154
-0.0025315512903034687
-0.021559525281190872
0.0731225535273552
-0.005241760518401861
-0.06138253211975098
-0.040898196399211884
-0.05114089325070381
-0.08581496775150299
-0.061516258865594864
-0.07075971364974976
0.01836373470723629
0.029324539005756378
-0.015647288411855698
0.07879907637834549
0.04580478370189667
-0.09770448505878448
-0.07041902840137482
-0.0028363659512251616
-0.02820100635290146
-0.031704023480415344
0.08616819977760315
-0.013189230114221573
-0.02628135308623314
0.052345164120197296
0.05714799463748932
-0.06084307283163071
-0.011439218185842037
-0.1060931384563446
0.054984111338853836
0.01110612228512764
-0.028071634471416473
0.1039300262928009
0.04231630265712738
0.012135656550526619
-0.0431000255048275
-0.01813504658639431
0.027519207447767258
0.05880406126379967
-0.03792789950966835
0.04507970064878464
0.10086282342672348
0.012384144589304924
0.06241229176521301
0.025206206366419792
-0.027263762429356575
0.043055545538663864
-0.13069088757038116
0.024196991696953773
0.011307893320918083
0.012150653637945652
0.011759074404835701
-0.1157221868634224
0.004288993775844574
-0.02440524473786354
0.004909340757876635
0.05601976439356804
-0.07867728918790817
0.0032628129702061415
-0.06172774359583855
-0.009775443933904171
-0.060538094490766525
0.061398670077323914
-0.0025836252607405186
0.06050227954983711
0.09160732477903366
-0.03693510219454765
0.022701486945152283
-0.014545544050633907
0.11885915696620941
-0.022633450105786324
-0.019247619435191154
0.051103513687849045
0.02989271655678749
-0.041243813931941986
-0.013129889965057373
0.07058495283126831
1.4035352957650188e-33
0.050341878086328506
-0.017512284219264984
-0.05374860763549805
0.07035757601261139
-0.0380774550139904
0.03148006647825241
0.006488450802862644
0.09634765982627869
-0.10281005501747131
0.039152923971414566
0.061760686337947845
-0.019208593294024467
0.016599949449300766
0.029805725440382957
0.004102932754904032
0.048393383622169495
-0.014837774448096752
-0.011788583360612392
-0.011321370489895344
-0.029463183134794235
0.016241492703557014
0.06333500891923904
0.05593381077051163
0.06864610314369202
-0.059512730687856674
-0.01657666079699993
-0.07487799227237701
-0.008597216568887234
0.016641154885292053
-0.03184985741972923
-0.07829491794109344
0.01782005839049816
0.06958301365375519
0.012803604826331139
-0.012138024903833866
-0.019210828468203545
0.047447945922613144
-0.09561630338430405
0.06400207430124283
0.04596027731895447
0.05232873931527138
-0.10239345580339432
-0.022864125669002533
0.004815991502255201
0.022599324584007263
0.05012532323598862
-0.0268393587321043
-0.06752174347639084
0.003460207488387823
0.041656509041786194
-0.01707368530333042
0.04160259664058685
0.03387569263577461
-0.011378943920135498
0.027078915387392044
-0.02435208670794964
-0.1138969361782074
-0.019650157541036606
-0.03085387498140335
0.0853935033082962
0.01931266114115715
0.05221303179860115
0.021421974524855614
0.041485123336315155
-0.05997507646679878
-0.022102033719420433
0.027274377644062042
0.020513594150543213
0.024408090859651566
-0.06944679468870163
-0.09280566871166229
-0.0052386182360351086
0.023763852193951607
-0.07226894795894623
0.08446303755044937
0.0057091801427304745
-0.0038386520463973284
-0.024629300460219383
0.0007335260743275285
0.05048618093132973
-0.06996888667345047
0.04320454224944115
-0.0012220063945278525
-0.028278270736336708
0.09691694378852844
-0.11062803864479065
-0.016407445073127747
0.022207966074347496
0.10159290581941605
-0.06473736464977264
-6.531299004564062e-05
0.021134763956069946
-0.07656597346067429
-0.00720557663589716
0.053872574120759964
-1.567649832168172e-08
-0.056332603096961975
-0.028605341911315918
0.04760172963142395
0.04344257712364197
0.07636230438947678
0.014233849011361599
-0.03585347160696983
-0.0033246625680476427
0.006072583608329296
0.019279632717370987
-0.014987999573349953
0.009476996958255768
-0.07788030058145523
0.02337276004254818
-0.00879859458655119
0.06272619962692261
-0.006857748609036207
0.005920806899666786
0.04801594465970993
-0.008711762726306915
-0.04364054650068283
-0.0060181827284395695
0.05962446331977844
0.030711568892002106
-0.04611148685216904
-0.07166174054145813
-0.01422778982669115
0.10912120342254639
-0.05036181956529617
-0.03813324123620987
-0.0855092704296112
-0.0450405590236187
-0.0645570233464241
-0.009588582441210747
-0.13950520753860474
-0.016040625050663948
0.011836918070912361
-0.014336404390633106
0.012944772839546204
-0.09033972769975662
0.008460150100290775
0.044740546494722366
-0.0361202135682106
-0.04292399436235428
0.07806079089641571
0.01827274076640606
0.06944006681442261
-0.05243305489420891
-0.006800804287195206
-0.06818440556526184
-0.08764255791902542
-0.00981450267136097
0.032188210636377335
-0.0007699973648414016
-0.022449474781751633
-0.02570597268640995
0.019857963547110558
-0.08242925256490707
0.00901260506361723
-0.045484088361263275
-0.023529069498181343
0.03497477248311043
0.038385555148124695
0.011519694700837135
