-0.0158734992146492
-0.028690211474895477
0.05797652527689934
0.005880001466721296
0.024120664224028587
0.052845548838377
0.040368277579545975
0.07989805191755295
0.05505746230483055
-0.04278000816702843
0.04392474889755249
-0.018457291647791862
0.027921251952648163
0.051940325647592545
-0.041471902281045914
0.026332123205065727
-0.04326114431023598
0.004246397875249386
0.06292103976011276
0.013454829342663288
-0.07621971517801285
0.05642198771238327
0.00875330250710249
-0.0011861196253448725
-0.00459805503487587
0.010998211801052094
0.017947107553482056
0.01656663790345192
0.11548406630754471
-0.023135384544730186
-0.038702964782714844
-0.037646859884262085
0.020638862624764442
0.04296659678220749
-0.00745056290179491
0.020049042999744415
0.02090662717819214
0.04535548388957977
0.0258244089782238
0.06514916568994522
-0.04219561442732811
-0.04565673694014549
0.014785617589950562
-0.0515778511762619
0.024503299966454506
0.051959142088890076
0.05132913216948509
-0.090152308344841
0.07845668494701385
-0.05335984006524086
0.006317118648439646
-0.022775914520025253
0.07320715487003326
0.016125086694955826
-0.0767011046409607
0.03012317232787609
-0.004902464337646961
0.014241395518183708
0.012833729386329651
-0.018034493550658226
0.0054513756185770035
0.034258197993040085
0.053502414375543594
0.033061325550079346
0.017604364082217216
0.04630440101027489
-0.016636481508612633
-0.017689596861600876
-0.00016314290405716747
0.03454524651169777
0.05084375664591789
0.0450175441801548
0.02724938467144966
-0.040097832679748535
0.0026769640389829874
-0.059860553592443466
0.02938302792608738
0.028194328770041466
0.10400678217411041
-0.029937440529465675
0.016624415293335915
0.04188131168484688
0.0011307850945740938
0.04923701286315918
-0.004303519148379564
-0.03966284543275833
0.014838751405477524
0.008505632169544697
-0.03664582967758179
-0.014166220091283321
-0.03474148362874985
0.03714200481772423
-0.06526228040456772
0.01677856594324112
-0.04330528527498245
-0.06473351269960403
0.028860079124569893
-0.11153246462345123
-0.07924170792102814
-0.0003953871491830796
-0.008550688624382019
0.06972329318523407
-0.026099741458892822
0.056490249931812286
0.08789515495300293
-0.026641301810741425
-0.008453973568975925
0.01566004753112793
-0.05038955807685852
0.019632473587989807
0.030104681849479675
-0.03580513596534729
-0.075872503221035
0.08910124003887177
0.017642352730035782
-0.028549978509545326
-0.06758429110050201
-0.08647827059030533
-0.06724341958761215
-0.08147577941417694
0.09444694966077805
-0.019909685477614403
-0.04323325678706169
0.017458446323871613
0.018249204382300377
-0.05141739547252655
0.07643357664346695
-6.032119790905618e-33
0.03631184995174408
0.00282889511436224
-0.10384149104356766
-0.058712154626846313
-0.0024075780529528856
-0.01928768865764141
0.03730328008532524
0.035996221005916595
-0.11819139122962952
0.04584188386797905
0.015780892223119736
0.07966506481170654
-0.023764679208397865
0.045017171651124954
0.039661113172769547
-0.014431873336434364
0.07821494340896606
-0.01747610978782177
0.08154217898845673
0.023052718490362167
-0.019910568371415138
-0.047531530261039734
-0.04365857318043709
-0.046381451189517975
0.006809681188315153
0.014476200565695763
-0.051157835870981216
-0.03936216980218887
-0.11702457815408707
0.00040206051198765635
-0.04722374677658081
0.03613965958356857
0.0065705664455890656
0.0187592264264822
-0.05145329609513283
-0.04430239647626877
-0.04653479903936386
-0.0448806956410408
-0.03035087138414383
0.02448367327451706
0.03387364745140076
2.1175388610572554e-05
0.06798553466796875
-0.07041695713996887
0.051366664469242096
-0.03368228301405907
-0.0828479677438736
-0.017418187111616135
0.011095465160906315
-0.009586547501385212
0.053540945053100586
0.055419936776161194
-0.012793339788913727
-0.017797980457544327
0.033883482217788696
-0.048342835158109665
-0.04532803222537041
-0.022890496999025345
-0.061766210943460464
0.0727432444691658
-0.027858348563313484
0.0002625890192575753
-0.0800703763961792
0.0666956752538681
0.04617305472493172
-0.05546850711107254
-0.09820705652236938
-0.0433410219848156
-0.05571098253130913
0.05341199412941933
0.022102897986769676
0.001289829728193581
0.057790663093328476
0.024639422073960304
-0.0801326259970665
-0.02598147839307785
-0.024258960038423538
0.008460122160613537
0.01037508063018322
0.05777380242943764
-0.020118610933423042
0.02260875515639782
-0.011553306132555008
-0.0884845033288002
-0.012691090814769268
0.015315589495003223
0.04753050208091736
-0.012433089315891266
-0.03245118632912636
-0.0469498448073864
-0.025207558646798134
-0.09042184054851532
0.047313231974840164
-0.07703794538974762
0.03626038879156113
2.8310334112135345e-33
0.011056945659220219
-0.012743755243718624
0.024932341650128365
-0.0029165942687541246
-0.07434321939945221
0.032482556998729706
-0.0698821023106575
0.0638735294342041
-0.14061293005943298
0.077244833111763
-0.05138770863413811
0.03930600732564926
0.0092723798006773
0.015437723137438297
0.01693367026746273
0.07752920687198639
-0.09566161781549454
-0.03489319607615471
0.0003182839718647301
-0.01638103649020195
-0.027003102004528046
0.06374823302030563
-0.0025682479608803988
0.07064162939786911
-0.0595603846013546
0.09846360981464386
-0.03810948505997658
-0.04620467126369476
-0.038015060126781464
-0.03181864693760872
-0.10098009556531906
-0.04075855389237404
0.041029512882232666
-0.03234194219112396
0.04151768237352371
0.012228457257151604
-0.029046427458524704
-0.14540037512779236
0.040422193706035614
0.04385693743824959
0.03831716626882553
-0.050567757338285446
0.02257600985467434
-0.047217126935720444
0.06682651489973068
0.027574867010116577
0.010951540432870388
-0.021679462864995003
0.017985941842198372
-0.04628376662731171
-0.017468536272644997
0.0715070441365242
0.006452149245887995
-0.015282235108315945
0.07197485864162445
0.01208447478711605
-0.10991789400577545
0.019594352692365646
-0.04628191143274307
-0.021052561700344086
0.07310482114553452
0.039690181612968445
0.025867965072393417
0.059326834976673126
-0.016307497397065163
-0.02640208788216114
0.00251743383705616
0.03495582938194275
0.022733932361006737
-0.042571645230054855
0.005463119130581617
0.034594401717185974
0.08770589530467987
-0.00686238519847393
0.030397431924939156
0.03220944479107857
0.031875163316726685
-0.0007394616841338575
0.018434209749102592
0.028945036232471466
-0.03650088980793953
0.009642775170505047
-0.04871018975973129
0.032932084053754807
0.06860987097024918
-0.06630098819732666
-0.04849962145090103
0.09658760577440262
0.08037910610437393
0.007355468813329935
0.05578851327300072
0.07267052680253983
-0.08837124705314636
0.024728432297706604
0.017973702400922775
-1.5160740218789215e-08
-0.05208081752061844
0.010890214703977108
-0.02727937139570713
-0.041977208107709885
0.015235821716487408
0.06697099655866623
0.05657227709889412
-0.16214534640312195
-0.07862898707389832
-0.046589821577072144
-0.0674152672290802
-0.02578890137374401
-0.0888519287109375
0.06312213838100433
-0.009737398475408554
0.0664687231183052
-0.06401683390140533
0.011178593151271343
0.02246398665010929
0.05750688165426254
-0.008780103176832199
-0.015193351544439793
0.03525776043534279
-0.09021543711423874
-0.06604740768671036
-0.07003948092460632
-0.005823063664138317
0.052408989518880844
-0.08788248151540756
0.07882604002952576
-0.03488709405064583
0.01205511949956417
-0.06867263466119766
0.002780376700684428
0.12360906600952148
-0.07321589440107346
0.10799559205770493
-0.05760703608393669
0.020755620673298836
0.021205294877290726
0.07955969870090485
0.10001545399427414
-0.02385074459016323
0.01525281835347414
0.07954926043748856
0.15143665671348572
-0.02123250812292099
-0.07797611504793167
0.03820735216140747
-0.020925329998135567
-0.08017517626285553
-0.0783286765217781
0.07436785101890564
0.01284434087574482
0.037313636392354965
0.071038156747818
-0.01687583327293396
-0.040247052907943726
0.0485428050160408
0.0293145589530468
-0.08550304919481277
0.016480443999171257
0.039496105164289474
0.03733968362212181
