0.0025027035735547543
-0.02392749674618244
0.049175847321748734
0.06456920504570007
-0.0267222598195076
-0.017160415649414062
-0.003919897601008415
0.01018785685300827
0.04405560344457626
0.05095503851771355
0.0142792584374547
-0.089821957051754
0.0025727611500769854
0.05545811727643013
0.010475685819983482
-0.07370071113109589
-0.03405375778675079
-0.014604061841964722
0.08269452303647995
0.007996885105967522
0.006129911635071039
0.03239681199193001
0.04441963508725166
-0.08554858714342117
-0.07823488861322403
0.010363348759710789
0.037556473165750504
-0.04526453837752342
0.068086177110672
-0.06819833070039749
-0.005244005471467972
-0.025072971358895302
-0.05123674497008324
0.053480364382267
-0.049699947237968445
-0.030554361641407013
0.05000469088554382
0.05365382879972458
0.06971888244152069
0.039686113595962524
-0.07100719958543777
0.030833475291728973
-0.01896701753139496
-0.050671741366386414
0.004699255805462599
-0.036134377121925354
-0.04088696837425232
0.01297288853675127
0.005115316715091467
-0.08286416530609131
-0.02066376619040966
-0.09733602404594421
0.002365445252507925
0.013889238238334656
-0.06114151328802109
0.03003929741680622
-0.019471706822514534
-0.06652979552745819
-0.02672400139272213
0.034700632095336914
-0.020996268838644028
0.0076522259041666985
0.06454242020845413
0.0029139993712306023
0.009558308869600296
0.0008846211130730808
-0.06265529990196228
-0.058701131492853165
-0.055161334574222565
0.08274202048778534
0.0519290491938591
0.00841979868710041
-0.007828748784959316
-0.07144127041101456
0.01477072387933731
-0.07603581994771957
0.007682919967919588
0.008882889524102211
0.0819258838891983
0.08315417170524597
-0.011614430695772171
0.04053346440196037
-0.004865699447691441
0.028900770470499992
0.015109345316886902
-0.05553942918777466
8.818585774861276e-05
-0.03509582579135895
-0.09802352637052536
-0.0032620851416140795
-0.04392172768712044
0.015200451947748661
-0.03309709206223488
-0.026866266503930092
-0.03228989616036415
-0.012754295952618122
-0.024258319288492203
-0.04660673812031746
-0.0605267770588398
0.05004643648862839
-0.06516896933317184
-0.06766696274280548
0.02826927788555622
0.029094144701957703
0.0703321322798729
-0.02900250442326069
-0.020128600299358368
0.0328073650598526
-0.06447290629148483
0.0025024095084518194
-0.03339647129178047
-0.040070224553346634
-0.05953342095017433
0.01393949519842863
0.064826101064682
-0.044996313750743866
-0.09986676275730133
-0.11346429586410522
0.00834351871162653
-0.08794889599084854
0.03479532524943352
0.0091317193582654
-0.029120223596692085
-0.019551120698451996
0.01422655675560236
0.01521463692188263
0.028971008956432343
-4.8219035410119476e-33
0.04791728034615517
0.04835239425301552
-0.07813568413257599
-0.09210383892059326
0.05206146091222763
0.020617887377738953
0.07377372682094574
0.03580048307776451
-0.07566434144973755
0.06164271757006645
-0.004118411336094141
0.032161615788936615
-0.0007136044441722333
0.06460990011692047
0.025219913572072983
-0.0010072145378217101
0.010995022021234035
0.039271995425224304
0.023406321182847023
-0.11606518924236298
0.021078811958432198
0.04971957206726074
0.07707426697015762
-0.01910654455423355
-0.013882797211408615
-0.013777229934930801
-0.03200007602572441
-0.08649913221597672
-0.06109851971268654
0.03177657350897789
0.05728703364729881
0.026408791542053223
0.029586616903543472
-0.05362391844391823
-0.04973447322845459
0.013302861712872982
-0.007071843836456537
-0.12338163703680038
-0.0737929716706276
0.05140190199017525
0.10673946887254715
6.1834603002353106e-06
0.045317232608795166
0.01708599366247654
-0.022476645186543465
0.03518960252404213
-0.030695846304297447
0.040271200239658356
-0.028952501714229584
0.05677381902933121
0.09095710515975952
0.047491807490587234
0.05600271373987198
-0.012409770861268044
-0.06885645538568497
0.029218649491667747
0.003727440722286701
-0.047226421535015106
-0.026716625317931175
0.0493704155087471
0.004532671999186277
-0.023612314835190773
0.006254326086491346
-0.005807587876915932
0.034841056913137436
-0.03040316142141819
-0.054456766694784164
-0.0016073506558313966
-0.0826369896531105
0.07499182969331741
-0.01988048665225506
0.04329729825258255
0.013218636624515057
-0.08077947050333023
0.02676784247159958
-0.009233808144927025
0.05489218607544899
0.049630504101514816
0.009316178038716316
-0.01959497481584549
0.07422596216201782
0.06510079652070999
-0.05403756722807884
-0.10613054782152176
-0.02056676149368286
0.03471875935792923
0.03692323714494705
0.0277119018137455
0.027071533724665642
0.06262362748384476
0.0025880264583975077
-0.03915134817361832
0.025624940171837807
0.009018735960125923
0.06113968417048454
1.8077490484334248e-33
0.017143860459327698
-0.013721001334488392
-0.005630538333207369
0.02973201312124729
-0.02381541021168232
0.011890552937984467
-0.036118283867836
0.08039577305316925
-0.07567605376243591
-0.01157673541456461
-0.0414397269487381
0.009390415623784065
0.08628038316965103
-0.0022490741685032845
0.06873224675655365
0.03149786964058876
-0.03287796676158905
-0.038789790123701096
0.0384252667427063
-0.052418846637010574
-0.11432532966136932
-0.005692233331501484
0.038645584136247635
-0.016638070344924927
-0.001202512183226645
0.058319076895713806
0.03566882386803627
-0.04501777142286301
-0.03807178884744644
-0.0741923451423645
0.012893552891910076
-0.01123021263629198
0.058922987431287766
-0.019483253359794617
-0.06042622774839401
0.03446861356496811
-0.030017046257853508
-0.11154894530773163
0.0010296221589669585
0.03940679877996445
0.0536518394947052
-0.0930517241358757
0.02595915086567402
0.06802842766046524
0.053898926824331284
0.011331617832183838
-0.03562302142381668
-0.06075035408139229
0.03206808120012283
0.002667144639417529
-0.008285237476229668
0.023252708837389946
-0.002612282754853368
-0.019215069711208344
0.007059017661958933
0.052357543259859085
-0.1131250411272049
0.02062651328742504
0.07615204900503159
0.0029105814173817635
0.05256321653723717
-0.018447445705533028
-0.0018797842785716057
0.05817434564232826
0.07995590567588806
-0.11509185284376144
0.028785377740859985
-0.06304962933063507
0.023433158174157143
-0.0404217466711998
0.02246074005961418
0.0622805655002594
0.03088821843266487
-0.03119751438498497
0.07090616226196289
0.10641149431467056
0.04058953747153282
-0.008035445585846901
-0.022447438910603523
0.09683404862880707
-0.10493981838226318
-0.02722170762717724
0.008453217335045338
0.02963024377822876
0.009162540547549725
-0.0999257043004036
-0.05501570180058479
0.049116093665361404
0.007672314066439867
-0.018389591947197914
-0.059127163141965866
0.0633244439959526
0.014293632470071316
-0.05464399233460426
0.0990685373544693
-1.7730073409438774e-08
-0.02441408485174179
-0.04859204217791557
-0.04225483536720276
-0.00505415303632617
0.05670333281159401
0.05360792577266693
0.03501015156507492
-0.11225162446498871
-0.0858328640460968
0.03338658809661865
0.006557978689670563
0.02219317853450775
-0.1042974442243576
0.03860867768526077
-0.019177960231900215
0.026459945365786552
-0.07375657558441162
0.07682648301124573
0.060248516499996185
0.062356822192668915
-0.10995334386825562
-0.0024964450858533382
0.07650565356016159
-0.028964878991246223
-0.07676585763692856
-0.01681898720562458
0.00680439593270421
0.07439767569303513
-0.11471414566040039
0.0527518093585968
-0.04887629672884941
0.026148276403546333
0.08285152912139893
-0.03240394592285156
0.035270653665065765
-0.04701332375407219
0.057093314826488495
-0.047560032457113266
0.01905842497944832
0.031925830990076065
0.12773704528808594
0.12496417760848999
-0.041322872042655945
-0.006210635416209698
0.0006394745432771742
0.07571124285459518
0.06849627196788788
-0.02933434769511223
0.040443770587444305
-0.0036729592829942703
-0.13046365976333618
-0.06009046360850334
-0.02447853796184063
0.07153426110744476
-0.040004756301641464
0.029620688408613205
-0.017959384247660637
-0.058446671813726425
0.01112028956413269
0.07620901614427567
0.03717993572354317
0.06680043041706085
0.0256824754178524
0.06838388741016388
