0.02544008009135723
-0.03333040326833725
-0.014476055279374123
0.012965555302798748
-0.005769182462245226
0.01450582966208458
0.002149994485080242
-0.02074500545859337
0.04774003475904465
0.0731741189956665
0.04084336757659912
0.0327327661216259
0.053839489817619324
0.06655894964933395
0.07558444887399673
0.09269432723522186
-0.03311404585838318
-0.021354762837290764
-0.01081839855760336
-0.0825410783290863
-0.04622206091880798
0.0713285580277443
0.0947168618440628
-0.0021595347207039595
-0.03310928866267204
-0.02302895113825798
0.00013729567581322044
0.026465989649295807
0.005443810485303402
-0.01060114149004221
-0.016119565814733505
0.0425606295466423
-0.037070851773023605
-0.00019814609549939632
0.010922209359705448
0.010909227654337883
0.010377014055848122
0.01840633526444435
0.09551643580198288
0.07895107567310333
-0.001418392756022513
-0.06403034180402756
-0.0077349115163087845
-0.023043958470225334
-0.061731938272714615
-0.02558211423456669
-0.005129323806613684
-0.01190248504281044
0.108550064265728
-0.05089471489191055
0.02191392332315445
0.016403255984187126
-0.005663771647959948
-0.00839951727539301
-0.09543319791555405
-0.00929930992424488
-0.010588428936898708
0.07747408747673035
-0.06482771784067154
0.009340479969978333
0.03877629339694977
0.01492300070822239
0.03806926682591438
0.033831991255283356
-0.0009466089541092515
-0.01471659354865551
-0.007491630967706442
-0.053201399743556976
0.033595241606235504
-0.03704041615128517
0.019715363159775734
-0.026918558403849602
-0.023427307605743408
-0.07876001298427582
-0.12365056574344635
-0.060139238834381104
0.08775007724761963
0.04617585241794586
0.10645393282175064
0.002870233729481697
0.0784912109375
0.03678494319319725
0.03400993347167969
-0.011207446455955505
-0.02345217764377594
-0.06372895836830139
0.0700082778930664
0.06158655509352684
-0.025730904191732407
-0.0791405737400055
-0.05383004620671272
-0.09647522866725922
-0.08338656276464462
0.0164733175188303
-0.05940739065408707
-0.0317506343126297
-0.0011813207529485226
-0.11631426215171814
-0.12822996079921722
-0.0033448685426265
0.022464117035269737
-0.05164734274148941
0.00417686440050602
-0.0220175851136446
0.06215285137295723
-0.03127504140138626
-0.07959646731615067
0.10978430509567261
-0.07443073391914368
0.02739206701517105
-0.01180969551205635
-0.023876788094639778
-0.01976017653942108
0.07301600277423859
0.004670563619583845
0.002667940454557538
0.0015937850112095475
0.06420759856700897
-0.027956003323197365
-0.03808022662997246
0.03935790807008743
0.018260326236486435
-0.05170772597193718
0.04321622475981712
-0.014537977054715157
-0.038951098918914795
0.05170212686061859
-7.098238065803738e-33
0.045860398560762405
-0.030793022364377975
-0.032083697617053986
-0.06477643549442291
-0.010853100568056107
-0.05162310227751732
0.034438736736774445
0.08441320061683655
-0.05917859822511673
0.02421349100768566
0.04937803000211716
-0.10487523674964905
0.01763307675719261
0.010883025825023651
0.03794765844941139
0.0015406564343720675
-0.007875483483076096
0.0507645383477211
0.04544820636510849
-0.01571144163608551
-0.007749082986265421
0.025926219299435616
0.03490293025970459
-0.03583105653524399
0.01510966569185257
-0.03889850154519081
-0.06582862883806229
-0.05572521686553955
-0.07510191202163696
-0.019998114556074142
0.060996804386377335
-0.022148139774799347
0.042193710803985596
-0.05859457701444626
0.007565994281321764
-0.04986521601676941
-0.023571675643324852
-0.014565441757440567
0.02444387786090374
-0.03342580050230026
0.012563700787723064
0.0017729925457388163
0.06607452034950256
-0.05837903916835785
0.022237500175833702
0.018968695774674416
-0.021896926686167717
0.014891110360622406
0.01104759331792593
0.05447687581181526
0.060526348650455475
-0.010277883149683475
0.05297697335481644
0.010732988826930523
-0.0007083754171617329
0.050497833639383316
0.020368747413158417
-0.07500751316547394
-0.03218114376068115
0.01594846136868
0.0637473315000534
-0.048314280807971954
-0.05876930058002472
-0.12030220031738281
0.014700129628181458
-0.1001862958073616
-0.06677551567554474
0.009687398560345173
-0.09830682724714279
0.10595786571502686
7.717120024608448e-05
0.055727768689394
0.009394647553563118
-0.039532337337732315
0.022518105804920197
-0.06129208207130432
0.026930715888738632
-0.014092722907662392
-0.02488912269473076
-0.019223488867282867
0.09058745205402374
0.04285044223070145
-0.06874776631593704
-0.07816947996616364
-0.002014292636886239
0.002701803343370557
-0.0031333528459072113
0.04025472328066826
-0.042684707790613174
-0.027336014434695244
-0.028514880686998367
-0.0184938907623291
0.003972407430410385
-0.12284328043460846
0.10052158683538437
2.5636005485487945e-33
-0.06908205896615982
0.011801657266914845
-0.03817741572856903
0.04827293008565903
0.03350258991122246
0.022481994703412056
-0.022342683747410774
0.03380997106432915
-0.09893069416284561
0.04761640354990959
-0.0797736719250679
0.12672439217567444
-0.060290321707725525
0.023282894864678383
-0.020097417756915092
0.006894747726619244
-0.09025125950574875
0.021191075444221497
0.05454881489276886
0.014198912307620049
-0.10626544058322906
0.029443170875310898
0.05883243307471275
0.00592728890478611
0.04577793553471565
0.018565354868769646
-0.024003012105822563
0.05196608975529671
0.012516855262219906
-0.04765395075082779
0.03740707039833069
0.023799115791916847
-0.06412721425294876
-0.004661355633288622
0.008624167181551456
-0.011080433614552021
0.03988552466034889
-0.0773477852344513
-0.03594831004738808
0.05965336784720421
0.03676541522145271
0.003576766001060605
0.010370108298957348
0.059444136917591095
0.03471606224775314
-0.062224406749010086
-0.03993307054042816
-0.014841390773653984
0.024502582848072052
0.04387437552213669
-0.003923391457647085
0.018363364040851593
0.01990254409611225
0.04632575809955597
0.05396203324198723
0.009024843573570251
-0.1411956548690796
0.05547105148434639
-0.027815651148557663
-0.023172028362751007
0.013788677752017975
0.0497654490172863
0.0023563930299133062
0.06765099614858627
-0.034915171563625336
-0.04849134758114815
-0.0560971237719059
0.01724329963326454
-0.0182665903121233
0.008455072529613972
-0.06498497724533081
0.022518610581755638
-0.0573120191693306
-0.05339031293988228
-0.014649447053670883
0.052680596709251404
0.05273096263408661
-0.05165359005331993
-0.08616380393505096
0.029080044478178024
-0.0022557431366294622
-0.02473852038383484
-0.01176349725574255
-0.009992417879402637
0.06268011778593063
-0.05831051245331764
-0.058151423931121826
0.06393905729055405
0.042205359786748886
-0.0063924845308065414
-0.009716637432575226
0.05052987486124039
-0.003199119120836258
0.0032004532404243946
-0.02347840555012226
-1.7059429424648442e-08
-0.057672835886478424
0.03386558219790459
-0.029224783182144165
0.008974782191216946
0.04553455114364624
0.040823906660079956
0.09106778353452682
-0.16347552835941315
0.005981174763292074
0.02567882090806961
-0.0558626726269722
-0.023674683645367622
-0.07092568278312683
0.03696425259113312
0.019731849431991577
-0.007908192463219166
-0.06288225203752518
0.022356104105710983
0.06628642976284027
0.111673504114151
0.004462708253413439
-0.022420134395360947
-0.03880554065108299
0.043276701122522354
0.032021503895521164
-0.027186453342437744
0.0328693762421608
0.034226592630147934
-0.0016548029379919171
0.11039777100086212
0.06468334794044495
0.029339000582695007
0.061594244092702866
0.055603403598070145
-0.04260299354791641
-0.12996993958950043
0.13647106289863586
0.05321893095970154
-0.06024516373872757
-0.027496393769979477
0.04322100803256035
0.0659957304596901
-0.06927920132875443
0.0017851116135716438
0.07793373614549637
0.08286257088184357
0.045759450644254684
-0.09061416983604431
-0.010050811804831028
-0.029042009264230728
-0.11403128504753113
-0.03776126354932785
-0.00961533933877945
0.02381281554698944
0.016808200627565384
0.01921740733087063
-0.05604226142168045
-0.02560848742723465
0.05774884298443794
0.029403401538729668
-0.11381587386131287
0.06861907243728638
0.07522368431091309
0.0022753297816962004
