0.010623692534863949
-0.09064435213804245
-0.006993183866143227
0.03741421177983284
-0.021073460578918457
0.012947949580848217
0.0839662253856659
0.04926438257098198
0.06197255849838257
0.0036117006093263626
0.0030770194716751575
-0.0815197080373764
0.022992951795458794
0.060484882444143295
0.00809920858591795
-0.03803357481956482
0.03537702187895775
-0.058356694877147675
0.11655063182115555
-0.06601036339998245
0.02224637381732464
0.1079198345541954
0.02851007878780365
-0.02186007983982563
-0.041673678904771805
0.13975316286087036
0.0022359907161444426
-0.08249568939208984
0.07173434644937515
-0.03802928701043129
-0.017617005854845047
-0.05350375175476074
-0.049577195197343826
0.010493052192032337
-0.03943215683102608
-0.03335394337773323
-0.029940996319055557
0.005798846948891878
0.07723663747310638
-0.018390735611319542
0.09235290437936783
0.0049941702745854855
0.032128676772117615
-0.07210347801446915
0.027139628306031227
0.024939754977822304
-0.1171390488743782
-0.012748988345265388
0.052618034183979034
-0.0665086954832077
-0.025800427421927452
-0.08394493162631989
0.008283950388431549
0.00022324615565594286
-0.11912733316421509
-0.07814481854438782
0.03158782050013542
-0.001845449791289866
-0.006422440521419048
0.04367630183696747
-0.010072154924273491
0.032569192349910736
0.11541656404733658
0.05149336904287338
0.004232940264046192
-0.04586995020508766
-0.04455409571528435
0.022353235632181168
-0.10641952604055405
0.06480199843645096
0.03068527951836586
0.027804382145404816
0.043450795114040375
-0.024918658658862114
0.008369438350200653
-0.06151546910405159
0.04860144853591919
0.0002087819011649117
0.06853591650724411
0.0019115748582407832
-0.029761189594864845
0.013575051911175251
-0.06289036571979523
0.06620047986507416
0.008282345719635487
0.01759824901819229
0.04087696596980095
-0.06635238975286484
-0.04725991562008858
0.03330409526824951
-0.07354379445314407
-0.005492695607244968
0.008828382939100266
-0.012099791318178177
-0.03918353468179703
-0.030913393944501877
-0.019549179822206497
0.013682467862963676
-0.012632127851247787
0.057429272681474686
-0.06128545105457306
0.020724188536405563
-0.041676927357912064
-0.02777976356446743
0.052312228828668594
-0.05845657363533974
-0.029964124783873558
-0.0212125014513731
0.052376266568899155
0.05357418954372406
-0.0789928212761879
0.036768507212400436
-0.022691192105412483
-0.004880653228610754
0.04722512140870094
-0.04617099463939667
-0.07999622821807861
-0.07385782152414322
-0.05324176326394081
-0.04752200096845627
0.02503359690308571
-0.09994198381900787
-0.028701363131403923
-0.013397487811744213
-0.005753335542976856
-0.010748644359409809
0.07364454865455627
-7.704229648223613e-33
0.03837570175528526
-0.014609179459512234
-0.041678689420223236
-0.09678062051534653
-0.003975819796323776
0.03364484757184982
0.02183181419968605
0.0051186648197472095
-0.0558280311524868
0.061910759657621384
-0.022784966975450516
-0.0076391021721065044
-0.04619913175702095
0.11057110875844955
0.05096525326371193
-0.025754310190677643
-0.005254419986158609
0.03475894406437874
0.08002878725528717
-0.0590425543487072
0.00024806291912682354
0.05078166723251343
-0.03518375754356384
-0.004397323355078697
-0.005246402230113745
0.014714779332280159
-0.0789329931139946
-0.05677621439099312
-0.05154266953468323
0.02638552337884903
-0.04529638588428497
-0.014883955009281635
-0.011903935112059116
-0.04301992803812027
-0.02876998484134674
-0.0706004872918129
0.010301108472049236
-0.07518976926803589
-0.08204508572816849
-0.035557810217142105
0.13764220476150513
-0.05480556935071945
-0.016852248460054398
0.04011930897831917
-0.012998441234230995
-0.009458540938794613
-0.0437924824655056
0.019105855375528336
0.022708119824528694
-0.056147608906030655
0.05633438751101494
-0.0236097052693367
0.0983552411198616
-0.060085590928792953
-0.026824695989489555
0.022317884489893913
-0.005489886272698641
-0.00871849525719881
0.009542983025312424
0.009869508445262909
0.02620937116444111
-5.404599869507365e-05
0.0012300085509195924
0.0163113996386528
0.05451817438006401
-0.02922053076326847
-0.076430544257164
-0.041811052709817886
-0.020829565823078156
-0.011723979376256466
0.022883063182234764
0.026522407308220863
-0.022270621731877327
-0.05385833978652954
-0.005995745304971933
-0.0008259910391643643
0.1100010946393013
0.02822883613407612
0.0020876743365079165
-0.026440387591719627
0.026212923228740692
-0.00785117782652378
-0.0005008982261642814
-0.003212215844541788
-0.01148679107427597
0.04763011634349823
0.006939144805073738
-0.016641627997159958
0.01393633708357811
-0.009707116521894932
-0.00616469606757164
-0.10239984095096588
0.016418389976024628
-0.01405264250934124
0.055525366216897964
3.2563739197730863e-33
-0.03709203004837036
0.0068761142902076244
0.06890091300010681
0.0678282231092453
-0.007704355753958225
0.02995804138481617
-0.02595626749098301
0.11780179291963577
-0.05362175405025482
-0.04898913949728012
-0.03819269686937332
0.05409999191761017
0.10047908872365952
0.013329888693988323
0.021775787696242332
0.08477962017059326
-0.022683657705783844
0.031152350828051567
0.034442659467458725
-0.090243861079216
-0.05742013081908226
0.009280229918658733
0.06045112386345863
0.057085998356342316
-0.026214879006147385
0.10313723236322403
-0.03776274621486664
-0.04299827665090561
-0.11047779023647308
-0.03953935205936432
0.03230220451951027
-0.01358196884393692
0.027710026130080223
-0.030767977237701416
-0.02740430273115635
-0.06462036818265915
0.051953140646219254
-0.13562427461147308
-0.06054386869072914
-0.06055387854576111
0.006531400606036186
-0.05178013816475868
0.0035172824282199144
0.04587312415242195
0.06528409570455551
0.01869782991707325
0.017428375780582428
-0.02532339282333851
0.0883021429181099
0.08794714510440826
0.004734544549137354
0.0047058723866939545
0.0441068597137928
-0.026218267157673836
0.01263135951012373
0.012788447551429272
-0.05867685750126839
0.029778720811009407
0.04884512722492218
-0.026915472000837326
-0.001969619421288371
0.016420569270849228
0.012440307065844536
0.0724862664937973
0.01370894256979227
-0.08454287052154541
0.07908272743225098
-0.005472038872539997
0.0404944010078907
-0.08591150492429733
0.029917601495981216
0.09716933965682983
-0.006541894748806953
-0.025204818695783615
0.04680183529853821
0.12280800938606262
0.017412614077329636
-0.06506727635860443
-0.031822193413972855
0.049504946917295456
-0.0812840610742569
0.04002496227622032
-0.04571681097149849
-0.0025498822797089815
-0.02650989033281803
-0.04785502701997757
-0.05106258764863014
0.014972611330449581
0.006780864670872688
-0.00016516241885256022
-0.0614694319665432
0.07313920557498932
0.002205505268648267
-0.02299320511519909
0.02867250330746174
-1.752136036259344e-08
-0.009619852527976036
0.007120064925402403
0.02027476578950882
-0.010771021246910095
0.033933062106370926
0.03537523001432419
-0.06325443089008331
-0.14096198976039886
-0.03465588390827179
-0.02526945061981678
0.046511244028806686
-0.0225081667304039
-0.08384424448013306
0.027693457901477814
-0.003527141874656081
0.019167857244610786
-0.023544926196336746
0.07694359123706818
0.04214312136173248
0.002531630452722311
0.0012135279830545187
-0.006465216167271137
0.13920781016349792
-0.07873277366161346
-0.04264090582728386
-0.05897098034620285
-0.02738219127058983
0.08571598678827286
-0.06869640946388245
0.050092097371816635
-0.04128161445260048
0.08049549162387848
-0.0029735728166997433
0.002210558159276843
0.0349666029214859
-0.08687004446983337
-0.009980948641896248
0.0031699021346867085
-0.0364580899477005
0.06091124191880226
0.07723914831876755
0.0959627777338028
-0.05951691418886185
-0.016519619151949883
-0.05416304990649223
0.12933415174484253
0.03161010146141052
-0.04634413495659828
0.02832918055355549
-0.006458108313381672
-0.11902237683534622
0.012964950874447823
0.011812729761004448
0.00870425347238779
-0.013420600444078445
-0.02736649475991726
0.02867177128791809
-0.048221223056316376
0.025435054674744606
0.01183492410928011
-0.05366915836930275
0.05022221431136131
0.06410261243581772
0.12221905589103699
