-0.06437551975250244
0.0900859460234642
-0.012203755788505077
-0.026515591889619827
-0.10031329840421677
0.02877913787961006
-0.01501083467155695
0.0397593192756176
0.06824668496847153
-0.011705470271408558
0.02399027906358242
0.02964738942682743
0.007566637825220823
0.15438780188560486
0.006026268936693668
0.0418299064040184
-0.0012325544375926256
0.09862127900123596
-0.06139548495411873
-0.04384780302643776
-0.15157760679721832
0.036893103271722794
0.014630572870373726
0.023588411509990692
-0.09253451973199844
0.03493456169962883
0.12160409986972809
-0.05334099754691124
0.020253460854291916
0.030446425080299377
-0.02465268038213253
-0.03200029209256172
0.01807755045592785
0.04618455842137337
-0.012229513376951218
-0.026255184784531593
0.04970905929803848
-0.03942498937249184
0.023693932220339775
0.012968962080776691
0.0016564475372433662
0.016405347734689713
0.0008323172223754227
-0.09274984896183014
0.06278100609779358
0.04093274474143982
-0.04948866367340088
-0.03171610087156296
0.06562874466180801
0.01627475768327713
0.09744764864444733
0.06165838614106178
0.10817848891019821
0.08726733922958374
-0.02631622925400734
-0.02197491005063057
-0.03983103483915329
-0.06558475643396378
-0.012181919999420643
0.014006426557898521
-0.007592749781906605
0.07451675087213516
-0.02246485836803913
0.032163843512535095
-0.008956894278526306
-0.02562376670539379
0.005291256587952375
-0.07501213252544403
-0.14069467782974243
0.07778041064739227
-0.006964321248233318
-0.031394682824611664
0.022368188947439194
-0.029153693467378616
-0.036869775503873825
-0.08408419042825699
0.06781657785177231
0.010327210649847984
0.07961057871580124
-0.09350788593292236
-0.002443368546664715
0.062240250408649445
-0.10032151639461517
0.0894959419965744
-0.028623009100556374
-0.06920581310987473
0.06032853201031685
0.007967029698193073
-0.05959822237491608
-0.011876286938786507
-0.0399826355278492
-0.017478877678513527
0.0241891797631979
-0.027551984414458275
-0.04007984697818756
0.021702181547880173
0.02764270082116127
-0.052056461572647095
-0.11025048792362213
0.044074784964323044
-0.014967191964387894
0.011248895898461342
0.04200492426753044
-0.002493972657248378
0.07277613878250122
-0.005579979624599218
-0.03321235999464989
-0.02266640216112137
0.03342563286423683
0.12682801485061646
0.0026365797966718674
-0.023292113095521927
-0.015612774528563023
0.02752932533621788
1.0699374797695782e-05
0.04085449501872063
-0.02991528995335102
0.015443681739270687
-0.08508007973432541
-0.0763721838593483
0.017049051821231842
0.00427960604429245
-0.04779929667711258
0.04694946110248566
0.03962990641593933
-0.06783592700958252
-0.05063851550221443
-4.850567970756749e-33
0.08065204322338104
-0.15515579283237457
-0.03339219093322754
-0.020654303953051567
0.008605188690125942
-0.005257870070636272
0.01646532118320465
-0.0045702834613621235
-0.05340078845620155
-0.01852918416261673
-0.010413202457129955
-0.022320879623293877
0.06042990833520889
-0.00392115255817771
-0.05158728361129761
-0.025274114683270454
0.03812078386545181
-0.018693871796131134
0.0206143781542778
0.004377719014883041
0.006417399272322655
0.03866418078541756
0.08340421319007874
0.03954678401350975
-0.007774844765663147
0.0021151972468942404
-0.05902222543954849
-0.0676470547914505
-0.016888342797756195
-0.03326382488012314
-0.038120027631521225
0.02917199209332466
7.803696644259617e-05
0.004379154182970524
-0.08419562131166458
-0.03989825397729874
0.037416860461235046
-0.05894903093576431
-0.019208330661058426
0.019196897745132446
0.056409239768981934
-0.03382963687181473
-0.028743837028741837
-0.01927891932427883
0.06167351081967354
-0.03676474094390869
0.017644783481955528
-0.032176412642002106
0.05834006145596504
-0.04483892768621445
0.0009058128925971687
0.07953006029129028
0.03274545446038246
-0.10485153645277023
0.00013617875811178237
0.031978789716959
0.035418856889009476
0.05357879772782326
-0.034100841730833054
0.0036762587260454893
-0.004689959809184074
-0.04255838692188263
-0.014293540269136429
-0.0378284752368927
0.03901226073503494
-0.09125693142414093
-0.005507017485797405
0.05990390107035637
-0.015827447175979614
-0.019202999770641327
-0.03691036254167557
-0.01977904886007309
-0.07214131206274033
-0.03877332806587219
0.04146776348352432
-0.02392374724149704
0.05936279147863388
0.07392766326665878
0.06861066073179245
0.037758927792310715
-0.012395493686199188
0.04949029162526131
-0.0007160105160437524
-0.035955753177404404
-0.031201140955090523
-0.024467308074235916
-0.023195834830403328
0.03095642291009426
-0.011244998313486576
0.001446653506718576
-0.09088528156280518
-0.015443159267306328
-0.0014466181164607406
-0.006357877980917692
0.12839077413082123
1.487470184188538e-33
-0.05205497518181801
0.03966299816966057
0.010879039764404297
0.02698122151196003
-0.04629288613796234
-0.0608823299407959
-0.04462688788771629
0.019725371152162552
-0.05337043106555939
0.09976471960544586
0.02028527297079563
0.036987464874982834
0.014110500924289227
-0.14587512612342834
0.038076311349868774
0.12347327172756195
-0.00849376805126667
0.08042114228010178
0.008463104255497456
0.008039407432079315
0.043757058680057526
0.11033020913600922
-0.015816153958439827
-0.0494108572602272
-0.010267523117363453
-0.04582928866147995
-0.03164729103446007
0.052216242998838425
-0.0029733250848948956
-0.08463293313980103
-0.007417888380587101
-0.03656256943941116
-0.015579075552523136
-0.06410249322652817
-0.0055370633490383625
-0.057729948312044144
-0.02802768163383007
-0.04012763127684593
-0.06340813636779785
0.010584692470729351
0.06711554527282715
-0.026385299861431122
-0.008182796649634838
0.04005053639411926
0.03341606259346008
0.06683098524808884
-0.042908068746328354
-0.052532415837049484
0.0357375405728817
-0.029302414506673813
-0.03984753042459488
0.05452857166528702
0.02934689074754715
-0.026987506076693535
0.04657053202390671
-0.004369559232145548
-0.018409645184874535
-0.0027491552755236626
0.04229265823960304
0.0015470029320567846
0.07149701565504074
0.04321090877056122
0.046848561614751816
0.058484237641096115
-0.10155096650123596
0.01917356252670288
-0.06498471647500992
-0.008205968886613846
-0.019988572224974632
-0.009645216166973114
-0.021707382053136826
0.0030521536245942116
0.13209432363510132
-0.04519498720765114
0.04618184268474579
0.02711409330368042
0.04164590686559677
-0.036106646060943604
0.02701323851943016
-0.05993020161986351
0.0019066381501033902
-0.0741143450140953
-0.013015760108828545
-0.007596418261528015
-0.024709172546863556
-0.020797986537218094
-0.07451927661895752
0.04250563681125641
0.040266264230012894
-0.002883331151679158
0.007574611343443394
0.0765170007944107
0.058661624789237976
0.012467958964407444
0.008847794495522976
-1.5254094876127056e-08
-0.02022179402410984
-0.0736306831240654
-0.04147452861070633
-0.03927069529891014
0.04501713812351227
0.08094693720340729
-0.017062166705727577
-0.05342884361743927
-0.023626944050192833
0.04351135343313217
-0.019290834665298462
-0.038560137152671814
-0.049262337386608124
-0.039104823023080826
-0.008875316008925438
-0.018315114080905914
0.00909470021724701
-0.011883278377354145
0.08282172679901123
0.05268821865320206
-0.0008709990652278066
0.02835405245423317
0.03885466977953911
-0.012409592047333717
0.018084928393363953
-0.057343292981386185
-0.061858393251895905
0.04563809931278229
-0.15647108852863312
-0.026769589632749557
0.038109563291072845
0.026417918503284454
-0.028431076556444168
-0.029893770813941956
0.12255124747753143
-0.06585745513439178
0.08207356929779053
-0.05076056346297264
0.07785625010728836
0.04127613827586174
0.06143982708454132
0.12226572632789612
-0.0646560788154602
0.0027096818666905165
0.030252372846007347
0.059127893298864365
0.03832976147532463
-0.0042474642395973206
0.08168572187423706
0.05630559101700783
-0.04246203973889351
-0.05313044413924217
0.05000835284590721
-0.09002276510000229
0.03225995972752571
-0.041175972670316696
-0.027150191366672516
-0.019230030477046967
0.05446762964129448
0.07762706279754639
0.006537621840834618
0.02313089184463024
-0.004476490896195173
0.022944223135709763
