-0.07258949428796768
-0.014147847890853882
0.03128522261977196
0.023282118141651154
-0.05555751919746399
0.03858644887804985
0.022528495639562607
0.00010153413313673809
0.04833327606320381
0.027679232880473137
0.05563577637076378
-0.04631342366337776
-0.022354207932949066
0.029346751049160957
-0.002986494218930602
0.0792204886674881
-0.03485666215419769
0.006690571550279856
0.04689786210656166
-0.008848079480230808
-0.07339050620794296
-0.037291280925273895
-0.05210066959261894
0.013992817141115665
-0.04253721609711647
0.0022074165754020214
-0.005168707109987736
-0.05546965450048447
-0.03890731930732727
0.029258418828248978
-0.04018804058432579
-0.03939719870686531
-0.04698862135410309
0.029752783477306366
-0.013770596124231815
0.05644763633608818
-0.019843634217977524
-0.005231886636465788
0.03946280851960182
0.007954734377563
-0.004588628653436899
0.013059488497674465
0.026564061641693115
-0.09905047714710236
-0.051068805158138275
0.0067981150932610035
-0.059952300041913986
0.013517155312001705
0.0252316165715456
-0.00783588644117117
-0.04537182301282883
0.020718922838568687
-0.08152082562446594
0.014442335814237595
-0.05592653900384903
-0.027642058208584785
-0.09123864769935608
0.010643495246767998
-0.028452953323721886
0.016597598791122437
0.0540294423699379
0.09263560175895691
0.013090556487441063
0.08443630486726761
0.04886472225189209
-0.05917887017130852
-0.034388575702905655
0.028095832094550133
-0.010639775544404984
-0.041975170373916626
0.07297510653734207
0.04624954238533974
-0.023259855806827545
-0.06337717920541763
-0.011124457232654095
-0.10232159495353699
-0.00399415846914053
0.046291399747133255
0.041166260838508606
0.009562485851347446
-0.008056954480707645
-0.051877520978450775
0.07650940120220184
0.06873387098312378
0.06748679280281067
0.05342034623026848
0.02757026068866253
0.05432667210698128
-0.0074808597564697266
-0.04033452272415161
-0.027544183656573296
-0.070172518491745
0.005426257848739624
0.02620105631649494
-0.01313996221870184
0.008443078026175499
-0.0631195530295372
0.0014336023014038801
0.0700140967965126
0.08075116574764252
-0.052771344780921936
0.03785185143351555
-0.04270720109343529
0.004046397749334574
0.1180119663476944
-0.010564564727246761
-0.027949810028076172
0.03539054095745087
0.0189179889857769
0.02835017815232277
0.01995476521551609
-0.003122421447187662
-0.030996257439255714
0.13789744675159454
0.05989602953195572
0.012538624927401543
-0.006387466564774513
-0.08680065721273422
0.06606656312942505
-0.11151642352342606
-0.05584947392344475
-0.0433107390999794
-0.028366344049572945
-0.05876799300312996
0.09905506670475006
0.03184427320957184
0.008618691004812717
-7.134931121964655e-33
0.028617989271879196
-0.06672722846269608
-0.031242787837982178
0.020854437723755836
-0.011647127568721771
0.07016429305076599
0.012211223132908344
0.011118694208562374
-0.003967071417719126
-0.04513595998287201
-0.10147412866353989
-0.00592006603255868
-0.04901173338294029
-0.08099599927663803
0.052971791476011276
-0.022626210004091263
0.05663421005010605
0.02224642038345337
0.006616778671741486
0.007809794042259455
0.04963572695851326
0.04462162032723427
0.03738660737872124
-0.02765200100839138
-0.042079463601112366
-0.01562423910945654
0.019241483882069588
0.025983385741710663
-0.035394877195358276
0.003526116255670786
0.015101183205842972
-0.11820369958877563
0.07266924530267715
-0.06126637011766434
0.0493769571185112
0.0006562891649082303
-0.019305193796753883
-0.06109116971492767
-0.014070454053580761
0.010437113232910633
-0.022360002622008324
-0.02051577717065811
0.020378952845931053
-0.06172339618206024
-0.08248645067214966
-0.03897400200366974
0.01669931598007679
-0.016781579703092575
-0.05468160659074783
0.005056803580373526
-0.07189778238534927
0.0043751210905611515
0.0552280992269516
0.09876998513936996
-0.05438660830259323
0.05605655908584595
0.06111251562833786
-0.03531724587082863
0.029330004006624222
0.06769455224275589
-0.06873803585767746
0.02880210243165493
0.03605251759290695
-0.03462903946638107
0.13208486139774323
-0.023837313055992126
0.0214677844196558
-0.01673866994678974
0.01932591199874878
0.019037162885069847
-0.07961998879909515
0.0014765001833438873
0.10731367021799088
0.06758930534124374
0.08262674510478973
0.007626424543559551
0.07032155245542526
-0.06257686764001846
-0.010053252801299095
0.03059585951268673
0.019999314099550247
0.040799640119075775
0.08469686657190323
0.097953200340271
-0.0977669358253479
0.020835040137171745
-0.00243705534376204
0.021844498813152313
0.0030961288139224052
0.07057622075080872
-0.036501046270132065
0.02423899434506893
0.07377790659666061
-0.06921714544296265
0.13219226896762848
4.444382509985831e-33
-0.010686567053198814
0.01911352016031742
0.06052990257740021
-0.023459743708372116
0.049486447125673294
-0.01829693466424942
0.08630969375371933
0.04514393210411072
0.009798210114240646
0.04711924120783806
-0.05153540149331093
-0.052457939833402634
0.08242467045783997
0.04282693192362785
0.023515254259109497
-0.0036302146036177874
-0.03816862776875496
-0.017128754407167435
0.038243744522333145
-0.04257601127028465
-0.09717152267694473
-0.0049645742401480675
0.05866524949669838
0.050133634358644485
0.054619912058115005
0.08426778018474579
0.05031384900212288
-0.03316652774810791
-0.07606595754623413
-0.09204758703708649
-0.07448060810565948
0.05433790758252144
0.033160023391246796
-0.09148305654525757
0.019943928346037865
0.0007896224269643426
0.03259573504328728
-0.11405973881483078
0.02025795914232731
0.015330476686358452
0.06755990535020828
-0.005155641585588455
0.010557849891483784
-0.01422698050737381
0.020453449338674545
0.09867482632398605
0.06340193748474121
-0.07578199356794357
-0.010254884138703346
-0.016825832426548004
-0.05066443234682083
-0.06440017372369766
-0.0382661297917366
-0.0593874454498291
0.06521356850862503
-0.09726756066083908
0.05510849878191948
-0.04709162935614586
0.03723444789648056
-0.020589422434568405
-0.024384234100580215
0.00951139722019434
0.008008116856217384
0.07932568341493607
-0.07969307899475098
-0.00515288021415472
0.026039283722639084
-0.045981574803590775
-0.003651359351351857
-0.06512325257062912
-0.06614883989095688
-0.055816009640693665
-0.029873060062527657
0.030816778540611267
0.10660003870725632
-0.044438909739255905
-0.00873663742095232
-0.02863503247499466
0.09369601309299469
-0.04980296641588211
-0.0057105389423668385
0.030340801924467087
-0.03777884691953659
0.0030212148558348417
0.06433757394552231
-0.02279159054160118
0.018836459144949913
0.009469670243561268
-0.07935643196105957
-0.03608442842960358
-0.038626402616500854
0.056867681443691254
-0.05435015261173248
-0.028549503535032272
0.002342301420867443
-1.4433372719224735e-08
-0.02802206203341484
0.06269701570272446
0.01255178265273571
0.00464951666072011
0.03118034638464451
-0.08018935471773148
0.0841420441865921
0.000354561023414135
0.012126651592552662
-0.0007560244994238019
-0.09434407949447632
-0.03165154904127121
-0.017197193577885628
0.009344905614852905
0.0023928468581289053
0.08580268174409866
0.012764955870807171
-0.04076731577515602
-0.011042277328670025
0.0522916316986084
0.029871897771954536
-0.005861588753759861
0.029931573197245598
-0.020209474489092827
-0.08926861733198166
0.030826911330223083
0.012680328451097012
0.026959838345646858
-0.03113674372434616
0.02184576354920864
-0.06956256181001663
0.0492413192987442
-0.013219514861702919
0.023020589724183083
0.02992747537791729
-0.04848311468958855
0.1005062535405159
-0.05212106555700302
-0.07150056958198547
0.0019390378147363663
-0.07605740427970886
0.15830887854099274
-0.019265739247202873
-0.004663781728595495
0.06480477750301361
0.05619824305176735
0.08823949843645096
-0.039029356092214584
-0.05908166617155075
0.02969055436551571
-0.0675649419426918
-0.0044958568178117275
0.03876884654164314
-0.06768988817930222
-0.0970626249909401
0.016813436523079872
0.02551954612135887
-0.14851438999176025
-0.04112652689218521
0.04270409047603607
-0.008738250471651554
-0.012839466333389282
0.06762447208166122
-0.0011924763675779104
