-0.027476761490106583
0.0020141820423305035
0.02531839907169342
0.023641739040613174
-0.06677104532718658
0.02860868163406849
-0.02579641342163086
-0.03191494196653366
0.046028755605220795
0.05648091435432434
0.018541792407631874
0.023515181615948677
0.023290064185857773
0.07971116900444031
-0.0064378054812550545
0.05427011847496033
-0.01714637689292431
0.00680922158062458
0.035958822816610336
-0.06656589359045029
-0.03267764300107956
0.02408761717379093
0.05312472954392433
0.014981540851294994
0.010063260793685913
-0.004976650234311819
-0.00404092762619257
0.01310274749994278
0.04280330613255501
0.022206615656614304
-0.030838731676340103
-0.0010577772045508027
0.014012395404279232
0.010624244809150696
0.019170012325048447
-0.011446922086179256
-0.0330323651432991
0.012959213927388191
0.07772805541753769
0.040717992931604385
0.06338494271039963
-0.0003264852857682854
-0.03843734413385391
-0.005177308805286884
-0.026963843032717705
-0.012512387707829475
0.010965070687234402
-0.04053246229887009
0.060458261519670486
-0.014297742396593094
-0.043636489659547806
0.0006040391745045781
0.026689833030104637
-0.0037146052345633507
-0.08944830298423767
-0.06576897948980331
0.015003909356892109
0.045245345681905746
-0.046852149069309235
-0.0019327998161315918
0.004681615624576807
-0.007755839265882969
0.09023131430149078
0.013109694235026836
-0.03757553920149803
0.036814864724874496
-0.045362722128629684
-0.0018941175658255816
0.030275858938694
0.01705089397728443
0.007642684504389763
0.013521715998649597
0.03777477145195007
-0.07820120453834534
-0.13243228197097778
-0.12666375935077667
0.06081307306885719
0.07164379209280014
0.10277003049850464
0.05698127672076225
0.09341543167829514
0.04558159410953522
0.0038815573789179325
-0.021919583901762962
-0.05910051241517067
-0.08121936023235321
0.06915038079023361
0.056297630071640015
-0.03944169729948044
-0.12186722457408905
-0.017698176205158234
-0.026245910674333572
-0.10061167925596237
0.02736424095928669
-0.06319528073072433
-0.0177924782037735
0.008153332397341728
-0.07573239505290985
-0.0932091772556305
-0.05241362005472183
0.04670804738998413
-0.056796055287122726
0.03781459480524063
-0.02635689079761505
0.03861641511321068
-0.04367922618985176
-0.029537172988057137
0.07247509807348251
-0.0707305520772934
-0.014913970604538918
-0.05427573248744011
-0.03449201583862305
-0.01053300965577364
0.09040693193674088
-0.018729211762547493
0.010298987850546837
-0.03355329856276512
0.078924760222435
-0.044767022132873535
0.027407513931393623
0.03645949810743332
-0.0020849485881626606
0.007674938999116421
0.031192198395729065
-0.026550235226750374
-0.07527574151754379
-0.0223381407558918
-7.428570345484032e-33
0.047982048243284225
-0.032420169562101364
-0.03166753426194191
-0.024180997163057327
0.001243429840542376
-0.05130874738097191
0.0476563386619091
0.06159082427620888
-0.06680712848901749
0.0007028113468550146
0.012308974750339985
-0.1241864562034607
0.00041611320921219885
-9.858630073722452e-05
0.033793311566114426
0.023844702169299126
-0.0172501802444458
0.05275026708841324
0.06266675889492035
-0.041751325130462646
0.00018698765779845417
0.006019021850079298
0.037507232278585434
-0.044675204902887344
0.048232048749923706
-0.055283717811107635
-0.0519346185028553
-0.053355228155851364
-0.09931144118309021
-0.01530560851097107
0.09491044282913208
0.002780829556286335
0.04169313237071037
-0.011056769639253616
-0.012811657972633839
-0.003990820609033108
-0.04248819500207901
-0.041360631585121155
0.00244289287365973
-0.024174854159355164
0.031640153378248215
0.008031378500163555
0.07717490196228027
-0.04931507632136345
0.02823461778461933
-0.021266445517539978
-0.059592485427856445
0.025347407907247543
0.08023423701524734
0.07364117354154587
0.06281352043151855
-0.010863048955798149
0.02885587327182293
-0.014499356038868427
-0.006333066150546074
0.02769155241549015
-0.04589912295341492
-0.003226686269044876
-0.053547490388154984
0.0037249058950692415
0.0399746298789978
-0.07455424219369888
-0.09049092233181
-0.13652221858501434
-0.015836508944630623
-0.09206022322177887
-0.09806020557880402
0.014705948531627655
-0.08916500210762024
0.06680954992771149
0.02385304681956768
0.041040416806936264
-0.04579533636569977
-0.04507061839103699
-0.0018759523518383503
-0.04944958537817001
0.06184658408164978
-0.039370499551296234
-0.03248963505029678
-0.019998719915747643
0.09076753258705139
0.06998613476753235
-0.07956951856613159
-0.07096875458955765
-0.031874507665634155
-0.021742520853877068
0.02883950062096119
0.08756554871797562
-0.023233382031321526
0.01649468205869198
-0.019397523254156113
-0.04565829783678055
-0.03109614923596382
-0.09398013353347778
0.0855633020401001
3.038567857206171e-33
-0.0645521879196167
0.0013310819631442428
-0.05920249596238136
0.06095675751566887
0.03907420113682747
0.007965168915688992
0.02222229726612568
0.051237739622592926
-0.0687946081161499
0.10030897706747055
-0.07246083766222
0.08274299651384354
-0.09888434410095215
0.010785291902720928
-0.022484535351395607
0.023464135825634003
-0.04389427229762077
0.008633625693619251
0.06959670782089233
-0.01584950089454651
-0.1146339550614357
0.01397056132555008
0.04399412125349045
0.04564720392227173
0.02922934666275978
0.01938028819859028
-0.021559808403253555
0.09957320243120193
0.04436207562685013
0.013918260112404823
0.07880799472332001
0.06200184300541878
-0.07093601673841476
0.03752690553665161
0.03641558066010475
0.007012049667537212
0.025721609592437744
-0.046241916716098785
-0.01905781961977482
0.03127163648605347
0.07926347106695175
-0.0394878052175045
-0.012289661914110184
0.015612982213497162
0.05691225454211235
-0.043042540550231934
0.004733385518193245
-0.005551506299525499
0.016358815133571625
0.012621616013348103
0.01193199958652258
-0.0007344326004385948
0.01064460352063179
0.08213113248348236
0.053668905049562454
-0.017737068235874176
-0.17686009407043457
0.03061910718679428
-0.016968514770269394
-0.036843810230493546
0.04445238411426544
0.033261626958847046
-0.007562846876680851
0.011409285478293896
-0.04682006314396858
-0.09379588067531586
-0.0315193310379982
0.05112629756331444
-0.026553861796855927
0.02524702623486519
-0.056628234684467316
0.04162687435746193
-0.006578928790986538
-0.053360145539045334
-0.036768533289432526
0.05033694952726364
0.0461263470351696
-0.06835664808750153
-0.05754827708005905
-0.014224055223166943
0.000444096396677196
-0.002710864646360278
0.012332803569734097
-0.014229515567421913
0.0676184818148613
-0.03632831200957298
-0.051615264266729355
0.1269996613264084
0.03740695118904114
-0.028519222512841225
0.008572551421821117
0.011722955852746964
-0.036437761038541794
4.145254206378013e-05
-0.046725183725357056
-1.6901140043046325e-08
-0.024905560538172722
0.00706490920856595
-0.018451370298862457
0.031065242365002632
-0.0028233162593096495
0.011790268123149872
0.06307367235422134
-0.13390931487083435
-0.01001815777271986
-0.026284052059054375
-0.026044651865959167
-0.033632997423410416
-0.08536812663078308
-0.0006348778842948377
0.036190882325172424
0.02552839182317257
-0.06802985817193985
0.07675861567258835
0.08760565519332886
0.10532911121845245
-0.03532269969582558
-0.024906426668167114
-0.0540153868496418
0.09131897985935211
0.04713040590286255
-0.04250739887356758
0.048748310655355453
0.02530820295214653
-0.01886134035885334
0.05230345577001572
0.058435846120119095
0.014009143225848675
0.07589932531118393
0.06849193572998047
-0.033975519239902496
-0.0969800129532814
0.08496404439210892
0.0658223107457161
-0.0390779934823513
0.01678413338959217
0.07328945398330688
0.08663366734981537
-0.06599016487598419
-0.02115090936422348
0.06889845430850983
0.07836126536130905
0.026621432974934578
-0.03824758157134056
-0.025695547461509705
-0.05085847154259682
-0.11102574318647385
-0.04516744613647461
-0.019494473934173584
0.06533181667327881
0.03248889744281769
-0.005858377553522587
-0.044504813849925995
-0.033046796917915344
0.09269241243600845
0.01881955936551094
-0.06572020053863525
0.07545240968465805
0.04272903874516487
0.041800785809755325
