-0.005929483566433191
-0.0028606210835278034
0.052652787417173386
-0.015499390661716461
-0.016818465664982796
-0.0044386060908436775
0.03833261504769325
0.018438858911395073
0.01778288744390011
0.031439077109098434
0.007012735120952129
0.007068682927638292
0.04731830582022667
0.04680393263697624
0.015543289482593536
0.02965981885790825
-0.0010843700729310513
-0.0005380333168432117
0.05652990564703941
-0.059484440833330154
-0.11334218829870224
0.1016441136598587
-0.04952229559421539
-0.02148579992353916
-0.017697051167488098
-0.028458930552005768
0.024157684296369553
-0.025102032348513603
0.0030860118567943573
-0.0012337336083874106
-0.037019167095422745
-0.03563704714179039
-0.07831154763698578
-0.0050862631760537624
0.06947027146816254
-0.02693389169871807
-0.04161433130502701
-0.04956934601068497
0.004843882750719786
-0.0005324558587744832
0.022288182750344276
0.038965947926044464
0.05231068283319473
-0.012841524556279182
-0.009499230422079563
-0.060421425849199295
-0.07353757321834564
-0.02567993476986885
0.0641375482082367
-0.006214202847331762
-0.06888790428638458
-0.0362662747502327
-0.0516318678855896
-0.012724357657134533
-0.132278174161911
0.024278923869132996
-0.03346250578761101
-0.0026623201556503773
-0.05984907224774361
-0.0029447588603943586
0.02040965110063553
0.09124338626861572
0.029253771528601646
0.03181776404380798
0.028833599761128426
0.03829820454120636
-0.03139856457710266
-0.07158300280570984
0.0009450797224417329
0.0006718077347613871
0.05823330581188202
0.016895228996872902
0.030926760286092758
-0.13531182706356049
-0.04208558052778244
-0.19137169420719147
0.046020641922950745
0.013067563064396381
0.11393765360116959
0.021122882142663002
-0.048977795988321304
0.02172747068107128
0.06214847415685654
0.09675604850053787
0.007237012032419443
-0.005427075084298849
0.05227839946746826
-0.028353678062558174
0.0008015700150281191
-0.028595663607120514
0.004188320599496365
-0.013278624042868614
-0.05684545263648033
-0.006684165447950363
-0.00615643011406064
0.033303793519735336
-0.04111931473016739
-0.009019531309604645
-0.010595398023724556
0.028342897072434425
-0.004836189094930887
0.032818619161844254
0.0036190086975693703
0.0011162144364789128
0.10413428395986557
-0.034018248319625854
-0.03157845884561539
0.05043887719511986
-0.01684437319636345
-0.003326142206788063
-0.033796995878219604
0.01816275343298912
-0.04457426816225052
0.08450627326965332
-0.008828476071357727
0.02617502026259899
-0.0032831502612680197
-0.15083707869052887
-0.0589907169342041
-0.09174986928701401
-0.02629639022052288
-0.002902392065152526
-0.04138806089758873
0.02863176353275776
0.011219539679586887
0.006223840638995171
0.025540292263031006
-7.473682145248745e-33
0.0431208610534668
-0.08046729862689972
-0.013816691003739834
-0.1086466833949089
0.06872019916772842
0.012323501519858837
0.012398374266922474
-0.0032500149682164192
-0.07074248790740967
-0.021692456677556038
-0.04307887330651283
0.024960484355688095
0.004134039394557476
-0.008320694789290428
0.08749465644359589
-0.038119226694107056
0.045121919363737106
-0.006441172678023577
0.04632265120744705
-0.04056191071867943
0.026227936148643494
-0.013219412416219711
0.04320014268159866
-0.10586424171924591
-0.026299355551600456
-0.004789074417203665
-0.021393466740846634
-0.020944075658917427
-0.07756999880075455
0.04657507315278053
-0.0002189523511333391
-0.09352436661720276
0.0247763991355896
-0.006702462211251259
0.013747470453381538
-0.02630350925028324
-0.01995275355875492
-0.03319603577256203
-0.02228972688317299
0.030655447393655777
0.05874360352754593
0.033798228949308395
0.008914340287446976
0.01964890956878662
-0.019626880064606667
-0.01937286928296089
-0.016328122466802597
0.027375217527151108
-0.016761383041739464
-0.027414387091994286
-0.016505416482686996
-0.008572127670049667
0.07391781359910965
0.03374306112527847
-0.05321593955159187
0.027723100036382675
-0.018003588542342186
-0.045524366199970245
0.009533265605568886
0.06665574014186859
0.026076551526784897
-0.05524873360991478
0.034953534603118896
-0.07821393013000488
0.09453459829092026
-0.013722265139222145
-0.05032933130860329
-0.028393296524882317
-0.014687120914459229
-0.014543836005032063
0.010035584680736065
-0.02820218913257122
0.05551085248589516
0.008119250647723675
0.050259705632925034
-0.06030814349651337
0.007089609280228615
0.014693133533000946
-0.042240243405103683
0.033172354102134705
0.046441592276096344
-0.0001725431066006422
0.01323715690523386
0.10749427229166031
-0.055303506553173065
-0.06844905763864517
0.006186168175190687
0.019136838614940643
-0.017548391595482826
-0.0037339897826313972
-0.04958415403962135
-0.07591097801923752
0.07987968623638153
-0.10240157693624496
0.05863182991743088
3.140623725731585e-33
-0.008014830760657787
-0.03873429819941521
0.0035772572737187147
-0.007866887375712395
-0.021968135610222816
-0.08589274436235428
0.023927373811602592
0.09708332270383835
-0.10512373596429825
0.02331671491265297
-0.12181682884693146
0.07132380455732346
0.04590505361557007
0.014959967695176601
0.044332243502140045
0.060813479125499725
-0.03964272513985634
0.018711097538471222
0.017405660822987556
0.0317537896335125
-0.03319641947746277
-0.0029482662212103605
0.10712059587240219
0.12129251658916473
0.05595368519425392
0.06345708668231964
0.008382849395275116
-0.04764777794480324
-0.06544134765863419
-0.09054592251777649
-0.05087248235940933
0.09206439554691315
0.09662295877933502
-0.05379871279001236
-0.07777809351682663
0.034591980278491974
0.08033410459756851
-0.09352041780948639
0.019388020038604736
0.085157111287117
0.13900132477283478
-0.1026787981390953
0.01880117692053318
-0.05921788886189461
0.06220944970846176
0.07337835431098938
0.00890360027551651
0.0196430254727602
-0.053847700357437134
-0.025499368086457253
-0.007659005932509899
0.016043005511164665
0.06446021795272827
0.04655705392360687
0.07850827276706696
0.0030740750953555107
-0.1111743301153183
0.003980613779276609
-0.02167249284684658
0.03128517419099808
0.035380132496356964
-0.0036358514335006475
0.007682888302952051
0.05285799503326416
-0.04377087950706482
-0.044145066291093826
0.02647227607667446
-0.03169376403093338
-0.05938900634646416
-0.04965566471219063
-0.11915375292301178
0.0036129949148744345
0.014899315312504768
0.05079254135489464
0.0793062075972557
-0.006143264472484589
0.015727752819657326
0.010662639513611794
0.02706998400390148
-0.015568356961011887
-0.04000920429825783
-0.043578602373600006
-0.010275308042764664
-0.06539180874824524
0.057466018944978714
-0.09145893156528473
-0.0009003853192552924
0.0015523734036833048
-0.02768612653017044
-0.04082489013671875
-0.014573291875422001
0.02525549754500389
-0.16908207535743713
0.05583305284380913
0.024309856817126274
-1.6734825081243798e-08
0.023313486948609352
0.0414423868060112
0.009520039893686771
0.014152925461530685
-0.024942845106124878
-0.02023985981941223
0.10688114166259766
-0.04533985257148743
0.04463740065693855
0.017733899876475334
-0.03156013414263725
-0.08156713098287582
-0.04897191375494003
-0.04708385467529297
-0.054125916212797165
0.05969395115971565
-0.0020205725450068712
0.004577094689011574
0.02082168124616146
0.0734298899769783
0.0002264112699776888
0.011757499538362026
-0.014402787201106548
-0.021211929619312286
-0.0026171396020799875
-0.045097265392541885
0.044001225382089615
0.02753681130707264
-0.0026350035332143307
0.01685239188373089
-0.021086812019348145
0.054386090487241745
-0.010267713107168674
0.003496000776067376
0.03565164655447006
-0.06653602421283722
0.04680006578564644
-0.08348038792610168
-0.03053446300327778
0.027880342677235603
0.005909548606723547
0.11652613431215286
-0.03734641894698143
-0.009618991054594517
0.09588269889354706
0.09509328007698059
0.11289897561073303
-0.004623714368790388
0.015092984773218632
0.015961283817887306
-0.0736149400472641
-0.0002834965998772532
0.08994369953870773
-0.02352301776409149
0.0012297953944653273
0.05246438458561897
0.04241310805082321
-0.104765385389328
-0.04051854461431503
0.0761881098151207
-0.00724008958786726
0.03291478380560875
-0.021502654999494553
0.06800033897161484
