0.012332484126091003
0.008322718553245068
0.027885060757398605
0.025575602427124977
-0.056633494794368744
0.03998251631855965
0.05367042496800423
-0.001214717049151659
-0.005340077914297581
-0.008501583710312843
0.02075234055519104
-0.014843834564089775
0.0057646650820970535
0.05440643057227135
-0.03923365846276283
0.014011283405125141
-0.003320938441902399
-0.06386328488588333
-0.007321637589484453
-0.09777629375457764
0.03459198400378227
0.14361517131328583
0.04116459935903549
0.0185468140989542
-0.07886781543493271
0.08406596630811691
0.029190627858042717
-0.04367566481232643
0.05313798412680626
-0.003913033287972212
-0.04896062612533569
-0.03580879047513008
-0.0780724287033081
-0.02383112907409668
0.02362200990319252
-0.032998502254486084
-0.011176730506122112
0.03243732824921608
0.106439009308815
0.04412538930773735
0.02093013934791088
0.006976618897169828
-0.05057685822248459
-0.03218011185526848
0.005498657934367657
-0.007198386825621128
-0.07624348253011703
-0.040421683341264725
0.03734071925282478
-0.0355052649974823
-0.03604137897491455
-0.026399780064821243
0.04935038462281227
0.04793956130743027
-0.12361932545900345
-0.0037556495517492294
0.012679816223680973
-0.005536162294447422
-0.03318427503108978
0.03856180980801582
0.013012788258492947
0.012210767716169357
0.09423203766345978
0.03736657276749611
0.045436784625053406
0.02048429101705551
-0.01406226959079504
0.010829994454979897
-0.10547168552875519
-0.016425080597400665
0.08618166297674179
-0.031231939792633057
-0.01955796591937542
-0.006036348640918732
0.0936058908700943
-0.0890963152050972
0.02627710998058319
-0.05640050768852234
0.04747603088617325
0.08760766685009003
0.0026678023859858513
-0.009783725254237652
-0.03259894996881485
0.09834124147891998
-0.04753027483820915
0.03004305250942707
0.044852014631032944
0.012891857884824276
-0.09988851845264435
-0.031144263222813606
-0.046327002346515656
-0.0741962194442749
-0.01858886331319809
3.065297278226353e-05
-0.01240392867475748
-0.047444507479667664
-0.02130930870771408
-0.0504164919257164
-0.007536328863352537
0.0014671065146103501
-0.02473221905529499
-0.05907685309648514
-0.1249745637178421
-0.07733064889907837
0.08231782168149948
-0.019380902871489525
0.006567842792719603
0.009111903607845306
0.09853194653987885
-0.0018755376804620028
-0.06303025782108307
-0.009969573467969894
-0.0014602792216464877
-0.0034523371141403913
-0.04463829845190048
0.029426641762256622
-0.08844579756259918
0.014321507886052132
-0.04386201873421669
-0.09965240210294724
0.09488239884376526
-0.07829393446445465
-0.03259072080254555
0.03688700124621391
0.004720685072243214
-0.012072047218680382
0.04621437191963196
-4.928862506677237e-33
0.01475417148321867
-0.014222866855561733
-0.058260299265384674
-0.007141274865716696
0.03750934451818466
0.06252668797969818
0.08025883138179779
0.06690526753664017
-0.0715954527258873
0.04816034436225891
-0.05191993713378906
-0.019977107644081116
-0.032935746014118195
0.038998931646347046
0.008074676617980003
-0.03061327338218689
-0.04871822148561478
-0.004994185175746679
0.03589177876710892
0.0057054790668189526
0.007694206200540066
0.058248765766620636
0.003672212827950716
-0.016717389225959778
-0.0014171001967042685
0.06517083197832108
-0.06720958650112152
-0.02748172916471958
-0.03514638915657997
0.023486532270908356
0.043210115283727646
0.030059590935707092
-0.04928329586982727
-0.042211685329675674
-0.042226940393447876
-0.10604212433099747
0.011527989991009235
-0.05948131904006004
-0.08517029881477356
0.007765105459839106
0.05809972062706947
-0.010860921815037727
-0.014770442619919777
0.02356790006160736
-0.03419007733464241
-0.032985933125019073
-0.07083027064800262
-0.02016633190214634
0.005618595983833075
-0.021132687106728554
0.03200727701187134
0.07689887285232544
0.12060488015413284
-0.024573639035224915
-0.031219353899359703
-0.019953081384301186
0.013769112527370453
-0.02864583395421505
0.0537089966237545
0.08402914553880692
0.04690789431333542
-0.026698336005210876
0.007498679216951132
0.003461688756942749
0.09873782843351364
-0.014186733402311802
-0.1140165776014328
-0.048022203147411346
-0.029947757720947266
-0.037395503371953964
-0.0004798973095603287
0.050104618072509766
-0.023826157674193382
-0.10346774011850357
-0.05882919952273369
-0.028320755809545517
0.03959841653704643
0.01566631719470024
0.002520124427974224
-0.08252599835395813
0.023761076852679253
0.0007181238033808768
0.0671439915895462
0.00037147168768569827
-0.016172906383872032
0.01245222706347704
-0.0037755994126200676
-0.02362198196351528
0.06733884662389755
0.054806362837553024
-0.014239167794585228
-0.05345466360449791
-0.018072105944156647
-0.06374941021203995
0.06532794237136841
1.870675097742865e-33
-0.012426508590579033
0.04313068836927414
-0.01763201877474785
0.07794539630413055
-0.0067758383229374886
0.01917807199060917
0.030417345464229584
0.1754373461008072
0.037061259150505066
0.04120153561234474
-0.019826393574476242
0.07450386881828308
0.09112321585416794
0.05008767172694206
0.0007112875464372337
0.0970970094203949
-0.020380862057209015
0.022495899349451065
0.01741200126707554
-0.048026617616415024
-0.0676959827542305
0.028717907145619392
0.006296047009527683
0.04834692180156708
-0.003177759237587452
0.08633707463741302
-0.015903154388070107
0.003517333883792162
-0.03776930272579193
-0.05921285226941109
0.009132866747677326
0.043752726167440414
-0.008069165050983429
-0.009061289019882679
-0.04960444197058678
0.04254536330699921
0.04223218560218811
-0.09189846366643906
-0.029015248641371727
0.01849708892405033
-0.03757430613040924
-0.035668082535266876
-0.10849610716104507
0.05217162147164345
0.0038149962201714516
-0.004298733547329903
-0.06305273622274399
-0.013989772647619247
0.10487715899944305
0.09903844445943832
-0.01732860505580902
-0.03311973810195923
0.044797614216804504
-0.054394714534282684
-0.012202850542962551
0.02546502836048603
-0.09914762526750565
0.02903270721435547
0.08170589804649353
-0.022584402933716774
0.05180218443274498
0.011166582815349102
0.06458517909049988
-0.03087012469768524
-0.032989319413900375
-0.07419285923242569
0.08310786634683609
-0.026557091623544693
0.07799357175827026
-0.06755298376083374
0.03799678385257721
0.05671092867851257
0.0219282079488039
-0.017575610429048538
0.04343647137284279
0.10084348171949387
-0.0462159588932991
-0.13949184119701385
-0.06202634796500206
0.06796882301568985
-0.029014818370342255
0.0023741780314594507
0.02199455350637436
0.009738247841596603
0.05061882361769676
-0.07226066291332245
-0.05440128967165947
0.007035151124000549
-0.05346158146858215
-0.08042561262845993
-0.004000342451035976
0.06714118272066116
0.009520336054265499
0.039228640496730804
0.0509735532104969
-1.7422749465367815e-08
-0.025501800701022148
-0.03661910444498062
-0.024497661739587784
0.02201460860669613
0.022265005856752396
0.0012262476375326514
-0.010169959627091885
-0.07656624168157578
0.03738837689161301
-0.08204786479473114
0.0036681166384369135
-0.06973106414079666
-0.11323315650224686
0.027046237140893936
-0.021266601979732513
0.043236903846263885
-0.10222771018743515
0.056174904108047485
0.03230312466621399
-0.006046670954674482
-0.0010022250935435295
-0.008969713002443314
0.09118323773145676
-0.02567071095108986
-0.07752110064029694
-0.06697177141904831
-0.015068634413182735
0.10056077688932419
-0.005608126055449247
-0.014809083193540573
-0.01435503177344799
0.032436177134513855
0.02411729469895363
0.03170609474182129
-0.0001236140524270013
-0.05829174444079399
-0.06812282651662827
0.03373304754495621
0.006935409270226955
0.030377114191651344
0.08668611943721771
0.013192755170166492
-0.09172649681568146
-0.0023796013556420803
0.01124999113380909
0.04528922960162163
0.012328626587986946
-0.006742941681295633
0.023310184478759766
-0.0033987972419708967
-0.04642035439610481
0.015366177074611187
-0.006293896120041609
0.047849077731370926
0.08557769656181335
-0.0533459410071373
0.010421020910143852
-0.03391551226377487
0.04257333278656006
0.0386168472468853
-0.08859283477067947
0.12539717555046082
0.08611933887004852
0.024663180112838745
