0.06257589161396027
0.048811350017786026
-0.011610165238380432
0.0358041450381279
0.04123237356543541
-0.002196205547079444
0.08571110665798187
-0.019964367151260376
0.02677794173359871
0.04599606990814209
-0.056008245795965195
0.02840297669172287
-0.10269957035779953
0.025470605120062828
-0.011656486429274082
-0.03577422350645065
-0.027401568368077278
-0.0028324995655566454
0.09495221078395844
-0.013439021073281765
-0.058440711349248886
0.0525800846517086
0.026049548760056496
0.09432661533355713
-0.07576528191566467
0.049389805644750595
-0.08328237384557724
0.018960580229759216
0.038200221955776215
-0.06110429763793945
-0.008831336162984371
-0.05632493644952774
0.002962383208796382
-0.010469239205121994
0.00925007089972496
0.008163276128470898
0.017480045557022095
-0.07212758809328079
0.03178440034389496
-0.06734234094619751
0.12389597296714783
-0.007089579943567514
0.023282421752810478
-0.03917517885565758
-0.029224175959825516
0.031390052288770676
-0.03984713554382324
0.05950062349438667
0.08420249074697495
-0.0111829349771142
-0.11283678561449051
-0.07648541033267975
-0.04545658826828003
0.024154433980584145
0.031277794390916824
0.15017729997634888
0.015505528077483177
-0.059917788952589035
-0.04273407161235809
-0.020057683810591698
-0.0008416868513450027
-0.016541482880711555
-0.014753734692931175
0.04549397528171539
0.026664353907108307
-0.04573318362236023
-0.054937370121479034
-0.0857415497303009
0.04370800778269768
0.03835456073284149
0.013977030292153358
0.0004895289312116802
-0.06073174998164177
-0.02494657225906849
-0.05523022636771202
-0.03884602710604668
0.09996692091226578
-0.07012605667114258
0.07848075777292252
-0.0027943947352468967
-0.002298993756994605
0.02086293324828148
0.015205008909106255
-0.008221075870096684
0.029485244303941727
-0.023564375936985016
-0.024509288370609283
-0.04477379843592644
-0.09494965523481369
-0.107179194688797
0.04228851571679115
0.007434017024934292
-0.03300528600811958
-0.05579741299152374
0.02392713911831379
0.033300865441560745
-0.013268093578517437
0.006059576291590929
-0.05909932777285576
0.07730361819267273
0.02038431167602539
-0.01606709137558937
0.027075277641415596
-0.019264964386820793
0.04578948765993118
-0.008003384806215763
-0.016450686380267143
0.0020634285174310207
-0.015920748934149742
-0.015084483660757542
-0.05443183332681656
0.0190605316311121
-0.05629367381334305
0.1064385250210762
-0.010269378311932087
-0.025045573711395264
-0.07259789854288101
-0.0801377072930336
-0.07350660115480423
0.025464961305260658
0.03916539251804352
-0.02925233729183674
-0.016525834798812866
-0.0032015282195061445
0.0009041824960149825
0.056826576590538025
-0.0051678866147994995
-5.219802133951553e-33
-0.009654682129621506
-0.05362648516893387
0.04914112016558647
-0.06857515126466751
0.10435304790735245
0.08735061436891556
-0.013346596620976925
0.13121017813682556
-0.05392099916934967
0.03962425887584686
-0.011760775931179523
-0.03919706121087074
0.00447857053950429
0.04998733103275299
0.0944681465625763
-0.087394580245018
0.05086922645568848
0.04009581729769707
0.011629970744252205
-0.060084268450737
0.04042688012123108
-0.02916898764669895
-0.007097915280610323
-0.03377524018287659
0.07532140612602234
-0.01745433919131756
-0.03920010104775429
-0.03761215880513191
-0.08936696499586105
0.03418130800127983
0.04078887775540352
-0.03140649572014809
-0.005795685108751059
0.039202895015478134
0.024248221889138222
-0.13116447627544403
0.07132784277200699
-0.046329010277986526
-0.044619686901569366
0.035315483808517456
-0.002313497941941023
-0.10358265042304993
0.04197443649172783
0.09965428709983826
-0.04675060883164406
-0.008562136441469193
-0.05873578414320946
0.0035967756994068623
-0.03129560872912407
0.07130284607410431
0.052818555384874344
-0.059525590389966965
0.016346199437975883
-0.05205443128943443
-0.048212576657533646
-0.0012311844620853662
-0.00439113937318325
-0.001841750112362206
-0.06606550514698029
-0.06492497771978378
-0.04613900184631348
-0.03169563040137291
-0.06822285056114197
-0.05647936463356018
0.13920307159423828
-0.014571166597306728
-0.06090480834245682
-0.06621835380792618
-0.007103625684976578
-0.018914494663476944
0.04568817466497421
-0.021408075466752052
0.018222220242023468
-0.057874422520399094
-0.08791787922382355
0.030625278130173683
-0.07071982324123383
0.0598738007247448
0.0490083210170269
0.040440816432237625
0.029854057356715202
0.0044082640670239925
0.07175891846418381
-0.006754424422979355
0.004106813110411167
-0.07506605982780457
0.014682663604617119
-0.04685642570257187
0.07417364418506622
-0.026887107640504837
0.04598604142665863
0.03530964255332947
0.0651821494102478
-0.09047725796699524
0.0036236499436199665
1.2445794395170596e-33
-0.03531820699572563
-0.01085700560361147
-0.0446629673242569
0.041168708354234695
0.019039323553442955
-0.025375135242938995
-0.04289686679840088
0.1090373620390892
-0.0973270833492279
-0.05704398825764656
-0.016376040875911713
0.022110307589173317
0.054307591170072556
0.005518518853932619
0.06760016083717346
0.06649331003427505
-0.0835343599319458
0.014519313350319862
0.052074041217565536
0.0403217189013958
0.03757310286164284
-0.014488227665424347
0.08383483439683914
0.04689841344952583
-0.01734246499836445
0.0068633705377578735
0.10978181660175323
-0.11378897726535797
-0.09639935195446014
0.02669837325811386
-0.09409632533788681
0.026621287688612938
0.012015233747661114
-0.031891752034425735
-0.018429702147841454
0.024668725207448006
0.008577542379498482
-0.08876032382249832
-0.0032587358728051186
0.026805249974131584
0.06808958947658539
-0.01753070577979088
0.03948483243584633
-0.059221915900707245
0.09511803835630417
-0.07303061336278915
0.005483686923980713
0.06706258654594421
-0.03561871498823166
0.026320431381464005
-0.01760709285736084
-0.06634729355573654
0.08173590153455734
0.06681064516305923
0.05895022302865982
-0.04870617017149925
-0.10949080437421799
-0.002402261830866337
0.028478633612394333
0.005667935591191053
0.023916807025671005
-0.011376908980309963
-0.020136814564466476
0.006347356364130974
0.06926233321428299
-0.004985188599675894
-0.026389511302113533
-0.043908312916755676
0.03326819837093353
-0.010442562401294708
-0.015574686229228973
0.031109211966395378
0.0012635700404644012
0.033786579966545105
0.007318747229874134
0.08944001793861389
0.035089559853076935
0.02730276621878147
0.047477226704359055
0.04662347957491875
-0.05285968631505966
0.019003279507160187
-0.006317271385341883
-0.05685064569115639
-0.005008370149880648
-0.13644929230213165
0.0024626522790640593
0.03738727048039436
-0.050513483583927155
0.007877928204834461
-0.012539583258330822
0.020038846880197525
-0.005497881677001715
0.058927252888679504
-0.004162354860454798
-1.604898258733556e-08
0.018182389438152313
0.015313614159822464
-0.013388515450060368
-0.02568073384463787
0.10969649255275726
0.031230727210640907
0.03522562235593796
-0.14168724417686462
0.024684535339474678
0.05655219405889511
-0.0807662159204483
-0.0438237302005291
0.04711996018886566
-0.04323409125208855
-0.014365950599312782
0.001511328504420817
-0.058425966650247574
0.010581034235656261
-0.013556081801652908
0.07931564003229141
0.029620574787259102
0.04606102406978607
0.014256304129958153
0.04368836432695389
-0.044534988701343536
-0.02315639890730381
0.003895020578056574
0.015216328203678131
0.04358704015612602
0.05719413980841637
-0.03420852869749069
0.10101098567247391
-0.04982946068048477
0.036481816321611404
0.041388340294361115
-0.062787264585495
-0.006687960121780634
0.0024772221222519875
0.012895422987639904
0.028512539342045784
-0.005240961909294128
0.030462080612778664
-0.05277111381292343
-0.010624123737215996
0.027169154956936836
0.01513038668781519
0.02009124495089054
-0.08274977654218674
-0.025663772597908974
-0.004391510970890522
0.032074615359306335
-0.005662690848112106
0.09395702928304672
-0.023479143157601357
-0.055460941046476364
0.029527738690376282
0.04376106336712837
-0.04919830337166786
-0.07388469576835632
0.007913345471024513
0.004549053497612476
0.0537685863673687
-0.006700137630105019
0.06926289945840836
