0.024245183914899826
0.045032769441604614
-0.029945654794573784
0.015788789838552475
0.03409528732299805
0.015729766339063644
0.09192821383476257
-0.019377965480089188
0.02984335832297802
-0.012549133971333504
-0.0721743255853653
-0.03908230736851692
-0.05272459238767624
0.018751230090856552
-0.0036286120302975178
-0.008214691653847694
-0.010010152123868465
-0.009636340662837029
0.06091529503464699
-0.03471796214580536
-0.050364214926958084
0.09467878192663193
0.04944363608956337
0.07007090747356415
-0.05953284353017807
-0.0010384825291112065
-0.026819072663784027
0.03967567905783653
-0.0033105723559856415
-0.07110713422298431
0.025138478726148605
-0.06401503831148148
-0.017253119498491287
-0.020540473982691765
-0.05442074313759804
0.06666342169046402
-0.024781253188848495
0.013488332740962505
0.021725522354245186
0.010732196271419525
-0.008716686628758907
-0.03381732478737831
0.04983061924576759
-0.012862523086369038
-0.005161953624337912
0.015214961022138596
-0.02535145729780197
0.10100122541189194
0.07568185776472092
-0.049492351710796356
-0.02999553270637989
-0.11753297597169876
-0.09792651981115341
0.025450916960835457
0.003551651258021593
0.18990060687065125
-0.008158267475664616
-0.08620262145996094
-0.013675469905138016
-0.09597104787826538
0.05388595163822174
0.011505872942507267
-0.02139364182949066
0.04335438832640648
-0.028160803020000458
0.008371049538254738
0.03257174789905548
-0.10331227630376816
0.05626366659998894
0.02944222278892994
0.07441264390945435
0.008883041329681873
0.0020586636383086443
-0.06259090453386307
-0.007179392967373133
-0.05748433619737625
0.07493939995765686
0.015319235622882843
0.040703702718019485
-0.011426064185798168
-0.00579273235052824
0.009556222707033157
0.04477538540959358
-0.05641233175992966
0.03767490014433861
-0.03729535639286041
0.0015121400356292725
-0.012332102283835411
-0.057080600410699844
-0.1034281849861145
-0.013454632833600044
0.05582432821393013
-0.04694942384958267
0.02115081064403057
0.05659455433487892
-0.030505280941724777
-0.0281192846596241
-0.03683372214436531
-0.024879829958081245
0.05935685336589813
0.059732403606176376
-0.02265891246497631
0.01691005751490593
0.03326874598860741
0.10189010202884674
-0.013523721136152744
-0.012711506336927414
-0.024344047531485558
0.02709788829088211
0.042466722428798676
0.018760433420538902
0.017452416941523552
-0.005395321175456047
0.11019137501716614
-0.019890088587999344
-0.030086280778050423
-0.10137886554002762
-0.09740836918354034
-0.12540286779403687
-0.04485653340816498
0.09389162063598633
-0.01878337562084198
-0.0045558372512459755
-0.06779999285936356
0.06195000559091568
-0.004292479250580072
-0.07480671256780624
-3.967404371304579e-33
-0.0017565444577485323
-0.056696973741054535
0.035330865532159805
-0.038179196417331696
0.11906183511018753
0.05967166647315025
-0.049178220331668854
0.0157718975096941
-0.041146185249090195
0.03885418176651001
-0.05849980562925339
0.04743498936295509
-0.0412544347345829
0.02340417541563511
0.0055693392641842365
-0.05781533569097519
0.08114279806613922
0.030835282057523727
-0.023061353713274002
-0.037515439093112946
-0.05730660632252693
-0.013434898108243942
-0.06364468485116959
-0.06747179478406906
0.053369149565696716
0.05701484531164169
-0.0735887661576271
-0.0491509847342968
-0.06879329681396484
0.020338067784905434
0.06238599866628647
-0.07711837440729141
0.011282813735306263
0.037516869604587555
0.014612843282520771
-0.10676320642232895
0.002308874623849988
-0.06602953374385834
0.009703787043690681
-0.04644886776804924
-0.0019336884142830968
-0.042759399861097336
0.05625533312559128
-0.0032005731482058764
-0.026663823053240776
-0.06249753758311272
-0.09167038649320602
0.0329294353723526
-0.016674481332302094
0.0941852405667305
0.05723708122968674
-0.06564780324697495
0.022487889975309372
0.018599648028612137
-0.0399334654211998
-0.012292422354221344
-0.04064151644706726
0.0262697022408247
-0.06470923125743866
-0.020386820659041405
-0.04249272495508194
-0.02044372633099556
-0.008729337714612484
0.014222078025341034
0.14701183140277863
0.0227814931422472
-0.018808584660291672
-0.011191179044544697
-0.036097969859838486
-0.0061347163282334805
0.03662903979420662
-0.0026387495454400778
0.02078605443239212
-0.07669196277856827
-0.14791473746299744
0.02548728510737419
-0.006250661797821522
0.019618244841694832
0.014088950119912624
0.08740230649709702
-0.021130556240677834
-0.02628701739013195
0.003772453172132373
-0.0587662048637867
-0.04413176700472832
0.006844747345894575
0.07888531684875488
-0.06695419549942017
0.12601414322853088
-0.0027195431757718325
-0.01377064548432827
0.02213462069630623
-0.00027165605570189655
-0.10453285276889801
0.05006555840373039
1.8746501053585675e-33
-0.008956625126302242
-0.016048047691583633
-0.002382485428825021
0.07632074505090714
0.032929159700870514
-0.00958437379449606
0.04892275109887123
0.08390237390995026
-0.07227638363838196
-0.06292176246643066
-0.052612677216529846
0.07611339539289474
-0.003273345297202468
-0.014454012736678123
0.02768922783434391
0.07533001899719238
-0.05521004647016525
-0.0011631284141913056
0.07005980610847473
0.043366171419620514
-0.046050313860177994
-0.015307626686990261
-0.051775041967630386
0.0192581657320261
-0.03883098065853119
0.03519231453537941
0.011171060614287853
-0.08837496489286423
-0.09472471475601196
-0.08267730474472046
-0.039243776351213455
-0.0008535069646313787
0.005489538423717022
-0.07123637199401855
-0.029790500178933144
0.02820628508925438
0.039306990802288055
-0.10769941657781601
0.012635164894163609
0.03636016696691513
0.06782520562410355
0.01710517331957817
0.0068808370269834995
-0.013192965649068356
0.061408981680870056
-0.0032384779769927263
0.042574722319841385
0.07770363986492157
-0.07379195094108582
-0.029797278344631195
-0.014237834140658379
-0.03752744942903519
0.13224993646144867
0.014879207126796246
0.029637984931468964
-0.02902842126786709
-0.045002248138189316
0.057998184114694595
0.012565162032842636
0.010463784448802471
0.004338076803833246
0.02526312693953514
-0.05486607179045677
0.041322000324726105
0.0552484467625618
0.02174774929881096
-0.0351010300219059
0.0552230030298233
0.02447711117565632
0.04686300829052925
0.029682084918022156
0.057484354823827744
0.0005516920355148613
-0.004165140446275473
0.029976455494761467
0.025363102555274963
-0.03629572317004204
-0.013970772735774517
0.019279230386018753
0.0713055357336998
0.023666247725486755
0.01555495522916317
-0.007645037025213242
0.04775172472000122
0.0004194692010059953
-0.10447139292955399
0.009457693435251713
0.03047885186970234
0.016910362988710403
-0.013175195083022118
0.02048979327082634
0.0416947603225708
-0.0663532018661499
0.05097333714365959
0.02028360590338707
-1.56977684184767e-08
0.0036279417108744383
0.04526515305042267
0.002796079032123089
-0.0328126959502697
0.06772135198116302
0.011629304848611355
0.12347985059022903
-0.14495909214019775
-0.024129752069711685
-0.00896996445953846
-0.13312841951847076
-0.04380339756608009
0.053293731063604355
-0.02732235938310623
-0.046469688415527344
0.02318054623901844
-0.057757582515478134
0.028812283650040627
-0.017900673672556877
0.025496313348412514
0.06837339699268341
0.07595343142747879
0.04627694934606552
0.004368332214653492
-0.01569506898522377
-0.01116137020289898
0.02574041858315468
0.001282977988012135
-0.02689342573285103
0.05744048207998276
0.010938417166471481
0.07380998879671097
-0.030316393822431564
0.06458942592144012
0.042437270283699036
-0.07974699139595032
0.022688003256917
0.05811666324734688
0.03319105505943298
-0.03840068355202675
-0.0011278161546215415
0.04787887632846832
0.0009294591145589948
-0.01931045763194561
-0.06626185774803162
0.06563620269298553
-0.06885631382465363
-0.09435443580150604
0.060788799077272415
-0.019940614700317383
0.0010062468936666846
0.026326704770326614
0.11739053577184677
-0.0315120555460453
-0.014451893046498299
0.04017704725265503
0.044593311846256256
0.03549441695213318
-0.020731491968035698
0.02104339562356472
-0.007770630531013012
-0.02735820785164833
0.016381720080971718
0.03162466362118721
