0.08626629412174225
0.044231198728084564
-0.08316218852996826
0.023907743394374847
0.011422975920140743
0.012640377506613731
0.11454913765192032
-0.06102301925420761
0.0324634313583374
-0.01653081364929676
-0.04771929234266281
-0.08218421041965485
-0.08710609376430511
0.07972855865955353
-0.019041623920202255
-0.0407264269888401
-0.04363970085978508
-0.013711030595004559
0.009497701190412045
-0.008012347854673862
-0.029828794300556183
0.07922669500112534
0.020883958786725998
0.04103986546397209
-0.05693448334932327
-0.004794145934283733
-0.024093279615044594
0.027485216036438942
-0.032211873680353165
-0.05830436199903488
0.025769749656319618
-0.07118973135948181
-0.0007103969110175967
0.005982360802590847
-0.06907711923122406
-0.026305563747882843
0.04418368637561798
0.013152355328202248
0.03220837563276291
0.013446539640426636
0.04923378676176071
0.01103159599006176
0.030502082780003548
0.02617991529405117
-0.004609103314578533
0.08539832383394241
-0.09264535456895828
0.1139359250664711
0.10024414211511612
-0.06573864817619324
-0.0630689337849617
-0.12704125046730042
-0.14112204313278198
0.048806242644786835
0.016758941113948822
0.21548306941986084
-0.005139440763741732
-0.06572454422712326
-0.035620417445898056
-0.04353395849466324
-0.0452139750123024
-0.039092302322387695
-0.02251189760863781
0.057139553129673004
0.012103154323995113
-0.019675493240356445
-0.029017262160778046
-0.08620122075080872
0.03278079256415367
0.01438925787806511
0.06642831861972809
-0.04821345955133438
0.0006037504645064473
-0.10092562437057495
-0.036946073174476624
-0.034697338938713074
0.06710506975650787
0.009078138507902622
0.04438699781894684
-0.017663728445768356
-0.0029545105062425137
0.004282418638467789
0.030089598149061203
-0.04340100660920143
0.039596185088157654
0.03497295454144478
-0.03866186365485191
-0.03844638541340828
-0.11055191606283188
-0.08303626626729965
-0.046700701117515564
0.024392185732722282
0.0015524161281064153
-0.036149684339761734
0.12810976803302765
0.02703135833144188
-0.009571786038577557
0.022441770881414413
0.006109067238867283
0.08799413591623306
0.018699156120419502
-0.07800659537315369
0.04131532087922096
0.007547836750745773
0.0871981829404831
0.016365518793463707
0.001176896970719099
-0.029205601662397385
0.006781184580177069
-0.024904238060116768
0.012102745473384857
0.02531445398926735
-0.017114819958806038
0.0669018104672432
-0.004229354206472635
-0.07559582591056824
-0.07372929900884628
-0.08619051426649094
-0.12816447019577026
-0.04747174307703972
0.06700149178504944
-0.0483967550098896
-0.003584576305001974
-0.10534755885601044
0.022986261174082756
-0.005458430852741003
-0.0629226490855217
-4.3211506617433304e-33
-0.01053261011838913
-0.06727511435747147
0.05553985387086868
-0.03228013217449188
0.10666519403457642
0.03584006056189537
-0.038175348192453384
0.025377850979566574
-0.032918401062488556
-0.008293040096759796
-0.025240441784262657
-0.006913613528013229
-0.08540618419647217
0.0807117149233818
0.05125885456800461
-0.05724905803799629
0.05143808200955391
0.10078664869070053
-0.027685649693012238
-0.03650447726249695
-0.023369217291474342
0.041024528443813324
-0.043402332812547684
-0.03414875641465187
0.03689931333065033
0.0287866722792387
-0.058181263506412506
-0.07204018533229828
-0.04840380698442459
0.023273685947060585
0.06280779093503952
-0.05160275846719742
-0.020700998604297638
0.03314298391342163
-0.06670699268579483
-0.04078663885593414
-0.022587807849049568
-0.09263914078474045
0.01730012521147728
0.015465022996068
-0.0004582927795127034
-0.045330461114645004
-0.0074882106855511665
0.06886459141969681
-0.05855735018849373
-0.05709723010659218
-0.06600376963615417
0.009653436951339245
-0.019797099754214287
0.10315444320440292
0.03661653771996498
-0.09329352527856827
0.06483116000890732
-0.010369399562478065
-0.04018266499042511
0.008419757708907127
-0.05600803345441818
0.056335706263780594
-0.011421173810958862
-0.011961136944591999
-0.018564188852906227
-0.006387411616742611
-0.06121949851512909
0.013824304565787315
0.19028709828853607
0.04232049733400345
-0.009737643413245678
-0.0078080035746097565
-0.02822772040963173
-0.0011639154981821775
0.02477462776005268
-0.007495875470340252
0.044897399842739105
-0.11941064149141312
-0.07656165957450867
0.046079106628894806
0.07582008838653564
-0.013478328473865986
0.016207769513130188
0.007138834334909916
0.012941093184053898
0.06166313216090202
0.027888223528862
0.016340984031558037
-0.030616844072937965
0.006698875688016415
0.03834298998117447
0.004101307597011328
0.07962296158075333
0.018566615879535675
0.013440377078950405
0.06261952221393585
-0.001315973000600934
-0.0818898156285286
0.04293046146631241
1.894720569372904e-33
0.003791564144194126
0.0010555385379120708
-0.055215395987033844
0.06422822177410126
0.018231060355901718
0.013734227046370506
0.05794716626405716
0.07119935005903244
-0.003346861805766821
-0.042468465864658356
-0.029768718406558037
0.05342620238661766
0.020041802898049355
0.017408162355422974
-0.020123695954680443
0.05234690383076668
-0.025547225028276443
0.032586827874183655
0.05986347794532776
-0.0006453279638662934
-0.017177851870656013
0.03938854858279228
0.00022547408298123628
-0.009958192706108093
-0.006952411029487848
-0.00027762516401708126
0.011783711612224579
-0.05270882323384285
-0.1526908576488495
-0.06736961752176285
-0.00579020706936717
-0.030114036053419113
0.015790777280926704
0.018729567527770996
-0.007813719101250172
-0.006283944938331842
0.042560357600450516
-0.0642324686050415
-0.027785038575530052
0.03297825902700424
0.008596053346991539
0.004573985934257507
0.026439841836690903
-0.031648676842451096
0.07629027962684631
-0.024116072803735733
-0.027400333434343338
0.06166785955429077
-0.03479275852441788
-0.03500349819660187
0.008502999320626259
-0.03465348109602928
0.05879675969481468
0.021915193647146225
-0.0219395961612463
-0.03414573892951012
0.001931147649884224
0.046283941715955734
0.07487768679857254
-0.016390053555369377
-0.036981251090765
-0.012537136673927307
-0.07394400984048843
0.066769078373909
0.05352739989757538
-0.020815519616007805
-0.03450695797801018
-0.01876627467572689
0.034449685364961624
-0.02777787297964096
0.051120858639478683
0.04485073685646057
-0.02820129133760929
-0.021381989121437073
0.017873693257570267
0.06042778864502907
-0.04205123335123062
-0.03248646855354309
0.02079474739730358
0.1130344495177269
0.019846269860863686
0.016897032037377357
0.0193732101470232
0.05719209834933281
0.011470184661448002
-0.09432552754878998
0.012337646447122097
-0.008867883123457432
-0.013071862049400806
-0.04286365956068039
-0.005645731929689646
0.03558534383773804
-0.00015172804705798626
0.05813981965184212
0.024831220507621765
-1.589031306536981e-08
0.03252216801047325
0.04000764340162277
0.027357282117009163
-0.06103838235139847
0.08559688925743103
-0.0056595224887132645
0.06146102026104927
-0.08659631013870239
-0.02066354639828205
0.04990959167480469
-0.073199562728405
-0.05556849017739296
0.022800663486123085
-0.025841495022177696
0.0031195960473269224
-0.005048464052379131
-0.035213273018598557
0.04082496836781502
0.0007073568413034081
-0.03290463611483574
0.01705240085721016
0.09769626706838608
0.0459725596010685
0.019968993961811066
-0.0403912179172039
-0.027040481567382812
0.05363183468580246
0.03243733197450638
0.021260807290673256
0.0544174388051033
-0.03785640373826027
0.08581306785345078
-0.057111918926239014
0.05335617810487747
0.021310601383447647
-0.11114365607500076
-0.021438568830490112
0.07645800709724426
0.01674109324812889
-0.008723885752260685
0.014087876304984093
-0.006447376683354378
-0.022846121340990067
-0.008420013822615147
-0.01907626911997795
0.001219517202116549
0.009996169246733189
-0.10075407475233078
0.030003903433680534
-0.020543165504932404
0.07627037167549133
0.06674845516681671
0.05949621647596359
0.00024129328085109591
-0.1139889732003212
0.01461012102663517
0.02597135677933693
-0.012443047016859055
-0.052504803985357285
0.025557346642017365
0.04750364273786545
0.05278772860765457
0.03587868809700012
0.05925014242529869
