0.0190912913531065
0.10160554945468903
-0.05288776755332947
0.01569998636841774
-0.006776124704629183
0.012185918167233467
0.06354718655347824
0.0027486372273415327
0.08585367351770401
-0.018839042633771896
0.0034907865338027477
-0.038078367710113525
-0.07604489475488663
-0.005047494079917669
0.04860687628388405
0.02008749172091484
-0.022003760561347008
0.013377208262681961
0.09322017431259155
-0.010136919096112251
-0.11198759078979492
0.03739670291543007
0.03984270617365837
0.0622398816049099
-0.026631295680999756
0.01583203673362732
-0.03525131195783615
0.06314413249492645
0.02323734201490879
-0.008846918120980263
0.06200826168060303
-0.03404674679040909
-0.02031862922012806
0.0765751302242279
-0.02611592784523964
0.042552947998046875
-0.0017505178693681955
-0.027708590030670166
0.00871946569532156
0.03186685964465141
0.045409612357616425
-0.0838591530919075
-0.026131145656108856
-0.0776069387793541
-0.01454547606408596
-0.006335646845400333
-0.06268412619829178
0.050792694091796875
0.10509419441223145
-0.01513537298887968
-0.04059924557805061
-0.07938413321971893
-0.061703551560640335
0.029098423197865486
-0.003989584743976593
0.1827326864004135
0.030338887125253677
-0.02543463744223118
-0.006933273281902075
-0.08572111278772354
0.051541220396757126
-0.02825538069009781
-0.0551673024892807
0.06485854089260101
0.0074623506516218185
0.0024574294220656157
-0.04621357470750809
-0.07285209745168686
0.03825228288769722
-0.020294005051255226
0.001615038956515491
0.004461809992790222
-0.06263270229101181
-0.07269427180290222
-0.03910316154360771
-0.040108490735292435
0.07950771600008011
-0.036597300320863724
0.067674919962883
0.010493474081158638
0.07361116260290146
0.017758958041667938
-0.008954494260251522
0.011927989311516285
0.019996842369437218
-0.05128704756498337
0.028536157682538033
0.025700364261865616
-0.018060320988297462
-0.05116027593612671
-0.020578322932124138
0.02426675520837307
-0.07032570987939835
-0.0007512980373576283
0.01874375343322754
0.018890665844082832
-0.007429863326251507
-0.11475250869989395
-0.01853204518556595
0.018641507253050804
0.03002292290329933
-0.05506137013435364
-0.062468770891427994
0.0701252892613411
0.04336438700556755
-0.010177780874073505
0.02566034533083439
-0.024369575083255768
-0.052840955555438995
-0.022078944370150566
-0.010451593436300755
0.017272405326366425
0.013704064302146435
0.0741179808974266
-0.0036420237738639116
-0.05614412948489189
-0.03343536704778671
-0.029915308579802513
-0.08690068125724792
-0.020813269540667534
0.0631326362490654
0.046793170273303986
0.024232298135757446
0.018767017871141434
-0.021445268765091896
0.04629141464829445
-0.006253986153751612
-6.030068553263433e-33
0.061670053750276566
0.048023708164691925
0.03460906445980072
-0.022762075066566467
0.10922871530056
0.00783864688128233
-0.06137187033891678
0.044270988553762436
-0.08615739643573761
-0.05374385416507721
-0.025889623910188675
-0.014243501238524914
-0.03873433172702789
0.01993570290505886
0.12304207682609558
-0.04525771737098694
0.12406446784734726
0.05858207494020462
0.014357664622366428
-0.011469995602965355
-0.08628638088703156
-0.019962407648563385
0.020153846591711044
-0.055284708738327026
-0.022724350914359093
0.0616646409034729
-0.04636777564883232
-0.0443897508084774
-0.0866706594824791
0.029916107654571533
0.05266205966472626
-0.07400473207235336
0.035947371274232864
0.011791172437369823
0.02450466714799404
-0.0632413700222969
0.016225330531597137
-0.05641690641641617
-0.029000453650951385
-0.015917889773845673
-0.020525481551885605
0.00440058670938015
0.0790211409330368
0.03363968804478645
-0.04578785225749016
-0.04520880803465843
-0.054824184626340866
0.010484779253602028
-0.06347992271184921
0.12764617800712585
0.004385094158351421
-0.03930029273033142
-0.011518471874296665
-0.06078245863318443
-0.025346409529447556
-0.0002745669335126877
-0.0420910008251667
0.01822909340262413
-0.07726048678159714
0.04938489943742752
-0.07685666531324387
-0.051423050463199615
-0.025440510362386703
-0.043516892939805984
0.11603359878063202
0.01729854755103588
-0.06738807260990143
-0.0068923127837479115
-0.08856476098299026
0.007962062954902649
-0.01789548061788082
0.01755582168698311
0.031412411481142044
-0.013565296307206154
-0.06946313381195068
0.08417469263076782
0.03659064695239067
0.05405299738049507
-0.010968432761728764
0.04390479251742363
0.010403266176581383
0.019141914322972298
0.05951877683401108
-0.11228572577238083
-0.0003330344916321337
-0.021390078589320183
0.036969926208257675
-0.027539826929569244
0.07337427884340286
0.0011284650536254048
-0.002787421690300107
0.06803058087825775
0.02084656059741974
-0.09151502698659897
0.03769593685865402
2.6519308674894275e-33
0.007875464856624603
-0.03677523881196976
-0.036108244210481644
-0.012324683368206024
0.004446547944098711
-0.019302604719996452
-0.08099190145730972
0.021127205342054367
-0.16435155272483826
-0.007057416718453169
-0.07308636605739594
0.06641122698783875
0.0430774912238121
-0.04827488586306572
-0.009877137839794159
0.03262006863951683
-0.05235026776790619
0.03683897480368614
0.03301370516419411
0.03685440123081207
0.012140550650656223
0.004041530191898346
0.02344587631523609
0.02838025987148285
-0.030604364350438118
0.042916957288980484
0.06391170620918274
-0.07296700775623322
-0.010409918613731861
-0.03750917688012123
-0.046559907495975494
-0.012992121279239655
-0.025658680126070976
-0.022638406604528427
0.041126277297735214
0.06173587590456009
0.015974612906575203
-0.11306491494178772
0.06012662872672081
0.059942979365587234
0.042456742376089096
-0.005155834835022688
-0.004989247769117355
-0.08682208508253098
0.09517097473144531
-0.020753875374794006
0.034137748181819916
0.1356295794248581
-0.04602275416254997
-0.0186160858720541
-0.03195326402783394
-0.04978163167834282
0.09748575836420059
0.11307913064956665
0.04202462360262871
-0.06045422703027725
-0.04852565377950668
0.031118687242269516
0.031009651720523834
-0.03289160132408142
0.01811877079308033
-0.01359812542796135
0.007797750644385815
0.038376279175281525
0.06149866059422493
-0.021021895110607147
-0.0325925312936306
0.023509616032242775
-0.009182664565742016
-0.055528465658426285
0.07125692069530487
-0.032392483204603195
-0.02364451438188553
-0.05428820103406906
0.013803083449602127
0.12304668128490448
0.004933155607432127
0.004501230549067259
0.030828578397631645
0.05223619192838669
-0.07567176222801208
0.005585844162851572
-0.03185258433222771
-0.04508291557431221
-0.004128726664930582
-0.07586979866027832
-0.016849376261234283
-0.006808939855545759
-0.030846044421195984
-0.042830999940633774
-0.04833182319998741
0.08980218321084976
-0.0803307294845581
0.08042854070663452
-0.017652539536356926
-1.4826885497143394e-08
-0.0306690763682127
-0.008382296189665794
0.006730910390615463
0.02034972421824932
0.07638835906982422
0.05731184035539627
0.09278503805398941
-0.18819090723991394
0.0027137252036482096
-0.013285930268466473
-0.07807311415672302
-0.02842990681529045
0.08097019046545029
0.019348932430148125
-0.0692099928855896
0.004484036937355995
0.003001939970999956
0.03247314319014549
-0.0015540325548499823
0.060341574251651764
-0.00118015066254884
0.05366809293627739
0.06144805997610092
-0.018414678052067757
-0.05571252480149269
-0.05096084624528885
-0.009301380254328251
0.07985945791006088
0.027434537187218666
0.035126831382513046
0.011568879708647728
0.04952463135123253
0.03377776965498924
0.001185563625767827
0.006354653276503086
-0.048960085958242416
0.04397077113389969
0.06970137357711792
0.047163039445877075
0.007364520337432623
0.0633343905210495
0.020412661135196686
0.003784614149481058
0.015001978725194931
-0.02958940900862217
0.11289364099502563
0.027393100783228874
-0.029810434207320213
-0.042433299124240875
-0.019720526412129402
-0.033992789685726166
-0.02749469131231308
0.08848322182893753
-0.01512384507805109
-0.09494049102067947
0.017191262915730476
0.020896077156066895
-0.023318050429224968
0.01992698386311531
-0.024979574605822563
-0.03319844976067543
-0.0160199161618948
-0.03173476457595825
0.06375287473201752
