0.07635325938463211
0.03152657300233841
-0.03320580720901489
0.01349602174013853
0.01313796453177929
-0.03574218228459358
0.04737982526421547
-0.022660929709672928
0.056044649332761765
0.04036729782819748
-0.07789747416973114
0.006508710794150829
-0.10117361694574356
0.07049743086099625
-0.024143075570464134
-0.01618153415620327
-0.08488813787698746
-0.0020561348646879196
0.04359026253223419
-0.033222075551748276
-0.043797679245471954
0.1141003668308258
0.0251269843429327
0.10028032958507538
-0.03989169001579285
-0.06057245284318924
-0.05757083371281624
-0.005057112313807011
0.013687103055417538
-0.07151717692613602
0.0031414709519594908
0.001895942259579897
0.007028364110738039
0.01474698819220066
0.026650236919522285
0.005205946508795023
0.019258106127381325
-0.028127018362283707
0.09855873137712479
-0.04981552064418793
0.08479756116867065
-0.0010828316444531083
0.034589532762765884
-0.026151923462748528
-0.041373856365680695
0.007656129077076912
-0.033476658165454865
0.021761856973171234
0.05361887067556381
-0.03393539786338806
-0.0850977972149849
-0.10218095034360886
-0.06455735117197037
0.08235330134630203
0.010925007052719593
0.1562040001153946
0.0020068876910954714
-0.08365066349506378
-0.04108313471078873
-0.0274041760712862
0.04779748618602753
0.018191080540418625
0.011802379973232746
0.026484932750463486
-0.015578334219753742
-0.00292537035420537
-0.014309764839708805
-0.058772794902324677
0.08375504612922668
0.00010160225065192208
0.033052511513233185
-0.01831909641623497
-0.04748326167464256
-0.04465081915259361
-0.011494393460452557
-0.11746717989444733
0.09535916149616241
-0.010489809326827526
0.09415239840745926
-0.027252357453107834
-0.04383305832743645
0.012977653183043003
0.054039329290390015
-0.005617843009531498
-0.011355023831129074
-0.012544602155685425
-0.01347232237458229
-0.013527978211641312
-0.09342285245656967
-0.09835564345121384
-0.014498258009552956
0.007760536391288042
-0.018621861934661865
-0.08416979014873505
0.052869074046611786
0.01838991604745388
-0.01789754256606102
0.022574305534362793
-0.0396399088203907
0.0772479698061943
0.03368643671274185
0.011355310678482056
0.05340924486517906
-0.020853286609053612
0.03824587166309357
0.016682075336575508
-0.00247910781763494
-0.003807701636105776
0.0027333213947713375
-0.015272891148924828
-0.016134629026055336
0.03656040504574776
-0.04639705270528793
0.11412426829338074
-0.007554870098829269
-0.00895053893327713
-0.07388146966695786
-0.07845798134803772
-0.10293733328580856
0.058919791132211685
0.05517762526869774
-0.02912287786602974
-0.02797609195113182
0.005255335941910744
-0.007798188831657171
0.06961324065923691
-0.012792282737791538
-4.82781517557063e-33
-0.017107902094721794
-0.05403191223740578
0.025366345420479774
-0.0997898280620575
0.14204636216163635
0.053383924067020416
-0.033311616629362106
0.043597977608442307
-0.084232397377491
0.04824359342455864
-0.05445811524987221
-0.04081021621823311
-0.04732266440987587
0.04295921325683594
0.10118569433689117
-0.09243695437908173
-0.03032693825662136
0.042278751730918884
-0.015905998647212982
-0.01211187057197094
-0.010685085318982601
-0.04857896268367767
-0.02773909643292427
-0.057209569960832596
0.1030198261141777
-0.058979395776987076
0.016060130670666695
-0.030382536351680756
-0.0818871557712555
0.023628827184438705
0.02627519890666008
-0.056411467492580414
0.005875277798622847
0.004966944456100464
-0.014004279859364033
-0.1363334357738495
0.04734627529978752
-0.05492539331316948
-0.0012375320075079799
0.025019986554980278
0.02979770489037037
-0.045574478805065155
0.06678659468889236
0.10722053050994873
-0.04009602218866348
-0.014480125159025192
-0.0784081295132637
0.017108863219618797
-0.033293161541223526
0.11539120972156525
0.05278768390417099
-0.08036024868488312
0.015854811295866966
-0.0445331409573555
-0.035731472074985504
-0.012680967338383198
0.012625965289771557
0.046820856630802155
-0.037594109773635864
-0.026844311505556107
-0.057824715971946716
-0.0534130223095417
-0.06282511353492737
-0.0216008722782135
0.1191878616809845
0.014470902271568775
-0.06184883788228035
0.004731012042611837
-0.019016854465007782
-0.07263064384460449
-0.04136417806148529
0.0014750886475667357
-0.010678020305931568
-0.09327862411737442
-0.12003589421510696
0.0043975478038191795
-0.029784323647618294
0.06818289309740067
0.048228319734334946
0.042944908142089844
-0.002102762460708618
-0.009907800704240799
0.055464260280132294
0.01919371634721756
0.012313172221183777
-0.059418678283691406
-0.0027553478721529245
-0.05691918730735779
0.04415450617671013
-0.00549941323697567
0.04370129480957985
0.06147618219256401
0.06739422678947449
-0.052902232855558395
0.06594491750001907
1.6808165970377417e-33
-0.018230238929390907
-0.0220793504267931
-0.0010541497031226754
0.05102543160319328
0.002006828784942627
-0.011782371439039707
-0.072850301861763
0.06927773356437683
-0.08809366822242737
-0.07471658289432526
-0.0269157774746418
0.10887708514928818
0.008341854438185692
0.0064268759451806545
0.07210833579301834
0.0470312274992466
-0.025246337056159973
-0.00822147075086832
0.06997392326593399
0.04693809524178505
0.021147828549146652
0.0064385258592665195
0.022166011855006218
0.012319019995629787
-0.05688684433698654
0.05397374927997589
0.0757763683795929
-0.11481668800115585
-0.02658538520336151
-0.044871773570775986
-0.039001788944005966
-0.0075885760597884655
-0.015168040059506893
-0.049362946301698685
-0.02409685216844082
0.005830684211105108
0.06743054836988449
-0.0692046508193016
-0.01665346324443817
0.04048405587673187
0.07694164663553238
0.000490930222440511
0.015295547433197498
-0.06076420471072197
0.029422564432024956
-0.020579291507601738
0.014391825534403324
0.04500625655055046
-0.05927392467856407
0.007782160770148039
-0.004773444030433893
-0.027321409434080124
0.08541370183229446
0.041305992752313614
0.055136192589998245
-0.020685726776719093
-0.08842793852090836
0.030108626931905746
0.016301678493618965
-0.04425312951207161
-0.003040631301701069
0.017555564641952515
0.014087407849729061
-0.01223075669258833
0.02438538707792759
-0.0119901392608881
-0.05536478012800217
-0.03274352848529816
0.02071319706737995
0.020450865849852562
-0.009981206618249416
0.03715893253684044
-0.05891727656126022
0.044463858008384705
0.023235570639371872
0.10588529706001282
-0.008311002515256405
-0.03505140170454979
0.038336895406246185
0.07841158658266068
-0.06277488172054291
0.035453785210847855
-0.03496352210640907
-0.05749617889523506
0.034826360642910004
-0.18588851392269135
-0.0034978643525391817
0.0677863284945488
0.020680394023656845
0.0021421504206955433
0.0040648700669407845
0.03378797322511673
-0.03326032683253288
0.02067507989704609
0.002108478918671608
-1.717379305432587e-08
-0.013441402465105057
0.011823499575257301
-0.01487694587558508
-0.02989673987030983
0.08640825748443604
-0.018215244635939598
0.08905107527971268
-0.05901952087879181
0.016570832580327988
0.04864790663123131
-0.06443044543266296
-0.014342238195240498
0.00857966672629118
-0.021957922726869583
-0.006900672800838947
-0.014144682325422764
-0.054457709193229675
0.01962377317249775
-0.007553637493401766
0.05647306144237518
0.012235204689204693
0.04572093486785889
0.03319697454571724
0.05475997552275658
-0.06802930682897568
-0.04060913994908333
0.029318539425730705
0.06434065103530884
0.023480219766497612
0.05251564830541611
-0.00760407792404294
0.16110368072986603
-0.07298697531223297
0.07157106697559357
-0.0015642362413927913
-0.09377146512269974
0.0030706345569342375
0.012261049821972847
0.0222858265042305
0.025778204202651978
0.025148896500468254
-0.028143882751464844
-0.0633472427725792
-0.01164932083338499
0.03737753629684448
0.005138872191309929
0.03697284683585167
-0.019518638029694557
0.01500051748007536
0.003039982868358493
0.04535951092839241
0.015642819926142693
0.08921314775943756
-0.009963125921785831
-0.06630507111549377
0.07096707820892334
0.0568171888589859
-0.04589923098683357
-0.025076985359191895
-0.012594028376042843
0.0009073561523109674
0.016688549891114235
-0.002350978087633848
0.03132350742816925
