0.12360390275716782
0.07252316176891327
-0.0030040170531719923
0.05035553127527237
0.06413556635379791
-0.033250175416469574
0.08238434046506882
-0.016229011118412018
0.0037483053747564554
0.07660219818353653
-0.03782003000378609
0.010211456567049026
-0.11426658928394318
-0.023627806454896927
-0.03933066129684448
0.03795113414525986
-0.003406891832128167
-0.02856495976448059
-0.006638960912823677
-0.029927212744951248
-0.054273780435323715
0.12429201602935791
0.05198024958372116
0.09756791591644287
-0.044326893985271454
-0.03806653618812561
-0.08989564329385757
0.024402005597949028
0.01236598938703537
-0.10428107529878616
0.019790830090641975
0.02179434522986412
-0.06522735953330994
0.056125838309526443
-0.05638868361711502
0.007200028281658888
0.031923796981573105
-0.014448780566453934
0.07171302288770676
-0.016034895554184914
0.04789537191390991
0.02049930952489376
0.0431082546710968
-0.014062915928661823
-0.009469185955822468
0.0383942611515522
-0.04810039699077606
0.06862102448940277
0.13645152747631073
0.01051490567624569
-0.10837669670581818
-0.07131621986627579
-0.017553212121129036
0.05189041420817375
0.07781895995140076
0.05899004638195038
-0.0010558593785390258
-0.10838920623064041
-0.06018010899424553
-0.10824894905090332
-0.05399798974394798
0.026732441037893295
0.0020091552287340164
0.013846526853740215
-0.04646188020706177
-0.03498763218522072
-0.07776633650064468
-0.0889839380979538
0.0751461386680603
0.017693674191832542
0.061372678726911545
-0.03358960151672363
-0.06484603136777878
-0.001415056292898953
0.028578441590070724
-0.034175802022218704
0.018875598907470703
-0.025331424549221992
0.05797334387898445
0.07571840286254883
0.11238812655210495
-0.05423653498291969
-0.08287756890058517
-0.05545314773917198
0.0606476292014122
0.01853569783270359
0.01580626703798771
-0.031987763941287994
-0.060932934284210205
-0.013868539594113827
-0.028312020003795624
-0.04550711065530777
0.029915040358901024
-0.03642985224723816
0.031259048730134964
-0.05164199322462082
-0.010699543170630932
-0.1314546912908554
0.004674458410590887
0.07469548285007477
0.02827299013733864
-0.00743411248549819
0.0463499054312706
0.016598224639892578
0.011328690685331821
0.02738613449037075
0.08665090799331665
-0.01816491037607193
0.036830008029937744
-0.006787948776036501
-0.06472542881965637
-0.0012215349124744534
0.0020610608626157045
0.06168657913804054
-0.011010011658072472
-0.00766934547573328
-0.09210961312055588
-0.023773377761244774
-0.103436179459095
0.0031215869821608067
0.024680964648723602
0.004427479580044746
-0.02366623841226101
-0.01536544505506754
0.005480306688696146
0.013729376718401909
-0.020759904757142067
-4.22069071047015e-33
0.010135398246347904
-0.03551675006747246
0.05067867040634155
0.01117690373212099
0.08078189194202423
-0.0013900726335123181
-0.007885872386395931
0.0002114886447088793
-0.025116916745901108
0.04858596622943878
-0.10846520960330963
-0.04516405239701271
-0.05383020639419556
0.04090433567762375
0.16130973398685455
-0.08001486957073212
0.005090293008834124
0.02964269183576107
-0.04151076450943947
-0.05250246450304985
-0.028548434376716614
-0.03870055824518204
-0.06406578421592712
-0.07324017584323883
0.021480871364474297
0.0041776904836297035
-0.03397715836763382
-0.04014992341399193
-0.030863730236887932
0.03133130073547363
0.04229472950100899
-0.05920148268342018
-0.021583400666713715
0.04086083173751831
-0.06951627135276794
-0.029882583767175674
0.009390746243298054
-0.11303284764289856
0.044800255447626114
0.05551985651254654
-0.04521627351641655
-0.08160437643527985
0.0054054586216807365
0.07619758695363998
-0.05618849769234657
-0.005089092068374157
-0.056775838136672974
0.014817298389971256
-0.039628755301237106
0.0325569324195385
0.04499049857258797
-0.03475206717848778
0.030929792672395706
-0.03421786054968834
0.024984976276755333
0.010108002461493015
0.048753250390291214
-0.014706647023558617
0.008726188912987709
0.013306592591106892
-0.022275645285844803
-0.09338903427124023
-0.005759729538112879
0.06251928210258484
0.11895342916250229
0.001577287446707487
-0.04431452974677086
0.011877240613102913
-0.047899674624204636
0.0037333827931433916
0.004239480942487717
-0.01204187236726284
0.060168176889419556
-0.12736772000789642
-0.061282359063625336
0.012833246961236
-0.04328415170311928
-0.008514092303812504
0.05933419615030289
0.030670499429106712
0.004826374817639589
0.020804492756724358
0.06252230703830719
-0.03356896713376045
0.02234680764377117
-0.024030758067965508
-0.01227564737200737
-0.005915408954024315
0.03518858179450035
0.003972780890762806
-0.0340571328997612
0.06666223704814911
0.025358205661177635
-0.07695905864238739
0.023287471383810043
2.2588982701492492e-33
0.016271118074655533
0.024834536015987396
-0.036127183586359024
0.01877518743276596
-0.008596699684858322
-0.024874107912182808
-0.03067590668797493
0.08814970403909683
-0.04512706398963928
-0.04121759533882141
-0.07035656273365021
0.03237201273441315
0.08647331595420837
-0.021512825042009354
0.06956619024276733
-0.01630130410194397
0.03384330868721008
-0.0033651269041001797
0.07035297900438309
-0.017828261479735374
-0.014994273893535137
-0.020198898389935493
0.08196479082107544
-0.0028716125525534153
-0.02682545967400074
0.0006167846731841564
0.04516548663377762
0.018419509753584862
-0.017237558960914612
-0.019052915275096893
0.005417191423475742
0.0002781375078484416
0.06806483864784241
0.06956779956817627
-0.017007924616336823
0.028286967426538467
0.1044606938958168
-0.019624417647719383
0.033866237848997116
-0.037329111248254776
-0.02967439591884613
-0.0010372725082561374
-0.010999317280948162
-0.07127556204795837
0.07354271411895752
-0.03549071401357651
-0.01196944061666727
0.037901870906353
-0.0026683907490223646
-0.03645707666873932
-0.008234940469264984
-0.058233533054590225
0.05258072167634964
0.06380759924650192
0.11259789019823074
0.07476566731929779
0.01187814213335514
0.018019448965787888
0.09514814615249634
-0.08529802411794662
-0.028071776032447815
0.0133430827409029
-0.012523727491497993
-0.00969283003360033
-0.028807058930397034
0.014782345853745937
-0.03953773155808449
-0.03810158744454384
0.038565728813409805
-0.00994955375790596
-0.058358218520879745
0.02084757760167122
-0.004706484731286764
0.08230903744697571
-0.08031817525625229
0.03813568875193596
0.05991242080926895
0.06722712516784668
0.07731635868549347
0.09932645410299301
0.03301973640918732
0.004648924805223942
0.0033691786229610443
-0.011739636771380901
-0.01116365659981966
-0.028220565989613533
-0.011936227791011333
-0.008497227914631367
-0.039361897855997086
0.04003380611538887
-0.021171674132347107
0.06143640726804733
0.05352700501680374
-0.05740327015519142
0.04003065451979637
-1.3818317157188176e-08
-0.03430013731122017
0.03411584347486496
0.033793795853853226
-0.00250420393422246
0.058674927800893784
0.06380567699670792
0.07255881279706955
-0.10977908968925476
-0.0012307455763220787
-0.03690263256430626
-0.06579580157995224
-0.08520249277353287
0.08608760684728622
0.03290757164359093
0.011572332121431828
-0.07958047091960907
-0.08049154281616211
-0.029926111921668053
-0.01930607669055462
0.04243213310837746
-0.06853397190570831
0.09362506121397018
-0.0008577864500693977
0.011520491912961006
-0.018187645822763443
0.013198275119066238
-0.07630886882543564
0.0021345289424061775
0.00047052715672180057
0.023314543068408966
-0.06067192554473877
0.09673026204109192
-0.09982407093048096
0.03974633663892746
-0.058227553963661194
-0.0535932295024395
0.027828345075249672
0.024046290665864944
0.022302763536572456
-0.04090357944369316
0.0347592867910862
0.03936184197664261
-0.0038051314186304808
-0.020490612834692
0.015795821323990822
0.023364484310150146
0.016970230266451836
-0.0761849582195282
-0.050030164420604706
-0.020497864112257957
0.09048005193471909
0.024405738338828087
0.09672292321920395
0.036647964268922806
-0.039844151586294174
0.039892468601465225
-0.07770461589097977
-0.04962613806128502
-0.046000994741916656
-0.0663025751709938
0.02611897513270378
0.027932999655604362
-0.025169502943754196
0.09421540051698685
