0.10524629801511765
0.044300224632024765
0.03393922746181488
-0.0024045761674642563
0.02931957133114338
-0.07605881243944168
0.0328836515545845
-0.02385892905294895
0.030891308560967445
0.06304506212472916
-0.05977517366409302
0.016530299559235573
-0.10120492428541183
0.07920972257852554
0.012484732083976269
0.02430303581058979
-0.09045440703630447
-0.019054196774959564
0.033596545457839966
0.0034874454140663147
-0.02674294263124466
0.10715799033641815
-0.010717504657804966
0.06833991408348083
-0.04358362779021263
-0.10524503886699677
-0.09011737257242203
-0.02727588266134262
0.0016559757059440017
-0.07114864885807037
0.020538022741675377
-0.0045003159902989864
-0.0035776367876678705
0.02325822040438652
0.012488446198403835
0.010895300656557083
-0.02106757089495659
-0.06474867463111877
0.1119161918759346
-0.022506222128868103
0.01841333694756031
0.03114248439669609
0.0017563553992658854
-0.09153933078050613
-0.07874669879674911
-0.004678346216678619
-0.03515011444687843
-0.012184745632112026
-0.011037650518119335
-0.020747367292642593
-0.04242723435163498
-0.05343497171998024
-0.10752197355031967
0.05084879323840141
0.01031824853271246
0.031508464366197586
-0.015886478126049042
-0.10264702141284943
-0.06080113723874092
-0.0636657252907753
0.07014588266611099
0.06450343877077103
0.03372202813625336
0.023290319368243217
-0.018299013376235962
0.02957240305840969
-0.01900164783000946
-0.07512251287698746
0.08870396763086319
-0.03660683333873749
0.036667436361312866
0.0011099776020273566
-0.03652937337756157
0.0024970227386802435
-0.005111522972583771
-0.12964771687984467
0.017824409529566765
0.0010087249102070928
0.09774822741746902
-0.04219205677509308
-0.0035549758467823267
0.018859466537833214
0.028189642354846
0.04060933366417885
0.0718265250325203
-0.026469288393855095
-0.022903485223650932
0.04632048308849335
-0.07398123294115067
-0.047810569405555725
0.04101515933871269
0.011734804138541222
-0.024341803044080734
-0.0019208561861887574
0.04861115664243698
0.02694469690322876
-0.05574855953454971
-0.030873583629727364
-0.015442848205566406
0.08675457537174225
0.07641065865755081
0.1108081191778183
0.08052944391965866
-0.047472499310970306
0.021276824176311493
0.02135826274752617
-0.09050063043832779
-0.04384441301226616
0.031231006607413292
0.033933013677597046
0.0265220794826746
0.033057842403650284
-0.0465872697532177
0.1033184602856636
-0.051185574382543564
-0.012777240015566349
-0.04600052163004875
-0.06011948734521866
-0.05860740691423416
-0.009292302653193474
0.05253305658698082
-0.009775037877261639
-0.008802903816103935
0.03193267807364464
0.018482647836208344
0.06671334058046341
-0.035532914102077484
-4.872854976306355e-33
0.0005009620799683034
-0.0028963990043848753
0.028975168243050575
-0.03463318198919296
0.1678159087896347
0.062109969556331635
-0.0005047934828326106
0.0409366711974144
-0.07694949954748154
0.04928447678685188
-0.07324819266796112
-0.023305324837565422
0.017323315143585205
0.03152194619178772
0.06307584047317505
-0.04781155288219452
-0.049771372228860855
0.008854527026414871
-0.07301317900419235
-0.011588167399168015
0.033178605139255524
0.007564661558717489
-0.05011092498898506
-0.01418355293571949
0.025443919003009796
-0.03891455754637718
-0.004380708560347557
-0.013042204082012177
-0.044956933706998825
0.004600401967763901
0.005365586373955011
-0.10497955232858658
-0.0329364538192749
0.03659455478191376
0.01143478974699974
-0.09809132665395737
-0.00020977378881070763
-0.06899376213550568
-0.02157854102551937
-0.002510701073333621
0.06390698254108429
-0.01745869778096676
0.049069471657276154
0.054997120052576065
0.0024774621706455946
0.05489606782793999
-0.08755892515182495
0.05257219821214676
-0.03780684992671013
0.027864819392561913
0.04082362353801727
-0.0449085608124733
0.018182482570409775
-0.04118548706173897
-0.037083111703395844
-0.009963239543139935
0.08654103428125381
-0.004369285888969898
0.004850107245147228
0.02979280613362789
0.0037086447700858116
-0.09892982244491577
0.00451480969786644
0.020680999383330345
0.027659399434924126
-0.017778515815734863
-0.03595650941133499
0.021504197269678116
-0.013528461568057537
-0.04999801516532898
0.006884180940687656
-0.017693936824798584
0.09198633581399918
-0.10478152334690094
-0.09753002226352692
-0.027791358530521393
-0.03360713645815849
0.05201997235417366
-0.03565986454486847
0.08248594403266907
8.271406113635749e-05
-0.03734244033694267
0.05943412706255913
-0.0197286456823349
0.05140756815671921
-0.07493627071380615
0.0036609829403460026
-0.02248452603816986
0.0065093692392110825
-0.0012882834998890758
0.06183427572250366
0.07645727694034576
0.06508184224367142
-0.051980067044496536
0.009131441824138165
1.5525376535973902e-33
-0.023573853075504303
-0.03371874615550041
0.059814631938934326
-0.02182921953499317
-0.06456966698169708
-0.028640881180763245
-0.04068644344806671
0.08217693120241165
-0.10054934024810791
0.006086168345063925
0.030135205015540123
0.07237546145915985
0.018672730773687363
0.023863213136792183
0.10828815400600433
0.01259011123329401
-0.014026894234120846
0.03503048047423363
0.03254036232829094
0.07564087212085724
-0.013702956028282642
0.04086405411362648
0.028543390333652496
0.021716199815273285
-0.026903720572590828
0.03719880059361458
0.04139024391770363
-0.0638623833656311
-0.02893473207950592
-0.07672980427742004
-0.03692929446697235
-0.07641720771789551
-0.038815323263406754
-0.026757627725601196
-0.027974817901849747
-0.009087273851037025
0.05156318098306656
-0.11007508635520935
-0.06004961207509041
0.07343195378780365
-0.011416604742407799
-0.02402796410024166
0.0007289640489034355
-0.020202916115522385
0.01556620467454195
-0.03554466366767883
-0.046201981604099274
0.07519380003213882
-0.07523287087678909
0.032583992928266525
0.013341075740754604
-0.022826408967375755
0.10835130512714386
0.008662557229399681
0.018626151606440544
0.05344231426715851
-0.0940542072057724
0.03168493136763573
-0.037270642817020416
-0.028503013774752617
-0.025159643962979317
-0.013777775689959526
-0.0033869859762489796
0.004719323944300413
-0.05185724049806595
-0.004967333748936653
-0.13758838176727295
-0.049120694398880005
-0.026923347264528275
0.07873073220252991
-0.04103250801563263
0.032706476747989655
-0.02308192290365696
0.049655355513095856
0.049277178943157196
0.07091007381677628
0.025344736874103546
0.000276947976090014
0.08302583545446396
0.029865888878703117
-0.11143147200345993
0.028910432010889053
0.03948575630784035
-0.036050207912921906
0.02747923508286476
-0.14681994915008545
-0.006276866886764765
0.06224033609032631
0.0004159089585300535
-0.0016342013841494918
-0.00586369913071394
0.03424881026148796
0.0050486302934587
-0.01036712247878313
-0.0037980275228619576
-1.693963014304245e-08
-0.09513121843338013
-0.0014360653003677726
-0.0488542877137661
-0.011276508681476116
0.10899893194437027
-0.043593741953372955
0.14469777047634125
-0.05932705104351044
-0.058777593076229095
0.06410118192434311
-0.05219477415084839
-0.0032826727256178856
-0.023264329880475998
-0.009334538131952286
-0.012555123306810856
-0.05188905447721481
-0.010268949903547764
0.006797324866056442
-0.015534859150648117
0.03290272131562233
0.006757945753633976
0.05498844385147095
0.007316038012504578
0.08713237941265106
0.04969939962029457
-0.05870908871293068
0.02782699652016163
0.05986621230840683
-0.0285035353153944
0.04481889307498932
-0.02634868025779724
0.08839531987905502
-0.05564510077238083
0.004879097454249859
0.013349833898246288
-0.05086234584450722
0.04332365095615387
-0.002359449863433838
0.02471129223704338
-0.08796074241399765
0.05477982386946678
-0.09288717806339264
-0.011006604880094528
0.00803114753216505
0.05382048711180687
-0.004343398381024599
-0.018884452059864998
0.0060763852670788765
0.04560176655650139
0.055054403841495514
0.04465470835566521
0.05454940348863602
0.08733826875686646
-0.028071550652384758
-0.050062116235494614
-0.062064360827207565
-0.017471294850111008
-0.030858445912599564
-0.03881534934043884
-0.020188966765999794
0.0829516351222992
0.0373467318713665
0.04848133400082588
0.03995981067419052
