0.0533798448741436
0.012246531434357166
-0.004430656787008047
0.020802468061447144
0.023528309538960457
-0.009531690739095211
0.08982034027576447
0.020513247698545456
0.09047648310661316
-0.0040976363234221935
-0.07606486976146698
0.02261396311223507
-0.05761592462658882
0.020898569375276566
-0.008519945666193962
-0.02579602226614952
-0.010347466915845871
-0.02551526576280594
0.04785263538360596
-0.02138720266520977
-0.11520692706108093
0.09856625646352768
0.06155914440751076
0.06240800768136978
-0.05326686426997185
-0.02572840079665184
-0.033148184418678284
0.04043365269899368
-0.008948294445872307
-0.07325459271669388
0.014144276268780231
-0.04096716642379761
0.020711995661258698
0.045311056077480316
-0.01836119219660759
0.014561237767338753
0.04174488037824631
-0.027970701456069946
0.06461060792207718
-0.0227909367531538
0.07156546413898468
-0.01996779814362526
0.021003108471632004
-0.048865631222724915
0.042738817632198334
0.024083171039819717
-0.052009694278240204
0.027449175715446472
0.07755760848522186
-0.04468800127506256
-0.05061657354235649
-0.041249923408031464
-0.07133036851882935
0.08481825888156891
0.03364882618188858
0.13387474417686462
0.039856355637311935
-0.0722796767950058
-0.040937263518571854
-0.10034836828708649
0.06837145984172821
0.004903995897620916
-0.03629929944872856
0.023750433698296547
0.018783386796712875
-0.015825171023607254
-0.01725754141807556
-0.11856900155544281
0.07321973145008087
0.040166400372982025
0.016558188945055008
-0.007733532227575779
-0.015591507777571678
-0.12705062329769135
-0.06669451296329498
-0.06311217695474625
0.061033401638269424
-0.038955651223659515
0.11659503728151321
0.04520890861749649
0.06406664848327637
0.05734019726514816
0.0551726371049881
0.0043748426251113415
-0.013281876221299171
-0.043088845908641815
-0.012097225524485111
0.009967210702598095
-0.09874134510755539
-0.10417274385690689
-0.025864489376544952
0.007353928405791521
-0.0020127170719206333
0.023446181789040565
0.020617451518774033
0.057638101279735565
-0.02359427511692047
-0.05299074947834015
-0.01686968095600605
0.09096827358007431
0.00460426788777113
-0.0059568630531430244
-0.004489608574658632
0.033286429941654205
0.044674668461084366
-0.0019858398009091616
0.028312643989920616
-0.03321804478764534
-0.011184136383235455
0.009291630238294601
-0.04889673367142677
0.010557187721133232
-0.07765462249517441
0.07228643447160721
-0.09949760138988495
0.0010061823995783925
-0.04956958442926407
-0.0901024341583252
-0.11002539098262787
-0.02713651768863201
0.016614874824881554
0.016957394778728485
-0.007149281445890665
-0.040358174592256546
0.03337244689464569
-0.04619015380740166
0.002426041988655925
-5.423045107208727e-33
-0.005134458187967539
-0.07541555166244507
0.10337479412555695
-0.06700319796800613
0.11959757655858994
-0.014987584203481674
-0.02401426061987877
0.019445478916168213
-0.049738962203264236
0.007301737554371357
-0.025923490524291992
-0.048264533281326294
-0.01873229257762432
-0.004227328114211559
0.1153358593583107
-0.007309480104595423
0.007683741394430399
-0.02381409890949726
0.020894067361950874
-0.05923564359545708
0.050157446414232254
-0.024777576327323914
-0.04502074792981148
-0.03454580903053284
0.047335945069789886
0.015030620619654655
-0.02201765589416027
-0.05245863273739815
-0.08309012651443481
0.004429834894835949
0.03443484008312225
-0.030601758509874344
0.008550255559384823
0.023184332996606827
-0.0282750241458416
-0.06447365134954453
0.004701981320977211
-0.03539924696087837
-0.030443329364061356
0.018673494458198547
0.03605371341109276
-0.06498417258262634
0.04381433129310608
0.07009974867105484
-0.018723633140325546
-0.02489345334470272
-0.07674551010131836
-0.007107808254659176
-0.013098706491291523
0.11870942264795303
-0.0011495494982227683
-0.04389245808124542
0.0577189177274704
-0.020323313772678375
-0.03429628536105156
-0.023941703140735626
-0.031717896461486816
-0.004372092895209789
-0.03112991526722908
-0.03326468542218208
-0.043462153524160385
-0.10562047362327576
0.022991672158241272
-0.08765503764152527
0.11587303876876831
-0.029692018404603004
-0.05948532745242119
-0.016360091045498848
-0.045976679772138596
0.012479144148528576
0.01763182505965233
0.039247773587703705
0.021793443709611893
-0.1399965137243271
-0.0986437201499939
0.03987303003668785
-0.007797302212566137
-0.020373133942484856
0.030060699209570885
0.004023014102131128
0.09713257849216461
0.002506293123587966
0.05268290638923645
0.008818992413580418
-0.0022528045810759068
-0.07569916546344757
-0.018652811646461487
0.0043707010336220264
0.059922412037849426
-0.0008536157547496259
0.014018727466464043
-0.00628995057195425
0.03864191845059395
-0.11331779509782791
0.06588979065418243
2.8163338543565018e-33
-0.0033106612972915173
0.007565293461084366
-0.08556562662124634
0.044636551290750504
0.012265807949006557
-0.06062868610024452
-0.019976112991571426
0.01777959242463112
-0.10421203076839447
0.0328960083425045
-0.09473675489425659
0.11538084596395493
0.07661294937133789
0.045446690171957016
0.02368934638798237
0.07516550272703171
-0.10256170481443405
0.024720722809433937
0.06321220844984055
0.0628463625907898
0.00521881366148591
0.034112196415662766
0.038246143609285355
0.005187387112528086
0.00115393684245646
0.01712212711572647
0.08093041926622391
-0.016037454828619957
-0.05574347823858261
-0.023609710857272148
0.014057419262826443
0.035975705832242966
-0.008556637912988663
-0.01552358828485012
-0.03988246992230415
0.01417509838938713
0.015346727333962917
-0.060046132653951645
-0.024396365508437157
0.02786076068878174
0.07141653448343277
0.04164992272853851
-0.001614446402527392
-0.05199578404426575
0.10741382092237473
-0.061949845403432846
-0.008512712083756924
0.045067619532346725
-0.0023036599159240723
-0.0424698106944561
-0.007790593896061182
-0.057361822575330734
0.07391715049743652
0.0900551825761795
0.11773445457220078
0.04085734486579895
-0.06664102524518967
0.03879421949386597
-0.019399438053369522
0.01815773919224739
0.023706456646323204
0.00039644070784561336
-0.01962088607251644
0.001138523337431252
-0.019059786573052406
-0.0017070412868633866
-0.06616751104593277
0.018733659759163857
-0.03375484049320221
0.004968917928636074
-0.0208101999014616
0.0336264967918396
0.0008101733983494341
0.010976195335388184
0.005650689825415611
0.0884988009929657
0.0615742988884449
0.0625053346157074
0.05634905397891998
0.05352304130792618
-0.03177063167095184
-0.01921006292104721
-0.004503758158534765
-0.03468381613492966
0.0210009403526783
-0.09357351064682007
-0.01832442544400692
0.04695100709795952
-0.04736136645078659
-0.012759401462972164
-0.031004412099719048
0.05538696050643921
-0.007703883573412895
0.05448741093277931
-0.009337404742836952
-1.5070822811935614e-08
-0.0499483160674572
0.02639763429760933
0.0034404636826366186
-0.03198297321796417
0.059855781495571136
0.0419626384973526
0.12580153346061707
-0.19232112169265747
0.057661715894937515
-0.0015709288418293
-0.09830369800329208
-0.1128527820110321
0.05227560177445412
-0.03543192148208618
0.029955487698316574
0.023417795076966286
-0.03225555643439293
0.044044122099876404
-0.01827903650701046
0.03269636631011963
0.0050065163522958755
0.06252370774745941
0.019327474758028984
0.02632009983062744
-0.0004803364281542599
-0.04457014799118042
0.04985440522432327
-0.006634023506194353
-0.007607154548168182
0.05575961619615555
-0.008519137278199196
0.11760375648736954
-0.01328067947179079
0.005732158198952675
-0.001718147424980998
-0.04866430163383484
0.08226660639047623
0.05093272775411606
0.006510514300316572
-0.029692301526665688
-0.003297635819762945
-0.01365989726036787
-0.07020583748817444
-0.03473914414644241
0.022561784833669662
0.028317760676145554
0.027662865817546844
-0.04852278158068657
0.04029279202222824
-0.020012032240629196
0.03821437433362007
-0.015795225277543068
0.05725682154297829
0.028655406087636948
-0.03519837185740471
0.07969622313976288
0.016210390254855156
-0.0277062077075243
-0.02913476526737213
0.0025940232444554567
-0.04425288364291191
0.013082543388009071
-0.01478138193488121
0.0833127349615097
