0.0620337650179863
0.01185657549649477
-0.022386521100997925
0.051700349897146225
0.05917871370911598
-0.02993292361497879
0.04736590012907982
0.0131144430488348
0.11058337986469269
0.08021865040063858
-0.08055894076824188
0.05345631390810013
-0.06818603724241257
0.030832672491669655
0.01436748169362545
0.032386116683483124
-0.08288615196943283
0.01103479228913784
0.052910998463630676
-0.0432288721203804
-0.06727118045091629
0.09612882137298584
0.01829793117940426
0.043833691626787186
-0.003834580536931753
-0.09408304840326309
-0.04738740622997284
0.03232891857624054
-0.012388604693114758
-0.04758020117878914
-0.016406375914812088
-0.039979491382837296
-0.010068506002426147
0.07698912173509598
-0.0019796688575297594
0.0451761819422245
0.03194597736001015
-0.04751468822360039
0.07130737602710724
-0.040344398468732834
0.055095672607421875
0.020391345024108887
0.010862179100513458
-0.08238954842090607
-0.008650739677250385
-0.023258356377482414
-0.08504436165094376
0.030882136896252632
0.045798905193805695
-0.035184308886528015
-0.05589543655514717
-0.0705450102686882
-0.06325724720954895
0.07167073339223862
-0.03615662083029747
0.14994226396083832
0.0515119694173336
-0.08754825592041016
0.019319841638207436
-0.043023210018873215
0.07728125900030136
0.010702581144869328
0.005551556125283241
0.014728681184351444
-0.0023244586773216724
-0.006294419523328543
0.0027693375013768673
-0.07018858194351196
0.0953548476099968
-0.022782066836953163
0.03565297648310661
0.009202972054481506
-0.05496155098080635
-0.0629398450255394
-0.012165139429271221
-0.10183999687433243
0.05530533194541931
0.015373463742434978
0.0809435173869133
0.035966746509075165
-0.012081707827746868
0.040643110871315
0.058512210845947266
-0.006852015852928162
-0.013723659329116344
-0.002818696666508913
-0.04500752314925194
0.03516259044408798
-0.079092837870121
-0.08900776505470276
-0.051456864923238754
-0.0013989906292408705
-0.04614844545722008
0.0001448018301744014
-0.011089767329394817
0.03753433749079704
0.02104037255048752
0.015206005424261093
0.005069218575954437
0.04588831216096878
0.038090091198682785
0.015740545466542244
0.006704153958708048
-0.06009162217378616
0.012807220220565796
0.031358055770397186
-0.03505614027380943
-0.014042530208826065
0.0007968547288328409
-0.012994308024644852
0.0007518475758843124
0.012567820027470589
-0.047168415039777756
0.0940481498837471
-0.05055723711848259
-0.03462478518486023
-0.011362215504050255
-0.05302567034959793
-0.1022653803229332
0.07979856431484222
0.04176114872097969
8.855666237650439e-05
-0.01182793639600277
0.009341232478618622
-0.011186168529093266
-0.014538523741066456
0.04366485774517059
-5.2568647361490106e-33
0.024418242275714874
-0.05141193047165871
0.06629594415426254
-0.08561932295560837
0.16221952438354492
0.005045016761869192
-0.007573595270514488
0.014095127582550049
-0.0769563540816307
0.0027386879082769156
-0.04227958992123604
-0.07761606574058533
-0.03536868095397949
-0.012398112565279007
0.14273323118686676
-0.0480089969933033
-0.03195402771234512
-0.029715770855545998
0.017379026859998703
0.013627840206027031
-0.007931762374937534
-0.032615043222904205
-0.03267500922083855
-0.014271145686507225
0.05092699080705643
0.004251260310411453
0.018610874190926552
-0.028976403176784515
-0.020898636430501938
0.005681181326508522
0.0187142975628376
-0.06396501511335373
0.010616207495331764
-0.024353014305233955
0.012370762415230274
-0.0850401446223259
0.04427811875939369
-0.019253578037023544
-0.021999936550855637
-0.007552359718829393
0.07554011791944504
-0.028134793043136597
0.042563486844301224
0.027238259091973305
-0.0128818079829216
-0.005033143796026707
-0.03881256654858589
0.03391324356198311
-0.011016178876161575
0.11798108369112015
-0.02346113510429859
-0.0355524942278862
0.08853022754192352
-0.02846183441579342
-0.03374606370925903
-0.012066670693457127
0.020171983167529106
-0.01538617629557848
-0.004913758020848036
0.02678108587861061
-0.006477393675595522
-0.0753643810749054
0.0065797120332717896
-0.0809515044093132
0.060212165117263794
-0.03367236256599426
-0.03993089497089386
-0.01035323180258274
-0.029032038524746895
-0.024038739502429962
-0.04649839550256729
0.06453210860490799
-0.024108674377202988
-0.09518873691558838
-0.11192914843559265
0.028092646971344948
-0.056368112564086914
0.07799214124679565
0.027289194986224174
0.032259173691272736
-0.025111746042966843
-0.0015717872884124517
0.06067138537764549
0.0460347943007946
0.024925528094172478
-0.086793452501297
0.002945845015347004
-0.014404653571546078
-0.017236409708857536
0.007029148284345865
0.03418157994747162
0.07986945658922195
0.030203547328710556
-0.05950137972831726
0.1032969281077385
8.880815739424226e-34
-0.03247055038809776
-0.03857359662652016
0.015810415148735046
0.045975927263498306
-0.05940651521086693
-0.002945265034213662
-0.12101401388645172
-0.022871052846312523
-0.09020749479532242
-0.042260393500328064
-0.044661059975624084
0.1390632539987564
0.03714305907487869
0.017458640038967133
0.051752135157585144
0.021633204072713852
-0.06791866570711136
0.021176548674702644
0.03662059083580971
0.07555366307497025
0.03562986105680466
0.04431378096342087
0.06377081573009491
0.00017680716700851917
-0.04302625730633736
0.01710798218846321
0.06490793079137802
-0.06262081116437912
-0.024114008992910385
-0.05436386168003082
0.012529198080301285
0.03392953798174858
-0.011837458238005638
-0.05313451215624809
-0.03740672767162323
-0.0278107188642025
0.0624668151140213
-0.12034209072589874
0.009919026866555214
0.08083584159612656
0.10480644553899765
0.04550566151738167
-0.03663048893213272
-0.053764063864946365
0.013554520905017853
-0.03373783826828003
-0.012638740241527557
0.022095343098044395
-0.08504238724708557
0.00675172358751297
0.01687511056661606
-0.0203876830637455
0.08009631931781769
0.039460502564907074
0.0474005751311779
0.01924087665975094
-0.10993390530347824
0.04717066511511803
0.004091896116733551
-0.012973200529813766
-0.03419100493192673
0.04726568982005119
-0.018387477844953537
-0.007056335918605328
-0.024590205401182175
-0.03517070785164833
-0.08525525778532028
-0.023302074521780014
-0.01971660926938057
-0.021596308797597885
-0.019623098894953728
0.06910727173089981
-0.06673401594161987
0.031345538794994354
0.02975255623459816
0.07569260895252228
0.04748233035206795
-0.02189086563885212
0.008743895217776299
0.047031909227371216
-0.09077191352844238
0.05195751041173935
-0.03600498288869858
-0.07944628596305847
0.06039871275424957
-0.1408839076757431
-0.024372635409235954
0.04092824459075928
-0.008423292078077793
-0.032811038196086884
-0.026050209999084473
0.0600048191845417
-0.06255856901407242
0.009239781647920609
-0.03953968733549118
-1.6758816556716738e-08
-0.10885856300592422
0.046389829367399216
-0.04366819187998772
-0.03484945744276047
0.05229911208152771
-0.03427611291408539
0.1553824543952942
-0.08151198923587799
-0.01529579795897007
0.030263297259807587
-0.04776161164045334
-0.05791870132088661
0.01694738306105137
-0.028416065499186516
0.010372056625783443
-0.03159642219543457
-0.014474362134933472
0.0407259501516819
-0.00302090379409492
0.08948362618684769
0.029447585344314575
0.033638641238212585
0.051640480756759644
0.09624398499727249
-0.028502363711595535
-0.08374547213315964
0.0514836348593235
0.03384917229413986
0.029090434312820435
0.07324301451444626
-0.014327430166304111
0.1385480761528015
-0.018121255561709404
0.0627518743276596
-0.030799657106399536
-0.0822574570775032
0.05126975104212761
0.03642730414867401
-0.019314099103212357
-0.02105819806456566
0.024188093841075897
-0.05588814243674278
-0.0845034047961235
-0.02981438674032688
-0.017744969576597214
0.006835137493908405
0.03351348638534546
0.013007027097046375
0.022408023476600647
-0.009179241955280304
0.0016407566145062447
0.01525928732007742
0.053111836314201355
-0.025072898715734482
-0.028845710679888725
0.01624339446425438
0.0761561170220375
-0.06388308852910995
-0.026925833895802498
-0.03975223749876022
0.021078675985336304
-0.032879721373319626
-0.016035307198762894
0.04180768504738808
