0.059080302715301514
0.023765804246068
0.007207242771983147
0.005240952596068382
0.052994970232248306
-0.013202396221458912
0.0826934427022934
-0.13113966584205627
0.0024032911751419306
0.01382728572934866
-0.035576898604631424
-0.12949001789093018
-0.0652092918753624
0.08634204417467117
-0.05104219540953636
0.04655289277434349
-0.06478829681873322
-0.09137917309999466
0.03706995025277138
0.06537424772977829
0.021361447870731354
0.06421413272619247
0.014713553711771965
0.01677563600242138
-0.11197012662887573
-0.04570852965116501
-0.0001412289566360414
-0.03483274579048157
-0.02258041687309742
-0.07947752624750137
-0.0504765659570694
0.008794337511062622
-0.09104403853416443
0.03080384060740471
0.006979474797844887
-0.005201417021453381
0.014282384887337685
-0.018020236864686012
0.007988354191184044
0.020686104893684387
-0.04800908640027046
0.03744680806994438
-0.04827040433883667
-0.014033183455467224
-0.07577069103717804
0.02223954349756241
-0.03739096224308014
-0.04400968924164772
0.0463796891272068
-0.03297600895166397
-0.0806952491402626
-0.1384497731924057
-0.12407884746789932
0.004836418200284243
0.06453792750835419
0.030346209183335304
-0.06811244785785675
-0.10163187235593796
0.010428191162645817
-0.06357191503047943
0.02869476191699505
-0.012559917755424976
0.05337062478065491
0.028832487761974335
-0.002998197451233864
-0.005265180021524429
-0.03104160726070404
-0.10020463168621063
0.06277751177549362
-0.060449421405792236
0.021034497767686844
0.03963577374815941
-0.01171786617487669
-0.049355801194906235
-0.01655888557434082
-0.007996989414095879
0.03213997557759285
-0.015409468673169613
0.0629282295703888
-0.0447329506278038
0.02547616884112358
0.041007377207279205
-0.022648587822914124
-0.022374210879206657
0.12690041959285736
-0.053522419184446335
-0.057333339005708694
0.0477205254137516
-0.03768531605601311
-0.06770571321249008
0.05153101310133934
0.08079978078603745
0.008617425337433815
-0.08439820259809494
0.04504786431789398
-0.005107125733047724
-0.03609797731041908
-0.06955475360155106
-0.0705689936876297
0.08041728287935257
0.029052266851067543
-0.0037878730800002813
0.05372783914208412
-0.03373705968260765
0.060646481812000275
0.025978077203035355
-0.026086270809173584
0.006982776336371899
-0.008744759485125542
0.03428944945335388
0.01814899407327175
-0.0070719001814723015
0.004949646536260843
0.03458185866475105
0.019912146031856537
-0.008427876979112625
-0.11325632780790329
-0.04170940816402435
0.017100341618061066
-0.003763133892789483
0.0746108889579773
-0.04681507498025894
0.015160995535552502
-0.009178152307868004
0.029220666736364365
0.10378970950841904
-0.059293415397405624
-2.6000175472082613e-33
0.0659264475107193
0.02276555821299553
-0.004583311732858419
0.01031078677624464
0.09752164036035538
0.02244657091796398
0.022042689844965935
0.017585719004273415
-0.07927647978067398
-0.04067114368081093
-0.010399398393929005
-0.003399696433916688
-0.03911131992936134
0.08654087781906128
0.011747627519071102
0.014099656604230404
-0.0030624985229223967
0.028380166739225388
-0.04891125485301018
-0.0061440784484148026
-0.07154562324285507
0.06641563028097153
-0.04568173363804817
-0.03419166058301926
-0.008393905125558376
-0.03224923089146614
-0.08102743327617645
-0.061768025159835815
-0.011638418771326542
-0.0006856403197161853
0.07229381054639816
0.025680961087346077
0.010928663425147533
0.033393871039152145
0.011469642631709576
-0.07504554092884064
0.047098640352487564
-0.028428059071302414
-0.02050734870135784
0.03383295238018036
-0.004885989241302013
-0.031184472143650055
0.042424093931913376
-0.006489329505711794
-0.008815687149763107
0.04990707337856293
-0.05274287983775139
0.06837709248065948
-0.02292574942111969
-0.012676532380282879
0.08878208696842194
-0.07379768043756485
-0.04344023019075394
-0.061333417892456055
-0.052451424300670624
0.07197042554616928
0.10161968320608139
-0.04857691377401352
0.00019180266826879233
-0.028909966349601746
-0.029434382915496826
-0.09010156244039536
0.043031297624111176
0.03308459371328354
0.09453627467155457
-0.09989959001541138
-0.04787695035338402
0.002133188769221306
-0.0019112856825813651
-0.036778081208467484
0.0274696946144104
-0.058465372771024704
0.09235803037881851
-0.11083206534385681
-0.0615326426923275
0.007587640080600977
0.04843418672680855
-0.039370130747556686
0.01081758737564087
-0.014670295640826225
0.07156267017126083
0.054247286170721054
0.02092759869992733
0.011438176967203617
-0.0039790477603673935
-0.00504220649600029
0.03218125179409981
0.02170339971780777
0.04119821637868881
-0.06608036905527115
0.0485277995467186
0.06823723763227463
-0.033681392669677734
-0.08092791587114334
-0.04025326669216156
5.591349541459081e-34
0.009985377080738544
-0.005835569463670254
0.014731436036527157
-0.004872252698987722
-0.0754939541220665
0.016588447615504265
0.11628297716379166
0.10842888057231903
0.014557899907231331
0.021974219009280205
0.06743668019771576
0.009145124815404415
0.00355279422365129
0.01601789891719818
0.05611833184957504
0.03211770951747894
0.00900030042976141
0.07276848703622818
0.03526109829545021
-0.0025759965647011995
-0.005013503134250641
0.013304973021149635
-0.025090426206588745
-0.06812769174575806
-0.020218277350068092
0.046031925827264786
-0.023271426558494568
0.0017342590726912022
-0.06524835526943207
-0.06203760579228401
-0.006015527993440628
-0.06450523436069489
-0.013566234149038792
0.03261357173323631
0.0171110387891531
-0.0168477613478899
0.014407593756914139
-0.11027872562408447
-0.06337294727563858
0.030933639034628868
0.007876561023294926
-0.05002269521355629
0.027936497703194618
0.02428351901471615
0.033451713621616364
-0.010631091892719269
0.020154226571321487
0.050639938563108444
-0.046752456575632095
0.03441455960273743
0.004354685544967651
-0.050166696310043335
0.08095340430736542
0.05480942130088806
-0.017828600481152534
0.009909491054713726
-0.005958976689726114
-0.007885304279625416
0.08911324292421341
0.025252804160118103
0.017777489498257637
0.037251364439725876
-0.023571033030748367
0.028321489691734314
-0.013513595797121525
0.03244895115494728
-0.08739113062620163
-0.012110399082303047
0.03168291971087456
-0.018372701480984688
0.04873398318886757
-0.02638380415737629
0.0033057183027267456
0.01317184790968895
0.0853496566414833
0.06613071262836456
0.0050095245242118835
-0.009424055926501751
0.05380536615848541
0.08102649450302124
-0.06542752683162689
-0.01771920546889305
0.069749616086483
0.0635724887251854
-0.024339845404028893
-0.05822240933775902
0.05701461434364319
0.010630173608660698
0.12130226939916611
-0.059729255735874176
-0.03308448940515518
0.08231010288000107
0.001765612163580954
0.02861998975276947
-0.0032032346352934837
-1.4015966165459304e-08
-0.07806885987520218
-0.05560080334544182
0.02412647381424904
-0.04827436804771423
0.0994936004281044
-0.03491273149847984
0.07812001556158066
-0.07713445276021957
-0.04161893203854561
0.03152370825409889
-0.06329648941755295
-0.011698795482516289
-0.011822717264294624
0.040482085198163986
-0.04196026548743248
0.02279125712811947
0.0714288279414177
0.020004602149128914
0.033379390835762024
-0.002456005895510316
-0.005365615710616112
0.035699740052223206
0.06563729792833328
0.01880873180925846
0.0021523076575249434
-0.06791892647743225
-0.05802211910486221
0.0625251978635788
-0.020559903234243393
0.05082504078745842
-0.06432542949914932
0.08937942981719971
0.021381709724664688
-0.039113033562898636
0.005184350535273552
0.0019426783546805382
0.04238000884652138
0.055078424513339996
0.022399812936782837
-0.05561496689915657
0.04197292402386665
-0.042707499116659164
-0.010150570422410965
-0.07554884254932404
0.021955789998173714
-0.05847662687301636
-0.03529486060142517
-0.09286399930715561
0.07149389386177063
0.06009233742952347
0.00032161109265871346
0.04450100287795067
0.030817948281764984
0.0026999928522855043
-0.09942580759525299
-0.18647494912147522
-0.025546899065375328
0.028465714305639267
-0.038834452629089355
-0.0262397862970829
0.09965246915817261
0.058417703956365585
0.03161519765853882
0.03860762342810631
