0.04397617653012276
0.10138764977455139
-0.04918710142374039
0.023807639256119728
0.06883088499307632
-0.0016215017531067133
0.059336040169000626
-0.04134463518857956
0.08810781687498093
-0.016801560297608376
-0.03473904728889465
-0.03846697881817818
-0.08702297508716583
-0.013414698652923107
-0.0366162545979023
0.037733543664216995
0.013877586461603642
-0.018248192965984344
-0.027554994449019432
0.025175021961331367
-0.1194474920630455
0.07646650075912476
0.08457370847463608
0.046146493405103683
-0.08642986416816711
0.008150911889970303
0.0022334458772093058
0.0510563999414444
0.008770754560828209
-0.03392290323972702
-0.009722803719341755
-0.054341480135917664
-0.047352228313684464
0.02305750735104084
-0.04500199854373932
0.0018601659685373306
-0.020195262506604195
0.0508284755051136
0.03787913918495178
-0.007658048998564482
0.017986247316002846
-0.008216412737965584
-0.03541825711727142
-0.01483851857483387
-0.04310603067278862
0.05229020491242409
-0.006485162768512964
0.09434942901134491
0.06862584501504898
-0.07097022980451584
-0.07237139344215393
-0.12830111384391785
-0.046522051095962524
0.02633070759475231
0.05989304184913635
0.17244616150856018
0.00206510117277503
-0.1045641228556633
-0.037543293088674545
-0.07755295187234879
0.0012460513971745968
0.04083402827382088
-0.023417998105287552
0.0041479868814349174
0.06612881273031235
-0.010184798389673233
-0.04666274040937424
-0.12763848900794983
0.08335449546575546
-0.029729653149843216
0.09956928342580795
0.042644426226615906
-0.012131727300584316
-0.09587699174880981
-0.03256100043654442
0.00033837175578810275
0.03374499827623367
-0.044161416590213776
0.03835436701774597
0.0009840467246249318
0.05561026558279991
-0.044616278260946274
-0.054668325930833817
0.010769295506179333
0.05015258491039276
-0.01409810222685337
-0.03457044064998627
-0.031276412308216095
-0.11727174371480942
-0.05537189915776253
-0.02969762496650219
0.02999742329120636
-0.025134040042757988
-0.05058838427066803
0.0410781130194664
-0.030410287901759148
-0.006161834578961134
-0.07929761707782745
0.044332411140203476
0.09191398322582245
-0.006475435104221106
-0.08318937569856644
0.043777767568826675
-0.006440969184041023
0.050846707075834274
0.03658031299710274
0.0034124215599149466
0.002751102903857827
0.04726686701178551
-0.028840135782957077
-0.01552731916308403
-0.03199378028512001
-0.07140982896089554
0.0980931967496872
-0.02073814533650875
-0.017829783260822296
-0.016150547191500664
-0.05492854490876198
-0.027500541880726814
-0.006742159370332956
0.06358819454908371
0.03508659452199936
-0.06471347063779831
-0.028723586350679398
-0.0009936019778251648
-0.0007116499473340809
-0.04480699077248573
-5.3010214467536806e-33
0.059821609407663345
-0.05228298902511597
0.02684197574853897
0.0058316197246313095
0.1765090525150299
0.026326632127165794
-0.08110006153583527
-0.03256828710436821
-0.06449092924594879
0.0688292533159256
-0.014047467149794102
-0.033435747027397156
-0.07053205370903015
0.029912743717432022
0.1191905215382576
-0.0774175375699997
0.05299089848995209
0.0436335988342762
0.005722717847675085
-0.023660855367779732
-0.06477280706167221
0.010527672246098518
-0.018804164603352547
-0.09719938039779663
0.0012742314720526338
0.022974250838160515
-0.023522574454545975
-0.05301949754357338
-0.014164196327328682
-0.016169505193829536
0.07667246460914612
-0.01891862042248249
0.01401383988559246
-0.008094226010143757
0.007322954945266247
-0.0008185982005670667
0.005148319061845541
-0.07366364449262619
0.014491784386336803
-0.033995941281318665
-0.018867483362555504
-0.039329901337623596
0.0038851331919431686
0.04348544776439667
0.003172821830958128
-0.0487418994307518
0.021899869665503502
-0.05388977378606796
-0.039592865854501724
0.11963274329900742
0.08367959409952164
-0.12414106726646423
-0.0010099993087351322
-0.120946504175663
-0.06447155773639679
0.006455797702074051
0.046916425228118896
-0.0008915764628909528
-0.018139254301786423
-0.005786101333796978
-0.04448924586176872
-0.06286738812923431
0.018573788926005363
-0.03905541077256203
0.13947968184947968
-0.06415344029664993
-0.03481314703822136
-0.01425143051892519
-0.05190727487206459
-0.0246452447026968
-0.027767617255449295
0.019532741978764534
0.024223146960139275
-0.10426538437604904
-0.06718887388706207
0.0909934714436531
0.008472520858049393
-0.011786364018917084
0.09356208890676498
0.046697743237018585
0.010446617379784584
0.05673889070749283
0.014255300164222717
-0.08698921650648117
-0.07122236490249634
0.02636542357504368
0.021242499351501465
0.045065317302942276
0.04752679541707039
-0.012213774025440216
-0.038318075239658356
0.07098283618688583
-0.02155061438679695
-0.05435321852564812
0.025810521095991135
1.6079550490699608e-33
-0.0326475091278553
-0.011336268857121468
0.012595243752002716
0.04166742414236069
0.01430079247802496
-0.019265437498688698
0.05201384052634239
0.0013297436526045203
-0.04322933033108711
-0.0013939463533461094
-0.03624255955219269
0.10268545895814896
0.10820484906435013
-0.0075246915221214294
0.02749749831855297
0.06337336450815201
0.012530626729130745
0.08160697668790817
0.031161371618509293
-0.009169633500277996
-0.006125599145889282
-0.008528122678399086
0.016467001289129257
-0.002410202519968152
-0.03862256184220314
-0.007696013897657394
-0.013805076479911804
-0.004117188509553671
-0.047052234411239624
-0.03418887034058571
0.020838888362050056
-0.049456607550382614
0.00843118503689766
0.02059633657336235
-0.021023022010922432
0.013982669450342655
0.0065819136798381805
-0.08930500596761703
0.009142771363258362
-0.02603423409163952
0.06725601106882095
-0.012632316909730434
-0.04168136417865753
-0.05563883110880852
0.009384678676724434
-0.028510790318250656
-0.01867840625345707
0.08352935314178467
-0.034934598952531815
-0.02113773673772812
-0.018881268799304962
-0.052283961325883865
0.08016431331634521
0.05259524658322334
0.07771915942430496
0.022254440933465958
-0.023290948942303658
0.033967211842536926
0.10640925168991089
0.03930354118347168
0.01021411269903183
0.0647483766078949
-0.057734888046979904
-0.019052844494581223
0.008019452914595604
0.0013095529284328222
-0.04468318447470665
0.03427813574671745
-0.022394688799977303
-0.05565667897462845
0.06952017545700073
0.029713770374655724
-0.02086212858557701
0.06512823700904846
-0.0019443933852016926
0.029116926714777946
0.04863286018371582
-0.024209490045905113
0.06844571232795715
0.08284146338701248
-0.04910394921898842
-0.07137718796730042
-0.015461950562894344
0.02094186656177044
0.02468155510723591
-0.008205871097743511
0.009874249808490276
0.01511577982455492
0.04357120394706726
-0.02911822870373726
-0.020376812666654587
0.13517987728118896
0.018866995349526405
-0.0012557849986478686
0.008850304409861565
-1.6881800846135775e-08
-0.026528004556894302
0.01408457849174738
0.04399311915040016
-0.04265032336115837
0.07107163220643997
-0.030055103823542595
0.06495831161737442
-0.1123560443520546
0.027853218838572502
-0.02810300514101982
-0.11177346855401993
-0.08392662554979324
0.038468245416879654
0.022755354642868042
-0.06638354808092117
0.022012630477547646
-0.0023056534118950367
-0.017488043755292892
0.03790593519806862
0.029331088066101074
-0.07420415431261063
0.06640385091304779
0.0579507052898407
-0.036999382078647614
-0.02810177393257618
-0.036345865577459335
-0.035633549094200134
0.03161992132663727
-0.004578226245939732
0.049854032695293427
-0.018679985776543617
0.1207427978515625
0.003046685131266713
-0.06293168663978577
0.04388437792658806
-0.00032095739152282476
0.027800504118204117
0.029725568369030952
-0.03036319464445114
0.008667491376399994
0.03451184555888176
-0.047528889030218124
-0.02263619750738144
-0.010000201873481274
-0.0007691520149819553
0.03380090370774269
0.04373661056160927
-0.08605293929576874
-0.000634139752946794
-0.002162558026611805
0.08818096667528152
-0.012068957090377808
0.06250264495611191
0.04080026224255562
-0.03874795511364937
-0.07387693226337433
0.016148986294865608
0.006364724133163691
-0.034105200320482254
-0.018443861976265907
0.017324130982160568
-0.0030952785164117813
-0.07789427042007446
0.08061037212610245
