0.08224467188119888
0.019576087594032288
-0.03800138831138611
0.04619158059358597
0.021634377539157867
-0.03565259277820587
0.10604818165302277
-0.04269031807780266
0.03567557781934738
0.05829435959458351
0.005501469597220421
-0.0024941968731582165
-0.08726458996534348
-0.03255217894911766
-0.016898896545171738
0.02934323251247406
-0.043073251843452454
-0.0326305590569973
-0.036168940365314484
-0.008447317406535149
-0.06072240695357323
0.09606072306632996
0.033892180770635605
0.08542096614837646
-0.016094017773866653
-0.0027872442733496428
-0.05258607491850853
-0.02319655381143093
0.021056026220321655
-0.07923431694507599
0.047651469707489014
-0.007915708236396313
-0.0932866707444191
0.08329498767852783
-0.08724920451641083
-0.02708764746785164
0.03609941899776459
0.013478705659508705
0.027674103155732155
0.007353972177952528
0.05226726457476616
-0.009187682531774044
0.019619852304458618
-0.01744973100721836
-0.0002741226926445961
0.06396306306123734
-0.05750374123454094
0.12750203907489777
0.12250177562236786
-0.009811408817768097
-0.11452943086624146
-0.11340374499559402
-0.01904940977692604
0.05139850825071335
0.04646463319659233
0.14541468024253845
-0.04015296697616577
-0.0687669888138771
-0.040245771408081055
-0.10507549345493317
-0.02742953412234783
0.012261602096259594
-0.02165563963353634
0.05034327879548073
-0.04318207874894142
-0.07649612426757812
-0.05378127098083496
-0.015703311190009117
0.06159869208931923
0.011201984249055386
0.07748931646347046
-0.009021494537591934
-0.04707498103380203
-0.02757655270397663
0.03777799755334854
-0.044149450957775116
0.042778320610523224
-0.0903216004371643
0.03327513113617897
0.10352073609828949
0.07385747879743576
-0.06095832213759422
-0.08723844587802887
-0.06387817114591599
0.036023933440446854
0.0008175988914445043
0.009705999866127968
-0.031214572489261627
-0.06324518471956253
-0.025118855759501457
-0.04348160699009895
-0.03587307780981064
0.02281273528933525
-0.0386195033788681
0.01271106582134962
-0.034573763608932495
0.01831083558499813
-0.14530281722545624
0.008260367438197136
0.06298080086708069
-0.04363598674535751
-0.05542933568358421
0.05088816210627556
-0.026654977351427078
0.020429309457540512
0.02254842035472393
0.06784339249134064
-0.0337909497320652
0.005289440508931875
0.009634480811655521
-0.04592813923954964
-0.029444340616464615
-0.01801421120762825
0.025882739573717117
-0.0006064731860533357
-0.055019546300172806
-0.09178607910871506
-0.040042486041784286
-0.03175388649106026
-0.05267173796892166
0.010942716151475906
0.021929310634732246
-0.0365743450820446
0.00207702093757689
0.03566666319966316
0.005690035875886679
-0.049973275512456894
-4.787417108152714e-33
-0.03181585669517517
-0.09157849848270416
0.04883534088730812
0.0373559296131134
0.05591282621026039
-0.016068004071712494
-0.009351483546197414
-0.03429200127720833
-0.013307372108101845
0.029572969302535057
-0.11414345353841782
-0.02566862478852272
-0.039357226341962814
0.04696974903345108
0.1547057181596756
-0.08726762235164642
0.02478308416903019
0.02374129183590412
-0.002868106821551919
-0.0006885611801408231
-0.0449882373213768
-0.02178625762462616
-0.038502976298332214
-0.10858514904975891
0.005773564800620079
-0.0015688848216086626
-0.05893980711698532
-0.0652889683842659
0.000499632500577718
0.05651150271296501
0.08389943093061447
-0.019245779141783714
-0.041979268193244934
0.02849692665040493
-0.05633021518588066
0.04292982444167137
-0.014826009050011635
-0.06829243153333664
0.05225710943341255
0.06780312210321426
-0.03548610210418701
-0.11890485882759094
-0.03433988615870476
0.06909895688295364
-0.025663765147328377
0.041642796248197556
-0.05108669772744179
0.025000201538205147
-0.046047307550907135
0.05061950162053108
0.013333500362932682
-0.020305540412664413
0.028349241241812706
-0.03726988658308983
0.00146778067573905
0.015584819950163364
0.023771654814481735
-0.03103046305477619
-0.010795294307172298
-0.013557623140513897
-0.0274988804012537
-0.10762956738471985
-0.041407518088817596
0.01770010218024254
0.13673743605613708
-0.005768335424363613
-0.04491106793284416
0.0007977052591741085
-0.049743954092264175
0.04214680939912796
0.0059832073748111725
-0.0033702629152685404
-0.015895085409283638
-0.08985793590545654
-0.04788333177566528
0.03271772712469101
-0.022564392536878586
-0.002532500773668289
0.10373206436634064
0.012786181643605232
0.003585132537409663
0.04574551433324814
0.050907447934150696
-0.021452082321047783
0.010245459154248238
0.015672769397497177
0.02918773703277111
-0.0012380011612549424
-0.001241686288267374
0.005485509522259235
-0.032510906457901
0.017885785549879074
0.08259391784667969
-0.03395580127835274
0.06704280525445938
1.6241537285662765e-33
-0.010161230340600014
0.04760483279824257
-0.07220101356506348
0.10131467133760452
0.023392099887132645
0.03631487861275673
-0.04695671796798706
0.06869369745254517
0.026692189276218414
0.0017718033632263541
-0.07913018018007278
0.06655088812112808
0.020025448873639107
-0.0048232353292405605
0.027385517954826355
0.013762449845671654
0.06356090307235718
-0.03045792691409588
0.05325755476951599
-0.03899875283241272
-0.015235725790262222
-0.011442474089562893
0.06482954323291779
-0.010196859017014503
0.025812296196818352
-0.026749012991786003
0.04743431881070137
0.054954394698143005
-0.0006077766884118319
0.010913599282503128
0.017303412780165672
0.024428648874163628
0.08277400583028793
0.016506142914295197
-0.040103599429130554
0.06199473515152931
0.08439353108406067
-0.02585987001657486
0.07763195782899857
-0.02040581777691841
-0.03478235378861427
-0.028702687472105026
-0.007397158537060022
-0.044001128524541855
0.06558292359113693
-0.03815735504031181
0.01852508634328842
0.03330227732658386
-0.052095893770456314
-0.04013198986649513
0.021954676136374474
-0.04414056986570358
0.053689394146203995
0.036467067897319794
0.08313469588756561
0.06425362825393677
0.010283573530614376
0.046267859637737274
0.0570584312081337
-0.06685265898704529
-0.034793589264154434
0.007181377150118351
-0.015384148806333542
-0.04109243303537369
-0.02139999344944954
-0.0027738308999687433
-0.025843359529972076
-0.03881024941802025
0.020631499588489532
-0.026061588898301125
-0.041763003915548325
0.06118670850992203
-0.01211485918611288
0.04750361666083336
-0.06388487666845322
0.032258566468954086
0.07292398810386658
-0.008875441737473011
0.055258434265851974
0.1217912957072258
-0.04606539383530617
-0.050523728132247925
0.018218541517853737
-0.023588059470057487
-0.019882217049598694
-0.06738924980163574
0.03066856600344181
-0.03935622796416283
-0.035698045045137405
0.060043785721063614
-0.005206709261983633
0.04556841775774956
0.04029744863510132
-0.03664562851190567
-0.0010865302756428719
-1.664075632845652e-08
-0.034652989357709885
0.020122593268752098
0.03631415218114853
-0.015659363940358162
0.08267699927091599
0.07366601377725601
0.09291763603687286
-0.12991158664226532
0.024514542892575264
-0.08484219759702682
-0.08333797752857208
-0.05837032198905945
0.09031698107719421
0.06446125358343124
0.019083168357610703
-0.055076468735933304
-0.07528982311487198
-0.013430950231850147
-0.01860400289297104
0.022434717044234276
-0.06299826502799988
0.053881239145994186
0.015477325767278671
-0.0041343895718455315
-0.049194853752851486
0.028394555673003197
-0.07639580965042114
-0.04048929363489151
0.026065368205308914
0.019062530249357224
-0.05384399741888046
0.09787285327911377
-0.027776282280683517
0.04056427627801895
-0.0755874291062355
-0.0019647928420454264
0.06345735490322113
0.028807949274778366
-0.036944009363651276
0.00808337889611721
0.04526057839393616
0.031116893514990807
0.018714841455221176
-0.012660732492804527
-0.02122623287141323
0.024913683533668518
0.046119265258312225
-0.05313125252723694
-0.026722263544797897
-0.03197767585515976
0.1044173613190651
0.042823612689971924
0.07473523914813995
0.008648556657135487
-0.020022239536046982
0.02964671514928341
-0.07827728986740112
-0.036074697971343994
-0.02349594607949257
-0.058717142790555954
-0.03827973082661629
0.02048296108841896
-0.04452040418982506
0.11944402754306793
