0.0807158350944519
0.07498941570520401
0.025467336177825928
-0.023906853049993515
0.06340306997299194
-0.04777367413043976
0.06946618109941483
-0.0995677039027214
-0.01810625195503235
0.05767589062452316
-0.024378281086683273
-0.08126156032085419
-0.055183637887239456
0.06969013810157776
-0.023206688463687897
0.05146525800228119
-0.050257932394742966
-0.06613420695066452
0.017486630007624626
0.05837685242295265
0.005480698309838772
0.0799747183918953
-0.004704166203737259
0.045911241322755814
-0.09219186753034592
-0.05401017516851425
-0.01885169930756092
-0.004299824591726065
-0.014339466579258442
-0.05205291509628296
-0.04065663740038872
0.00801197998225689
-0.06373737752437592
0.0047048903070390224
0.0014184709871187806
0.020113505423069
0.03301214054226875
-0.031098850071430206
0.030390743166208267
0.01519780233502388
-0.015311114490032196
0.021395374089479446
-0.017688080668449402
-0.03559495136141777
-0.10383505374193192
0.024353517219424248
-0.07598099857568741
-0.0262078158557415
0.04495074227452278
-0.06204948574304581
-0.11862816661596298
-0.13455389440059662
-0.12599653005599976
-0.009362291544675827
0.048911962658166885
0.008733275346457958
-0.05133829638361931
-0.13791623711585999
-0.0028696611989289522
-0.052484456449747086
0.01705232635140419
0.021437568590044975
0.052877698093652725
0.036849189549684525
-0.04095815494656563
-0.02857448346912861
-0.04442022368311882
-0.11702092736959457
0.08115743100643158
-0.10247525572776794
0.027590805664658546
-0.002241026610136032
-0.038007620722055435
-0.004354504868388176
-0.014928867109119892
-0.05711840093135834
0.004552097525447607
-0.015212475322186947
0.06638980656862259
-0.06685145199298859
0.020245149731636047
0.027548128738999367
-0.02924470044672489
-0.02443794533610344
0.09298434853553772
-0.03630734607577324
-0.014100898057222366
0.045525822788476944
-0.026574958115816116
-0.04621974751353264
0.05025295168161392
0.04756205528974533
0.007601906545460224
-0.027649028226733208
0.0445881187915802
-0.01815115474164486
-0.038321252912282944
-0.06610894203186035
-0.09137032181024551
0.07452192157506943
0.06482637673616409
0.05864164978265762
0.05452708899974823
-0.051687441766262054
0.06790350377559662
0.027111658826470375
-0.03975832089781761
-0.003371672471985221
0.016732454299926758
0.02184196561574936
0.035804472863674164
0.0035664106253534555
0.01564289815723896
0.05506487935781479
0.0021721390075981617
0.010519299656152725
-0.05440773442387581
-0.035291239619255066
0.019091332331299782
-0.035020437091588974
0.10622141510248184
-0.019228942692279816
-0.0069907777942717075
-0.021464141085743904
0.045266956090927124
0.10552161186933517
-0.037281252443790436
-2.910318852137567e-33
0.03545283526182175
0.02346930466592312
0.003150233766064048
0.05905603617429733
0.09073518961668015
0.014115538448095322
0.027585534378886223
0.01146361231803894
-0.1023770347237587
-0.0032499106600880623
-0.04698201268911362
0.022662779316306114
-0.02860986813902855
0.07365088164806366
-0.0008171383524313569
-0.02354538068175316
0.0011669391533359885
0.0642537772655487
-0.08549739420413971
-0.006629652343690395
-0.044235460460186005
0.05267958343029022
-0.022168587893247604
0.005582842044532299
0.022079678252339363
-0.00676003796979785
-0.07626713812351227
-0.0699317529797554
-0.03142703324556351
9.610604320187122e-05
0.06902486085891724
0.0025005557108670473
0.03025011345744133
0.05157281458377838
-0.015466241165995598
-0.06362204253673553
0.017954561859369278
-0.0664493590593338
-0.023275084793567657
0.020092183724045753
-0.031789109110832214
0.00028589650173671544
0.01533106341958046
0.02454138919711113
-0.019576486200094223
0.036677420139312744
-0.048770103603601456
0.09852458536624908
-0.019214872270822525
-0.02371453121304512
0.07669930160045624
-0.05619968846440315
-0.045793548226356506
-0.04395498335361481
-0.0766122117638588
0.06096675992012024
0.11844009906053543
-0.025927960872650146
0.014081166125833988
-0.03165693208575249
-0.02723986841738224
-0.06699539721012115
0.022547192871570587
0.0603165365755558
0.08305133134126663
-0.09795377403497696
-0.0423097088932991
-0.0010376458521932364
-0.013242586515843868
-0.0071028126403689384
-0.003750657429918647
-0.0635886862874031
0.12243949621915817
-0.0977296531200409
-0.04080101475119591
-0.02105269581079483
0.05384998768568039
-0.08419789373874664
-0.010210328735411167
0.005242678802460432
0.08063239604234695
0.036910586059093475
0.013792774640023708
-0.01958833821117878
0.007667327765375376
-0.043331604450941086
-0.014777298085391521
0.017887325957417488
-0.006045578047633171
-0.051641758531332016
0.017408693209290504
0.09818415343761444
-0.0016798397991806269
-0.08965571969747543
-0.05244601145386696
9.539269818392292e-34
0.03248433396220207
-0.037440650165081024
0.026862069964408875
-0.036868929862976074
-0.08331061154603958
-0.0006964697386138141
0.11198656260967255
0.11456023901700974
-0.023680228739976883
0.0056272875517606735
0.05020556598901749
-0.0018301022937521338
0.046511292457580566
-0.0036057480610907078
0.059037044644355774
0.030553903430700302
0.05878208205103874
0.05864507332444191
0.0226360484957695
-0.005790967494249344
-0.020744072273373604
-0.012663896195590496
0.0036419453099370003
-0.03640317916870117
-0.007694175001233816
0.05012733116745949
-0.0627683624625206
-0.05366665869951248
-0.07949766516685486
-0.08741505444049835
-0.012365796603262424
-0.11166591942310333
0.004792167339473963
0.018108492717146873
0.012005090713500977
-0.0061573307029902935
0.005307569168508053
-0.15255820751190186
-0.07668403536081314
0.05501873791217804
-0.04360485449433327
-0.05015963688492775
0.0174795463681221
-0.01125404704362154
0.04416351765394211
-0.0493469312787056
-0.007449348922818899
0.07010247558355331
-0.0727829858660698
0.022174570709466934
-0.010536640882492065
-0.02626657485961914
0.07434040307998657
0.04695494845509529
-0.04067293554544449
0.022892817854881287
-0.026168176904320717
0.05215464532375336
0.0717465728521347
-0.015015932731330395
0.0035532955080270767
-0.008608256466686726
-0.00928366556763649
0.044609420001506805
-0.0045190597884356976
0.051715269684791565
-0.08282556384801865
0.008533041924238205
0.015788115561008453
0.022575296461582184
0.0012235232861712575
-0.003228055778890848
0.026556022465229034
0.013016975484788418
0.06419344246387482
0.053071413189172745
0.012321577407419682
-0.006814585532993078
0.08213606476783752
0.09557004272937775
-0.036768317222595215
0.017303286120295525
0.048559412360191345
0.06241210177540779
-0.019643068313598633
-0.03913555666804314
0.021297521889209747
0.03198380768299103
0.07521001994609833
-0.022227078676223755
-0.03950044512748718
0.0776003748178482
0.011341670528054237
-0.039129987359046936
0.019363300874829292
-1.6141289194138153e-08
-0.06037120521068573
-0.05387203022837639
-0.016076819971203804
-0.02524300292134285
0.10277627408504486
-0.05142996087670326
0.09184078872203827
-0.04174722731113434
-0.07240928709506989
0.06023871898651123
-0.03982216492295265
-0.01079589407891035
0.02412089891731739
0.05049207806587219
-0.027761023491621017
0.004813778679817915
0.015069052577018738
0.020920680835843086
0.010179718025028706
0.010320746339857578
0.0021105739288032055
0.04805802181363106
0.025264287367463112
0.045260198414325714
0.021415678784251213
-0.0628916397690773
-0.05099545046687126
0.06862026453018188
-0.09267264604568481
0.0192478708922863
-0.022077184170484543
0.043418921530246735
0.00032466696575284004
-0.0012105479836463928
0.01696360670030117
0.031756214797496796
0.01210644468665123
0.06053115427494049
0.032119277864694595
-0.07321276515722275
0.028167879208922386
-0.06854205578565598
0.013705533929169178
-0.004169955849647522
0.08516566455364227
-0.019821269437670708
0.006266571581363678
-0.05978141352534294
0.04668115824460983
0.035313546657562256
0.02079382725059986
0.04602993279695511
0.04762823507189751
0.00029314644052647054
-0.089853435754776
-0.14717316627502441
-0.051034681499004364
0.046414244920015335
-0.05841047316789627
-0.041939277201890945
0.10001806914806366
0.07551945000886917
0.04873419553041458
0.06328794360160828
