0.06915245205163956
0.020187731832265854
-0.014368992298841476
0.037911638617515564
0.03441035747528076
-0.024759238585829735
0.04729865863919258
-0.01958611235022545
0.11759640276432037
0.07033713907003403
-0.07102058082818985
0.02788168378174305
-0.04963907226920128
0.06630588322877884
-0.010579428635537624
0.07816161215305328
-0.0770985409617424
-0.022418107837438583
0.0554233118891716
-0.015534224919974804
-0.04318639263510704
0.07348047941923141
-0.016758155077695847
0.09540531784296036
-0.03239225968718529
-0.04739981144666672
-0.06869040429592133
0.07201147824525833
0.02937779203057289
0.009043422527611256
-0.0058778212405741215
-0.016158541664481163
0.018961483612656593
0.0609939843416214
-0.0049400911666452885
-0.040838003158569336
0.04475102573633194
-0.031653691083192825
0.07127875089645386
-0.00040559060289524496
0.06888869404792786
0.002459347015246749
-0.003666806500405073
-0.1090717688202858
-0.05625639483332634
0.05027143284678459
-0.056811943650245667
0.03902481123805046
0.03628053516149521
-0.05139893665909767
0.007057443726807833
-0.10606861114501953
-0.06831637769937515
0.05195409804582596
-0.011958635412156582
0.21033936738967896
-0.009698518551886082
-0.08357420563697815
0.014815781265497208
-0.059684060513973236
0.023724915459752083
0.03721436858177185
-0.013545967638492584
0.051425255835056305
0.004584017675369978
0.013839787803590298
-0.0743643194437027
-0.07055312395095825
0.0904102772474289
-0.06494361907243729
0.07628362625837326
-0.06083790585398674
-0.036381497979164124
-0.06191469728946686
0.01152072474360466
-0.060565393418073654
0.07095999270677567
0.007779452949762344
0.04001791030168533
-0.10449375957250595
-0.018727919086813927
-0.04559212550520897
-0.009022785350680351
-0.016399666666984558
-0.023943591862916946
0.02606884203851223
-0.01888766698539257
0.025376204401254654
-0.05956541746854782
-0.05755087360739708
-0.015328249894082546
0.01787007972598076
-0.027608202770352364
-0.09175021201372147
0.06155959889292717
0.02233530953526497
-0.002836051397025585
-0.05800078064203262
0.01613965816795826
0.07149740308523178
0.022161021828651428
-0.01973501406610012
0.02223716303706169
-0.07611840218305588
0.05318504571914673
0.024231355637311935
0.07180234789848328
0.008040244691073895
0.03998846188187599
-0.015559486113488674
0.01700495555996895
-0.00331449625082314
-0.011410006321966648
0.07154512405395508
-0.046253178268671036
-0.026148803532123566
-0.011096028611063957
-0.04857339709997177
-0.09084149450063705
0.026814008131623268
0.1058788076043129
-0.06242924556136131
0.03703542798757553
-0.007902892306447029
-0.05063224956393242
0.02957303449511528
-0.06136472523212433
-4.897081180192833e-33
0.03966853767633438
-0.008084801025688648
0.023210927844047546
-0.054742150008678436
0.10561220347881317
-0.012742897495627403
-0.028852932155132294
-0.012462733313441277
-0.10147064924240112
0.0023076499346643686
-0.08080340921878815
-0.013890025205910206
-0.046161048114299774
0.03694446012377739
0.1255670040845871
-0.08608725666999817
-0.016426142305135727
0.013943641446530819
-0.01975531131029129
0.03628324344754219
-0.038180481642484665
-0.015905972570180893
-0.03058171644806862
-0.029088810086250305
0.09812785685062408
-0.038461145013570786
-0.001162964734248817
-0.03104412741959095
-0.06352212280035019
0.01140566449612379
0.13103872537612915
-0.06045731529593468
0.004786323755979538
-0.027164068073034286
-0.036542344838380814
-0.0774230808019638
0.043365444988012314
-0.06743364036083221
-0.06128484010696411
0.024524519219994545
0.0782703310251236
-0.05727073550224304
0.013397363014519215
0.08843161165714264
-0.02919735759496689
-0.0025469865649938583
0.02135324291884899
-0.015616154298186302
-0.020901471376419067
0.09246788173913956
0.007520284038037062
-0.049225255846977234
0.026512078940868378
-0.08978953212499619
-0.03831348195672035
0.017894627526402473
-0.02708013541996479
0.019123230129480362
-0.020945873111486435
-0.009400586597621441
-0.05001060292124748
-0.03667942434549332
-0.06476236879825592
-0.045513663440942764
0.12218566983938217
-0.012173410505056381
-0.025402313098311424
0.034522950649261475
-0.044313184916973114
-0.044093865901231766
-0.06028364226222038
0.015186558477580547
0.037230998277664185
-0.1187991201877594
-0.1103980615735054
0.06060314550995827
0.008293925784528255
0.00012613338185474277
0.08108004182577133
0.024791404604911804
-0.04892149940133095
0.0021812133491039276
0.09006255120038986
0.015907954424619675
0.0179055854678154
-0.02470964752137661
0.0653393492102623
-0.0414513498544693
0.02266131155192852
0.02210991270840168
0.031519580632448196
0.10599013417959213
0.03595888614654541
-0.056693993508815765
0.02807450480759144
1.7012231789680166e-33
-0.032360196113586426
-0.04605245217680931
-0.004236404784023762
0.022589419037103653
-0.05470684543251991
0.004421012010425329
-0.06965644657611847
-0.034581176936626434
-0.06641966849565506
-0.010282891802489758
-0.032683998346328735
0.12824827432632446
0.044207870960235596
0.014383776113390923
0.03880513086915016
0.01080686878412962
-0.0324985571205616
0.044109079986810684
0.03390182927250862
0.034236837178468704
0.019705956801772118
0.08089622110128403
0.04475615918636322
0.0004939531208947301
-0.012104874476790428
0.08120016008615494
0.07144688814878464
-0.04554769769310951
-0.007714537438005209
-0.04263114184141159
-0.0406569167971611
0.03014546073973179
0.04445542395114899
-0.0018704456742852926
0.006717694457620382
0.02944723516702652
0.054955217987298965
-0.10925686359405518
0.00975728314369917
0.04021803289651871
-0.015970448032021523
0.04257304221391678
-0.03096308745443821
-0.08480320870876312
0.0021814084611833096
-0.0662446990609169
0.011043530888855457
0.08930053561925888
-0.08470747619867325
-0.056702472269535065
0.00149740360211581
-0.053809043020009995
0.07297555357217789
0.04714756831526756
0.051418937742710114
-0.02878442406654358
-0.04341696575284004
0.07402073591947556
0.06561911851167679
-0.038306448608636856
-0.02261967957019806
0.006825558375567198
0.028647419065237045
-0.0026734645944088697
0.03914518654346466
0.0030774781480431557
-0.009599192999303341
-0.04828933998942375
-0.029393818229436874
-0.04370710998773575
-0.009185834787786007
0.005512455012649298
-0.0428258515894413
-0.04715058207511902
0.010496004484593868
0.05400845408439636
-0.018640829250216484
-0.07351535558700562
-0.03138893470168114
0.05325418710708618
-0.06602688878774643
0.037854839116334915
-0.053740788251161575
-0.02258138544857502
0.03773412108421326
-0.11312491446733475
-0.04439914599061012
0.09914660453796387
0.013569755479693413
-0.05521451309323311
-0.028835110366344452
0.06027284264564514
-0.01967337727546692
0.008921007625758648
-0.009309840388596058
-1.7014077258181715e-08
-0.04921755567193031
0.06162970885634422
-0.004070703871548176
-0.004207429476082325
0.08150273561477661
-0.0571734681725502
0.07652951031923294
-0.10633531212806702
-0.03144737333059311
-0.04073183983564377
-0.050486184656620026
-0.0726369097828865
-0.01169572863727808
0.0050323461182415485
0.04907253757119179
-0.01737004518508911
-0.06588734686374664
0.0008658943115733564
-0.007133990526199341
0.0459713414311409
-0.041102442890405655
0.0640433058142662
0.011142667382955551
0.007136465981602669
-0.07443864643573761
-0.04071515426039696
0.04844526946544647
0.04647941142320633
0.0552947036921978
0.05129596218466759
0.026800695806741714
0.1253674179315567
-0.05227157473564148
0.05046488717198372
0.007105911150574684
-0.059563711285591125
-0.03029189445078373
0.05658049136400223
0.010398903861641884
0.017957299947738647
0.05525233969092369
-0.043264951556921005
-0.030565764755010605
0.008058449253439903
-0.01696784421801567
0.017593970522284508
0.02169632352888584
0.05140317603945732
0.01725480705499649
-0.012967260554432869
0.035219233483076096
0.002201880794018507
0.02170972339808941
-0.002214794745668769
-0.0503188781440258
0.010668574832379818
0.07031641900539398
-0.04497193172574043
0.020992228761315346
-0.041210755705833435
0.08188875764608383
0.012430119328200817
-0.013191268779337406
-0.015306941233575344
