0.01044420339167118
0.035592783242464066
0.04845670238137245
0.033981986343860626
0.04251789301633835
-0.042319897562265396
0.04225636646151543
-0.0049186223186552525
-0.00993608683347702
0.12194186449050903
-0.06115436926484108
0.00598782766610384
0.04419589787721634
-0.08011456578969955
0.036909062415361404
0.02693275734782219
-0.016379861161112785
-0.013222210109233856
0.0511544831097126
-0.09845278412103653
-0.028141869232058525
0.08135286718606949
-0.025859855115413666
0.020910248160362244
-0.06925102323293686
-0.03691846504807472
-0.009430298581719398
0.06534115225076675
0.023047439754009247
-0.02919326350092888
-0.08794510364532471
-0.023307060822844505
-0.014906706288456917
0.03594835847616196
-0.05733459070324898
-0.06113945320248604
0.046307679265737534
-0.04600084573030472
-0.0053993402980268
-0.03939458727836609
0.05267058312892914
0.1733245998620987
-0.03219792619347572
-0.0774916261434555
-0.02893535979092121
-0.04121793806552887
-0.09489118307828903
-0.02831880934536457
0.03167278692126274
-0.023355264216661453
-0.06740203499794006
-0.031489498913288116
-0.02186688594520092
0.020297611132264137
-0.042818911373615265
0.06991469115018845
-0.05175073817372322
-0.06318596750497818
0.05961528792977333
0.06204289570450783
0.0675843209028244
0.04080887883901596
-0.017996687442064285
-0.010787896811962128
0.08218216896057129
0.022498734295368195
-0.03603988140821457
-0.04205591231584549
-0.0503351129591465
-0.03958139941096306
0.03300568088889122
-0.0037021583411842585
-0.04208163172006607
-0.007132963743060827
-0.026131941005587578
-0.037780240178108215
0.08269920200109482
-0.07119644433259964
0.0017229452496394515
-0.005140102934092283
-0.030171774327754974
0.01717797853052616
0.025304004549980164
-0.004185772966593504
-0.02910342998802662
0.0004676873213611543
-0.03144025057554245
0.09681376814842224
-0.1185259148478508
0.04622827470302582
0.031234534457325935
0.05608093738555908
-0.047154027968645096
-0.016047194600105286
-0.058509476482868195
0.07666733115911484
0.039749857038259506
7.266379543580115e-05
0.04499315097928047
0.04703722521662712
0.0007123074610717595
0.0006678759236820042
0.06058335676789284
-0.06869188696146011
0.010011839680373669
0.03854215145111084
-0.06164966896176338
-0.01895875111222267
0.06599175184965134
0.05314277485013008
0.03854718804359436
-0.0016882530180737376
-0.07789094001054764
0.1097160205245018
-0.09893441945314407
-0.021428775042295456
-0.02717438153922558
-0.03665923699736595
-0.0014488061424344778
-0.01164585817605257
0.042001985013484955
0.0267848689109087
-0.06177625060081482
0.0007280140416696668
0.025631971657276154
-0.023813504725694656
-0.015224841423332691
-5.3280056542607755e-33
-0.01292593777179718
-0.0063279010355472565
0.0769733190536499
-0.04791494086384773
0.026958422735333443
-0.043451111763715744
0.029499461874365807
0.1034044399857521
-0.04386086389422417
0.006669214926660061
-0.05184054747223854
0.0024288096465170383
0.05949246510863304
-0.06426927447319031
0.018544839695096016
-0.04938585311174393
-0.009520148858428001
-0.04930334910750389
-0.030165279284119606
0.021467167884111404
-0.008920697495341301
-0.026783863082528114
-0.03481389582157135
-0.03160366788506508
0.057181231677532196
-0.019078368321061134
0.02167592942714691
-0.04004178196191788
0.04265210032463074
0.01579093188047409
0.033803313970565796
-0.015557213686406612
-0.04003046825528145
-0.001452046912163496
0.03955884650349617
-0.09604739397764206
0.12674769759178162
-0.005696592852473259
-0.09488803893327713
-0.08746881037950516
0.008018809370696545
0.008395381271839142
-0.046351123601198196
0.12112556397914886
-0.043181076645851135
0.033313944935798645
0.00329949869774282
-0.032728102058172226
-0.006410403177142143
0.09812488406896591
-0.044801559299230576
-0.0028616038616746664
0.0868927538394928
-0.041800402104854584
-0.07195961475372314
0.11291958391666412
0.044451940804719925
-0.0007500543142668903
0.003289659507572651
0.08479523658752441
0.06822561472654343
-0.04149562120437622
0.02273182012140751
-0.04786999523639679
0.061058975756168365
-0.0335518904030323
-0.020435277372598648
-0.11589639633893967
0.018756145611405373
-0.052949707955121994
0.012971412390470505
0.06404822319746017
0.01917475089430809
-0.09085947275161743
-0.0401545912027359
-0.041769061237573624
-0.02178037352859974
0.002616974525153637
-0.060351885855197906
-0.010013896971940994
-0.01569601148366928
-0.09499437361955643
0.041028279811143875
0.07098846882581711
0.03903399780392647
-0.05841166898608208
0.0077424366027116776
0.04092712327837944
0.0024078490678220987
-0.028332067653536797
0.053674887865781784
0.03729422762989998
0.012966729700565338
-0.03998548910021782
0.018446799367666245
1.5218753426336717e-33
-0.003366316668689251
-0.005124448798596859
0.04196782037615776
0.013768897391855717
-0.024441547691822052
-0.018985223025083542
-0.034525077790021896
0.023002151399850845
-0.07333356142044067
-0.03504003584384918
0.061376526951789856
0.13511550426483154
0.1308119148015976
-0.004254681523889303
0.03469260782003403
0.022712040692567825
-0.06635265052318573
0.0625322088599205
-0.04520532861351967
0.04743913933634758
-0.01294924970716238
0.08563223481178284
0.12416954338550568
0.030294343829154968
0.04593420773744583
-0.015890294685959816
0.029388511553406715
0.041717298328876495
-0.05733924359083176
0.0008010269957594573
0.01955622434616089
0.07664278894662857
0.008630780503153801
-0.08622786402702332
-0.014664463698863983
-0.02921086922287941
0.018295953050255775
-0.1594904214143753
0.0036990325897932053
0.13318470120429993
0.004558668937534094
0.037264660000801086
-0.034589409828186035
0.0007132437312975526
-0.03973165899515152
0.031822286546230316
-0.008079266175627708
0.07928954064846039
0.016143251210451126
0.01703733019530773
0.01008165255188942
-0.008868498727679253
0.04120170697569847
0.04427429288625717
0.08053743094205856
0.026658136397600174
-0.09120144695043564
0.016353830695152283
-0.041779518127441406
0.0016110696597024798
-0.006434451323002577
0.013450363650918007
0.01769176498055458
-0.024654418230056763
0.004765559919178486
-0.04189296066761017
-0.007754601072520018
-0.07820586860179901
0.024715103209018707
-0.05908536911010742
-0.0007451746496371925
0.027133576571941376
-0.03454330191016197
0.00894665066152811
-0.004534116480499506
0.0599621906876564
0.05720062926411629
-0.04010668769478798
-0.05188685655593872
0.028219224885106087
-0.03367459774017334
0.12461017817258835
0.01252706628292799
-0.021844912320375443
0.03498884662985802
-0.10816875100135803
-0.04378705471754074
0.027268875390291214
-0.0655079185962677
-0.050704844295978546
-0.011570019647479057
0.02008879743516445
-0.006070761010050774
0.07315314561128616
-0.06013423204421997
-1.5250769536123698e-08
-0.08425591886043549
-0.023637084290385246
-0.0482461042702198
-0.01771441474556923
0.02794465236365795
0.01568206213414669
0.0731937363743782
-0.06799241155385971
0.0029345504008233547
0.015287410467863083
-0.04383719712495804
-0.07142914831638336
0.0012529200175777078
0.06715486943721771
-0.02749926969408989
-0.0194240752607584
-0.059577539563179016
0.032453130930662155
-0.008863959461450577
0.12598396837711334
0.01780102774500847
-0.010744412429630756
-0.029640667140483856
0.08826807886362076
0.023426175117492676
-0.027612194418907166
-0.02047494240105152
-0.03639382869005203
0.06831414252519608
0.08474325388669968
-0.048179883509874344
0.11290303617715836
0.00331104570068419
-0.008199073374271393
-0.04199480265378952
-0.05968647450208664
0.01245609950274229
0.10127478092908859
-0.021704843267798424
-0.04493561014533043
-0.010362467728555202
-0.049144502729177475
-0.08095293492078781
-0.038674067705869675
-0.07270288467407227
-0.04260776937007904
0.04021325707435608
0.10153389722108841
0.032384078949689865
-0.04566935822367668
0.007859602570533752
-0.034760989248752594
0.017103418707847595
-0.0498584508895874
0.008406226523220539
-0.05676852539181709
0.033769212663173676
-0.054228972643613815
-0.014718092978000641
-0.0030365365091711283
0.0317479632794857
0.022634116932749748
0.0024703184608370066
0.030422450974583626
