0.01576262153685093
0.029322145506739616
0.005041896365582943
-0.030983256176114082
0.050623755902051926
-0.03027353622019291
0.06345856934785843
-0.02890610508620739
-0.003337068483233452
0.09918790310621262
-0.011968877166509628
0.02087319828569889
0.02794191613793373
0.014180636033415794
-0.02309485711157322
0.0541970357298851
0.020989855751395226
-0.007165754679590464
0.013591487891972065
-0.046632539480924606
-0.09966421127319336
0.09327822178602219
0.0014160191640257835
0.002374352654442191
-0.09399300813674927
0.002179698320105672
0.015784824267029762
0.06900960206985474
0.006970257963985205
-0.011666195467114449
-0.060777995735406876
-0.08075591176748276
-0.05198090523481369
0.05045437812805176
-0.04549793526530266
-0.06504359841346741
0.010795878246426582
-0.004048638511449099
0.015879271551966667
-0.03859083727002144
0.03094124235212803
0.14077922701835632
-0.0038086501881480217
-0.048801153898239136
-0.04100368916988373
-0.01656361296772957
-0.05816856026649475
-0.03220450133085251
0.056746359914541245
-0.06376101821660995
-0.024173373356461525
0.012836901471018791
-0.0011572064831852913
0.0474296398460865
-0.0370488315820694
0.0406203456223011
-0.07069160789251328
-0.03995320573449135
0.0326007716357708
0.06061898171901703
0.011129793711006641
0.04371136426925659
0.027887139469385147
-0.011207540519535542
0.056955378502607346
0.0022604649420827627
-0.057648636400699615
-0.03944892808794975
-0.05074643716216087
-0.0445944219827652
0.08020860701799393
-0.0011858990183100104
-0.007979916408658028
-0.03833695873618126
0.039322882890701294
-0.046139542013406754
0.037917427718639374
-0.023806007578969002
0.03783185034990311
-0.06823796778917313
-0.051427457481622696
-0.010205773636698723
0.025086386129260063
0.03994956985116005
-0.006247793324291706
-0.01840449497103691
-0.0295387115329504
0.09865215420722961
-0.054694514721632004
0.037717610597610474
0.06030848249793053
0.07577243447303772
-0.03866363316774368
-0.0018048055935651064
-0.0847846046090126
0.04340427368879318
0.0475197471678257
0.014952229335904121
-0.050413403660058975
0.0431695282459259
0.029383819550275803
-0.05701060965657234
0.01207740418612957
-0.06712009012699127
0.051138706505298615
0.021020954474806786
-0.04839552938938141
0.04370070993900299
0.060063526034355164
0.01791563630104065
0.04628213867545128
8.914595127862412e-06
-0.10242769122123718
0.1065918356180191
-0.10591502487659454
-0.02623186632990837
-0.025731435045599937
-0.04784321412444115
0.027732081711292267
-0.06630618870258331
0.07024387270212173
0.06708165258169174
-0.06913689523935318
-0.024280782788991928
0.01586909033358097
-0.0017835932085290551
0.029338281601667404
-4.3574040095486436e-33
-0.03707016631960869
0.014933876693248749
0.010466126725077629
-0.0758589580655098
0.003500392660498619
-0.09559088200330734
0.03702690079808235
0.1118902713060379
-0.003044778248295188
0.019410010427236557
-0.01625903882086277
-0.020034154877066612
0.059234075248241425
-0.017845897004008293
0.04282916709780693
-0.07329177111387253
-0.028779583051800728
-0.12237895280122757
0.04570261761546135
0.06258390843868256
-0.005538638681173325
-0.027438264340162277
-0.03137367218732834
0.014438848942518234
0.05767611414194107
-0.05129756033420563
0.011460927315056324
-0.03710543364286423
-0.02630782127380371
0.04454612359404564
0.008289646357297897
0.0112994946539402
-0.03573960065841675
-0.03180801495909691
0.024480024352669716
-0.06366727501153946
0.13832321763038635
-0.020228074863553047
-0.09688913077116013
-0.06495934724807739
0.014517084695398808
0.020582905039191246
-0.040687765926122665
0.10099518299102783
0.003914289642125368
-0.007238580845296383
-0.0045844740234315395
0.018954694271087646
-0.0395161509513855
0.07061921060085297
-0.053896479308605194
-0.00991828367114067
0.1570698767900467
-0.05296296626329422
-0.052768971771001816
0.03654884174466133
-0.005662843119353056
-0.006405406631529331
0.0058432891964912415
0.045397836714982986
0.06748921424150467
-0.006670743227005005
-0.03431505709886551
-0.015188506804406643
0.04680204018950462
-0.04720582813024521
-0.016204988583922386
-0.06733786314725876
-0.0011904650600627065
-0.05382996425032616
0.005036468151956797
0.06851248443126678
0.056861620396375656
-0.10664068907499313
-0.08690562099218369
-0.019209785386919975
-0.037323709577322006
0.02985638566315174
-0.02184823527932167
-0.037440720945596695
-0.02439763955771923
-0.036528754979372025
0.03879473730921745
0.10665851831436157
0.020422667264938354
-0.023918157443404198
0.010594670660793781
-0.003710812656208873
-0.020243242383003235
-0.04133327305316925
0.09845376759767532
0.015306844376027584
0.012873782776296139
-0.05806131660938263
0.007460462395101786
1.114153290341038e-33
-0.03751472383737564
0.03431616351008415
0.021074550226330757
0.04161068797111511
-0.015485857613384724
-0.07189793139696121
-0.021391237154603004
0.05285706743597984
-0.08008815348148346
-0.02211504615843296
0.012658636085689068
0.10478562116622925
0.08534155786037445
0.024244509637355804
0.07529852539300919
0.04169457405805588
-0.07311476767063141
0.05778203532099724
-0.036043696105480194
0.026212872937321663
-0.062109120190143585
0.07784098386764526
0.10104624181985855
0.0008884550188668072
0.06218629702925682
0.020533394068479538
-0.010078073479235172
0.027809077873826027
-0.050944652408361435
0.003855282673612237
0.005112806800752878
0.0575992725789547
0.024003032594919205
-0.07182129472494125
-0.04208260402083397
-0.010259909555315971
0.09429509192705154
-0.16236615180969238
-0.007806968875229359
0.09136775881052017
0.056753404438495636
0.037810422480106354
-0.017077291384339333
0.035773761570453644
-0.05700870603322983
0.08333475142717361
-0.03693680465221405
0.0990757942199707
-0.003579195821657777
0.010760737583041191
0.019625471904873848
0.05422170087695122
0.03647419065237045
-0.022665653377771378
0.05949294939637184
-0.016993362456560135
-0.060254041105508804
-0.008586409501731396
-0.04819616302847862
0.04182618111371994
0.03084360621869564
0.04686414450407028
0.02010723389685154
0.020664114505052567
0.020470911636948586
-0.02775374799966812
-0.027097228914499283
-0.03816334158182144
-0.005172015633434057
-0.07318854331970215
-0.003301274264231324
0.03444944694638252
-0.005755129735916853
-0.040839407593011856
0.0168452225625515
0.05147938057780266
0.07892737537622452
-0.030343014746904373
-0.03803718090057373
0.0908345952630043
0.022241389378905296
0.05682588368654251
0.02066263183951378
-0.014112337492406368
0.057748615741729736
-0.06706403195858002
-0.1172780767083168
0.06285349279642105
-0.06934886425733566
-0.020970527082681656
-0.04536767303943634
-0.0009092030231840909
-0.04570810869336128
0.06913027912378311
-0.0854414626955986
-1.7146204456253145e-08
-0.06328257918357849
-0.027485229074954987
-0.04527490586042404
-0.09563695639371872
0.0021165728103369474
0.06229531392455101
0.05736899748444557
-0.09303446114063263
0.06284606456756592
-0.02119727060198784
-0.02440023422241211
-0.04807938635349274
-0.04890434816479683
0.1022263616323471
-0.09084825217723846
0.0013036370510235429
-0.05670570582151413
0.021493511274456978
-0.013202869333326817
0.06079404428601265
-0.007733236998319626
-0.02806694433093071
-0.06940311938524246
0.046937935054302216
0.05967393517494202
-0.042159173637628555
-0.0934101939201355
-0.07413984835147858
0.04896952584385872
0.06190013885498047
-0.020442543551325798
0.07745964825153351
0.02801302634179592
-0.012405239045619965
0.014927663840353489
-0.046387333422899246
-0.025203295052051544
0.07653217017650604
0.002356409328058362
-0.028204070404171944
-0.01504835020750761
-0.0332031212747097
-0.10048739612102509
-0.0020021749660372734
0.043532874435186386
-0.03389577195048332
0.007395338732749224
0.050010278820991516
0.03654063865542412
-0.09203305095434189
-0.006050866097211838
-0.0673750713467598
0.06627821922302246
-0.03155102580785751
0.02045745588839054
-0.03358633071184158
0.052339114248752594
-0.05754518136382103
0.01269625872373581
-0.05738615244626999
0.0012562127085402608
0.03893747925758362
-0.04168848320841789
0.06256216019392014
