0.009341373108327389
0.02818324975669384
0.014034762978553772
-0.02761303074657917
-0.01763027161359787
-0.006495513021945953
0.06289739906787872
0.030344106256961823
-0.007667104247957468
0.07909160852432251
-0.0067460620775818825
-0.01278698444366455
-0.013096014969050884
-0.041843246668577194
0.03106164000928402
0.03800026699900627
8.286428055725992e-05
0.004603030625730753
0.09037429839372635
-0.04224980250000954
-0.0671611800789833
0.05726953595876694
-0.013846266083419323
0.019300593063235283
-0.10030384361743927
-0.011497844941914082
0.018359823152422905
0.07739394903182983
0.054865967482328415
-0.030261514708399773
-0.018019486218690872
-0.07060502469539642
0.010281558148562908
-0.008314965292811394
-0.03877420723438263
-0.061745982617139816
-0.0111854774877429
0.0010925051756203175
-0.028990743681788445
-0.06550770252943039
0.01354560162872076
0.1265120506286621
-0.002795089967548847
-0.055690061300992966
-0.004835472442209721
-0.03464234247803688
-0.08645585179328918
-0.031018821522593498
0.05426408722996712
-0.039130669087171555
-0.04691005498170853
-0.049170464277267456
0.0128936180844903
0.0262959823012352
-0.03871849551796913
0.07007815688848495
-0.0491950660943985
-0.03767430782318115
0.06443895399570465
0.05327102914452553
0.019787810742855072
0.024719318374991417
0.011674770154058933
0.004257603548467159
0.0596914179623127
0.04779902845621109
-0.062071945518255234
-0.08412935584783554
-0.07642284780740738
-0.011929617263376713
0.04789774864912033
-0.01855018548667431
0.0033600444439798594
-0.08210355043411255
0.0012285219272598624
-0.07584498077630997
0.05055488646030426
-0.07124145328998566
0.012371296063065529
0.0009453468956053257
-0.013139600865542889
0.005156026687473059
0.026607541367411613
-0.001936278073117137
-0.05054647848010063
-0.03232808783650398
-0.031425487250089645
0.07883584499359131
-0.11125928163528442
0.05509164184331894
0.07126287370920181
0.09482476115226746
-0.04314322769641876
0.014113441109657288
-0.03893401473760605
0.070144884288311
0.017999477684497833
-0.031295228749513626
0.02048095129430294
0.05028698220849037
0.017860883846879005
-0.013894747011363506
0.061586178839206696
-0.016501151025295258
0.03186715766787529
0.003988194745033979
-0.03273094817996025
0.022627444937825203
0.05544903874397278
-0.025193173438310623
0.016996579244732857
-0.0016447477973997593
-0.056717224419116974
0.11081719398498535
-0.09768377244472504
-0.032485272735357285
-0.013233654201030731
-0.06656502187252045
0.00965642835944891
-0.07884271442890167
0.062103211879730225
0.09477826952934265
-0.0540483258664608
-0.028829436749219894
-0.010834750719368458
-0.002826340263709426
-0.014727780595421791
-4.297224943600281e-33
0.005572123918682337
0.01781492866575718
0.011183873750269413
-0.0367230586707592
0.045547470450401306
-0.07619557529687881
-0.008533654734492302
0.09366333484649658
-0.028249839320778847
0.02910124696791172
-0.020526904612779617
-0.03902214393019676
0.052444323897361755
-0.04479130730032921
0.040395159274339676
-0.07174752652645111
0.04685778543353081
-0.04482881724834442
0.015993423759937286
0.04450294002890587
-0.044351644814014435
-0.057445455342531204
-0.021083971485495567
0.008982832543551922
0.029952848330140114
0.000532470759935677
-0.021074512973427773
-0.06426351517438889
-0.023635176941752434
0.04712799936532974
0.005752795375883579
0.0024823544081300497
-0.06178612262010574
-0.05937977880239487
0.0217735692858696
-0.07940030843019485
0.14995913207530975
-0.04920134320855141
-0.10916922241449356
-0.038149114698171616
0.026872145012021065
0.025243861600756645
-0.0439840629696846
0.11330534517765045
-0.03853315860033035
-0.02066606469452381
0.007945537567138672
0.011055476032197475
-0.03551376983523369
0.11741873621940613
-0.05534394830465317
-0.009079484269022942
0.07731657475233078
-0.05609869584441185
-0.035851020365953445
0.07778936624526978
-0.017162436619400978
0.00046446488704532385
0.0028017775621265173
0.08262605965137482
0.07167273014783859
-0.024662602692842484
-0.0282719898968935
-0.06483481824398041
0.05669374018907547
-0.04820927977561951
-0.022292455658316612
-0.10691744834184647
-0.006258602719753981
-0.037419285625219345
-0.00829202402383089
0.06154797971248627
0.042416978627443314
-0.07395104318857193
-0.05064757168292999
-0.01932079903781414
-0.026874111965298653
0.01711733639240265
-0.012048006057739258
-0.03636419028043747
0.012492263689637184
-0.04422602429986
0.014425311237573624
0.012209632433950901
0.01252070814371109
-0.01841609552502632
0.011474418453872204
-0.0172843299806118
-0.03234421834349632
-0.010637405328452587
-0.0034788078628480434
0.00766412541270256
0.008262800984084606
-0.045500703155994415
0.0026342924684286118
7.807358890028121e-34
-0.01264603715389967
0.0021022201981395483
0.012909220531582832
0.029657965525984764
0.014294687658548355
-0.07414975762367249
-0.012172229588031769
0.030734658241271973
-0.14192844927310944
-0.044824570417404175
-0.0017324174987152219
0.13515996932983398
0.14116521179676056
0.004899817053228617
0.06495028734207153
0.07226507365703583
-0.08439257740974426
0.049384016543626785
-0.015589779242873192
0.022126251831650734
-0.020352570340037346
0.035789161920547485
0.1086052805185318
0.02346986159682274
0.07096122205257416
0.05681195855140686
0.0297231525182724
0.018462112173438072
-0.012042953632771969
0.01035788469016552
-0.02070535160601139
0.06645350158214569
0.02549242414534092
-0.07910113036632538
-0.012256046757102013
0.05864407494664192
0.01837804727256298
-0.15568412840366364
-0.02001531980931759
0.08084132522344589
0.05902161821722984
0.019666848704218864
-0.01197118777781725
-0.01382968295365572
-0.019434845075011253
0.06760933995246887
-0.006942851934581995
0.14244234561920166
0.0021890599746257067
-0.029502827674150467
-0.003066398436203599
0.027582893148064613
0.056527525186538696
0.04839710891246796
0.03855232149362564
-0.007083641365170479
-0.07159117609262466
-0.052802011370658875
-0.047495026141405106
0.029091134667396545
0.03993215039372444
0.024425286799669266
-0.00753667252138257
0.030114183202385902
0.050322793424129486
-0.02310841903090477
0.013527669943869114
-0.08362225443124771
-0.04637158662080765
-0.0744713842868805
0.00490125548094511
0.011393621563911438
0.018122665584087372
-0.04834308475255966
0.001607806421816349
0.10438784956932068
0.07080647349357605
-0.04322807490825653
-0.01949889585375786
0.0335129015147686
0.006442544050514698
0.09597637504339218
0.04027187451720238
-0.028460156172513962
0.026257527992129326
-0.07402390241622925
-0.13168494403362274
0.04197118803858757
-0.0915246456861496
-0.051131393760442734
-0.03517996519804001
0.016323138028383255
-0.08181177824735641
0.07140954583883286
-0.033618588000535965
-1.746857947182434e-08
-0.059880901128053665
-0.03128031641244888
-0.02562706544995308
-0.05474159121513367
0.012487172149121761
0.07887960225343704
0.06545834243297577
-0.14059650897979736
0.03313826024532318
-0.043443210422992706
-0.05776487663388252
-0.042324312031269073
0.01696101203560829
0.11199881136417389
-0.05865161865949631
0.027958255261182785
-0.06636291742324829
0.06812693178653717
-0.010358147323131561
0.0970211923122406
0.0007499558269046247
-0.025063740089535713
-0.005226642359048128
0.03071264736354351
0.0007400528993457556
-0.026237931102514267
-0.06068483740091324
-0.005626203957945108
0.08439777046442032
0.0920477882027626
0.0011269889073446393
0.08177794516086578
0.03151381015777588
-0.031269848346710205
0.051832228899002075
-0.058260709047317505
-0.05307857692241669
0.03196423500776291
-0.008124636486172676
-0.00030424961005337536
0.017579466104507446
-0.08184273540973663
-0.0897061675786972
0.013614362105727196
-0.013690438121557236
-0.03367393836379051
0.025107597932219505
0.08818843960762024
0.009146267548203468
-0.047808028757572174
-0.024081498384475708
-0.07397038489580154
0.07274587452411652
0.03216978907585144
0.005310895852744579
-0.034577757120132446
0.06069399416446686
-0.015106210485100746
-0.003827158361673355
-0.023118728771805763
0.002575512742623687
0.04203423112630844
-0.03801831230521202
0.02797006070613861
