0.0830017551779747
-0.004573473706841469
-0.01818898692727089
0.023311007767915726
-0.0009851476643234491
0.012132448144257069
0.06203901395201683
-0.04338546469807625
0.09238220751285553
0.025851218029856682
-0.07772013545036316
0.005440894514322281
-0.06933602690696716
0.025231679901480675
-0.04637424647808075
-0.0463138073682785
-0.014873303472995758
-0.021181877702474594
0.07490270584821701
-0.009288997389376163
-0.09589841961860657
0.10165934264659882
0.004253620747476816
0.030235253274440765
0.010512377135455608
-0.0076521928422153
0.007356469519436359
0.010872432962059975
-0.024394650012254715
-0.022773385047912598
0.007890661247074604
-0.08795199543237686
-0.04246481880545616
0.06864513456821442
-0.033039964735507965
-0.012819206342101097
-0.019468117505311966
-0.05975811928510666
0.08969268947839737
-0.03673012554645538
0.041821613907814026
-0.0003989578690379858
0.028622662648558617
-0.044820427894592285
-0.003051920561119914
0.01300088968127966
-0.09007000923156738
0.021908454596996307
0.052394140511751175
-0.04040798917412758
-0.12446083128452301
-0.03360612690448761
-0.035157784819602966
0.06967145949602127
0.014727883972227573
0.14635401964187622
0.02711956761777401
-0.09477659314870834
-0.015273772180080414
-0.07780023664236069
-0.03638974949717522
0.029255446046590805
0.07689784467220306
0.015245923772454262
-0.02035352773964405
0.03430499881505966
-0.0319230780005455
-0.10787861794233322
0.004483336117118597
0.045000482350587845
0.016937250271439552
0.004200873896479607
0.014183665625751019
-0.065907783806324
-0.008387957699596882
-0.1258232146501541
-0.00312564498744905
-0.06588029116392136
0.09827800840139389
0.033764731138944626
-0.02884562686085701
0.06737147271633148
0.05194242671132088
-0.04426040127873421
-0.02146855555474758
0.007812955416738987
-0.02181290090084076
0.02954559028148651
-0.12755100429058075
-0.08495397120714188
0.05636303871870041
0.0663369670510292
-0.017878131940960884
0.026522424072027206
-0.007248869631439447
0.07544313371181488
0.01251477561891079
0.005633621476590633
0.031226199120283127
0.0405709408223629
-0.01536190789192915
0.01523192785680294
-0.0038789871614426374
-0.01804710552096367
-0.0438806489109993
0.007203768007457256
0.06588670611381531
-0.013895629905164242
-0.0002873181365430355
-0.031032918021082878
-0.06702476739883423
0.06044595688581467
-0.0769156888127327
0.04015842825174332
-0.11410742998123169
0.011956403963267803
-0.058318864554166794
-0.09592560678720474
-0.0678124949336052
-0.03854995593428612
0.021965865045785904
0.026083732023835182
-0.03280483931303024
0.02941252663731575
0.012293154373764992
0.020582467317581177
-0.0016564327524974942
-6.390068106306574e-33
-0.0007965046097524464
-0.06408838927745819
0.08889201283454895
-0.08848104625940323
0.1584005057811737
0.006489858962595463
0.03160057216882706
0.06546525657176971
-0.024861600250005722
0.008828330785036087
-0.03140898048877716
-0.07509350031614304
-0.07206852734088898
-0.01719829998910427
0.14207370579242706
-0.0048933266662061214
0.0007070490391924977
-0.02494528889656067
0.05659644305706024
0.0137473801150918
0.013216227293014526
-0.028013035655021667
0.005632535554468632
0.004987465217709541
0.015256472863256931
0.04056907817721367
0.0005129150813445449
-0.029768778011202812
-0.025860531255602837
0.02619294449687004
0.06648706644773483
-0.008832738734781742
-0.07536880671977997
-0.05680674687027931
-0.002499996218830347
-0.07568549364805222
-0.018196536228060722
0.0016759821446612477
0.010760802775621414
0.012102270498871803
0.05289755016565323
-0.022335361689329147
0.01931864395737648
0.015417118556797504
-0.05143851041793823
-0.010755104944109917
-0.056884635239839554
0.017200976610183716
-0.009766152128577232
0.04861194267868996
0.013035423122346401
-0.05170724540948868
0.07978509366512299
-0.019692888483405113
-0.04492212459445
-0.06799375265836716
-0.009047391824424267
-0.059737320989370346
-0.005755951162427664
-0.035749610513448715
-0.034149348735809326
-0.11097145825624466
0.039585452526807785
-0.0741419717669487
0.09747540205717087
-0.00625193864107132
-0.08721334487199783
-0.034120988100767136
-0.023611200973391533
-0.03874637559056282
0.04294012114405632
0.03479627147316933
0.013591536320745945
-0.09758325666189194
-0.11045821011066437
0.03438473865389824
-0.030665406957268715
-0.025077972561120987
0.02198992297053337
-0.008053048513829708
0.04636373370885849
0.03630292788147926
0.031243501231074333
0.009776567108929157
-0.04245064780116081
-0.08562441915273666
-0.005987751763314009
0.011938007548451424
0.029046373441815376
0.02229556441307068
0.053767912089824677
-0.0012706893030554056
0.011477748863399029
-0.07530789822340012
0.02175161987543106
1.7853729624525456e-33
-0.015375133603811264
-0.04143761470913887
-0.07487288117408752
0.04922032356262207
-0.011274595744907856
-0.09517962485551834
-0.038587406277656555
0.03432077169418335
-0.0650274008512497
-0.032142769545316696
-0.024915611371397972
0.06537096202373505
0.038140855729579926
-0.002361614489927888
0.045436255633831024
0.07599548995494843
-0.06575777381658554
0.07771177589893341
0.05699104070663452
0.03793445602059364
0.047855500131845474
0.04090525582432747
0.0395994670689106
0.03430980071425438
-0.0013321986189112067
0.018973132595419884
0.047023575752973557
-0.04181784391403198
-0.04833735153079033
0.010133625008165836
0.004447154235094786
0.026422789320349693
0.01277286559343338
-0.011271598748862743
-0.03468826040625572
-0.005573594942688942
0.05780188366770744
-0.1255006343126297
0.003231524722650647
0.043648555874824524
0.10137949883937836
0.020275570452213287
-0.05217336490750313
-0.027666836977005005
0.06136906519532204
-0.017660604789853096
-0.012641310691833496
0.06595044583082199
-0.0363641157746315
-0.018477460369467735
0.044709689915180206
-0.06351920962333679
0.144198477268219
-0.0403188019990921
0.08655755966901779
0.06989528238773346
-0.06749488413333893
0.00039739697240293026
0.030050789937376976
0.03553393483161926
-0.03945530578494072
0.0886349231004715
0.044916145503520966
0.02397136576473713
-0.0029670861549675465
-0.029026957228779793
-0.027019666507840157
-0.025487607344985008
0.04132027179002762
-0.040405161678791046
-0.02786939963698387
0.047636181116104126
-0.009020190685987473
0.09143630415201187
0.011480523273348808
0.09375561773777008
0.05424842983484268
0.051697902381420135
0.024044988676905632
0.06141015887260437
-0.04184219613671303
-0.004010922275483608
0.004420665558427572
-0.11563953012228012
0.021458091214299202
-0.11514253914356232
-0.021056849509477615
0.025682751089334488
-0.06399724632501602
-0.015567637048661709
-0.05982420593500137
0.03570540249347687
-0.019274692982435226
0.052569352090358734
0.007596207782626152
-1.7095146631618263e-08
-0.08671458065509796
-0.05857713147997856
0.017805034294724464
-0.06760219484567642
0.0188737865537405
-0.05813565477728844
0.16575083136558533
-0.10756370425224304
0.06291359663009644
-0.04518573358654976
-0.02381230890750885
-0.06870676577091217
0.0402216874063015
-0.017652643844485283
-0.019695406779646873
0.03705333173274994
-0.010815286077558994
0.040468525141477585
0.0047898367047309875
0.03571782261133194
0.04640943929553032
0.02290072850883007
0.03491181880235672
0.026503557339310646
0.017600735649466515
-0.08079811930656433
0.018441924825310707
0.04162002354860306
-0.03288514167070389
0.0847950130701065
-0.0006046330090612173
0.06726577877998352
0.030131367966532707
0.034865520894527435
0.049473490566015244
-0.036872152239084244
-0.030663635581731796
-0.02911820448935032
-0.02783995121717453
-0.039229873567819595
0.00894476380199194
-0.008469730615615845
-0.08041729032993317
-0.054809119552373886
0.05656527727842331
0.027058180421590805
-0.0021070835646241903
0.010501375421881676
0.0012416287790983915
-0.02679937705397606
-0.0027006445452570915
0.009909029118716717
0.03673744574189186
-0.012442522682249546
-0.08157118409872055
0.018754860386252403
0.09876977652311325
0.019165612757205963
0.008952469564974308
-0.05465162545442581
0.029035648331046104
0.047864578664302826
-0.021344678476452827
0.07623784989118576
