0.03645982965826988
0.039980269968509674
-0.07321253418922424
0.028086617588996887
0.005362656433135271
0.059378013014793396
0.08167418837547302
-0.04913176968693733
0.06162562966346741
-0.0023502276744693518
0.03504497930407524
-0.016735274344682693
-0.032106272876262665
-0.04056871309876442
0.016964370384812355
0.015008850954473019
-0.002994125010445714
-0.035314738750457764
-0.02188989706337452
-0.039925094693899155
-0.07499271631240845
0.09365274012088776
0.055373214185237885
0.05306938290596008
-0.021598050370812416
-0.011688295751810074
-0.015114967711269855
0.07001684606075287
-0.03883505240082741
-0.07364047318696976
0.027575142681598663
-0.00861189141869545
0.04117337986826897
0.052295975387096405
-0.07092992216348648
0.04830000549554825
0.0829949751496315
-0.043030936270952225
0.049355849623680115
0.007393046747893095
0.014198089018464088
-0.004936318378895521
0.0012960134772583842
0.04021735116839409
0.007031685207039118
0.04051164910197258
-0.015658104792237282
0.08152603358030319
0.1417957842350006
-0.06010091304779053
-0.0534670390188694
-0.07702850550413132
-0.06004359945654869
0.07198330014944077
0.019329242408275604
0.18138477206230164
0.055623315274715424
-0.032717615365982056
0.005585778970271349
-0.05274396389722824
0.047842878848314285
-0.04080831632018089
-0.046405963599681854
0.021584803238511086
-0.05653238296508789
-0.0864967629313469
-0.04434045031666756
-0.0875525027513504
0.07022290676832199
-0.009622316807508469
0.036228299140930176
-0.018398098647594452
-0.01422626618295908
-0.02740965224802494
-0.032161351293325424
-0.008751926943659782
0.050335027277469635
-0.003659578273072839
0.021466825157403946
0.013929793611168861
0.03423839434981346
0.01004873588681221
0.03941274806857109
0.002733279252424836
0.030472083017230034
-0.029975244775414467
0.01580367423593998
-0.008282706141471863
-0.035150788724422455
-0.08712747693061829
-0.0655582994222641
0.005248711910098791
-0.020230304449796677
0.005585189908742905
0.012248186394572258
-0.0074690463952720165
-0.013704420998692513
-0.11127390712499619
-0.01540174800902605
0.04905671253800392
0.04262159392237663
-0.006914779078215361
0.01562169287353754
0.020980793982744217
0.06783746182918549
-0.0001339525042567402
-0.03149064630270004
-0.04535098001360893
-0.008229625411331654
0.06581813097000122
0.05026021972298622
-0.05146026238799095
-0.005419138818979263
0.1020493358373642
-0.022616883739829063
-0.023331603035330772
-0.05246981978416443
-0.0350651852786541
-0.08400708436965942
-0.013261501677334309
0.057573042809963226
0.004158966708928347
-0.0016528656706213951
-0.013202231377363205
0.025653107091784477
-0.0166806448251009
-0.01115159597247839
-4.8990431537327524e-33
-0.031082093715667725
-0.07303042709827423
0.04762277752161026
0.000533077516593039
0.09419335424900055
-0.019470443949103355
-0.04226924851536751
0.06358572840690613
-0.00388076133094728
-0.027626171708106995
-0.026099326089024544
-0.028131896629929543
-0.06799928098917007
-0.014356855303049088
0.04688679799437523
-0.02181563712656498
0.04768676683306694
0.009476293809711933
-0.002977212192490697
-0.034020062536001205
-0.08401930332183838
-0.03824786841869354
-0.05723285675048828
-0.07796846330165863
-0.014036781154572964
0.021524161100387573
-0.006130372639745474
-0.092804916203022
0.02719762921333313
-0.009112613275647163
0.08418401330709457
-0.017268365249037743
-0.0018632471328601241
0.006564958952367306
-0.04678310826420784
-0.06688770651817322
0.0021475141402333975
-0.022025180980563164
0.04410325363278389
-0.006679811980575323
-0.044445548206567764
-0.0038996608927845955
0.11158997565507889
-0.0028879004530608654
0.015075013972818851
-0.06748577207326889
-0.0857706218957901
0.009386424906551838
-0.023749709129333496
0.13423095643520355
0.020920945331454277
-0.03263815864920616
0.0700107291340828
-0.013749614357948303
-0.08211222290992737
0.04167390242218971
-0.006616930011659861
0.00767886359244585
-0.07102350890636444
0.038289181888103485
-0.12493547052145004
0.02044738456606865
-0.018946494907140732
0.02145298942923546
0.0411699041724205
0.011693540029227734
-0.035884324461221695
-0.04570275545120239
-0.054289810359478
0.11781792342662811
0.012073967605829239
0.02769584022462368
0.03664596006274223
-0.07198040187358856
-0.17582352459430695
-0.007551676128059626
0.002277231542393565
-0.0018501501763239503
-0.021647660061717033
0.0109279565513134
-0.04030173644423485
-0.01700625941157341
-0.0038092350587248802
0.02441697008907795
-0.055617719888687134
0.021909555420279503
0.015703445300459862
-0.0022362968884408474
0.10182306915521622
0.015852509066462517
0.04783036932349205
0.10103791207075119
-0.04371095448732376
-0.12349376827478409
0.09527898579835892
1.6386701654439702e-33
0.019268246367573738
0.006349341012537479
-0.04991048201918602
0.01844215579330921
0.015682248398661613
0.010923014022409916
-0.02336447313427925
0.056365080177783966
-0.10384734719991684
-0.031381744891405106
-0.07419403642416
0.10345141589641571
0.002787610748782754
-0.005806085653603077
-0.018119683489203453
0.05510115623474121
-0.09129425883293152
0.018197549507021904
0.06425926089286804
0.054636940360069275
-0.011133852414786816
0.01275966502726078
0.03558136522769928
0.0038923146203160286
-0.045293763279914856
-0.04353015869855881
0.0461108461022377
0.0068617574870586395
-0.06764185428619385
-0.0748995691537857
0.02348204329609871
-0.07821165025234222
-0.048732828348875046
-0.047949694097042084
0.0368809774518013
-0.014219221659004688
-0.04311753436923027
-0.1179438978433609
0.036468181759119034
0.08047275990247726
0.0685010552406311
0.026805192232131958
-0.02376314252614975
-0.01774653047323227
0.07520561665296555
0.00812928844243288
-0.03088240511715412
0.07362738251686096
-0.007332824636250734
-0.016241708770394325
0.004786839708685875
-0.027167916297912598
0.02594628743827343
0.07051147520542145
0.06022011861205101
-0.019880179315805435
-0.041518084704875946
0.05832250416278839
-0.040382880717515945
0.0006163247744552791
-0.048590194433927536
0.0071128555573523045
-0.004102915991097689
0.029430197551846504
0.029846742749214172
0.003954153973609209
-0.04030824825167656
0.060896653681993484
0.018739761784672737
0.03739914670586586
0.050504401326179504
0.06668149679899216
-0.01690681092441082
-0.03205735608935356
-0.03491228446364403
0.03845749795436859
0.05883678421378136
-0.01552355382591486
-0.01227660570293665
0.06321467459201813
0.025412393733859062
0.11490973830223083
-0.050731997936964035
-0.010320480912923813
0.06834863126277924
-0.02255324460566044
-4.924136374029331e-05
0.0587402768433094
-0.009904800914227962
0.01997036673128605
0.02948540262877941
0.10694563388824463
-0.022245600819587708
0.04155409708619118
-0.05786246806383133
-1.5596333113876426e-08
-0.07607004046440125
0.02049897611141205
0.019923413172364235
-0.03176163509488106
0.0988132506608963
0.015680773183703423
0.06852075457572937
-0.1066015288233757
-0.02810673788189888
0.026054371148347855
-0.10516378283500671
-0.03990035131573677
-0.001739783096127212
0.04626963660120964
-0.02531694807112217
0.02328781597316265
-0.027960898354649544
0.011897452175617218
-0.015428836457431316
0.052475955337285995
-0.017881518229842186
0.09821339696645737
-0.017743265256285667
0.01260587852448225
-0.04706345498561859
-0.031704436987638474
-0.01947510428726673
-0.01838647946715355
0.005826835986226797
0.09613251686096191
0.004214105661958456
0.08444874733686447
-0.016827404499053955
0.05605794116854668
-0.03278026729822159
-0.12311667203903198
0.0578361377120018
0.08570617437362671
0.0065670013427734375
-0.08960224688053131
-0.03103533759713173
-0.011888434179127216
-0.06099626049399376
-0.05681900307536125
-0.033051300793886185
0.058641690760850906
-0.010127581655979156
-0.10174563527107239
0.00545321824029088
0.039983537048101425
-0.007937997579574585
-0.013983293436467648
0.1583307832479477
-0.021095721051096916
-0.07769113034009933
0.010929039679467678
-0.008529477752745152
-0.06302283704280853
0.03283722326159477
0.04458966106176376
-0.01834704354405403
-0.03769279643893242
0.02786540985107422
0.08264126628637314
