0.010060576722025871
0.03346585854887962
-0.056947972625494
0.010005781427025795
0.03580287843942642
0.07818827778100967
0.08165866136550903
-0.043037738651037216
0.0654890239238739
-0.003913963213562965
-0.010380341671407223
0.02847987972199917
-0.039341434836387634
-0.05220257490873337
0.03173324093222618
0.02137768268585205
-0.008496999740600586
-0.02400696836411953
-0.008569017052650452
-0.02613169327378273
-0.06807832419872284
0.10085981339216232
0.0750170648097992
0.08039331436157227
-0.014741326682269573
-0.03598625212907791
-0.02907465398311615
0.06868592649698257
-0.03678745776414871
-0.07446640729904175
0.06561996787786484
0.02312200702726841
0.028327573090791702
0.015186390839517117
-0.06855575740337372
0.08375583589076996
0.00497299013659358
-0.026769384741783142
0.08439856767654419
0.02961013838648796
0.0068575479090213776
-0.0779804065823555
-0.010978835634887218
-0.01837700791656971
0.017094086855649948
0.020918110385537148
0.002998121315613389
0.0864458680152893
0.13319142162799835
-0.0777285173535347
-0.02161315828561783
-0.04943603649735451
-0.08777648210525513
0.06538059562444687
0.014278379268944263
0.15430589020252228
0.052633095532655716
-0.01997099258005619
-0.06408338993787766
-0.08946289122104645
0.009908702224493027
0.005291048437356949
-0.03611760213971138
0.03372825309634209
-0.08187435567378998
-0.06654149293899536
-0.04477330297231674
-0.05409173294901848
0.10846235603094101
-0.005664332769811153
0.0392104797065258
-0.011739255860447884
-0.06664763391017914
-0.04744110256433487
-0.0615471675992012
-0.02415311709046364
0.04280240461230278
0.051122523844242096
0.061808351427316666
-0.010847379453480244
0.060216937214136124
0.0026490746531635523
0.046591829508543015
0.005836709402501583
0.07105712592601776
-0.021930286660790443
-0.004607997834682465
0.013774645514786243
-0.05127463489770889
-0.15169772505760193
-0.0718514695763588
-0.003087274730205536
-0.03749644011259079
0.021664613857865334
-0.0388169027864933
-0.015895754098892212
-0.0090178232640028
-0.13880805671215057
-0.010500472038984299
0.022524569183588028
0.043210458010435104
0.0013581523671746254
0.019642269238829613
0.0043054381385445595
0.03459504246711731
-0.008746531791985035
0.001789403147995472
-0.03435312211513519
-0.02112129144370556
0.0252921674400568
-0.01116515975445509
-0.04301135987043381
0.004869726952165365
0.08247217535972595
-0.07513880729675293
-0.01659679412841797
-0.09083472192287445
-0.06707914173603058
-0.08027561753988266
0.023025985807180405
0.03461241349577904
-0.052226584404706955
0.0066320751793682575
-0.004800577647984028
0.018624497577548027
-0.011014815419912338
-0.03694049268960953
-4.8944058285187585e-33
-0.035837117582559586
-0.04999043047428131
0.055210571736097336
0.005966353230178356
0.08735639601945877
0.042096443474292755
-0.014378592371940613
-0.018529556691646576
-0.08388067781925201
-0.05256885662674904
-0.003919712733477354
-0.05410685017704964
-0.0659264400601387
0.03031446412205696
0.018403425812721252
-0.0009138332097791135
0.05052139237523079
0.03394807130098343
-0.0030220579355955124
-0.03595420718193054
-0.07503462582826614
-0.01611030474305153
-0.05973781272768974
-0.05799373239278793
0.01990741491317749
0.007488546427339315
-0.03444286435842514
-0.02620481327176094
-0.029269035905599594
0.005610102321952581
0.10858761519193649
-0.04315003752708435
0.022703852504491806
0.06570329517126083
-0.031458139419555664
-0.10504098236560822
-0.04737972468137741
-0.06198148429393768
0.0647193044424057
0.0027658999897539616
-0.017343761399388313
-0.005599820986390114
0.09587889164686203
0.01711069606244564
-0.017933154478669167
-0.02582073211669922
-0.06841273605823517
0.00813835859298706
0.030330641195178032
0.1322554647922516
0.05497211217880249
-0.014830011874437332
0.07242868840694427
-0.0014280382310971618
-0.050406668335199356
0.002873478690162301
-0.014410745352506638
0.02728777751326561
-0.0493590347468853
0.010442996397614479
-0.0783504843711853
0.0031584803946316242
-0.049290984869003296
-0.027306146919727325
0.10704165697097778
-0.011405291967093945
-0.052880994975566864
-0.004755783826112747
-0.046514395624399185
0.09590521454811096
0.033066973090171814
0.02397533692419529
0.010609526187181473
-0.0762249007821083
-0.11390503495931625
0.03402801975607872
0.04646695777773857
0.006013946607708931
0.01748613826930523
0.0315701961517334
-0.005907594226300716
-0.015168235637247562
-0.0007094221655279398
-0.0006112191476859152
-0.05330021679401398
-0.030510863289237022
0.045212626457214355
-0.006883234716951847
0.06235717236995697
-0.03239215910434723
0.06408531218767166
0.03341221064329147
-0.029720408841967583
-0.12131518125534058
0.09448898583650589
1.823721812609192e-33
-0.008029852993786335
0.053471725434064865
-0.01924094744026661
0.05852644890546799
0.03091503120958805
0.01760033518075943
-0.025262124836444855
0.030256599187850952
-0.0571201927959919
0.0022233822382986546
-0.06130320206284523
0.13275882601737976
-0.0029331876430660486
-0.001177461352199316
-0.01334055420011282
0.030170025303959846
-0.034270718693733215
0.02030167542397976
0.05324995517730713
0.021782826632261276
-0.016749275848269463
0.015618851408362389
0.014444537460803986
-0.01701231487095356
-0.08654142171144485
-0.005581911653280258
0.014692263677716255
-0.03504053130745888
-0.0587107390165329
-0.09035452455282211
0.018312880769371986
-0.043632011860609055
-0.07388527691364288
-0.017772438004612923
0.024482134729623795
-0.030567539855837822
-0.0007179221138358116
-0.10209821164608002
0.01937992498278618
0.07914720475673676
0.04345109686255455
0.003133328864350915
0.022424636408686638
-0.018873287364840508
0.09913115203380585
-0.06544587016105652
-0.03590003028512001
0.05016646534204483
-0.015808677300810814
0.023428073152899742
-0.005976295098662376
-0.017414284870028496
0.08777778595685959
0.06717932969331741
0.08028209209442139
-0.04710492491722107
-0.03943010792136192
0.06567887216806412
-0.04699745401740074
-0.009295114316046238
-0.03113442473113537
0.007570778951048851
-0.019177794456481934
0.06573731452226639
-0.006263953633606434
0.011881996877491474
-0.036544401198625565
0.05154495686292648
0.03160272166132927
0.06474123150110245
0.01602889411151409
0.07689321041107178
-0.00021415119408629835
0.0038560156244784594
-0.02643175795674324
0.039019666612148285
0.02356194704771042
-0.01992400735616684
0.01252943929284811
0.04021378234028816
0.010252732783555984
0.043369829654693604
-0.06001012772321701
-0.06677477061748505
0.026828531175851822
-0.07780953496694565
-0.039077140390872955
0.04892001673579216
0.04227482154965401
-0.03519241884350777
0.02835829369723797
0.10206766426563263
-0.01347471121698618
0.038879960775375366
0.02647642232477665
-1.5529600716490677e-08
-0.03750480338931084
-0.002178350929170847
0.021792743355035782
-0.019238820299506187
0.10872658342123032
-0.03239503502845764
0.08274859189987183
-0.1346636563539505
-0.03356330469250679
0.029546454548835754
-0.10302631556987762
-0.003790350863710046
0.06636703759431839
-0.008185343816876411
-0.0084166144952178
0.013453486375510693
0.004217913839966059
-0.002545379102230072
-0.027140552178025246
0.06113765761256218
0.026344813406467438
0.09243354946374893
-0.024843337014317513
-0.02338058315217495
-0.02375687099993229
-0.05633772537112236
0.010965386405587196
-0.03265097364783287
-0.008418283425271511
0.06626109033823013
0.04570039361715317
0.08673500269651413
0.005022261757403612
0.07509671896696091
-0.0572710856795311
-0.11222884058952332
0.08319909870624542
0.08834156394004822
0.0003907252103090286
-0.09461218118667603
0.028873713687062263
0.01207833830267191
0.016147246584296227
-0.03674037382006645
-0.02252146229147911
0.08401300013065338
-0.0017116809030994773
-0.10896223783493042
-0.0014702293556183577
-0.0010561355156823993
-0.017788060009479523
0.017574483528733253
0.09207303822040558
-0.06136471405625343
-0.09356912970542908
0.02596936747431755
-0.027055442333221436
0.013621586374938488
0.04821469262242317
-0.005171268247067928
-0.07459629327058792
-0.013545583002269268
0.03439924493432045
0.05452694371342659
