0.10893469303846359
0.05370848998427391
-0.029973192140460014
0.02858961932361126
0.04198187217116356
-0.04360011965036392
0.04984205961227417
0.001093983999453485
0.12181717902421951
0.0890282690525055
-0.0402824841439724
0.024668006226420403
-0.06986302137374878
0.03975831717252731
-0.019605867564678192
0.0282228235155344
-0.04670775681734085
0.005874445661902428
0.07007590681314468
-0.04180079698562622
-0.07951831072568893
0.06560296565294266
-0.011494758538901806
0.06194773316383362
-0.012814266607165337
-0.08010926097631454
-0.07772403210401535
0.037070248275995255
0.012157690711319447
-0.06044997647404671
0.009690068662166595
0.016086502000689507
-0.004525370895862579
0.06448619812726974
0.011744904331862926
0.05034284666180611
0.04085011035203934
-0.0362146720290184
0.0948679968714714
0.0015253574820235372
0.07804478704929352
0.009783883579075336
0.007420243229717016
-0.08008408546447754
-0.05253303796052933
0.007751908618956804
-0.024825720116496086
0.016985425725579262
0.002495310502126813
-0.09289302676916122
-0.0008286480442620814
-0.11251580715179443
-0.040753886103630066
0.027168594300746918
-0.02290843427181244
0.14957799017429352
0.011556976474821568
-0.0793701633810997
-0.007591672241687775
-0.07073608785867691
0.058549996465444565
0.027856728062033653
-0.0037341502029448748
0.015613415278494358
-0.013903127051889896
-0.026429465040564537
-0.00606465432792902
-0.1092621460556984
0.12067093700170517
-0.06834503263235092
0.0753677487373352
-0.03821790963411331
-0.06299150735139847
-0.029433956369757652
-0.02787187322974205
-0.10891658067703247
0.050435930490493774
0.029690124094486237
0.08389692008495331
-0.017396189272403717
-0.031695883721113205
0.023437218740582466
-0.013849537819623947
-0.00532703660428524
0.008429000154137611
0.0034682736732065678
-0.007324655540287495
-0.008991757407784462
-0.04997246339917183
-0.05970608443021774
-0.014543328434228897
0.03368314355611801
-0.014504720456898212
-0.0743001401424408
0.028470108285546303
-0.04823272302746773
-0.014969388023018837
-0.09025603532791138
-0.031923454254865646
0.0752035602927208
0.05857536569237709
0.018718400970101357
0.04724957048892975
-0.029654575511813164
0.028737448155879974
0.01713070273399353
0.05034288391470909
0.0040114508010447025
0.026275107637047768
-0.01560609694570303
-0.015539501793682575
0.007488863077014685
-0.0021548736840486526
0.07533736526966095
-0.0017970427870750427
-0.008458643220365047
-0.018010666593909264
-0.07542985677719116
-0.1090959832072258
0.06731023639440536
0.07246122509241104
-0.006230475846678019
0.016622187569737434
-0.006214463151991367
-0.035677291452884674
0.0606338195502758
-0.04193636402487755
-4.84895019665643e-33
0.03854809328913689
0.02513548918068409
0.013029204681515694
-0.08744518458843231
0.15633612871170044
-0.00021184212528169155
-0.01094132475554943
-0.01967843994498253
-0.1078840047121048
0.021905668079853058
-0.057570360600948334
-0.04466928914189339
-0.039866361767053604
0.026680734008550644
0.15091142058372498
-0.047848232090473175
-0.00014417491911444813
4.397045267978683e-05
0.025964612141251564
0.0009834064403548837
-0.04938064515590668
-0.019137971103191376
-0.0317571684718132
-0.055876225233078
0.07829061895608902
-0.027024943381547928
0.019399059936404228
-0.034920331090688705
-0.07470241189002991
0.022353969514369965
0.06893838942050934
-0.07665441185235977
0.024759164080023766
-0.009335770271718502
-0.02653239108622074
-0.08744721114635468
0.06306323409080505
-0.0712481364607811
-0.009660085663199425
0.006972977891564369
0.0811622217297554
-0.044331468641757965
0.06097390130162239
0.06010265648365021
-0.020715197548270226
0.004911250434815884
-0.019187763333320618
0.003369406331330538
-0.021853504702448845
0.05468607321381569
0.06695549935102463
-0.05744114890694618
0.0357806570827961
-0.08057378232479095
-0.025983193889260292
0.040457986295223236
-0.032196614891290665
0.023135358467698097
-0.02368270419538021
-0.021205225959420204
-0.04842546209692955
-0.08277589827775955
-0.0809871256351471
-0.04244472086429596
0.11068178713321686
0.01074177399277687
-0.01495091337710619
0.023459000512957573
-0.04927651211619377
-0.030825110152363777
-0.06193675845861435
0.036376725882291794
0.03574967756867409
-0.12122183293104172
-0.09185248613357544
0.07083158195018768
-0.00721526425331831
0.02252984791994095
0.1088317409157753
0.013732928782701492
-0.04971592128276825
-0.01678631827235222
0.05379199609160423
0.0009914491092786193
0.002646390348672867
-0.038190871477127075
0.06068912893533707
-0.004674878902733326
0.007113891653716564
0.024651559069752693
0.04845261946320534
0.08764545619487762
0.009052454493939877
-0.04503409191966057
0.05456630140542984
2.3562850383789987e-33
-0.02619292214512825
-0.03381539508700371
0.02489996701478958
-0.012672338634729385
-0.042544323951005936
0.006305980496108532
-0.06564712524414062
-0.02516295202076435
-0.12974323332309723
-0.028700826689600945
-0.0470917783677578
0.10803871601819992
0.03764212504029274
0.003985817078500986
0.057352662086486816
0.04418318346142769
-0.04339766502380371
0.03448756784200668
0.05890700966119766
0.0455518439412117
0.02999947965145111
0.032150156795978546
0.021931838244199753
0.01646042801439762
-0.0377068892121315
0.06927142292261124
0.08371735364198685
-0.08586940914392471
-0.0001139157175202854
-0.07378337532281876
-0.009860778227448463
-0.00808619149029255
0.03187505900859833
-0.05420267954468727
-0.011309088207781315
0.035629499703645706
0.05393637716770172
-0.11447502672672272
-0.0076237935572862625
0.013643627054989338
0.035328324884176254
0.037211835384368896
0.009394591674208641
-0.07594440132379532
0.0010010101832449436
-0.05430363491177559
0.039925530552864075
0.06069185212254524
-0.09382613748311996
-0.018695715814828873
-0.0020524875726550817
-0.07804318517446518
0.07849135249853134
0.04118642956018448
0.026817984879016876
0.02002622000873089
-0.03194977343082428
0.062116168439388275
0.0627674013376236
-0.042978435754776
-0.021900029852986336
-0.013423152267932892
-0.011807798407971859
-0.026167459785938263
0.008788030594587326
-0.010299366898834705
-0.01882394589483738
-0.025205515325069427
-0.014367698691785336
-0.023745432496070862
0.014036276377737522
0.05755666643381119
0.0024760619271546602
-0.043011829257011414
-0.0007502619409933686
0.06318655610084534
-0.0050355070270597935
-0.030141398310661316
0.020691949874162674
0.045199133455753326
-0.05048228055238724
0.03358345106244087
-0.08385792374610901
-0.05978630855679512
0.06506060063838959
-0.12693752348423004
-0.012413308955729008
0.10026679933071136
0.029206402599811554
0.02900063432753086
-0.06935200095176697
0.08085908740758896
-0.03408617153763771
0.00211585545912385
0.0007338798022828996
-1.4806198933570158e-08
-0.04548027366399765
0.017605967819690704
-0.025027800351381302
-0.008803504519164562
0.0640762448310852
-0.02750883810222149
0.05940861999988556
-0.10958705842494965
-0.033848341554403305
-0.030483126640319824
-0.023264188319444656
-0.04033657908439636
-0.006522604264318943
0.004152843728661537
0.03958424553275108
0.004663258790969849
-0.01124478317797184
-0.009647123515605927
0.0016746197361499071
0.030803848057985306
-0.03813207894563675
0.0970064252614975
0.04106644168496132
-0.00323261390440166
-0.06746678799390793
-0.07373574376106262
0.037309493869543076
0.07937528938055038
-0.0095134899020195
0.01520325243473053
0.037574492394924164
0.16265077888965607
-0.056203391402959824
0.083785779774189
-0.016743022948503494
-0.04366485774517059
-0.010377216152846813
0.02851743809878826
0.028310753405094147
-0.019373027607798576
0.05949581041932106
-0.03654549643397331
-0.03237753361463547
-0.003982462454587221
-0.056320324540138245
0.04712760075926781
0.015204917639493942
-0.005677469540387392
0.03412158042192459
-0.007240059785544872
0.011069152504205704
-0.00816961657255888
0.04512381553649902
0.02609785459935665
-0.047035619616508484
0.0463801845908165
0.07420530915260315
-0.05278266221284866
-0.03307496756315231
-0.05247228220105171
0.060178760439157486
0.01037486270070076
-0.006554651074111462
-0.0074071213603019714
