0.04754280298948288
0.03791564330458641
-0.04730868339538574
0.027323102578520775
0.06882303953170776
-0.0256787221878767
0.043871212750673294
-0.0003958990564569831
0.11802629381418228
0.0379687063395977
0.004448529798537493
0.0061187404207885265
-0.0415961928665638
-0.013973117806017399
0.014824751764535904
-0.009320423007011414
-0.0502750538289547
0.017870279029011726
0.08245450258255005
-0.06331102550029755
-0.10470753908157349
0.050535645335912704
0.02900022640824318
0.020198924466967583
0.01674111932516098
-0.054787565022706985
-0.047573573887348175
0.04538149759173393
0.03978533297777176
-0.03517143055796623
0.013885640539228916
0.007432902697473764
-0.022758040577173233
0.06339558959007263
-0.08847369253635406
0.04198219254612923
-0.028339099138975143
-0.09201273322105408
0.07548615336418152
-0.0554516576230526
0.10012436658143997
-0.011911913752555847
-0.01740809716284275
-0.09077513217926025
-0.03712134063243866
-0.014935657382011414
-0.03823437914252281
0.06847914308309555
0.021063415333628654
-0.06698630005121231
-0.044129230082035065
-0.12283843755722046
-0.06418934464454651
-0.014977587386965752
-0.03777719661593437
0.16886046528816223
0.0444977805018425
-0.037214603275060654
0.015952179208397865
-0.03296118229627609
0.04149110987782478
0.002499181078746915
0.002572825876995921
0.03115648217499256
0.011095674708485603
0.0018390773329883814
-0.08605466037988663
-0.14129969477653503
0.06522123515605927
-0.04652898386120796
0.09754155576229095
-0.03032156266272068
-0.01068484503775835
-0.05191149190068245
-0.07228761911392212
-0.047805607318878174
0.0018620090559124947
0.008512122556567192
0.047195710241794586
-0.012900403700768948
0.034471455961465836
0.07409832626581192
0.014918380416929722
-0.029632098972797394
0.04477784410119057
-0.019838662818074226
-0.04467616230249405
-0.004379271063953638
-0.06510899215936661
-0.06115095689892769
0.032499123364686966
0.014310162514448166
-0.03571533411741257
0.02414117194712162
-0.06078696623444557
0.013761823065578938
0.03874771296977997
-0.10116159915924072
-0.04315362125635147
0.07621461153030396
-0.0045015220530331135
-0.007118038833141327
-0.04186949506402016
-0.02194984070956707
-0.00844593346118927
0.02055206149816513
0.02197141759097576
-0.06560808420181274
-0.01001792773604393
-0.027713753283023834
-0.03796299174427986
0.013573596253991127
-0.07054164260625839
0.057135872542858124
-0.06377266347408295
-0.08782148361206055
-0.020618319511413574
-0.05402158573269844
-0.06094365566968918
0.030612783506512642
0.06844054162502289
-0.029468465596437454
0.014358232729136944
-0.055251818150281906
0.012927423231303692
0.015452172607183456
-0.03473357856273651
-5.1798232037381025e-33
0.026772087439894676
0.015759030357003212
0.07965490967035294
-0.024783466011285782
0.1494515836238861
-0.015693800523877144
0.01601795293390751
-0.009489628486335278
-0.06836972385644913
-0.02837255969643593
-0.053570061922073364
-0.04955974593758583
-0.07454774528741837
0.028537623584270477
0.16810819506645203
-0.001918535097502172
0.03838173672556877
-0.02329343557357788
0.022865725681185722
-0.01274057850241661
-0.014479357749223709
-0.043174780905246735
-0.05400003120303154
-0.055280089378356934
0.03734500706195831
0.010981889441609383
0.008484693244099617
-0.07177101075649261
-0.053234804421663284
0.02511092647910118
0.10859164595603943
-0.038113296031951904
0.014517863281071186
0.01968517154455185
-0.006898097228258848
-0.08756714314222336
0.021932464092969894
-0.06505604833364487
-0.022063741460442543
0.011153331957757473
0.02085493877530098
-0.02651097998023033
0.09660129249095917
0.02458305098116398
-0.054874975234270096
0.019546259194612503
-0.024556366726756096
0.012681729160249233
-0.01673601008951664
0.09663840383291245
0.042581021785736084
-0.05727995187044144
0.0685231015086174
-0.07311137765645981
-0.009374869056046009
0.03780589625239372
-0.0060470518656075
0.024346791207790375
-0.016139311715960503
0.0042757513001561165
-0.00814802572131157
-0.11368602514266968
0.005074266344308853
-0.07349647581577301
0.11143354326486588
0.053281597793102264
-0.0969226285815239
-0.06340917199850082
-0.043234892189502716
0.025911755859851837
0.0026073320768773556
0.019937707111239433
0.03300816938281059
-0.11871112883090973
-0.08047180622816086
0.07824401557445526
-0.00969186332076788
0.008658535778522491
0.06912841647863388
0.005685708019882441
0.010770328342914581
0.0013422113843262196
0.08150039613246918
-0.045425333082675934
-0.0011130569037050009
-0.03838089108467102
0.011302963830530643
-0.03706490993499756
0.05513971298933029
0.030735164880752563
0.08132550120353699
0.09468775242567062
0.016352390870451927
-0.08034775406122208
0.030214395374059677
2.4716517273885443e-33
0.004012898076325655
0.001858451054431498
-0.008999998681247234
-0.003229986410588026
-0.012536594644188881
-0.03898661583662033
-0.08963874727487564
-0.028484143316745758
-0.1253378987312317
0.02934896945953369
-0.06225396320223808
0.10190713405609131
0.04258566349744797
0.04021567106246948
0.006462490651756525
0.08360367268323898
-0.002507413038983941
0.05610669031739235
0.015658466145396233
-0.00032576252124272287
-0.015061494894325733
0.05075889825820923
0.04656798020005226
-0.020129013806581497
0.0008773928857408464
-0.0009232718148268759
0.06728434562683105
-0.030374210327863693
-0.04619179666042328
-0.055769652128219604
-0.003670716192573309
0.022369520738720894
0.040301255881786346
-0.012306681834161282
-0.016465013846755028
0.024894241243600845
0.07272562384605408
-0.1348823457956314
0.029887892305850983
0.052934128791093826
0.019559074193239212
-0.02409443072974682
0.01820375584065914
-0.04877612739801407
0.05867661163210869
-0.1251673847436905
0.011046625673770905
0.09256571531295776
-0.05555391684174538
-0.02149985544383526
0.03593795746564865
-0.04607895389199257
0.10833468288183212
0.08959230780601501
0.06727072596549988
-0.008004399947822094
-0.03063150681555271
0.014605681411921978
0.1029699295759201
-0.06161775067448616
0.029036229476332664
0.0040813591331243515
-0.04598240554332733
0.027746327221393585
0.027549639344215393
-0.020207567140460014
-0.027562638744711876
0.008482207544147968
-0.007926843129098415
-0.025920117273926735
-0.0058434829115867615
0.02901701256632805
0.017642462626099586
-0.05717692896723747
-0.007735184393823147
0.06221709027886391
0.04563184827566147
-0.02813737653195858
0.0021531013771891594
0.008987197652459145
-0.057197391986846924
-0.004318709950894117
-0.05824868753552437
-0.04559332877397537
-0.0017482821131125093
-0.08554213494062424
-0.0017204213654622436
0.058905914425849915
0.01324460655450821
0.004201697651296854
-0.026834342628717422
0.04969296231865883
-0.05196619778871536
0.04002116248011589
0.05774553492665291
-1.4206175791287023e-08
-0.08074253052473068
0.01633775793015957
-0.0365571603178978
-0.021935971453785896
0.09814968705177307
-0.04109928384423256
0.08519840985536575
-0.13505899906158447
0.04370297119021416
-0.061612363904714584
-0.02968042530119419
-0.07693784683942795
0.05332270264625549
-0.021540623158216476
0.056376419961452484
-0.004705980885773897
0.02429734170436859
0.07208128273487091
-0.0055848718620836735
0.10431961715221405
-0.01452638953924179
0.07230543345212936
0.024812713265419006
-0.010658963583409786
-0.022275499999523163
-0.049128420650959015
-0.016403235495090485
0.03293859586119652
0.018717991188168526
0.04377100244164467
-0.013385769911110401
0.10566387325525284
0.005196378566324711
0.03997165709733963
0.003988712094724178
-0.01569981314241886
0.00967799685895443
0.019586537033319473
0.023188302293419838
-0.02574431337416172
0.06565717607736588
0.0065931836143136024
-0.0196178387850523
0.009512117132544518
-0.03408127278089523
0.060955796390771866
0.013291866518557072
-0.019100703299045563
0.030398951843380928
-0.011545360088348389
0.0015911556547507644
-0.02512494847178459
0.06009211018681526
0.004068644251674414
-0.06016291305422783
-0.029362661764025688
0.044835977256298065
0.008607038296759129
-0.038273781538009644
-0.0029595440719276667
0.06448332965373993
0.016807204112410545
0.023358557373285294
0.023157814517617226
