0.05588958412408829
-0.011323363520205021
0.018547484651207924
0.01214650459587574
-0.013762244954705238
0.000782735354732722
0.057991400361061096
-0.0501057505607605
0.08391180634498596
-0.02762688510119915
-0.0980926901102066
0.009141582064330578
-0.05953690782189369
0.034626856446266174
-0.06248876824975014
-0.06307881325483322
-0.06458765268325806
-0.0071622212417423725
0.08077073097229004
-0.025018256157636642
-0.022152677178382874
0.028324497863650322
0.000564074027352035
0.020921751856803894
0.010232286527752876
0.03143662214279175
0.043105412274599075
0.03653800114989281
0.027338333427906036
-0.01167120598256588
0.01767265796661377
-0.0848224088549614
0.003536640200763941
-0.069699726998806
0.030467871576547623
0.002283430192619562
0.0005853803595528007
-0.050635527819395065
0.046766817569732666
-0.09357941150665283
0.10356207937002182
-0.040048811584711075
0.027537576854228973
-0.04379532113671303
-0.0007709452183917165
-0.0017291961703449488
-0.054269999265670776
0.05220090597867966
0.06562506407499313
-0.017438918352127075
-0.0641104057431221
-0.08323753625154495
-0.051074087619781494
0.035566821694374084
-0.043668948113918304
0.07168912142515182
0.062348391860723495
-0.10385172814130783
0.01865237206220627
-0.09920939058065414
0.03502575680613518
0.024444619193673134
-0.002206739503890276
0.08509305119514465
-0.013320793397724628
0.018680892884731293
-0.052054211497306824
-0.06793566793203354
0.046982478350400925
-0.019927779212594032
-0.018716268241405487
-0.007006724830716848
-0.030940426513552666
-0.1307450234889984
-0.06059914082288742
-0.08219641447067261
0.06065770983695984
-0.057087674736976624
0.06251287460327148
0.09403198212385178
0.07230287045240402
0.034986451268196106
0.08651471883058548
0.0007460612105205655
0.04113772138953209
0.012846247293055058
-0.04609967768192291
-0.0379009023308754
-0.10042698681354523
-0.13622115552425385
0.009904267266392708
0.053588490933179855
-0.009380553849041462
0.024949640035629272
0.05383046343922615
0.0807640552520752
-0.028177674859762192
-0.04651417210698128
0.026931684464216232
0.01100549753755331
-0.02932797558605671
0.02939319610595703
0.006314350292086601
0.004604551941156387
0.08400914818048477
-0.013347526080906391
0.03488561883568764
0.011783582158386707
0.030350912362337112
-0.03968575969338417
-0.07481572031974792
0.012913229875266552
-0.023424185812473297
0.11118202656507492
-0.0362396165728569
0.012904231436550617
-0.09030122309923172
-0.0765383243560791
-0.07723268866539001
0.038882821798324585
-0.028159143403172493
-0.0013115268666297197
-0.050725799053907394
-0.04452485963702202
0.04215336963534355
0.03774557262659073
-0.03435938432812691
-6.380475337719895e-33
0.016392169520258904
-0.07618913054466248
0.07381179183721542
-0.048558395355939865
0.09416650235652924
-0.0020925484132021666
0.04662548005580902
0.024794455617666245
-0.061468109488487244
-0.04821493476629257
0.00173576467204839
-0.05716704577207565
-0.07311122119426727
0.043152254074811935
0.10718261450529099
-0.04869415611028671
0.0528087317943573
-0.00770531827583909
-0.01696574129164219
-0.05723477900028229
0.032577238976955414
-0.018829412758350372
-0.0566922202706337
-0.03975720703601837
0.05086067318916321
-0.03344715014100075
-0.058778952807188034
-0.02598184533417225
-0.03239298239350319
0.025594232603907585
0.0005343591328710318
-0.023979462683200836
-0.002749934559687972
-0.001237024669535458
-0.0031802449375391006
-0.07576891779899597
-0.0005022391560487449
-0.02754337340593338
-0.05321113392710686
0.024345453828573227
0.012455382384359837
-0.005046861711889505
0.039793699979782104
0.06138903647661209
-0.010947415605187416
-0.012096119113266468
-0.04389112442731857
-0.01320094708353281
0.04791291803121567
0.0898510292172432
0.018557565286755562
-0.061750490218400955
-0.033914320170879364
-0.017639286816120148
-0.04706224799156189
-0.06688862293958664
-0.029152944684028625
-0.02840432897210121
-0.04026836156845093
-0.037057776004076004
-0.10237419605255127
-0.05829751119017601
-0.0025519668124616146
-0.09150432795286179
0.09918203949928284
-0.017988525331020355
-0.046195320785045624
-0.04192957282066345
-0.007221229374408722
0.014850961044430733
-0.0346527099609375
0.07161811739206314
-0.011037650518119335
-0.13013897836208344
-0.08155524730682373
0.019905628636479378
0.025521889328956604
0.003077911213040352
-0.005550472065806389
0.07959072291851044
0.07677388191223145
-0.02921617217361927
0.06040778383612633
0.03787989169359207
0.011150841601192951
-0.05352319777011871
0.013390844687819481
0.01705724559724331
0.04972848668694496
-0.029717735946178436
0.11979333311319351
0.06734281033277512
0.0192984901368618
-0.1467277705669403
0.0177916307002306
2.4457058120010117e-33
-0.03749473765492439
-0.036917898803949356
-0.015472707338631153
0.04247753322124481
0.018622159957885742
-0.05814924091100693
-0.0023472600150853395
0.03587893024086952
-0.03894813731312752
0.016849162057042122
-0.08389641344547272
0.11510076373815536
0.047768641263246536
-0.006998265162110329
0.021419862285256386
0.09344539791345596
-0.07243474572896957
0.00649041123688221
0.06257755309343338
0.02711573801934719
0.019282646477222443
0.08210032433271408
0.12496522814035416
-0.023233074694871902
-0.006849828641861677
-0.008431541733443737
0.048345740884542465
-0.06545917689800262
0.0046797557733953
0.00714053213596344
-0.00899922102689743
0.058472778648138046
-0.006796321831643581
0.05835901200771332
-0.010005021467804909
0.03989902883768082
0.02175971306860447
-0.07725512981414795
-0.010609913617372513
0.07180023938417435
0.033597659319639206
-0.0719226747751236
-0.05257799103856087
-0.052345093339681625
0.1043405756354332
-0.009012480266392231
0.024986926466226578
0.0257987342774868
-0.047860004007816315
-0.04266814514994621
0.020786557346582413
-0.023268967866897583
0.0866486132144928
0.162937194108963
0.1108660101890564
0.0019078546902164817
-0.00807449035346508
-0.010117189027369022
-0.02306075021624565
-0.02455972507596016
0.04150296002626419
0.06643881648778915
0.006731274537742138
-0.03247246891260147
-0.02323618344962597
-0.022641588002443314
-0.027573777362704277
0.04009771719574928
-0.003645363263785839
-0.039600126445293427
-0.030014334246516228
0.004370636772364378
0.017724236473441124
-0.005712159443646669
0.0023646901827305555
0.0609440915286541
0.007223794236779213
0.02946813777089119
-0.0285244882106781
0.053416140377521515
-0.050828609615564346
0.12106426805257797
-0.011203599162399769
-0.07312332093715668
0.03105391189455986
-0.11661340296268463
0.019772706553339958
-0.001912446809001267
-0.05357480049133301
0.02754863165318966
-0.029441557824611664
0.06347194314002991
-0.056816305965185165
0.07196255028247833
0.02709343284368515
-1.4775016765611326e-08
-0.10097252577543259
-0.006714709103107452
0.015716955065727234
-0.05043787509202957
0.057945866137742996
-0.02468680776655674
0.0929628387093544
-0.08812031149864197
0.07455005496740341
0.03028779663145542
-0.04691897705197334
-0.09476782381534576
0.061949435621500015
-0.06277274340391159
0.0010092632146552205
0.023110177367925644
0.015467019751667976
-0.022712692618370056
-0.011221763677895069
0.05444386601448059
-0.012814896181225777
0.03232245519757271
0.0003746899019461125
0.0014230275992304087
-0.02897951938211918
-0.032871998846530914
0.03395030274987221
0.005547066684812307
-0.01033086609095335
0.03016461804509163
0.008740058168768883
0.08871089667081833
0.008506310172379017
0.028353821486234665
-0.015831951051950455
-0.03245934098958969
0.06398476660251617
-0.008897381834685802
-0.059778910130262375
0.032490454614162445
0.027215389534831047
0.008563121780753136
-0.05784930661320686
-0.026599498465657234
0.046335674822330475
0.07395368814468384
0.03875336796045303
-0.05562959983944893
0.0322456955909729
0.016488907858729362
-0.023354535922408104
0.008761027827858925
0.05641123279929161
0.013531558215618134
-0.01677122712135315
0.0412079282104969
0.01773783378303051
-0.021791964769363403
-0.0013343876926228404
-0.031426962465047836
0.03271988034248352
0.09529633820056915
0.016660187393426895
0.07810918986797333
