0.08829458057880402
0.008031731471419334
-0.02297825738787651
0.04600371792912483
0.040237605571746826
-0.024210145696997643
0.05988573655486107
0.005895551294088364
0.13486415147781372
0.07433706521987915
-0.022720349952578545
0.015927506610751152
-0.05222854018211365
0.021268822252750397
-0.01115293987095356
0.02832968905568123
-0.0748126432299614
0.009151277132332325
0.06673461943864822
-0.051487959921360016
-0.09426987916231155
0.07165350764989853
0.01992594264447689
0.03670494258403778
0.0068388585932552814
-0.08907033503055573
-0.09487166255712509
0.027028048411011696
0.030390560626983643
-0.05145036801695824
0.021366624161601067
0.021484915167093277
-0.024933358654379845
0.07431400567293167
-0.02417581155896187
0.051239412277936935
0.015914607793092728
-0.07888807356357574
0.07608851045370102
-0.021828802302479744
0.06495391577482224
0.020061906427145004
0.0019151222659274936
-0.10308646410703659
-0.04485662281513214
0.008438736200332642
-0.027339112013578415
0.037537090480327606
0.019598880782723427
-0.059238262474536896
0.011702310293912888
-0.11948059499263763
-0.05600466579198837
0.006328132934868336
-0.034316979348659515
0.16383780539035797
0.04987591505050659
-0.057685744017362595
0.02256728522479534
-0.04094809666275978
0.059095628559589386
0.016719171777367592
-0.01277847308665514
0.007925179786980152
0.0010242568096145988
-0.006502143107354641
-0.058189086616039276
-0.10334549099206924
0.11219598352909088
-0.05563729628920555
0.08227869123220444
-0.022489793598651886
-0.06784532219171524
-0.06037348136305809
-0.044505782425403595
-0.0864817276597023
0.02832384593784809
0.018241465091705322
0.05067480728030205
-0.04436258599162102
-0.0005673834821209311
0.04195479303598404
-0.00743379071354866
-0.009437540546059608
0.03460831567645073
-0.0045884521678090096
-0.04012342169880867
0.015618165954947472
-0.05273669585585594
-0.03717664256691933
-0.0264823529869318
0.004076881799846888
-0.026171911507844925
-0.0430513434112072
-0.0464385487139225
0.003250336740165949
0.010222546756267548
-0.07464638352394104
-0.018937213346362114
0.07596982270479202
0.028085138648748398
0.010481443256139755
0.02410082519054413
-0.058271512389183044
0.0071958936750888824
0.03262542933225632
0.03685133159160614
-0.045635126531124115
0.009582583792507648
-0.03826016187667847
-0.0066245002672076225
-0.005662144627422094
-0.043725766241550446
0.062151845544576645
-0.029294101521372795
-0.04128138720989227
0.00873786211013794
-0.06835902482271194
-0.08154581487178802
0.06508783251047134
0.09083554893732071
-0.03254326432943344
0.036839306354522705
-0.010436637327075005
-0.02525337226688862
0.0479639433324337
-0.016932232305407524
-4.856589807910821e-33
0.03499126434326172
0.0010149820009246469
0.031974680721759796
-0.0641205757856369
0.17463578283786774
-0.0116262910887599
-0.012044922448694706
-0.015407329425215721
-0.08480499684810638
0.0065620518289506435
-0.09520778805017471
-0.05951773002743721
-0.07110780477523804
0.016816161572933197
0.1572689563035965
-0.04160800948739052
0.006637750193476677
-0.02638939581811428
0.04207409918308258
0.007872368209064007
-0.024960219860076904
-0.06764581054449081
-0.04603985324501991
-0.06112163886427879
0.08101867884397507
-0.039472535252571106
0.013564631342887878
-0.04417434707283974
-0.05448761582374573
0.019151071086525917
0.09985648095607758
-0.0633431226015091
0.02791849710047245
-0.010920967906713486
-0.021141525357961655
-0.0786079689860344
0.025449922308325768
-0.045994896441698074
0.008732596412301064
0.025470465421676636
0.037238217890262604
-0.03714071959257126
0.07431434094905853
0.04609811305999756
-0.022351186722517014
0.005587975028902292
-0.03334660083055496
0.0029681867454200983
-0.00647748215124011
0.08272667229175568
0.05462968721985817
-0.05814509466290474
0.06903256475925446
-0.07800667732954025
-0.02103058062493801
0.020436743274331093
-0.0045721097849309444
0.06744897365570068
-0.0024333663750439882
0.014409022405743599
-0.01842106692492962
-0.06934931874275208
-0.053182706236839294
-0.04042915999889374
0.11400091648101807
0.023554936051368713
-0.051538512110710144
0.002495264634490013
-0.05501899868249893
-0.0024486463516950607
-0.07941126078367233
0.016387755051255226
0.022215014323592186
-0.11736994236707687
-0.09366565197706223
0.0611993670463562
-0.040723685175180435
0.03534037992358208
0.1178230568766594
0.011148963123559952
-0.04005320742726326
0.0018521812744438648
0.048472724854946136
-0.021162666380405426
0.01877039298415184
-0.021416662260890007
0.04573845863342285
-0.03528192266821861
0.019313879311084747
0.013613453134894371
0.07304184883832932
0.11730001121759415
0.029432201758027077
-0.04192680865526199
0.05426038056612015
1.6875108536946823e-33
-0.021093672141432762
-0.008473680354654789
0.01135780569165945
-0.022414838895201683
-0.05214964598417282
0.008379670791327953
-0.10970587283372879
-0.0499473512172699
-0.11781343072652817
-0.022072086110711098
-0.05877085402607918
0.11850038170814514
0.007684036158025265
0.05706821009516716
0.048041798174381256
0.032046206295490265
-0.02170894667506218
0.04529419541358948
0.03007127344608307
0.009498476050794125
-0.013378308154642582
0.053546443581581116
0.02634890377521515
-0.0027422725688666105
-0.041311539709568024
0.03385085240006447
0.060063041746616364
-0.0619516521692276
0.006642810069024563
-0.06496946513652802
-0.010216576978564262
0.013356756418943405
0.028081122785806656
-0.06258364766836166
-0.026885967701673508
0.013389523141086102
0.06699218600988388
-0.11470365524291992
0.00981655903160572
0.05531412735581398
0.03819378837943077
0.021923964843153954
0.029094938188791275
-0.06857416033744812
0.026147346943616867
-0.06666355580091476
0.008261604234576225
0.06058191880583763
-0.09117107838392258
-0.01234435848891735
0.035731855779886246
-0.051644060760736465
0.08479181677103043
0.05823461711406708
0.053262557834386826
-0.006618133280426264
-0.04810225963592529
0.02673323079943657
0.05840027332305908
-0.07019162178039551
-0.00826218631118536
0.0027674497105181217
-0.012075928039848804
-0.0207340307533741
0.021545564755797386
-0.03376837447285652
-0.032499056309461594
-0.00467897392809391
-0.017302509397268295
-0.018198419362306595
-0.017105519771575928
0.047786664217710495
-0.037076644599437714
-0.057072509080171585
-0.0023397463373839855
0.06400549411773682
0.014830033294856548
-0.04888875037431717
-0.005121657159179449
0.02705748938024044
-0.08848316967487335
0.046125058084726334
-0.07280540466308594
-0.06312565505504608
0.054922040551900864
-0.1409003883600235
-0.0466407909989357
0.07370762526988983
0.062248069792985916
-0.0026669190265238285
-0.024483658373355865
0.055092256516218185
-0.04484523460268974
0.010691176168620586
0.010834138840436935
-1.5502742201078945e-08
-0.07561381161212921
0.028187181800603867
-0.04923461377620697
-0.024376772344112396
0.09858960658311844
-0.054021064192056656
0.08896096795797348
-0.08905578404664993
-0.015882262960076332
-0.06008492782711983
-0.025691471993923187
-0.02802302874624729
0.008139221929013729
-0.002264374867081642
0.0540778711438179
0.0034962790086865425
0.00978950597345829
0.050164587795734406
0.004192334599792957
0.0707501694560051
-0.021376272663474083
0.0613490454852581
0.04341549053788185
0.01273076981306076
-0.05169239640235901
-0.045300450176000595
0.02038475312292576
0.05345543101429939
0.027034372091293335
0.054250556975603104
0.01913272589445114
0.14000052213668823
-0.04589466378092766
0.06672415137290955
-0.015234607271850109
-0.0435636043548584
0.012594386003911495
0.025455553084611893
0.00957248080521822
-0.018491100519895554
0.07210487127304077
-0.011035808362066746
-0.042060110718011856
0.008244811557233334
-0.03579634800553322
0.03954096511006355
0.03219839185476303
0.003112784819677472
0.029936257749795914
-0.018908092752099037
0.005255689844489098
-0.021975114941596985
0.0579671636223793
0.017990823835134506
-0.04668353497982025
0.007738992106169462
0.059206005185842514
-0.03690313547849655
-0.020520512014627457
-0.04469392076134682
0.06276866048574448
0.004272149875760078
0.02065102756023407
0.0019791892264038324
