-0.0409807525575161
0.05161307752132416
-0.031668562442064285
-0.037821296602487564
0.03723922744393349
-0.027114173397421837
0.05878034979104996
-0.04586213082075119
0.04238228127360344
-0.023497140035033226
0.061118949204683304
-0.08155053853988647
-0.01710362359881401
0.023994725197553635
-0.006665823515504599
0.04604782909154892
-0.015204191207885742
-0.03839966654777527
-0.02087763324379921
0.0406971275806427
-0.09196405112743378
0.13340774178504944
-0.06426829844713211
-0.0701039507985115
-0.0499478355050087
0.013792389072477818
-0.025168316438794136
0.0008055517682805657
-0.0530436672270298
0.005488439463078976
-0.043692655861377716
0.03281886503100395
-0.05264618247747421
-0.08267571032047272
0.05976305902004242
-0.01575213484466076
0.0036809362936764956
-0.08165997266769409
0.007457433734089136
0.1180090680718422
-0.014335214160382748
0.03121633641421795
0.007486891001462936
0.07024671137332916
-0.008559128269553185
-0.0627453476190567
-0.01635141484439373
0.009491236880421638
0.0736841931939125
-0.0041440753266215324
-0.08233097195625305
-0.04915079474449158
-0.055016808211803436
0.04196326807141304
-0.02005741558969021
-0.017570044845342636
-0.06365886330604553
-0.0048521715216338634
-0.01913263462483883
-0.06346778571605682
0.08226936310529709
-0.0053082904778420925
0.045787494629621506
0.026586467400193214
0.05341804027557373
0.044219423085451126
-0.013131900690495968
-0.06773363798856735
0.07091829925775528
0.01976090669631958
-0.00560721242800355
0.01983579620718956
0.023119615390896797
0.003284192644059658
-0.0945875495672226
0.0072801378555595875
0.050834424793720245
-0.03877507150173187
-0.026729002594947815
-0.023721694946289062
-0.0552753284573555
-0.13216540217399597
-0.039873600006103516
-0.003048788057640195
0.03299085050821304
0.027537567541003227
0.04787358641624451
-0.026428688317537308
-0.0024524463806301355
0.05319805070757866
-0.11260651797056198
-0.026545235887169838
-0.032140497118234634
-0.041268348693847656
-0.05688967928290367
-0.05198262631893158
-0.016022196039557457
-0.006682472303509712
-0.04633888602256775
0.12455172091722488
0.011738098226487637
0.0012385309673845768
-0.0031368110794574022
-0.02701287344098091
0.09075753390789032
0.012174809351563454
-0.07118120789527893
0.07159794121980667
0.0525931753218174
-0.01030700746923685
-0.06740133464336395
-0.04429521784186363
-0.0013757591368630528
0.044547706842422485
-0.0391184501349926
0.042253654450178146
0.029058948159217834
-0.07287412136793137
-0.031019603833556175
-0.011087299324572086
0.06994748115539551
-0.013953684829175472
0.02638419158756733
0.019107820466160774
-0.021475890651345253
0.013741838745772839
0.012799493037164211
-3.93149154951902e-33
0.06624796241521835
-0.10424236953258514
0.06794039160013199
-0.050375428050756454
0.12087129801511765
-0.06434561312198639
-0.028933439403772354
-0.018125418573617935
0.06469401717185974
0.0033940456341952085
0.025521183386445045
0.0037475028075277805
-0.07806171476840973
-0.040087223052978516
0.03955128416419029
-0.039073966443538666
0.015178665518760681
-0.06118260324001312
-0.04361273720860481
-0.0599995031952858
0.008034231141209602
0.04597770795226097
0.029867082834243774
-0.10116899758577347
-0.03340410068631172
0.027533864602446556
-0.008592788130044937
0.009495011530816555
-0.021795345470309258
0.07154594361782074
-0.0010553613537922502
-0.11375692486763
0.07911022007465363
-0.04763499274849892
0.011783195659518242
-0.007940496318042278
-0.025558196008205414
0.013018736615777016
-0.014899051748216152
0.034119635820388794
0.03915662318468094
-0.06271030008792877
0.06156039610505104
0.006592784076929092
0.010287064127624035
-0.0527181550860405
0.11093728244304657
0.06739416718482971
0.006356166675686836
0.01251604687422514
0.01641073264181614
-0.07838410884141922
-0.023895684629678726
0.0645311027765274
-0.05463608354330063
0.042231008410453796
-0.026910020038485527
-0.04253625124692917
-0.10685855895280838
-0.006673257332295179
0.032776400446891785
0.07411294430494308
-0.018382979556918144
-0.0011436780914664268
0.031330592930316925
-0.004564888775348663
0.02818450890481472
-0.03469650819897652
-0.007426113821566105
-0.05925718694925308
-0.015228606760501862
-0.02112085558474064
0.02491021528840065
-0.056762389838695526
-0.03518111631274223
-0.00510813482105732
0.011136312037706375
-0.03700479120016098
-0.0951436311006546
0.018508920446038246
0.07402068376541138
0.039550457149744034
0.020622773095965385
0.013354557566344738
-0.0852978527545929
0.09260914474725723
0.02677854709327221
-0.07719261199235916
-0.008137021213769913
0.08034814149141312
-0.12783373892307281
0.02168034203350544
0.06145436316728592
-0.13849832117557526
0.0353759340941906
2.0508365047376736e-33
-0.05541616305708885
-0.03164657577872276
-0.062468670308589935
0.03450191020965576
0.0572563111782074
-0.06322115659713745
0.03716221824288368
0.08103671669960022
0.026703214272856712
-0.0781022310256958
-0.14097125828266144
0.007854131050407887
0.048586271703243256
0.024473899975419044
0.09552846848964691
0.02730686217546463
0.04152672737836838
-0.02125500701367855
0.0433913879096508
0.009010150097310543
-0.00719142472371459
-0.03914809226989746
0.027010122314095497
0.13698063790798187
0.0030996748246252537
0.10129597038030624
0.020132282748818398
0.022125817835330963
-0.09557820111513138
-0.0832158625125885
0.03932845965027809
0.04972090572118759
0.10826529562473297
0.01903575472533703
-0.08343040943145752
0.09223391860723495
-0.00248280493542552
-0.015201849862933159
0.004475889727473259
-0.039306219667196274
0.08841465413570404
-0.030243374407291412
0.04309534654021263
0.045848190784454346
-0.060474783182144165
0.030065426602959633
0.008330252952873707
0.03485889732837677
-0.031899333000183105
-0.031548723578453064
-0.029718372970819473
0.04051247984170914
-0.0322781577706337
0.012700899504125118
0.02714891918003559
0.045717474073171616
-0.08375197649002075
-0.012924573384225368
0.0317738838493824
-0.03816113993525505
0.0015746779972687364
0.013417289592325687
-0.05873424559831619
0.07147568464279175
0.04997370019555092
0.030703777447342873
0.0413997620344162
0.017111986875534058
-0.0857493132352829
0.02330387756228447
0.025628818199038506
0.08954714238643646
-0.16356231272220612
0.014115048572421074
-0.017218345776200294
0.010100233368575573
-0.06109503284096718
0.08697259426116943
0.011921676807105541
0.023350436240434647
-0.001371147925965488
-0.020772021263837814
-0.0393681675195694
0.04626614227890968
0.018675554543733597
0.040030162781476974
-0.03140668198466301
-0.011323852464556694
0.0332251600921154
-0.025027025490999222
-0.04532208666205406
-0.009355243295431137
-0.0820000171661377
0.01892963983118534
-0.024138811975717545
-1.3278408594885605e-08
0.1290743350982666
0.030638251453638077
-0.057357799261808395
0.007622044999152422
-0.015668369829654694
-0.062451981008052826
0.053604740649461746
0.030107416212558746
0.04996059462428093
-0.03125077486038208
-0.02471957914531231
0.02568972483277321
0.0290656890720129
-0.00818566232919693
0.002212698571383953
0.012300594709813595
-0.024082906544208527
-0.05539402738213539
-0.03629683330655098
-0.04601779952645302
-0.04110981896519661
0.04841535910964012
0.02759743481874466
-0.023846108466386795
-0.004451422020792961
0.014900627546012402
0.025225158780813217
0.03803423419594765
0.0666225254535675
0.08329745382070541
0.032439347356557846
-0.010023173876106739
-0.05362384393811226
0.020445769652724266
0.0571988970041275
-0.0380188524723053
0.0035308871883898973
-0.025184785947203636
-0.0487469881772995
-0.0005727343377657235
-0.031689535826444626
0.06661923229694366
-0.024419507011771202
-0.00017108370957430452
-0.016566047444939613
0.0036475034430623055
0.08781412243843079
-0.0008174151880666614
-0.006040472071617842
-0.030165376141667366
0.0028728770557790995
0.0187076348811388
0.016488227993249893
0.06355458498001099
0.022068079560995102
0.018187588080763817
0.02888512797653675
0.029227647930383682
-0.12690095603466034
0.07892869412899017
0.06288361549377441
0.042698558419942856
-0.04209522530436516
0.10252458602190018
