0.02409820817410946
0.04091678187251091
-0.06830713152885437
-0.08398613333702087
0.004255726933479309
-0.002773993881419301
0.1248570904135704
0.018289782106876373
0.002951730275526643
-0.04598808288574219
-0.013453368097543716
-0.11873161047697067
-0.038195010274648666
0.0826854333281517
-0.028910797089338303
-0.011248969472944736
-0.016530338674783707
-0.07030723989009857
-0.010118934325873852
-0.053895674645900726
-0.08969535678625107
0.08800733089447021
-0.006405637599527836
-0.07568179070949554
-0.03636438772082329
0.0729634165763855
-0.005959264934062958
0.045894723385572433
-0.02204909361898899
0.01611206866800785
0.005668199621140957
0.015747815370559692
-0.009877482429146767
-0.03944287449121475
0.03100157342851162
0.018822845071554184
-0.05154331028461456
-0.05430418625473976
0.06491474062204361
0.032718122005462646
-0.0053388564847409725
-0.05850856378674507
-0.005486940965056419
0.011809084564447403
-0.047731757164001465
0.035048920661211014
-0.00047071161679923534
-0.027431316673755646
0.025520147755742073
-0.07365371286869049
-0.10609997808933258
-0.05825319513678551
-0.060020506381988525
0.033753350377082825
0.012929413467645645
0.08731914311647415
-0.05547676235437393
-0.0025193137116730213
-0.04992002993822098
-0.080189049243927
0.04217899963259697
-0.04918874800205231
0.051395826041698456
0.07317422330379486
-0.03935413062572479
0.012502680532634258
-0.04625728353857994
-0.03801686316728592
0.029225565493106842
-0.05236554518342018
0.01691395230591297
0.007493949495255947
-0.017878560349345207
-0.05070905387401581
-0.08117076754570007
-0.049523402005434036
0.016002194955945015
-0.02057001367211342
0.04824700206518173
0.05214035138487816
0.003943455871194601
-0.011883139610290527
0.007951810024678707
0.007558764424175024
0.03836366534233093
0.04431717470288277
0.09555549174547195
-0.045357901602983475
-0.06057082489132881
-0.07077331840991974
-0.027227191254496574
-0.01650775596499443
-0.01308001484721899
-0.029335867613554
-0.06564308702945709
-0.011473645456135273
0.025889093056321144
-0.0405089408159256
0.012234987691044807
0.06246758997440338
0.03331952169537544
-0.07333264499902725
-0.025354212149977684
0.003714872058480978
0.06128103286027908
-0.05120079219341278
-0.044413067400455475
0.03960895165801048
0.0497593991458416
-0.05954154580831528
-0.046252790838479996
-0.05163685977458954
0.0372302420437336
0.09554410725831985
0.007964909076690674
0.030632441863417625
0.025425119325518608
-0.029295509681105614
-0.004851713310927153
0.050657786428928375
0.004708955995738506
-0.07777415961027145
0.030424142256379128
0.014375652186572552
-0.00898145604878664
0.07894421368837357
-0.02012620121240616
-7.627384643774483e-33
0.07149200886487961
-0.10444653779268265
-0.024979431182146072
-0.09944791346788406
0.11614993959665298
-0.009036445990204811
0.051538340747356415
0.05663829669356346
0.0592070147395134
-0.016464507207274437
-0.02034805342555046
0.015289580449461937
-0.006156760733574629
0.023476244881749153
0.020772067829966545
-0.02868865244090557
0.00812039989978075
0.022792892530560493
-0.04717182740569115
-0.0154959037899971
0.042152512818574905
0.009085780940949917
0.03722772374749184
-0.11540002375841141
-0.032511692494153976
-0.04734978824853897
-0.004761143587529659
-0.037871118634939194
0.08748262375593185
0.06715938448905945
0.044910430908203125
-0.14016449451446533
-0.03596068546175957
0.003937995061278343
0.03532877191901207
-0.05882110446691513
-0.01001825276762247
-0.008627495728433132
0.011578431352972984
0.03085668943822384
0.0008885217248462141
-0.017128214240074158
0.028402725234627724
0.003127431496977806
0.014675963670015335
-0.061208032071590424
0.05160276219248772
0.05300705134868622
-0.030830657109618187
0.0017470114398747683
0.01116785779595375
-0.05920146033167839
-0.0017155105015262961
0.07746585458517075
-0.02711823582649231
0.011102654971182346
-0.04781467467546463
-0.0003810497291851789
-0.01957024820148945
0.03882257267832756
-0.0979371890425682
0.021248262375593185
-0.05663082376122475
-0.029803261160850525
0.07017799466848373
0.020861227065324783
0.0014201378216966987
-0.014417926780879498
0.02333904430270195
-0.022149842232465744
0.005360578652471304
0.009108767844736576
-0.0051722838543355465
-0.05109396576881409
-0.03237930312752724
0.022598594427108765
0.04458065330982208
-0.07299715280532837
-0.04634078964591026
0.01796392723917961
-0.03215014189481735
0.07697597146034241
0.07802522927522659
0.034497011452913284
-0.09338044375181198
0.012678693979978561
0.02991931140422821
-0.04021675884723663
0.06245080754160881
0.036804910749197006
-0.046118613332509995
-0.004092531744390726
-0.022182531654834747
-0.1053185984492302
0.11552342772483826
4.716004724314306e-33
0.002124306745827198
0.022540822625160217
-0.07997208833694458
0.01586156338453293
0.07745952904224396
-0.04947368800640106
0.11167313903570175
0.08329015970230103
0.06027514860033989
-0.04381103813648224
-0.10241807252168655
0.05361027270555496
0.05686264485120773
0.04992375895380974
0.05549675226211548
-0.026385143399238586
0.0022546735126525164
-0.05228276923298836
0.07528971880674362
0.027003483846783638
-0.018909577280282974
-0.06070881709456444
0.0970161110162735
0.1278303563594818
0.021624604240059853
0.07457802444696426
-0.015929685905575752
-0.12155798822641373
-0.05854290723800659
-0.02256367914378643
-0.038071487098932266
0.024450238794088364
0.07574889808893204
0.05154680088162422
-0.04198705032467842
-0.009020974859595299
0.07891464233398438
-0.10132942348718643
-0.01934542879462242
0.03211463242769241
0.10073674470186234
-0.06501489877700806
0.052572786808013916
0.060456544160842896
-0.021340062841773033
0.026372293010354042
0.0039075324311852455
0.060647495090961456
-0.003265243722125888
0.01801193691790104
-0.05051648989319801
-0.03462536633014679
0.03926964849233627
-0.02449229545891285
0.06289450824260712
-0.044891826808452606
0.022637395188212395
0.03908997401595116
-0.020914684981107712
-0.02436724677681923
-0.022680122405290604
-0.002889825263991952
0.01166723296046257
0.051098521798849106
0.009496758691966534
0.0692431777715683
0.021874213591217995
-0.028921296820044518
0.0035935917403548956
-0.05100840702652931
-0.012381665408611298
-0.019607048481702805
0.004825752694159746
-0.030087020248174667
0.02389356680214405
-0.023501241579651833
0.005316345952451229
0.0317329578101635
0.1074133813381195
0.014206835068762302
-0.002406798070296645
0.06740891933441162
0.015811072662472725
-0.10436715185642242
0.02681637369096279
-0.0497872494161129
0.009292012080550194
-0.043056219816207886
-0.029256606474518776
-0.021178869530558586
0.014526216313242912
0.0329909510910511
-0.14115941524505615
0.046167291700839996
0.08310352265834808
-1.640395019819607e-08
0.07357705384492874
-0.013629194349050522
-0.04972865805029869
0.08176305145025253
0.05235622078180313
-0.10101092606782913
0.12638095021247864
0.016849426552653313
0.06428472697734833
-0.059215255081653595
-0.0428839847445488
-0.016342055052518845
0.01670003868639469
0.0022922928910702467
0.015225482173264027
0.0589541457593441
0.00480634393170476
-0.09181984513998032
-0.03470514342188835
-0.007885984145104885
-0.026069190353155136
-0.034929059445858
0.016768328845500946
-0.042260799556970596
-0.045412156730890274
-0.010564146563410759
-0.049773190170526505
-0.00817081518471241
0.04849126189947128
0.025348810479044914
0.03277529403567314
0.0003375576052349061
0.0024293542373925447
0.07242868095636368
0.08198791742324829
-0.02824842371046543
-0.06368421018123627
0.006278115324676037
-0.050546176731586456
-0.03819738328456879
-0.014830827713012695
0.09209319949150085
0.0009606597013771534
-0.04794757813215256
0.017901310697197914
0.0674874559044838
0.016022322699427605
-0.042086392641067505
-0.009480731561779976
0.006731764879077673
-0.03224920481443405
-0.05442667007446289
0.10777038335800171
0.034311678260564804
-0.023630239069461823
0.052503786981105804
0.012305833399295807
-0.07776974886655807
-0.15531837940216064
0.04054849222302437
-0.07596365362405777
0.08497045934200287
0.05536045879125595
0.051795054227113724
