0.002784897806122899
-0.016032500192523003
0.009305540472269058
-0.044159118086099625
0.005044641438871622
0.06859013438224792
0.019136788323521614
0.0010752275120466948
-0.04209565743803978
0.02733653225004673
0.09202047437429428
-0.08891630172729492
0.013318100944161415
0.015960976481437683
-0.01750335656106472
0.022789787501096725
-0.02442770078778267
-0.004526711534708738
0.021581338718533516
0.07591914385557175
0.059038978070020676
0.0321173258125782
-0.013864780776202679
0.07213715463876724
-0.020707305520772934
-0.04521731287240982
0.06239144876599312
0.026200376451015472
0.020343724638223648
-0.0013376350980252028
-0.043848320841789246
0.02094556763768196
0.017549237236380577
-0.023705387488007545
0.031197959557175636
0.05890526995062828
0.0263714250177145
-0.0020490323659032583
-0.03333856910467148
0.02857804298400879
-0.055463023483753204
-0.07339435070753098
0.024265924468636513
-0.03576399385929108
0.06218896433711052
0.002051818184554577
0.08787308633327484
0.07455740869045258
-0.0003419219865463674
-0.027489596977829933
0.020485375076532364
-0.035223573446273804
-0.05103573948144913
0.02750566601753235
0.024374306201934814
0.029148999601602554
-0.03916458785533905
-0.023050464689731598
-0.05329770967364311
-0.09435077756643295
0.0792899802327156
0.044342510402202606
-0.011721489019691944
0.014801086857914925
0.018087755888700485
-0.05336013808846474
-0.01301005482673645
0.03918656334280968
-0.0021100598387420177
-0.014792410656809807
-0.02814657799899578
0.032729439437389374
0.030187301337718964
0.09137892723083496
0.012522534467279911
-0.050269175320863724
0.08332090824842453
0.07403738051652908
0.06590278446674347
0.11564696580171585
0.04071924462914467
-0.10287591814994812
0.14636167883872986
0.060868509113788605
0.03046146035194397
0.0479375422000885
0.06795473396778107
0.013300159014761448
0.04507284611463547
-0.08483660221099854
-0.09109915792942047
0.009297629818320274
-0.020579537376761436
-0.024478595703840256
-0.0599297359585762
-0.02658623643219471
-0.1048596054315567
0.030144358053803444
0.08153355866670609
-0.01888205297291279
-0.05707349255681038
-0.021267715841531754
-0.07033636420965195
0.08422120660543442
0.0438411645591259
-0.032288771122694016
0.09962001442909241
0.04076851159334183
0.03918151184916496
-0.00098605256062001
-0.04980851337313652
-0.006844832096248865
-0.03873308375477791
0.10707753151655197
0.03345995023846626
0.044830236583948135
-0.03416905552148819
-0.013554099015891552
0.06473471224308014
-0.07647005468606949
0.0032461541704833508
-0.04794470965862274
0.07694500684738159
-0.006689378526061773
0.0008273360435850918
-0.0052897734567523
0.07311352342367172
-7.409852801999095e-33
0.04809223487973213
-0.03733750805258751
0.08313057571649551
0.0060907090082764626
0.00795435905456543
-0.010476358234882355
0.022984493523836136
-0.06041271239519119
-0.047424301505088806
-0.08114179223775864
-0.02362089604139328
0.043765176087617874
-0.08350424468517303
0.01662221923470497
-0.004086936358362436
-0.010425809770822525
0.07753479480743408
-0.007574737537652254
-0.05270920693874359
-0.04927733168005943
0.08968281745910645
0.027106385678052902
0.029850414022803307
-0.004727454390376806
-0.05979800224304199
-0.00696546258404851
-0.02196275256574154
0.003939911723136902
-0.06514966487884521
0.009330900385975838
-0.017057590186595917
-0.041819117963314056
0.06556396186351776
-0.12676472961902618
0.051829367876052856
-0.023835105821490288
0.00664802361279726
-0.000797824002802372
0.013365074060857296
-0.03861096501350403
-0.0847250372171402
-0.06160011142492294
0.12997403740882874
-0.04405103996396065
-0.0788266509771347
-0.05099884420633316
-0.04284399747848511
-0.030470065772533417
-0.018504714593291283
0.08555933088064194
-0.05660420283675194
-0.02723795175552368
-0.03527926653623581
0.03441837057471275
-0.04747427999973297
-0.03499140962958336
-0.022304439917206764
-0.035248104482889175
-0.06333202123641968
0.04204035550355911
-0.1434970200061798
0.007425019983202219
-0.030322201550006866
0.0378679595887661
-0.0015633213333785534
0.05684400349855423
0.08395683765411377
-0.05397317558526993
0.003825960448011756
0.01874827779829502
-0.10783623903989792
0.04727047309279442
0.02496790699660778
0.07497040182352066
-0.08049085736274719
-0.012490048073232174
0.018231695517897606
-0.05596782639622688
-0.0662541463971138
0.0729760006070137
-0.01434000488370657
0.02564856968820095
0.024861030280590057
0.029042745009064674
0.019442621618509293
-0.012978591024875641
0.01722954772412777
-0.007478987332433462
0.08935586363077164
0.007028950843960047
0.009339614771306515
-0.0011686482466757298
0.0910634845495224
-0.07669956237077713
0.0005200590239837766
4.253609695080959e-33
0.01755506545305252
-0.027080785483121872
0.042020734399557114
0.02807740494608879
0.03149859979748726
0.07501735538244247
0.08317694067955017
0.05433964729309082
-0.05154098570346832
-0.0883639007806778
-0.048869840800762177
-0.059425659477710724
-0.04094671085476875
-0.039955172687768936
-0.020628461614251137
0.04360158368945122
-0.013582211919128895
-0.09408757835626602
0.05367712676525116
-0.044391267001628876
-0.03789191693067551
-0.07454270869493484
0.02900260128080845
-0.002548362361267209
-0.05311417207121849
0.04246341809630394
0.10055854171514511
0.007011842913925648
-0.015957169234752655
-0.06777414679527283
-0.08917635679244995
0.08133720606565475
0.05247410014271736
-0.02998753823339939
0.03923932835459709
-0.0022655234206467867
-0.004013255704194307
-0.10379995405673981
-0.006808388978242874
0.0021899191197007895
0.012979480437934399
-0.014084609225392342
-0.029008306562900543
-0.05450848862528801
0.008676371537148952
0.060066234320402145
0.059813350439071655
0.0031623465474694967
0.014937563799321651
0.06796842813491821
-0.010023524984717369
-0.07612411677837372
0.10720117390155792
0.092917799949646
0.060603026300668716
-0.05264974385499954
-0.055692803114652634
0.09807772189378738
0.019430428743362427
0.009605125524103642
0.018875082954764366
-0.045110270380973816
-0.05141087621450424
-0.013267542235553265
0.006104953121393919
0.018023783341050148
0.01786850392818451
0.0731997936964035
-0.01426438707858324
0.0002921692794188857
0.03082503192126751
-0.07772333174943924
-0.007714821957051754
0.02846345864236355
-0.00897290837019682
-0.08522788435220718
-0.07657579332590103
-0.03997647017240524
-0.020631175488233566
0.05511084944009781
-0.0427120067179203
0.08144804835319519
-0.05236710235476494
-0.014279975555837154
0.07539340108633041
0.018278874456882477
0.026241138577461243
0.009187615476548672
0.013980785384774208
-0.07534768432378769
-0.03606104105710983
0.07513637095689774
-0.10092741996049881
0.003366203047335148
-0.009554441086947918
-1.6856953166666244e-08
-0.004051733762025833
-0.008320721797645092
0.01595870777964592
0.011132757179439068
0.018569378182291985
0.013675197027623653
0.07121381908655167
0.00656108045950532
0.0162364412099123
-0.0444829948246479
-0.08072865009307861
0.009293261915445328
0.07355249673128128
-0.031220823526382446
-0.0470258928835392
0.018109098076820374
-0.015751656144857407
0.058663949370384216
-0.04139172285795212
0.019284503534436226
0.0453011728823185
-0.006054609548300505
-0.01468742173165083
-0.04839141666889191
-0.08913570642471313
0.042483288794755936
-0.05070457234978676
0.046449679881334305
-0.037349045276641846
-0.011772572062909603
0.01260671578347683
-0.006078985054045916
-0.011472164653241634
0.036824844777584076
-0.09694405645132065
0.00773161556571722
0.10867320001125336
0.015057465992867947
-0.04414110258221626
-0.04531814530491829
0.008921458385884762
0.019907277077436447
0.08176704496145248
-0.007259380538016558
0.01810566708445549
0.029266150668263435
0.00031191317248158157
-0.0594165064394474
0.03030836209654808
0.02800551801919937
-0.01815473847091198
-0.022837651893496513
0.03416407108306885
0.03701667860150337
-0.07334783673286438
0.07253465801477432
0.03183295205235481
-0.0529971569776535
-0.0336126908659935
0.07424986362457275
-0.09980139136314392
-0.14285849034786224
0.06374859064817429
0.07194072753190994
