0.02425818145275116
0.05202976614236832
-0.09314392507076263
0.003519285935908556
-0.0244899969547987
-0.007444781716912985
0.06719588488340378
-0.0629924088716507
-0.05304376408457756
0.02554452046751976
0.010540010407567024
-0.08566660434007645
-0.04025568813085556
0.11695372313261032
0.015502112917602062
0.04126936197280884
-0.10032057762145996
-0.10481094568967819
0.04310327395796776
0.08865263313055038
0.05549260973930359
0.12894298136234283
-0.13666760921478271
-0.04412539675831795
-0.10291566699743271
-0.016572557389736176
-0.022161008790135384
0.006554041989147663
-0.014241563156247139
-0.03503888100385666
-0.011204040609300137
0.05685551464557648
-0.02450398914515972
0.013489932753145695
0.01668902114033699
-0.026082362979650497
-0.035723939538002014
-0.046532098203897476
-0.013591360300779343
0.0808134526014328
-0.06979953497648239
0.0018662427319213748
0.021082965657114983
0.040774956345558167
0.00299893063493073
-0.04297315701842308
0.030842212960124016
-0.005132458638399839
0.07056363672018051
-0.040963418781757355
-0.05966610088944435
-0.053452007472515106
-0.06220322847366333
-0.04992931708693504
0.028612524271011353
-0.016697298735380173
-0.010889273136854172
-0.0850410908460617
0.0363897830247879
-0.11828511208295822
0.1180277168750763
0.009967249818146229
0.03136648237705231
0.012684909626841545
0.08746427297592163
-0.01861082762479782
-0.08093111217021942
-0.04030434414744377
0.039301976561546326
0.01980501599609852
0.03657577931880951
-0.002571667544543743
-0.003305386286228895
0.019598321989178658
-0.056022759526968
-0.05225321277976036
-0.003013861132785678
-0.03775838762521744
0.011449683457612991
0.037975020706653595
-0.027045568451285362
-0.07879361510276794
-0.1308843195438385
0.1159251481294632
0.03427882865071297
0.026112722232937813
-0.03712402284145355
0.028729863464832306
0.014508494175970554
0.03038392961025238
-0.06718149036169052
-0.02359800972044468
-0.022974034771323204
-0.0350479818880558
-0.0472220778465271
-0.032754261046648026
-0.05757598578929901
0.02766561321914196
-0.07776179164648056
-0.005078806541860104
0.10171719640493393
-0.02262418158352375
-0.08085964620113373
0.00657455250620842
0.016113892197608948
-0.028947966173291206
0.07986854016780853
0.10226137191057205
0.01717974618077278
0.025081075727939606
-0.10700673609972
0.06073753163218498
-0.07293815910816193
0.01985243707895279
0.016516370698809624
0.028483835980296135
0.04875260591506958
-0.04006139189004898
-0.055530745536088943
-0.06326740235090256
0.006293280981481075
0.006223711185157299
0.07104203850030899
0.08229639381170273
0.05077660456299782
-0.012829102575778961
0.007754012476652861
-4.638334669767693e-33
0.057587508112192154
0.07872693985700607
0.041474081575870514
-0.012431006878614426
0.07746745645999908
-0.009180815890431404
-0.017445525154471397
-0.024686139076948166
0.034518372267484665
-0.009457523003220558
-0.11253036558628082
0.1098342165350914
-0.038670171052217484
0.010339309461414814
-0.0069480533711612225
-0.021472012624144554
-0.021319067105650902
-0.04628816992044449
-0.12908291816711426
0.027760403230786324
-0.0023347532842308283
0.051630910485982895
-0.020036961883306503
-0.06834889948368073
-0.011061404831707478
0.00450865225866437
-0.004093168769031763
-0.09117342531681061
0.0015755738131701946
0.05225542187690735
-0.02588775008916855
0.05327710509300232
0.03210299834609032
0.02842412143945694
0.030410511419177055
-0.06287176162004471
-0.06927768141031265
0.009481891989707947
-0.044064223766326904
0.01817132718861103
0.037274155765771866
0.02563464269042015
0.02847718447446823
0.040293287485837936
0.040055934339761734
-0.007813041098415852
0.02808806113898754
0.18295995891094208
0.010418912395834923
-0.00486547639593482
-0.008970812894403934
-0.02305007353425026
-0.06819405406713486
-0.03807835653424263
-0.00438608368858695
0.05858609825372696
0.08716975152492523
0.022958118468523026
-0.028833072632551193
0.019196392968297005
-0.014247866347432137
-0.040766071528196335
0.04696248844265938
0.08684450387954712
0.013937998563051224
0.04126961901783943
0.012030230835080147
-0.05268870294094086
-0.008091950789093971
-0.021075062453746796
-0.08505993336439133
-0.01843286119401455
0.07492418587207794
-0.02574142813682556
0.08144433051347733
-0.020380748435854912
-0.008263379335403442
0.042559850960969925
-0.06258083879947662
0.05275917425751686
-0.06594495475292206
-0.04257248714566231
0.09496042877435684
-0.05699760466814041
-0.030007049441337585
0.07283838838338852
0.07476988434791565
-0.032569143921136856
0.05057873949408531
0.08265189081430435
-0.011364215053617954
0.001786487060599029
0.032964129000902176
-0.13144701719284058
0.014251667074859142
2.0421901927743987e-33
0.008606675080955029
-0.05003562197089195
-0.012859833426773548
-0.03725915029644966
0.07886957377195358
-0.0682317465543747
-0.014795903116464615
0.10759357362985611
-0.014177736826241016
-0.06603856384754181
-0.0321103036403656
-0.011490323580801487
0.06682140380144119
-0.07071088254451752
0.0012044074246659875
0.028763413429260254
0.0868963822722435
0.01135690975934267
0.028873927891254425
-0.023216698318719864
0.0012678239727392793
-0.044238071888685226
0.05734553560614586
-0.046301305294036865
-0.06984980404376984
0.02548164315521717
0.12223979830741882
-0.029820533469319344
-0.012077078223228455
-0.013393676839768887
-0.05933992564678192
0.0637272521853447
0.008136986754834652
-0.05760427191853523
-0.06774552911520004
0.022015443071722984
0.0011075201909989119
-0.015257732011377811
0.04106184467673302
0.013934745453298092
-0.0007317092968150973
0.0164159145206213
0.036246299743652344
-0.017551599070429802
-0.011224553920328617
0.038344476372003555
-0.0032882499508559704
0.09937996417284012
-0.06704075634479523
-0.04783323034644127
-0.07583332806825638
-0.10545361787080765
0.04573178291320801
0.049873046576976776
0.0438561886548996
0.051180001348257065
-0.027749592438340187
-0.003366017248481512
0.020183110609650612
0.06499136984348297
-0.043120719492435455
0.0016535118920728564
-0.05457373708486557
-0.022160423919558525
-0.06098458543419838
-0.009420480579137802
0.0340600311756134
0.0195560734719038
-0.05279672518372536
0.0521116703748703
0.01524529792368412
-0.0951223373413086
-0.046712107956409454
0.05813651531934738
0.006146139930933714
-0.007113062776625156
-0.06755223870277405
0.01630309410393238
0.034692760556936264
-0.021477101370692253
-0.0597178190946579
0.03075622394680977
-0.010684899985790253
0.02906670793890953
0.05222955718636513
-0.05949361249804497
-0.020666345953941345
-0.044430386275053024
-0.00758154084905982
0.001319564995355904
-0.027419602498412132
0.05566976219415665
-0.11592642962932587
-0.07080943137407303
-0.007860536687076092
-1.3801901843635278e-08
0.054998092353343964
0.027174312621355057
0.0503271222114563
-0.00913445558398962
0.03975003585219383
0.008383473381400108
0.04327019676566124
0.07377437502145767
0.12369703501462936
-0.059991832822561264
-0.005882572382688522
-0.01540021225810051
0.0833173543214798
-0.041864924132823944
-0.023272942751646042
-0.007029030006378889
0.022441398352384567
-0.021356945857405663
0.00029057482606731355
-0.02117227017879486
0.01628796011209488
-0.0035015386529266834
0.015905320644378662
-0.0014755121665075421
-0.056019190698862076
0.09859058260917664
0.009151178412139416
0.009314417839050293
0.03035276010632515
0.005551719572395086
0.020512744784355164
0.026940198615193367
-0.01539471372961998
-0.004655429627746344
-0.036664433777332306
0.03912324085831642
0.012624533846974373
0.037540774792432785
0.009191791526973248
-0.022024188190698624
-0.0031673931516706944
0.0731762945652008
0.011060011573135853
0.03175001218914986
0.03374122828245163
0.03407474234700203
-0.025452442467212677
-0.004053774755448103
-0.017715584486722946
0.0013773214304819703
0.06832154840230942
0.0035050034057348967
0.055502790957689285
-0.05574808269739151
0.02377844788134098
0.014407012611627579
0.02657664753496647
-0.06663943082094193
-0.09848275035619736
0.08623705804347992
-0.008069665171205997
0.019026698544621468
-0.021126210689544678
0.05808301270008087
