0.037554219365119934
0.019362254068255424
-0.01511964201927185
-0.0076757860369980335
0.006711545400321484
-0.018954232335090637
0.034936197102069855
-0.008834345266222954
-0.021042557433247566
-0.033047232776880264
0.011238126084208488
-0.12163801491260529
-0.04547960311174393
0.026634346693754196
-0.05763696879148483
-0.017481351271271706
-0.049997907131910324
-0.03117939829826355
-0.04020468518137932
-0.03426211327314377
-0.09818857163190842
0.03439435735344887
-0.008945629931986332
-0.012797565199434757
-0.035929448902606964
0.06912785023450851
-0.01061452180147171
0.039205554872751236
-0.00891913939267397
-0.011505070142447948
-0.03409424424171448
0.059459853917360306
0.08763641119003296
-0.04396349564194679
0.007082818076014519
0.10077345371246338
-0.048816949129104614
-0.08577299863100052
-0.014560714364051819
0.04260120913386345
0.02934582158923149
0.09243369847536087
0.00584825873374939
0.09652868658304214
0.04378063231706619
0.059653736650943756
-0.012783651240170002
0.0033522252924740314
0.016992690041661263
0.044690221548080444
-0.03730710968375206
-0.011062948033213615
-0.019963450729846954
0.09287925809621811
0.024550670757889748
-0.059014942497015
-0.06115029379725456
-0.09618368744850159
-0.024305395781993866
-0.07246566563844681
0.08395776152610779
0.030987637117505074
0.058081094175577164
0.031510911881923676
-0.07399348169565201
0.06860584020614624
-0.0005607561324723065
0.06711392104625702
-0.00736314756795764
-0.0438791960477829
0.0730806514620781
-0.007023204118013382
0.02469666674733162
0.005047942511737347
-0.06402237713336945
-0.03824064880609512
-0.009705581702291965
-0.0033687674440443516
-0.006673105992376804
0.01565694808959961
0.005056973546743393
-0.09074840694665909
-0.0021752314642071724
-0.014239906333386898
0.10122322291135788
0.03081291727721691
0.10429801046848297
-0.06715018302202225
-0.05975266173481941
-0.00808531790971756
-0.05779598280787468
0.033128876239061356
-0.02674170769751072
-0.07244002819061279
-0.00907139852643013
-0.03005349263548851
-0.005118462722748518
-0.038350511342287064
0.072964146733284
0.04976697638630867
0.08612322807312012
-0.04049333557486534
-0.005145193077623844
-0.005141277797520161
0.010061229579150677
-0.05126933008432388
0.041936568915843964
0.10959623754024506
0.09172137081623077
-0.05724029615521431
-0.03485151007771492
0.00898070726543665
0.058194391429424286
0.07258275896310806
-0.02485109679400921
-0.03615045174956322
-0.048369284719228745
0.027906306087970734
0.058054372668266296
0.08621035516262054
0.025956789031624794
-0.023930592462420464
0.039704810827970505
-0.03424049913883209
0.003431385848671198
0.08366458117961884
-0.03137315437197685
-5.8664287193694314e-33
0.03709755092859268
-0.08596699684858322
-0.08231567591428757
-0.02828962355852127
0.02166314795613289
-0.06350533664226532
-0.0047131190076470375
0.03115510754287243
-0.05077692121267319
-0.08403422683477402
0.008125118911266327
0.015644770115613937
0.013086996041238308
-0.0041222055442631245
0.04986027255654335
-0.03984422609210014
0.009946305304765701
0.04033322259783745
-0.06834874302148819
-0.08335411548614502
0.06477431207895279
0.03486203774809837
0.028867242857813835
-0.08077692985534668
-0.040838707238435745
-0.04921127110719681
-0.02888142317533493
-0.01819642260670662
0.04148358106613159
0.06313975900411606
0.05984187871217728
-0.12170766294002533
-0.041357796639204025
0.004605647176504135
0.04195088520646095
0.029013928025960922
0.043800391256809235
-0.02021915651857853
0.04686073958873749
0.007704743184149265
0.011450551450252533
-0.07713526487350464
0.02381538785994053
-0.03242766484618187
-0.021703585982322693
0.023447778075933456
0.011121740564703941
0.05559767037630081
-0.03509258106350899
0.030542263761162758
-0.020728029310703278
-0.10562644898891449
0.0021509842481464148
0.06494364142417908
-0.02932763658463955
0.004122148267924786
-0.04362839460372925
0.04689556732773781
-0.056962352246046066
0.0075295474380254745
-0.05021381005644798
0.036140911281108856
-0.062992163002491
0.007299400400370359
0.06689271330833435
0.03725407272577286
0.01792500726878643
-0.013044933788478374
0.06256073713302612
-0.044718291610479355
-0.05462392419576645
0.006332877092063427
-0.05852305144071579
0.0027303406968712807
-0.05046719312667847
-0.019782643765211105
0.0318167544901371
-0.011887110769748688
-0.12203409522771835
0.09127023071050644
0.04221129044890404
0.06304007023572922
0.038452018052339554
-0.0025158931966871023
-0.04239571839570999
0.07271257042884827
0.0038279667496681213
-0.015975456684827805
0.013568746857345104
0.021556725725531578
-0.023693135008215904
0.050352878868579865
0.08236493915319443
-0.12559916079044342
0.02225537784397602
3.326728358695754e-33
0.006669658701866865
0.00984989758580923
0.02004791796207428
-0.011199923232197762
0.03784724324941635
-0.022830188274383545
0.043151307851076126
0.10371065139770508
0.027997752651572227
-0.040779486298561096
-0.07121933251619339
-0.005736987106502056
0.012647217139601707
-0.03067326545715332
-0.015387710183858871
-0.09636681526899338
0.08975760638713837
0.025942320004105568
0.15103204548358917
-0.09194887429475784
-0.006128903478384018
-0.07149136066436768
0.15295441448688507
0.17441201210021973
0.05281417816877365
0.020872553810477257
-0.03326841816306114
-0.0244001392275095
0.025300730019807816
0.006103688385337591
0.03430890291929245
0.015712540596723557
0.001363949617370963
0.10774436593055725
0.008321997709572315
0.05772419273853302
0.0541231594979763
0.09059231728315353
-0.03234690800309181
0.04346539080142975
0.013554428704082966
-0.05275552347302437
-0.00141270668245852
-0.016199249774217606
-0.009496219456195831
0.0351664200425148
0.07262973487377167
0.011908740736544132
-0.07983021438121796
0.059067774564027786
-0.08208537101745605
-0.07133006304502487
0.05728181451559067
-0.020115109160542488
0.07353290170431137
-0.0003358250542078167
0.009308122098445892
0.0014880785020068288
-0.03517192229628563
-0.05915039777755737
-0.01715264469385147
-0.019351929426193237
0.06476961821317673
0.04819072037935257
-0.026424294337630272
0.05909930542111397
0.019451811909675598
-0.01707935705780983
0.02376588247716427
-0.018360678106546402
-0.02567099966108799
-0.047787439078092575
-0.06767942011356354
-0.004449805244803429
-0.018293168395757675
-0.09262118488550186
-0.04919865354895592
0.040516436100006104
0.009918767027556896
0.015990056097507477
0.0902143344283104
0.07300898432731628
0.027406318113207817
-0.008179730735719204
-0.07193946838378906
-0.02159259468317032
0.02068212255835533
-0.005209341179579496
-0.03974981606006622
0.04299475997686386
-0.013791355304419994
-0.01995024085044861
0.004336753394454718
-0.03338775038719177
-0.018643921241164207
-1.4968687622740617e-08
0.10953748226165771
-0.0015427445759996772
-0.03782926872372627
0.049174435436725616
0.01807723008096218
-0.09920041263103485
-0.02218266762793064
0.007322303019464016
0.06006128713488579
-0.03171763941645622
0.019320093095302582
-0.03305968642234802
0.040446583181619644
-0.03163271024823189
-0.017085667699575424
0.036326538771390915
-0.03734053671360016
-0.089345782995224
-0.04241112992167473
0.04047384858131409
-0.00522893201559782
-0.04722088947892189
0.018446356058120728
0.0027160889003425837
0.0034712571650743484
-0.0033292341977357864
-0.09737814217805862
-0.02221750281751156
0.03300413489341736
0.015202395617961884
-0.029519489035010338
-0.039615776389837265
-0.06509094685316086
0.04722326248884201
0.02592201717197895
-0.04195151850581169
-0.06856370717287064
0.02198033221065998
0.016274575144052505
-0.05732189118862152
-0.0345529243350029
0.09212885051965714
0.0629461258649826
0.03722338005900383
0.024220572784543037
-0.009056820534169674
0.049283191561698914
-0.049812301993370056
-0.017812145873904228
-0.07617057859897614
-0.013587499968707561
0.007239613216370344
0.0013509728014469147
0.06991597265005112
-0.14109773933887482
0.04788189008831978
-0.03301381319761276
-0.07967329770326614
-0.1123134195804596
-0.005361225455999374
-0.04659403860569
0.04735809937119484
0.001922478200867772
0.0790613517165184
