-0.02370838075876236
-1.706103103060741e-05
-0.0240496676415205
-0.030353697016835213
-0.015337505377829075
-0.011168139986693859
0.14106807112693787
0.04589850455522537
0.028469370678067207
0.003969048149883747
-0.03529581427574158
-0.045129477977752686
-0.11142773181200027
0.07567914575338364
-0.07381578534841537
0.023270703852176666
-0.017065292224287987
-0.024846551939845085
0.00029976569931022823
-0.024577176198363304
-0.0568595826625824
0.08566790074110031
-0.0009763537091203034
-0.10671430081129074
-0.0520157665014267
0.05248615890741348
-0.0294824056327343
0.05690104514360428
0.015411733649671078
0.0031589290592819452
-0.0083641167730093
-0.028932631015777588
-0.02187819592654705
0.005440087988972664
-0.045953407883644104
-0.033875469118356705
-0.06405085325241089
0.0034587797708809376
0.030883904546499252
0.1094093844294548
0.050328414887189865
0.005366544239223003
-0.006249537691473961
0.011231335811316967
-0.03193436935544014
0.012789465487003326
-0.03611798584461212
0.012334773316979408
0.04593713581562042
-0.06016019731760025
-0.05613820627331734
-0.09761019796133041
-0.009281584993004799
0.02522408403456211
0.04326547309756279
0.062169332057237625
-0.06763557344675064
-0.03926222771406174
-0.023846380412578583
-0.047252945601940155
0.11903106421232224
0.013671879656612873
0.018466975539922714
0.06313718855381012
0.017583470791578293
-0.0027222209610044956
-0.04153011739253998
-0.001675501698628068
0.024946916848421097
-0.06568161398172379
0.06572722643613815
-0.0010618706000968814
-0.028932219371199608
0.01496687438338995
-0.020437506958842278
-0.04102661460638046
0.07938914746046066
-0.051635101437568665
0.051071248948574066
0.06646125018596649
-0.04349169507622719
-0.004220642615109682
-0.0212861318141222
0.024507472291588783
0.02346160262823105
0.07396156340837479
0.04271683469414711
0.004379593301564455
-0.06082255020737648
-0.02467082254588604
-0.07955650240182877
0.011409089900553226
-0.010588226839900017
-0.05374312773346901
0.011084115132689476
-0.023183293640613556
-0.04998035356402397
-0.08471229672431946
-0.051982004195451736
0.09226333349943161
0.012063693255186081
-0.0670657828450203
0.0029640644788742065
-0.03998105600476265
0.03851185739040375
0.015702759847044945
0.005514885298907757
0.022368712350726128
0.08667305111885071
-0.07984621822834015
-0.10451947897672653
0.00014175075921230018
-0.004702138248831034
0.04275421053171158
-0.0223487988114357
-0.03617365285754204
-0.007332186214625835
-0.03234930709004402
0.0738278403878212
-0.016843734309077263
0.0335569866001606
-0.03356940671801567
0.007318960968405008
0.010467606596648693
0.013133861124515533
0.011330430395901203
0.02727094292640686
-6.231936198130144e-33
-0.002402917481958866
-0.029986100271344185
-0.02975701168179512
-0.08685445040464401
0.14971239864826202
-0.03105068951845169
0.013731129467487335
0.02891003154218197
0.0034592312294989824
0.06447374075651169
-0.08572017401456833
0.018093526363372803
-0.07197687029838562
0.0548420213162899
0.12279072403907776
-0.07145441323518753
0.06158267334103584
-0.055541470646858215
-0.032835036516189575
-0.04545614495873451
-0.009398266673088074
-0.05328112840652466
0.049151044338941574
-0.1297634392976761
-0.017997654154896736
-0.046247441321611404
-0.023625504225492477
-0.04512711241841316
0.0514659583568573
0.04168473184108734
-0.0029414824675768614
-0.07386527210474014
0.0056679584085941315
0.00288676330819726
-0.012336881831288338
-0.04613523557782173
0.03686084225773811
-0.026170838624238968
-0.0010550158331170678
0.00797451101243496
0.0027629658579826355
-0.02149142697453499
0.01548884529620409
0.03060019575059414
-0.021061072126030922
-0.07134894281625748
0.02911990135908127
0.10297874361276627
-0.024367839097976685
0.04609169065952301
0.08021149784326553
-0.016839589923620224
0.017363496124744415
-0.023392334580421448
-0.0786973237991333
0.020475151017308235
-0.036645520478487015
0.030891504138708115
-0.04709317907691002
0.015953069552779198
-0.02163790725171566
-0.009983646683394909
-0.06900367140769958
0.005531540606170893
0.08874832093715668
0.04892035573720932
0.035949867218732834
-0.025381850078701973
0.0317898653447628
-0.03680283948779106
-0.05654685199260712
0.004737070295959711
-0.015129688195884228
-0.039141539484262466
-0.04692384600639343
0.04131003096699715
-0.05523521080613136
-0.039638981223106384
0.0126563161611557
0.0387924388051033
-0.026783864945173264
0.0760577842593193
0.059944942593574524
-0.014712410978972912
-0.09468545019626617
0.036436229944229126
0.08660680800676346
-0.037108924239873886
0.08844248205423355
0.09858616441488266
-0.00443789828568697
0.0033839773386716843
0.029705733060836792
-0.0792856439948082
0.08401065319776535
4.386330354128488e-33
-0.06559371948242188
0.0321146659553051
-0.13179077208042145
0.0129664596170187
0.049379631876945496
-0.046934451907873154
0.09516845643520355
0.033868517726659775
-0.027399808168411255
-0.027221474796533585
-0.04563611373305321
0.023636989295482635
0.0389656126499176
0.04265999421477318
0.09740859270095825
0.021752433851361275
-0.05504605919122696
-0.0106104901060462
0.06464098393917084
-0.042234066873788834
-0.0033289464190602303
-0.026055840775370598
0.022155672311782837
0.09581086039543152
-0.0053728423081338406
0.07291024923324585
0.004827721975743771
-0.036337655037641525
-0.10171404480934143
-0.015494754537940025
-0.05011539161205292
0.044928163290023804
0.07942935079336166
0.011973945423960686
-0.029706206172704697
0.07670746743679047
0.09789441525936127
-0.04583165794610977
0.017319772392511368
-0.030973436310887337
0.08884947001934052
-0.05701719969511032
0.027138981968164444
0.052886199206113815
-0.043446898460388184
0.04680652171373367
-0.017700092867016792
0.05420210212469101
-0.0522644966840744
0.02797955647110939
-0.0071537429466843605
0.008605558425188065
0.03571835905313492
-0.05796116590499878
0.08408837020397186
0.02653707005083561
-0.048063039779663086
-0.044491250067949295
0.06406383216381073
-0.04046538099646568
-0.017881641164422035
-0.0338674932718277
-0.07440728694200516
0.06790970265865326
0.08096473664045334
0.07888162136077881
0.028355618938803673
-0.0367218516767025
-0.012530732899904251
-0.05856567248702049
-0.002556513762101531
0.0792059525847435
0.04052122309803963
-0.03276550769805908
-0.07735145092010498
-0.009205546230077744
0.03171587362885475
0.044763822108507156
0.03431720659136772
0.026762763038277626
0.0010310637298971415
-0.004888373427093029
-0.00900550838559866
-0.09867580235004425
0.0656043291091919
-0.031763799488544464
0.006586277857422829
-0.0065774875693023205
-0.05736945942044258
0.009622049517929554
0.00234270584769547
0.05456307902932167
-0.1077486202120781
0.0229773111641407
0.05943112447857857
-1.509668656751728e-08
0.029127076268196106
0.0330176055431366
-0.06379841268062592
0.03292686864733696
0.04572595655918121
-0.028664549812674522
0.0654759630560875
-0.07787036150693893
0.05435136333107948
-0.10564102232456207
-0.028543101623654366
0.0051207710057497025
0.01617586240172386
0.03644957020878792
0.02926456369459629
0.050732821226119995
-0.05529113858938217
-0.05828116834163666
-0.009486669674515724
-0.032161351293325424
-0.00460092956200242
-0.003720727516338229
-0.026233380660414696
0.03657245635986328
-0.053146686404943466
-0.016671903431415558
-0.04617573320865631
0.0821511447429657
0.07384251803159714
0.08097154647111893
0.034995779395103455
0.014672012068331242
-0.02688257396221161
0.053048279136419296
0.06502936780452728
0.027873951941728592
-0.13581930100917816
-0.023801472038030624
0.0025523751974105835
0.026037486270070076
-0.007971836254000664
0.10754527151584625
-0.04375594109296799
0.009619179181754589
0.025593876838684082
0.030636342242360115
-0.031953997910022736
-0.05121222138404846
0.0008979488047771156
-0.05097765102982521
0.018943816423416138
-0.012734875082969666
0.08222074061632156
0.042335063219070435
0.0022209573071449995
0.02213364653289318
0.04128653183579445
-0.04020913317799568
-0.1487428992986679
0.03165122866630554
-0.1415608674287796
0.058897893875837326
-0.01936127245426178
0.07325423508882523
