-0.087297223508358
0.1559181958436966
0.00111844961065799
0.05953998118638992
0.019245991483330727
0.01587076112627983
0.06547461450099945
-0.010815151035785675
0.01548314280807972
-0.01267634890973568
0.06255827844142914
0.0863850936293602
0.0037044293712824583
0.07141286879777908
-0.08841532468795776
-0.025544989854097366
-0.12351523339748383
-0.032834410667419434
0.000892877287697047
0.07459752261638641
-0.017690178006887436
0.1005292534828186
-0.029657913371920586
-0.012063284404575825
0.016022756695747375
0.08853930234909058
-0.04047088325023651
-0.009925679303705692
0.01135465782135725
-0.00444987416267395
0.011117742396891117
-0.03579995036125183
-0.10045463591814041
0.029565857723355293
0.02620525099337101
-0.15186311304569244
-0.047320928424596786
0.020660195499658585
0.05536818876862526
-0.03616687282919884
0.007369577419012785
-0.04433774948120117
-0.0756022185087204
-0.03744050860404968
0.06441273540258408
0.004887891001999378
0.022060249000787735
0.10911668092012405
0.06332699209451675
-0.05918141081929207
-0.07465401291847229
-0.007113226689398289
-0.04686896130442619
-0.04557308927178383
-0.061774663627147675
0.010759539902210236
0.0127992182970047
0.04650143161416054
-0.020224343985319138
0.04255217686295509
0.07660700380802155
0.0012322808615863323
-0.04268394783139229
0.04028824716806412
0.054054077714681625
-0.0025570769794285297
-0.010532334446907043
-0.02727988176047802
-0.00974834244698286
0.10337116569280624
0.06430438160896301
0.008787502534687519
0.02376890741288662
-0.01370171271264553
0.051881611347198486
-0.11198828369379044
0.010788572952151299
-0.07328919321298599
0.0032619081903249025
0.05081524699926376
0.0269487202167511
-0.03135014697909355
-0.018393132835626602
0.09252899140119553
0.010066593997180462
-0.025143995881080627
0.03015502728521824
0.014143696054816246
0.02125098928809166
0.023142773658037186
-0.10487096011638641
-0.0029700705781579018
0.02626090869307518
-0.010492056608200073
-0.007284936960786581
0.023241309449076653
0.031131787225604057
-0.008256668224930763
0.00977463461458683
0.03455313667654991
0.021744638681411743
0.027675574645400047
0.05591785907745361
-0.036345407366752625
-0.03544364124536514
0.009371751919388771
-0.04689474776387215
-0.011450578458607197
-0.020707527175545692
-0.0025735299568623304
8.437278302153572e-05
0.034593626856803894
-0.07424762845039368
0.021629005670547485
-0.004030480049550533
-0.04833365976810455
0.014850292354822159
-0.015816811472177505
-0.05474802479147911
0.009743689559400082
-0.033025164157152176
-0.0418434776365757
-0.01067266520112753
0.012265493161976337
-0.02269679866731167
-0.020491672679781914
0.052913177758455276
-6.979483014327947e-33
0.0065222387202084064
0.05254846811294556
-0.05228395387530327
0.014777671545743942
0.07961827516555786
0.07137924432754517
0.06358654797077179
0.07262967526912689
-0.03909364342689514
0.06338944286108017
-0.019060185179114342
-0.03002013824880123
-0.0068337456323206425
0.03679068014025688
0.10762551426887512
0.02773391269147396
-0.02672700770199299
-0.0023175529204308987
-0.15797188878059387
-0.046167246997356415
-0.0059227109886705875
0.03666843846440315
0.00990411825478077
-0.003332702675834298
0.0358230322599411
0.06986203789710999
-0.04672561585903168
-0.032804399728775024
0.039176926016807556
0.04537912830710411
-0.012623948976397514
0.05077208951115608
0.00021330711024347693
0.005665794480592012
-0.01459328643977642
-0.0061937365680933
-0.09730304032564163
-0.04300875961780548
0.0013961081858724356
0.028452884405851364
-0.045509736984968185
-0.02836126834154129
-0.012278302572667599
0.018466079607605934
0.000367846863809973
-0.03643409535288811
0.0011603275779634714
0.07859797775745392
0.01545789372175932
0.01098665688186884
0.040206581354141235
-0.06063418835401535
-0.030056489631533623
-0.060091402381658554
-0.09502919018268585
0.04387384653091431
0.06982746720314026
0.058128535747528076
-0.049348942935466766
-0.050012025982141495
0.004286536481231451
-0.01030974742025137
0.03586680069565773
0.04319693148136139
0.012462048791348934
0.05384171009063721
-0.03804869204759598
0.04281026870012283
-0.05512402206659317
-0.045990005135536194
0.005092039238661528
-0.04767526686191559
-0.026196053251624107
-0.024888496845960617
0.00862544123083353
0.04155891016125679
0.05222968012094498
-0.0428389310836792
-0.05673059821128845
0.011198775842785835
-0.0019458833849057555
-0.04323052614927292
0.020744850859045982
-0.12142037600278854
-0.00730779068544507
0.0040983958169817924
-0.025467347353696823
-0.020693810656666756
0.01981378346681595
0.007995029911398888
-0.006043910980224609
0.043486323207616806
0.017351217567920685
-0.035422373563051224
0.021819928660988808
2.3835052631112196e-33
-0.006589770317077637
-0.08845075964927673
0.07832957804203033
-0.007074455730617046
0.055037904530763626
0.0021655920427292585
-0.003263195976614952
0.05852648988366127
-0.026930803433060646
0.03427702188491821
-0.04618050158023834
0.00642668129876256
0.05606497824192047
0.09478408843278885
-0.0028167644049972296
0.04619680345058441
0.04184819757938385
0.00996811967343092
-0.12661205232143402
0.03132965415716171
0.006058661732822657
-0.06826719641685486
0.09186451137065887
0.08421255648136139
0.04452282562851906
-0.015171603299677372
0.027864661067724228
-0.08935818821191788
0.001079276786185801
-0.004529032856225967
-0.02822495810687542
-0.1044531911611557
-0.01762390322983265
-0.0027712886221706867
0.04611915349960327
0.05219921097159386
0.06844256818294525
-0.03048592619597912
-0.09370114654302597
-0.06958615779876709
-0.04826093092560768
-0.019601015374064445
0.04564753174781799
0.04465765878558159
0.01572972722351551
-0.03956630453467369
0.0810486227273941
0.024924393743276596
0.02005121111869812
0.06807909160852432
0.08001487702131271
-0.0606217235326767
0.09842149913311005
0.06598632037639618
-0.0158357173204422
0.06718654185533524
-0.06577744334936142
-0.028906531631946564
-0.06497819721698761
0.03446997329592705
0.06304468214511871
0.08437071740627289
-0.08503714203834534
-0.04827312380075455
0.004563731607049704
-0.15438704192638397
-0.021623743698000908
-0.05248527228832245
-0.07382722944021225
-0.012560185976326466
0.056443918496370316
0.06613487750291824
-0.011201604269444942
-0.020447038114070892
-0.016732949763536453
0.08923480659723282
-0.028619706630706787
-0.06625964492559433
-0.03258994594216347
-0.03426237776875496
0.008044122718274593
-0.02562812529504299
-0.035137489438056946
-0.01294033695012331
-0.03704925253987312
-0.09493611752986908
-0.02348356321454048
-0.08756420761346817
-0.02242022380232811
-0.0320194847881794
-0.005593349691480398
0.09900937229394913
0.0020510288886725903
0.07063843309879303
-0.08138362318277359
-1.665272009176988e-08
0.01831905171275139
-0.01249928493052721
-0.020568769425153732
-0.10538317263126373
0.029091037809848785
0.044803716242313385
0.048538148403167725
-0.0778958797454834
-0.02915922924876213
-0.043240468949079514
-0.02954922802746296
-0.04273691028356552
-0.018926139920949936
0.03432044759392738
-0.11101759970188141
-0.063028484582901
-0.01239873468875885
-0.0006684875697828829
-0.015144259668886662
-0.05709018185734749
0.025975389406085014
-0.039028845727443695
0.05419881269335747
0.010522395372390747
-0.012149366550147533
-0.001024307101033628
0.004285825416445732
0.04151304438710213
0.02387944422662258
-0.0477675162255764
-0.048268530517816544
0.016270650550723076
0.04938939958810806
0.03821738436818123
-0.02558133751153946
-0.04715702682733536
0.046077121049165726
0.04000195115804672
-0.061030711978673935
-0.027928758412599564
0.18251994252204895
0.0114421546459198
-0.016168272122740746
0.05109450966119766
0.005603047553449869
0.03142489492893219
0.004395787604153156
-0.08781065791845322
-0.039620183408260345
0.014932176098227501
0.03784506767988205
-0.04571041092276573
-0.06459761410951614
0.07490099966526031
-0.02598690427839756
-0.03863541781902313
0.05575462803244591
-0.03823181986808777
-0.043281979858875275
-0.03344228118658066
-0.0308295376598835
0.11357077211141586
0.03991750255227089
0.12762214243412018
