0.03192884474992752
0.056420087814331055
-0.03644784167408943
-0.002948983106762171
0.020738234743475914
-0.01881454512476921
0.0804881602525711
0.012790010310709476
-0.06644947826862335
0.008533895015716553
0.05198432132601738
-0.08435917645692825
-0.03378640487790108
0.10346157848834991
-0.017149364575743675
0.05681338161230087
0.048236194998025894
-0.07595444470643997
0.0013293820666149259
-0.01331136655062437
-0.03208348900079727
0.08341901004314423
-0.0032954253256320953
-0.03344903513789177
-0.0999741479754448
0.0548742339015007
-0.0006630928255617619
0.051453109830617905
-0.0019024558132514358
-0.07101564109325409
0.0026418922934681177
0.01030181534588337
0.04174134507775307
-0.07922720164060593
0.09445632249116898
-0.011794458143413067
-0.13085192441940308
-0.023494653403759003
0.07173080742359161
0.08635952323675156
0.0034733449574559927
0.0690060555934906
0.025197423994541168
0.07587159425020218
-0.04862362518906593
-0.028637219220399857
0.0445406474173069
0.003349479753524065
0.07455717027187347
-0.06462939828634262
-0.04013822600245476
-0.05288844183087349
-0.08280764520168304
0.038844309747219086
0.01853182725608349
-0.06941903382539749
-0.10338766872882843
-0.04329753667116165
-0.08316321671009064
-0.03326941654086113
0.0704134926199913
0.07832376658916473
0.08184992522001266
0.04931648448109627
-0.006610772106796503
0.024508917704224586
0.0780305340886116
-0.04154065623879433
0.008993493393063545
-0.03236449509859085
-0.0069346041418612
0.03720778599381447
-0.009732361882925034
0.0868837833404541
-0.08759510517120361
-0.04763956740498543
0.04848180711269379
0.026728646829724312
0.05545099452137947
0.015575675293803215
-0.05290982127189636
-0.11017609387636185
-0.034951262176036835
-0.047840628772974014
0.01642678491771221
0.03837369382381439
0.047879356890916824
0.0559433214366436
-0.0042345598340034485
0.025737972930073738
-0.028401270508766174
0.0012211526045575738
-0.060725029557943344
-0.03798222914338112
-0.014448425732553005
-0.035189155489206314
-0.0695347711443901
0.02729739621281624
-0.04942438006401062
0.07064458727836609
0.045355528593063354
-0.041826941072940826
-0.03117199055850506
-0.04288648068904877
0.05725148692727089
-0.0471763089299202
-0.05683078244328499
0.07502445578575134
0.03536059334874153
0.0032167695462703705
-0.03520885482430458
0.058914512395858765
0.06291264295578003
0.051195502281188965
-0.0002277297171531245
0.016641711816191673
0.006577709224075079
0.003230696078389883
0.025594010949134827
0.025084558874368668
0.11097562313079834
-0.08355270326137543
-0.01726500876247883
0.023418055847287178
0.01924542896449566
0.04884742200374603
-0.018871042877435684
-4.301935369869217e-33
0.04946380853652954
-0.005959296599030495
-0.03000481054186821
-0.07192854583263397
-0.02182019129395485
-0.019595488905906677
-0.0019188777077943087
0.032336991280317307
-0.0529976412653923
0.03259120509028435
-0.025316916406154633
0.004882637411355972
0.02227040007710457
0.06523241102695465
0.04674195870757103
0.0013370001688599586
0.0034443556796759367
-0.029210736975073814
-0.025096967816352844
-0.10186364501714706
-0.03774910792708397
0.042912427335977554
0.01025183591991663
-0.05493740737438202
-0.06396013498306274
0.05115331709384918
0.0349222831428051
-0.032208602875471115
0.044897858053445816
0.01756121776998043
0.021926408633589745
-0.148616760969162
0.042761314660310745
0.03098182938992977
0.02651803009212017
0.02286955714225769
0.007546615786850452
-0.034808140248060226
-0.041870128363370895
-0.08666582405567169
-0.0007846117950975895
-0.031721990555524826
0.0642634704709053
0.060833852738142014
-0.02181103266775608
-0.09823154658079147
-0.08554103970527649
0.026360781863331795
0.028613479807972908
-0.07564031332731247
0.03757604956626892
-0.03277827054262161
0.1010882556438446
0.03223711624741554
-0.021501993760466576
0.03418194130063057
0.008364968001842499
-0.03525719419121742
-0.12426882982254028
0.010156488046050072
0.03233560547232628
-0.06703202426433563
-0.053432874381542206
0.0637950599193573
0.09335711598396301
0.03529370203614235
-0.02840842492878437
-0.0518614687025547
-0.016379976645112038
-0.07930323481559753
-0.008781847544014454
0.01644044928252697
0.04487806186079979
-0.05336754396557808
-0.12607522308826447
0.016592301428318024
0.03694138303399086
-0.03921855241060257
-0.07005847990512848
0.0005514185759238899
-0.10456514358520508
-0.024294333532452583
0.09335954487323761
0.01896515116095543
-0.07897505164146423
0.058492738753557205
-0.017044968903064728
-0.048449695110321045
0.0975213497877121
0.05524279922246933
-0.0520898699760437
0.040521398186683655
0.005565610248595476
-0.08407174795866013
0.03455337509512901
2.433861420719531e-33
-0.02718646265566349
0.07300476729869843
-0.07403493672609329
-0.0008827236597426236
0.05284208059310913
0.023442445322871208
0.040531303733587265
0.18264341354370117
-0.07533235102891922
-0.06567728519439697
-0.1387230008840561
-0.007603282108902931
0.005820208229124546
-0.07791086286306381
0.09586747735738754
0.028972022235393524
0.06974906474351883
0.014427632093429565
0.0762309804558754
-0.016096290200948715
-0.04072517156600952
0.03413930907845497
0.07517699152231216
0.0744234025478363
0.01042511872947216
0.044682491570711136
0.004997231997549534
-0.04079913720488548
-0.07300648093223572
-0.07840242236852646
0.011447344906628132
0.010324666276574135
0.056515179574489594
0.022270655259490013
-0.07554643601179123
0.05868325009942055
0.05062198266386986
-0.09971235692501068
-0.010031307116150856
0.0776933878660202
0.06662191450595856
-0.03828660398721695
-0.009985324926674366
0.061016473919153214
-0.059391967952251434
0.0534374974668026
-0.05822724103927612
0.031311068683862686
0.000880598381627351
0.008752558380365372
-0.05091148242354393
0.0434512123465538
0.012288112193346024
-0.0321890227496624
0.0007238037069328129
0.001320169190876186
-0.07214309275150299
0.01527470350265503
0.007672727108001709
0.004670636262744665
-0.0007757778512313962
-0.013774014078080654
-0.024586614221334457
0.01723843812942505
0.015247303992509842
0.07608578354120255
-0.02508564107120037
-0.021173637360334396
-0.09243201464414597
0.024144139140844345
-0.01867501065135002
-0.004413293208926916
-0.09882849454879761
-0.013354090042412281
0.00498123187571764
-0.05214294046163559
-0.035340312868356705
0.0501992292702198
0.03261677548289299
0.05949974060058594
0.01081831194460392
0.07656613737344742
0.01826360449194908
0.022118907421827316
-0.022879518568515778
0.0027550968807190657
-0.05557171255350113
0.03796156495809555
3.416225445107557e-05
-0.02228579856455326
0.007545683532953262
0.03145240992307663
-0.03590967878699303
-0.04468408599495888
-0.010256422683596611
-1.493962287213435e-08
0.07432129979133606
0.039014339447021484
-0.07526540756225586
0.0233933012932539
-0.01077681127935648
0.04369642212986946
0.05642241612076759
0.04859403893351555
0.0022766960319131613
0.014760822057723999
-0.04298294335603714
-0.022018274292349815
0.05100371688604355
0.04522699862718582
-0.06673064827919006
0.005226881243288517
-0.04090249538421631
-0.03262082487344742
-0.012996221892535686
-0.08683189004659653
-0.0310323778539896
0.016323089599609375
-0.0021642709616571665
0.025595933198928833
-0.060657061636447906
-0.01159645151346922
-0.09091081470251083
0.051952049136161804
0.05999133363366127
0.13304997980594635
-0.0016304642194882035
0.0008832577150315046
-0.01190066710114479
0.01457021851092577
-0.02722647413611412
0.004809107631444931
-0.0327761173248291
-0.0067138634622097015
0.007059594616293907
0.04739674925804138
-0.029466597363352776
0.05791400745511055
-0.009598657488822937
0.03577283397316933
0.028635449707508087
-0.03206475451588631
0.0380806140601635
-0.030418384820222855
0.02333347499370575
-0.038911838084459305
0.010619631968438625
0.012713218107819557
0.025427279993891716
-0.0038501981180161238
-0.035318855196237564
-0.01384218130260706
-0.001394355553202331
-0.020882636308670044
-0.07671070843935013
0.07047922909259796
0.020201195031404495
-0.024409174919128418
-0.012422643601894379
0.07639584690332413
