-0.0480814054608345
0.04248381406068802
0.036190856248140335
0.020177174359560013
-0.013288409449160099
-0.05402660369873047
0.10771948844194412
0.02900967188179493
0.0632089376449585
-0.011530145071446896
0.08023712784051895
-0.013004443608224392
-0.027004826813936234
0.016629690304398537
-0.007867107167840004
0.09872030466794968
0.030798235908150673
0.11749518662691116
-0.012581435032188892
0.0661279559135437
-0.03140084445476532
-0.042935810983181
-0.05823727697134018
-0.013262929394841194
-0.04907098412513733
-0.011744502931833267
0.013427034951746464
-0.017840145155787468
-0.013199467211961746
-0.08041634410619736
0.051562801003456116
0.004741610959172249
-0.02594226785004139
0.014812583103775978
-0.011004543863236904
-0.017544018104672432
0.047101717442274094
0.03400471806526184
0.019659219309687614
0.03697282820940018
-0.10321973264217377
-0.022963250055909157
-0.015280419029295444
-0.026267370209097862
-0.012152099050581455
0.0007310823420993984
0.11642127484083176
0.012743351049721241
0.046520769596099854
-0.03698720037937164
0.04644951969385147
-0.031815305352211
-0.010445539839565754
0.01996486261487007
-0.004353084601461887
0.02208230458199978
0.0020351391285657883
-0.011010593734681606
0.0258778166025877
-0.03799068182706833
0.02484123781323433
0.019246064126491547
-0.015330596826970577
-0.021186355501413345
0.08406876027584076
0.007476335857063532
-0.03868560492992401
-0.16963165998458862
0.014977352693676949
-0.03313351795077324
-0.00942518375813961
0.04489817097783089
0.017054231837391853
-0.092925064265728
-0.038419630378484726
-0.02992022968828678
0.01600552909076214
-0.01924905739724636
0.011311742477118969
0.008724366314709187
0.13507865369319916
0.025275833904743195
0.02105684019625187
0.04953738674521446
0.008474345318973064
0.0015784467104822397
0.01290795300155878
0.09759637713432312
-0.05318855866789818
0.04456797614693642
-0.06611066311597824
0.029084941372275352
-0.047475699335336685
-0.012195631861686707
-0.054133303463459015
-0.008626094087958336
-0.048340603709220886
-0.040391355752944946
-0.06266045570373535
0.09870278835296631
0.03331764042377472
-0.07164716720581055
0.0072423177771270275
0.07994858920574188
0.06440546363592148
0.03841223567724228
-0.018077416345477104
-0.05026723071932793
-0.014165234751999378
0.0010486702667549253
0.00041926928679458797
-0.05049001798033714
-0.13237261772155762
-0.012300506234169006
-0.028306301683187485
0.030217792838811874
0.0357343927025795
-0.038904741406440735
-0.09617270529270172
-0.08350357413291931
0.045922424644231796
0.061423491686582565
0.07137320935726166
0.003409348661080003
0.054918549954891205
-0.07845156639814377
0.08201505243778229
-7.411206089870479e-33
0.004797302186489105
0.052991922944784164
0.04980401694774628
-0.07489000260829926
0.04987765848636627
-0.014250654727220535
0.0240879338234663
0.02534538507461548
-0.05122172459959984
0.09126193821430206
0.006328734569251537
-0.04718690365552902
0.058187972754240036
-0.03497237339615822
0.02100224606692791
-0.001562359626404941
0.007261123042553663
-0.04827357083559036
-0.07511389255523682
0.011108708567917347
0.05941838398575783
0.013446390628814697
0.041617583483457565
-0.017764590680599213
-0.03959542512893677
0.005377400200814009
0.03563741222023964
0.00029253779212012887
-0.014627656899392605
-0.002073513111099601
0.001184024615213275
0.05452968180179596
0.09575949609279633
0.005373155698180199
-0.03804049640893936
0.019590191543102264
0.056197959929704666
-0.03731599077582359
-0.016718752682209015
-0.05243111401796341
-0.07213219255208969
-0.0005083033465780318
-0.011853836476802826
-0.054270967841148376
-0.04971110448241234
-0.014454754069447517
0.0918300449848175
-0.06715404242277145
-0.07401885092258453
0.036161795258522034
-0.02426619827747345
-0.017828496173024178
0.001578367780894041
-0.016802286729216576
0.04788697138428688
-0.044310975819826126
0.00854483898729086
-0.004265942610800266
0.03305234760046005
-0.015421857126057148
0.013785691000521183
-0.043711937963962555
-0.039348237216472626
-0.012377304024994373
0.02308887243270874
-0.10823258012533188
-0.08714478462934494
-0.004158382304012775
-0.03180359676480293
-0.0022236125078052282
-0.026602167636156082
0.006869061384350061
0.013852421194314957
-0.03902557119727135
-0.04287528619170189
-0.010170230641961098
-0.017727075144648552
0.013277053833007812
-0.007709978148341179
0.06540711224079132
-0.04162652790546417
-0.042069513350725174
-0.03637278079986572
-0.1529124230146408
-0.02576173096895218
0.04535697400569916
-0.006086457055062056
-0.01110923383384943
-0.04867345094680786
-0.02631201408803463
-0.023614967241883278
0.0013056790921837091
0.01247281301766634
-0.047952283173799515
0.05941498279571533
3.3407097619728314e-33
-0.012748679146170616
0.018800413236021996
-0.04530400410294533
-0.01058046892285347
0.0838361531496048
-0.04594621807336807
-0.011226393282413483
0.06879107654094696
-0.1384492814540863
0.06613075733184814
-0.07769320160150528
0.08477048575878143
0.03422585502266884
0.048753771930933
0.03431368246674538
0.012394865043461323
-0.046436477452516556
0.026789790019392967
-0.024685239419341087
0.05927937850356102
-0.054538290947675705
0.045465972274541855
0.015159528702497482
-0.03318485990166664
-0.026952622458338737
0.03399159759283066
0.1749163568019867
0.007370611187070608
-0.028500495478510857
-0.004829294979572296
-0.03274725377559662
0.05201830342411995
0.051515694707632065
-0.05966418981552124
-0.052633658051490784
0.016673581674695015
-0.0148169519379735
-0.04605903849005699
-0.03653380274772644
-0.06636880338191986
0.0041530258022248745
0.08129391819238663
0.12810473144054413
-0.08297683298587799
-0.025005696341395378
-0.021486811339855194
-0.09832272678613663
0.056528180837631226
0.02208027057349682
-0.06493618339300156
-0.03889733925461769
0.04876292124390602
-0.011109153740108013
0.10834168642759323
0.05324983224272728
-0.003990378696471453
-0.1187545657157898
0.0171976275742054
0.09448377788066864
0.06283420324325562
-0.0059417420998215675
-0.016552472487092018
-0.02080288715660572
-0.02260352112352848
0.038525134325027466
0.06549875438213348
-0.032734811305999756
0.06203394755721092
-0.02748757414519787
0.021399788558483124
0.04127778112888336
-0.021981993690133095
-0.024079112336039543
0.0005616483394987881
0.023869125172495842
0.02827254682779312
0.0458136610686779
0.0550389438867569
0.06348812580108643
-0.016309700906276703
-0.031996361911296844
-0.12130686640739441
-0.03282948210835457
0.03743685036897659
0.009748500771820545
-0.0689089223742485
-0.05800137296319008
0.07037194073200226
-0.020184140652418137
-0.018820349127054214
-0.02570292353630066
0.043728332966566086
-0.017523756250739098
-0.003071898128837347
0.03119826130568981
-1.748233025011814e-08
-0.09969104081392288
-0.044261422008275986
-0.008107519708573818
-0.04617690294981003
0.02507089450955391
0.07643837481737137
0.13630357384681702
-0.12229926139116287
-0.015560222789645195
-0.024825599044561386
-0.08182777464389801
0.031809788197278976
0.05054039508104324
0.03303892910480499
0.05636455491185188
0.037907976657152176
-0.09678450971841812
0.09596171230077744
-0.0009743410628288984
0.05330866575241089
0.008250906132161617
0.004423611331731081
0.005076996982097626
0.04353570565581322
0.0076393987983465195
0.0033000733237713575
0.014410932548344135
-0.0517386794090271
-0.03304356336593628
0.053029920905828476
0.0900430679321289
0.09866852313280106
0.05019715428352356
-0.09893608093261719
-0.04179071635007858
0.03141676262021065
0.026105191558599472
0.03518392890691757
0.026098152622580528
-0.04714221879839897
-0.03372480720281601
-0.026258792728185654
-0.04867688566446304
0.0034361921716481447
0.01181564386934042
0.004007389303296804
0.010936088860034943
-0.1156914085149765
-0.08080825209617615
0.008744381368160248
0.0565824992954731
-0.07131960988044739
0.036720093339681625
0.08561167120933533
0.033879853785037994
0.02749479003250599
0.038346998393535614
-0.029642704874277115
-0.04633908346295357
-0.06343872845172882
0.019066868349909782
-0.08145058155059814
-0.02272658236324787
0.05184841901063919
