0.03380772843956947
0.03653552755713463
-0.02202318049967289
-0.021995505318045616
-0.06978551298379898
-0.012050214223563671
0.11561963707208633
0.038586270064115524
-0.04846632480621338
-0.06853856891393661
0.007829268462955952
-0.016355231404304504
-0.12449197471141815
0.052332259714603424
0.018223507329821587
0.05524463206529617
-0.02105424925684929
-0.024212347343564034
0.015833990648388863
0.050368644297122955
-0.03064917027950287
0.08600061386823654
-0.03215751796960831
-0.07663038372993469
-0.027627378702163696
0.10185258835554123
-0.06868322193622589
0.061702910810709
0.10046760737895966
0.0288042314350605
0.07989085465669632
-0.03631218895316124
0.0031620559748262167
-0.021142298355698586
-0.024508079513907433
-0.06612291187047958
-0.06219567358493805
-0.02294847182929516
0.025707954540848732
0.1037086620926857
0.05463453382253647
-0.023845184594392776
-0.03875712305307388
0.07126434892416
-0.08510293066501617
-0.0019832083489745855
-0.04106020927429199
0.016157027333974838
0.09430945664644241
-0.058673273772001266
-0.020791633054614067
-0.03180018067359924
0.015610400587320328
0.039667341858148575
0.011741898022592068
0.045879144221544266
0.0043828752823174
0.03070029802620411
-0.049016013741493225
-0.045662540942430496
0.08636746555566788
-0.008766650222241879
0.024549128487706184
0.05731286481022835
0.03109981119632721
0.015265095047652721
-0.05152490735054016
-0.07394780963659286
-0.019276970997452736
0.01942170225083828
0.106021448969841
-0.02195584960281849
0.03583602234721184
-0.03020148165524006
-0.001572732930071652
-0.06410367041826248
-0.05223418399691582
-0.049923140555620193
-0.02493029460310936
-0.01642710156738758
-0.02306244894862175
-0.10345745086669922
-0.0422246940433979
0.028453603386878967
-0.022713536396622658
0.030975734815001488
0.020838379859924316
-0.002006984781473875
-0.029196444898843765
-0.018239449709653854
-0.044346317648887634
-0.0007358710281550884
0.0002961320278700441
-0.052457671612501144
-0.10564792156219482
-0.04009527713060379
0.01072017289698124
-0.02459334395825863
-0.09678255021572113
0.0757410004734993
0.0015861577121540904
-0.07213304936885834
-0.026465890929102898
-0.02703917771577835
0.10254646837711334
0.02211797423660755
-0.03459780290722847
-0.04783398285508156
0.04544702544808388
0.008226048201322556
0.024556316435337067
0.03214217722415924
0.01030788104981184
0.046684205532073975
-0.01687975972890854
-0.011625224724411964
-0.04208003357052803
-0.00026559148682281375
0.06378944218158722
-0.06773999333381653
0.007404792122542858
-0.06081397086381912
0.07548083364963531
0.011986558325588703
0.013118275441229343
-0.021589793264865875
0.016611628234386444
-5.73445890733849e-33
0.029500439763069153
-0.05254589021205902
-0.04791894927620888
-0.011562632396817207
0.08262009173631668
-0.0028029675595462322
-0.01249565090984106
-0.0114938635379076
0.020014774054288864
-0.022284800186753273
0.1181602030992508
0.049642521888017654
-0.02112710475921631
0.08099459111690521
-0.006724010221660137
-0.012146220542490482
0.09690850973129272
-0.024766597896814346
0.05129500478506088
-0.019410476088523865
0.04936252534389496
-0.07099605351686478
0.03020666167140007
-0.09543438255786896
0.005693110171705484
-0.02419050969183445
0.010553865693509579
-0.011566881090402603
0.12138619273900986
0.01604156382381916
0.016934743151068687
0.0023939916864037514
0.004613801836967468
0.045476578176021576
0.052706893533468246
-0.07258190959692001
0.041407614946365356
0.02686288394033909
-0.008969290181994438
-0.07125841081142426
0.00019256366067565978
0.0007833958952687681
0.04682757705450058
-0.031932469457387924
0.003948784898966551
-0.10170701146125793
0.06836050003767014
0.015345925465226173
-0.006215705070644617
-0.050989776849746704
0.07294713705778122
-0.06347938627004623
-0.012017297558486462
0.087635338306427
-0.06270503252744675
-0.02531319297850132
-0.07491879910230637
-0.012029641307890415
-0.08144576102495193
0.027552982792258263
-0.07564959675073624
0.07764582335948944
0.020831240341067314
0.012576880864799023
0.10631605982780457
-0.03183870017528534
-0.00798901729285717
-0.005577470641583204
-0.013165907934308052
0.05272288620471954
0.024874618276953697
-0.03733096271753311
0.022626878693699837
-0.08376272767782211
-0.004768273327499628
-0.012512557208538055
0.03314640372991562
-0.002106731291860342
-0.023518867790699005
0.04666609689593315
-0.08556945621967316
0.04841512441635132
0.08418426662683487
-0.007018221076577902
-0.10499314218759537
0.028142353519797325
0.050084494054317474
-0.027033047750592232
0.06372743099927902
0.0778748095035553
-0.03346075117588043
0.011278706602752209
-0.03786462917923927
-0.06554742902517319
0.05148224160075188
3.1692591354596005e-33
-0.06270048022270203
0.05236786976456642
-0.06394381076097488
-0.01776966266334057
0.07842475920915604
-0.057986050844192505
0.05224345624446869
0.03714602068066597
0.011967061087489128
-0.08311641216278076
-0.06749706715345383
0.08422859758138657
0.05516580119729042
0.04553325101733208
0.05641654506325722
-0.015624417923390865
-0.004121474456042051
-0.03506215289235115
0.07165148854255676
-0.03376933932304382
0.01502182800322771
-0.05867386609315872
0.012913323007524014
0.1526220142841339
-0.0400887168943882
0.050895076245069504
-0.01075232308357954
-0.07410424947738647
-0.06297001987695694
-0.03041968308389187
-0.040130022913217545
0.05145397409796715
0.01843838207423687
-0.021112076938152313
-0.021142348647117615
0.02207692712545395
-0.02205798774957657
0.06650523096323013
0.01215540524572134
0.017705371603369713
0.01096692681312561
0.007554595358669758
0.0975056067109108
-0.017039289698004723
0.008558038622140884
0.01843627169728279
0.010751794092357159
0.05860947445034981
-0.11956622451543808
-0.027585236355662346
-0.01480818260461092
0.032569579780101776
-0.08870167285203934
-0.047271519899368286
0.12506617605686188
0.0010062559740617871
-0.09210773557424545
-0.045371051877737045
0.011377778835594654
-0.07738152891397476
-0.010146969929337502
0.021510986611247063
-0.023630639538168907
0.07001877576112747
0.007423200644552708
0.04269229248166084
-0.004819739609956741
-0.06740669161081314
-0.0686551034450531
-0.018243417143821716
-0.022797536104917526
0.04044165089726448
0.06912591308355331
-0.0004850257246289402
-0.017030172049999237
0.02997409552335739
-0.00024175251019187272
0.008619937114417553
0.051954515278339386
-0.03405580297112465
0.004394771531224251
-0.037122733891010284
-0.02532908320426941
-0.042787108570337296
-0.05302167311310768
0.0011520046973600984
-0.027466654777526855
-0.007398746907711029
-0.019161399453878403
0.027599941939115524
-0.0013460603076964617
0.03607277199625969
-0.11023026704788208
0.04864201694726944
0.03653140738606453
-1.586561282351795e-08
0.06531444191932678
0.021877652034163475
-0.016051452606916428
-0.029272494837641716
-0.0038328077644109726
-0.02565063163638115
-0.01363061647862196
-0.09376636147499084
0.06242448091506958
-0.08509812504053116
-0.04939672350883484
0.07928068190813065
-0.013490607962012291
0.08006559312343597
-0.03500237315893173
0.02917427197098732
0.029521852731704712
-0.09256809949874878
-0.04780130088329315
-0.057796213775873184
0.007875392213463783
-0.007910875603556633
-0.01072946097701788
-0.016696294769644737
-0.04172639176249504
0.033938635140657425
0.0016973222373053432
-0.011332795955240726
0.06973185390233994
0.08064686506986618
0.09287265688180923
-0.0003561541670933366
-0.03632417693734169
0.03728037327528
0.20323750376701355
-0.01691533997654915
-0.08649583160877228
-0.029293354600667953
0.07340069860219955
0.03173741698265076
0.04248451814055443
0.05708221718668938
-0.01481699664145708
0.040872424840927124
0.022257991135120392
0.0485680066049099
0.04563315957784653
-0.0031144912354648113
0.06108483672142029
-0.02565186657011509
-0.01436618622392416
-0.06778603792190552
0.03142715245485306
0.0026755721773952246
-0.004715276882052422
0.028248541057109833
-0.0009078666334971786
0.02374655194580555
-0.04186778515577316
-0.04914999380707741
-0.07124572992324829
-0.00041634836816228926
-0.038960572332143784
0.12042388319969177
