-0.009142822585999966
0.06659161299467087
-0.05094537138938904
-0.06523091346025467
0.029784779995679855
0.024482516571879387
0.05789909511804581
0.03298601508140564
0.02948600798845291
-0.03857095167040825
0.046159934252500534
-0.11307257413864136
-0.005915508605539799
0.030542971566319466
0.033353034406900406
0.03374384716153145
-0.0057809059508144855
-0.05427228659391403
0.011931962333619595
-0.025411589071154594
-0.08805662393569946
0.09158055484294891
-0.0565418042242527
-0.03733809292316437
-0.08623862266540527
0.028455045074224472
0.04395852982997894
0.043400611728429794
-0.02892773225903511
0.019699977710843086
-0.017628025263547897
0.046068426221609116
-0.010296204127371311
-0.05004969611763954
0.016114577651023865
-0.01035330444574356
-0.03897925838828087
-0.050203025341033936
0.04116882011294365
0.047482918947935104
0.028916245326399803
0.01250398252159357
0.02723977155983448
0.062482088804244995
-0.03756078705191612
-0.02059439942240715
0.002099399222061038
-0.002647886285558343
0.020568467676639557
-0.030790619552135468
-0.12335437536239624
-0.05875211954116821
-0.08092064410448074
0.03407806158065796
-0.07782561331987381
0.058624882251024246
-0.03838825225830078
-0.044804636389017105
-0.03828106075525284
-0.03777160122990608
0.1111675426363945
-0.0014468730660155416
0.04667018726468086
0.027287989854812622
0.025952443480491638
0.04723183438181877
-0.0326564759016037
-0.04724941402673721
0.03916240483522415
-0.057036079466342926
0.05198833718895912
0.030221708118915558
0.07367382943630219
-0.016370821744203568
-0.07882764935493469
-0.0970475822687149
0.05659521743655205
0.02975855953991413
0.03482061251997948
0.009226427413523197
-0.029259825125336647
-0.06634576618671417
-0.0323769710958004
0.03644021600484848
0.10569439083337784
0.027329346165060997
0.06398005038499832
-0.03774659335613251
-0.03447410836815834
9.62510603130795e-05
-0.059040430933237076
-0.04812552407383919
-0.08180903643369675
-0.09225896745920181
-0.04857379570603371
-0.09079281985759735
-0.04460877925157547
-0.045780256390571594
0.008723041974008083
0.05181827396154404
0.025333844125270844
0.003237686585634947
-0.021206485107541084
-0.014045478776097298
0.034132618457078934
-0.027159515768289566
0.025811640545725822
0.07071853429079056
0.05825472250580788
-0.03557061031460762
-0.06949371099472046
0.014014105312526226
0.0300776194781065
0.036689288914203644
-0.001711091143079102
0.045079704374074936
-0.0026651688385754824
-0.045056067407131195
0.003485032357275486
0.019059520214796066
0.03852543979883194
-0.05547788366675377
0.04190944880247116
0.042317554354667664
-0.04222928360104561
0.020836563780903816
0.031633224338293076
-6.141305216339761e-33
0.05297467112541199
-0.1182694286108017
0.007780916523188353
-0.07732922583818436
0.09092067182064056
-0.030366364866495132
0.008599507622420788
0.001214497024193406
-0.01328525971621275
-0.0519355945289135
0.03139328584074974
0.050448350608348846
-0.03268536552786827
0.031412165611982346
0.035665273666381836
-0.02307593636214733
0.03822055831551552
-0.049443356692790985
-0.060488373041152954
-0.0183220487087965
0.041223905980587006
-0.03597285598516464
0.04492112621665001
-0.1138850674033165
-0.02529548667371273
0.021717386320233345
-0.013185061514377594
-0.027526741847395897
0.04101298004388809
0.072384312748909
-0.025693997740745544
-0.1332775354385376
0.04684016853570938
-0.0221562422811985
0.08500032126903534
-0.021939128637313843
0.041197262704372406
0.011502662673592567
0.011611497029662132
-0.03416338190436363
0.052428413182497025
-0.03309672698378563
0.039619993418455124
0.013381998986005783
-0.007553250528872013
-0.09386520832777023
0.04482191056013107
0.02884858474135399
0.023707740008831024
-0.043005287647247314
0.01647999882698059
-0.10109058767557144
0.020223168656229973
0.05024295300245285
-0.023957133293151855
0.027179013937711716
-0.04304410517215729
-0.012631764635443687
-0.08596660941839218
0.026562906801700592
-0.0027539925649762154
0.0258636474609375
-0.0272426288574934
-0.0039051445201039314
0.08176107704639435
0.009790987707674503
-0.0055117676965892315
-0.02567698247730732
0.014279977418482304
-0.0071540772914886475
-0.01608451083302498
0.019204072654247284
0.039470840245485306
-0.025264093652367592
-0.053951721638441086
0.011924798600375652
0.05612776800990105
-0.017793621867895126
-0.05462196096777916
0.022213224321603775
-0.01830573007464409
0.05120454356074333
0.06070411205291748
0.016527006402611732
-0.1077398881316185
0.08911869674921036
0.06275025010108948
-0.030588187277317047
0.07034628093242645
0.0867563933134079
-0.05105869472026825
0.015379569493234158
0.0234360508620739
-0.13653025031089783
0.05305236205458641
2.7672077413837306e-33
-0.029779037460684776
-0.030212460085749626
-0.0562434196472168
-0.017126500606536865
0.05544076859951019
-0.0035212284419685602
0.088870108127594
0.10452990233898163
0.014080476015806198
-0.06275765597820282
-0.17058859765529633
0.035165347158908844
0.015961723402142525
-0.06169075146317482
0.08019080758094788
0.03694911301136017
0.03782657906413078
-0.02779882214963436
0.11382068693637848
-0.06098514422774315
0.00032868958078324795
-0.035244572907686234
0.16797490417957306
0.1245226114988327
-0.017860248684883118
0.04707486182451248
0.0034081116318702698
0.03268101066350937
-0.09784982353448868
-0.09342965483665466
-0.07900988310575485
0.0549125038087368
0.09615719318389893
0.01221812516450882
-0.07010948657989502
0.03748038783669472
0.010045154951512814
-0.08607696741819382
0.011215939186513424
0.053129877895116806
0.031387556344270706
-0.06513114273548126
0.03190794959664345
-0.010052083991467953
-0.03553535044193268
0.07323477417230606
0.015190761536359787
0.020154286175966263
-0.027952345088124275
-0.022212974727153778
0.014453767798841
-0.025041736662387848
0.03215579688549042
0.016124853864312172
0.04252354055643082
0.019328556954860687
-0.11647731065750122
0.029327627271413803
-0.021736932918429375
0.022280534729361534
0.027541670948266983
-0.012205149047076702
-0.01028232928365469
0.024592816829681396
0.03813296556472778
0.04343634471297264
0.006514587439596653
0.04004618525505066
-0.01712859608232975
-0.011127864941954613
-0.0024893281515687704
0.027669163420796394
-0.07702089101076126
0.0187361016869545
-0.0030284125823527575
-0.027711931616067886
-0.03898845985531807
0.042280182242393494
0.003298085881397128
0.03705513849854469
0.009650638327002525
0.05802404507994652
-0.045150693506002426
-0.07682948559522629
-0.027014855295419693
-0.018505293875932693
-0.014591585844755173
-0.04556481912732124
0.013654607348144054
-0.06559669226408005
-0.04070857912302017
0.04109067842364311
-0.15847721695899963
-0.012523327954113483
0.010987670160830021
-1.5595807312251964e-08
0.06766924262046814
-0.009463594295084476
-0.021099023520946503
0.048724982887506485
-0.02963811531662941
-0.05191982910037041
0.061602186411619186
-0.03551514819264412
0.049393609166145325
-0.07848471403121948
-0.028073366731405258
-0.06200949102640152
0.0626036673784256
-0.0019491545390337706
-0.07240191847085953
-0.0179293155670166
0.024493282660841942
-0.050603341311216354
-0.023508736863732338
0.01214318536221981
0.010402735322713852
0.047322943806648254
0.023845167830586433
-0.004409116227179766
-0.0971895232796669
0.006333536002784967
-0.0619155578315258
0.033549193292856216
0.04770706593990326
0.08228106051683426
0.018018240109086037
-0.03295372799038887
-0.02445235662162304
0.03249797224998474
0.04130948334932327
-0.014110749587416649
-0.029198314994573593
0.002005466725677252
-0.07013647258281708
0.008119480684399605
0.02512628585100174
0.08538658171892166
-0.043581727892160416
0.025845341384410858
0.01382281444966793
0.05608855560421944
0.06952528655529022
-0.033878155052661896
0.010493479669094086
-0.003565410152077675
-0.02863544039428234
0.013706322759389877
0.07447013258934021
0.017873847857117653
-0.07635784149169922
0.040557391941547394
0.016016194596886635
-0.06187242642045021
-0.12385976314544678
0.060316912829875946
-0.05146745964884758
0.048560816794633865
0.0032152896746993065
0.1362246423959732
