-0.008793345652520657
0.048213280737400055
-0.03593544289469719
-0.013074520975351334
-0.000696841103490442
-0.0039117163978517056
0.02973860129714012
0.008339510299265385
0.009037837386131287
-0.01648576930165291
0.0019379693549126387
-0.09723435342311859
-0.0197600070387125
0.03149066120386124
-0.006247318349778652
0.031160421669483185
-0.03626571223139763
-0.03563470020890236
0.035094063729047775
-0.051293712109327316
-0.03886197507381439
0.08091269433498383
0.004313568118959665
-0.011906900443136692
-0.0784318670630455
0.05260220915079117
-0.012024911120533943
-0.02189984731376171
0.02008083648979664
-0.00883188471198082
-0.014221497811377048
-0.002485025441274047
-0.02585798129439354
-0.05260390043258667
0.029134105890989304
-0.0073541440069675446
-0.051195234060287476
-0.02462206967175007
-0.0012822304852306843
0.09988449513912201
0.057342175394296646
-0.010013975203037262
0.03294045850634575
0.027604440227150917
-0.054117631167173386
0.006459949072450399
0.02882663533091545
-0.014335177838802338
0.045413438230752945
-0.03504563122987747
-0.06712301820516586
-0.05808672681450844
-0.07036640495061874
-0.016492905095219612
0.00673212856054306
0.037483375519514084
-0.05603156238794327
-0.018409930169582367
-0.055117588490247726
0.007556149736046791
0.10289419442415237
0.018587784841656685
0.08596085011959076
0.010630141012370586
0.03622124716639519
0.06408674269914627
0.020823977887630463
-0.07084404677152634
0.017276285216212273
-0.03707829862833023
0.04172203317284584
0.0014112890930846334
0.014286782592535019
-0.008413692004978657
-0.13348901271820068
-0.0996633991599083
0.1138564869761467
-0.0060521503910422325
0.07048891484737396
0.013855640776455402
-0.012656711973249912
-0.020425859838724136
-0.020316995680332184
-0.042035944759845734
-0.023142272606492043
0.006634185090661049
0.09663168340921402
0.012294653803110123
-0.02501838281750679
-0.03557547926902771
-0.038918424397706985
-0.009669886901974678
-0.0842677652835846
-0.07068926095962524
0.03468992933630943
-0.044104140251874924
-0.024113165214657784
-0.06844939291477203
-0.10837690532207489
0.04819195717573166
0.04952049255371094
-0.05278655141592026
-0.011406991630792618
-0.05430511385202408
0.017637407407164574
-0.03059620037674904
-0.03610232099890709
0.037845462560653687
0.011472820304334164
0.023305710405111313
-0.02748456597328186
-0.013176955282688141
0.021737730130553246
0.06154412403702736
-0.015644103288650513
0.07100336998701096
-0.016795068979263306
-0.027400370687246323
-0.02446822263300419
0.014470869675278664
0.09154413640499115
-0.038393571972846985
0.028930354863405228
0.04264262691140175
-0.0298293624073267
-0.03949737548828125
0.012662923894822598
-7.372763751178744e-33
0.04597591608762741
-0.05715775862336159
-0.004850227385759354
-0.06441494822502136
0.09431667625904083
-0.06300753355026245
0.017110995948314667
0.03583749383687973
0.016708001494407654
0.006806699093431234
-0.00542546808719635
-0.01561146229505539
-0.07570162415504456
0.07328847050666809
0.02830982208251953
-0.018200254067778587
0.0481049045920372
-0.031833283603191376
-0.05604401230812073
-0.03048967756330967
0.027289530262351036
0.02919963002204895
0.048449356108903885
-0.14385277032852173
-0.008791005238890648
-0.008777773939073086
-0.035429924726486206
-0.04883542284369469
-0.055357884615659714
0.040514152497053146
0.028077982366085052
-0.14088842272758484
0.016853634268045425
-0.03623910993337631
0.04129863530397415
-0.047773294150829315
0.011157498694956303
0.03323841467499733
-0.07147758454084396
-0.055740781128406525
0.03247309848666191
-0.041245944797992706
0.03643540292978287
0.03293931856751442
-0.010837836191058159
-0.09906388074159622
0.0168786458671093
0.04210686311125755
0.01301114447414875
0.0035607817117124796
0.044142577797174454
-0.044521819800138474
0.018411783501505852
0.051802851259708405
-0.055712249130010605
-0.00526408338919282
-0.05733254924416542
-0.08255413174629211
-0.14431974291801453
-0.03802250325679779
0.01160337682813406
-0.0591120608150959
-0.07280523329973221
0.006954257842153311
0.04803503677248955
-0.011445970274508
-0.03513125330209732
-0.004805971402674913
0.007911491207778454
0.0010560456430539489
-0.006066746544092894
0.03159761056303978
-0.0147287892177701
-0.08603594452142715
-0.11550550907850266
-0.0008800830109976232
0.03892585635185242
-0.038325924426317215
-0.06918258219957352
0.029069485142827034
0.04710382595658302
0.062420718371868134
0.024229345843195915
-0.11830686777830124
-0.11842145770788193
0.09392236173152924
0.02788023091852665
0.04683602601289749
0.05756843090057373
0.055902957916259766
-0.029459407553076744
0.017139146104454994
0.09237652271986008
-0.12478545308113098
0.04829295352101326
3.4419345192580156e-33
-0.09029355645179749
-0.023447759449481964
-0.1546182781457901
0.05462277680635452
0.06551788002252579
-0.020107891410589218
0.09828595817089081
0.11197000741958618
-0.05007370561361313
-0.04441915079951286
-0.16123490035533905
0.04919324070215225
0.0001539910736028105
-0.0022009569220244884
0.10411549359560013
0.010251173749566078
0.0024805618450045586
0.008112217299640179
0.10136011987924576
-0.019741123542189598
-0.06643660366535187
-0.005628898274153471
0.061813563108444214
0.102866530418396
0.04380158334970474
0.08048200607299805
-0.017131419852375984
0.01233792956918478
-0.052498407661914825
-0.04327160492539406
-0.020952504128217697
0.041529737412929535
0.027356119826436043
0.04544079676270485
-0.07188576459884644
0.017403017729520798
0.031536612659692764
-0.02246917225420475
-0.017586437985301018
0.05497799813747406
0.10064102709293365
-0.030709080398082733
-0.016988923773169518
0.04553452506661415
-0.02060871198773384
-0.00922179315239191
0.0170808844268322
0.06928419321775436
-0.006690135691314936
-0.025531413033604622
0.030460095033049583
-0.004832558799535036
0.04558233544230461
0.005419857334345579
0.09878063946962357
0.03809593990445137
-0.1500929445028305
0.05487232282757759
-0.004643076099455357
0.024279437959194183
-0.019269045442342758
-0.010130655951797962
0.017339035868644714
-0.007721101865172386
0.07466352730989456
0.026132289320230484
0.003967560362070799
0.034249525517225266
-0.08157528191804886
-0.003934073727577925
-0.007611539214849472
0.048114120960235596
-0.07725606113672256
0.008686189539730549
-0.016568360850214958
-0.033846065402030945
-0.01426094863563776
0.010124465450644493
-0.0009410697966814041
0.02255919575691223
0.01566629856824875
-0.02300366573035717
-0.008606224320828915
-0.06231825426220894
0.013369527645409107
-0.033002253621816635
-0.030329173430800438
0.03475312143564224
0.04671785607933998
0.01425190269947052
-0.011358453892171383
-0.014995766803622246
-0.11430444568395615
2.50547454925254e-05
-0.02525351196527481
-1.6743632258453545e-08
0.09244206547737122
0.006190061569213867
-0.06034281104803085
0.06190222129225731
-0.04202369973063469
-0.045895613729953766
0.11522263288497925
-0.09887349605560303
0.052788399159908295
-0.09069430828094482
-0.05933288484811783
-0.01306684035807848
0.043698299676179886
0.022565903142094612
-0.012961506843566895
0.0072199320420622826
-0.043417636305093765
0.027393775060772896
0.00012596328451763839
-0.023522496223449707
-0.0073580313473939896
-0.03942864015698433
-0.04271465167403221
0.05194753780961037
-0.04256339743733406
0.025688013061881065
-0.023721523582935333
0.09287184476852417
0.0641825720667839
0.09289613366127014
0.05439030006527901
-0.012048344127833843
0.008358693681657314
0.018829897046089172
0.03671850264072418
-0.013859155587852001
0.004260769113898277
0.026780322194099426
-0.007169091142714024
0.0546598844230175
0.00677922647446394
0.1124102771282196
-0.005952103529125452
0.023831190541386604
0.018543371930718422
0.04883250966668129
0.047516293823719025
-0.04381205514073372
0.017165731638669968
-0.031049709767103195
-0.025879310443997383
-0.016004346311092377
0.061254121363162994
0.0795787125825882
-0.017825327813625336
0.020338859409093857
0.044629938900470734
-0.006833485793322325
-0.05128541961312294
0.07490456849336624
-0.037328023463487625
0.0731794610619545
0.020296655595302582
0.10666538029909134
