0.061419371515512466
0.05312376841902733
-0.055153556168079376
-0.0705861896276474
0.025015898048877716
-0.012774071656167507
0.06852376461029053
0.022596325725317
-0.03569990396499634
-0.017869994044303894
-0.025903763249516487
-0.0906277447938919
-0.054404061287641525
0.08315709978342056
0.012225453741848469
-0.03168802335858345
0.027824055403470993
-0.03771687299013138
-0.013496913015842438
-0.036853186786174774
-0.06235392764210701
0.07241105288267136
0.010129842907190323
0.00040518134483136237
-0.027394909411668777
0.035843536257743835
-0.012366004288196564
0.05009471997618675
-0.029238464310765266
-0.021357277408242226
-0.00553001556545496
0.042395785450935364
0.0190130565315485
-0.023606084287166595
0.020633278414607048
0.055873602628707886
-0.11703319102525711
-0.0627974197268486
0.052340179681777954
0.015109661035239697
0.008857600390911102
0.035674747079610825
0.01804187335073948
0.03587089478969574
-0.007754393387585878
0.07386496663093567
-0.00405916990712285
-0.024553809314966202
0.05754253268241882
-0.03898404538631439
-0.1070294976234436
0.0017773091094568372
-0.016581878066062927
0.040072597563266754
0.048904359340667725
0.002770234365016222
-0.05751572549343109
-0.03546498343348503
-0.05785611644387245
-0.07481682300567627
0.010524677112698555
0.027816973626613617
0.08838150650262833
0.06303848326206207
-0.08824794739484787
0.03776068985462189
-0.02318876050412655
-0.023960163816809654
0.012256283313035965
-0.039583198726177216
0.045315250754356384
-0.03866918012499809
-0.039272259920835495
-0.006460744421929121
-0.04950809106230736
-0.05453905463218689
-0.03516222909092903
0.017893310636281967
0.0174726415425539
0.0917525514960289
0.010877872817218304
-0.02884678915143013
0.01635063625872135
-0.037179917097091675
0.0880257785320282
0.04084441438317299
0.14287473261356354
-0.07258318364620209
-0.06315905600786209
-0.025086145848035812
0.0025971427094191313
-0.00925740972161293
-0.02474248968064785
-0.017805062234401703
-0.061333101242780685
-0.043765440583229065
-0.036032535135746
-0.05372694134712219
0.02102801203727722
0.049826692789793015
0.07468916475772858
-0.023526782169938087
-0.019287828356027603
0.03376517817378044
0.024663444608449936
-0.08766619116067886
0.014687239192426205
0.11353592574596405
0.08703367412090302
-0.03889349475502968
0.015213033184409142
-0.012846841476857662
0.08227945119142532
0.10978579521179199
0.026495901867747307
0.030553292483091354
-0.04016348719596863
0.036711305379867554
0.026473408564925194
0.11526018381118774
0.022536197677254677
-0.08669213205575943
-0.0018250730354338884
0.0008267206721939147
-0.03793274238705635
0.09892482310533524
-0.004888472612947226
-5.171951799691409e-33
0.07541264593601227
-0.05550643801689148
-0.05232037976384163
-0.0759134292602539
0.039644114673137665
0.0053007942624390125
0.03540191799402237
0.06021788716316223
0.011962546035647392
-0.060990698635578156
0.021546296775341034
-0.008556953631341457
0.01887107640504837
0.03409818932414055
0.01037488505244255
-0.006062281783670187
-0.025468425825238228
0.08545471727848053
-0.06761910021305084
-0.04235796257853508
0.09092100709676743
-0.005002782680094242
0.037084005773067474
-0.07172054797410965
-0.015504512935876846
-0.07415350526571274
-0.024266039952635765
-0.03124765120446682
0.08235695213079453
0.07169508188962936
0.02247709222137928
-0.16699370741844177
-0.02869567461311817
0.021725645288825035
0.029627885669469833
-0.07028081268072128
-0.04178587719798088
-0.030990498140454292
0.035257235169410706
-0.006289886310696602
-0.0003460313018877059
-0.04507273808121681
0.01581719145178795
-0.00303011410869658
-0.021542685106396675
-0.03311797231435776
0.02953309193253517
0.08220076560974121
-0.06282977014780045
-0.010762016288936138
0.022499321028590202
-0.10826186090707779
0.03185752034187317
0.058660946786403656
0.01373117882758379
0.015451190993189812
-0.013125913217663765
-0.00045678875176236033
-0.01745418645441532
0.036943428218364716
-0.07632161676883698
-0.01733921468257904
-0.0485406294465065
0.018255367875099182
0.056959860026836395
0.05302911251783371
-0.053859956562519073
-0.06498127430677414
0.007831043563783169
-0.06836570054292679
0.01793498918414116
0.010594859719276428
-0.012772583402693272
-0.08277809619903564
-0.04096177592873573
-0.036713145673274994
0.012354929000139236
-0.03622426092624664
-0.08302444964647293
0.05541413649916649
-0.020992180332541466
0.11006589233875275
0.08009534329175949
0.009074294939637184
-0.06819768249988556
0.001097165746614337
0.001100742258131504
-0.000412994297221303
0.03871086612343788
0.012766792438924313
-0.002792247338220477
0.009355413727462292
-0.017772849649190903
-0.10898174345493317
0.06856478750705719
3.802182395482768e-33
0.011983757838606834
-0.0062863146886229515
-0.00847321841865778
-0.0151795269921422
0.033058684319257736
-0.044596485793590546
0.0442483127117157
0.1551274210214615
0.012006377801299095
-0.06086320802569389
-0.03944734111428261
0.006650720257312059
0.040683139115571976
-0.002058702055364847
0.020721090957522392
-0.08389982581138611
0.050710272043943405
0.0003266659623477608
0.08760207146406174
-0.007254194002598524
-0.020721791312098503
-0.05865569785237312
0.13414691388607025
0.14580325782299042
0.05571916699409485
0.041554998606443405
-0.04913978651165962
-0.05651898309588432
0.02287422865629196
-0.034909509122371674
-0.010395515710115433
0.04222014918923378
0.012717035599052906
0.12660345435142517
-0.01748730055987835
0.03741436451673508
0.11306019872426987
-0.06242680177092552
-0.032956305891275406
0.056614235043525696
0.03844593092799187
-0.0896771028637886
0.008489017374813557
0.017549164593219757
0.02526158280670643
-0.02540116384625435
-0.01704324781894684
0.05137835070490837
0.012432827614247799
0.027957286685705185
-0.08961936831474304
-0.036325614899396896
0.08862580358982086
-0.032666731625795364
0.05025374889373779
-0.016129782423377037
-0.0013627361040562391
0.0635664090514183
-0.04258837178349495
-0.06981562823057175
-0.03590353578329086
-0.016167040914297104
0.06096052750945091
0.03190328925848007
-0.05195676535367966
0.08921686559915543
0.0062220292165875435
-0.018435925245285034
0.05623021349310875
-0.033549461513757706
-0.044761985540390015
-0.04862314090132713
-0.04298875108361244
-0.007463344372808933
-0.04625897482037544
-0.10353752225637436
0.00440218485891819
0.07752566784620285
0.08157403767108917
0.038011401891708374
0.03911134973168373
0.07821492850780487
0.021925969049334526
-0.0685674250125885
0.004467351362109184
-0.03508484736084938
0.003536541247740388
-0.016307035461068153
-0.061377011239528656
0.00849293265491724
-0.0215549748390913
-0.007368536666035652
-0.055053651332855225
-0.0244167298078537
0.06218326836824417
-1.3235449181081549e-08
0.08891816437244415
-0.015262573957443237
-0.03999601677060127
0.06119609251618385
0.010407849214971066
-0.08107897639274597
0.06888522207736969
-0.00797140784561634
0.05257713794708252
-0.0182814784348011
-0.0310776736587286
-0.024128654971718788
0.04584973305463791
-0.018718285486102104
-0.030163675546646118
0.02535124309360981
0.0021238462068140507
-0.09161759912967682
-0.021131787449121475
0.021472198888659477
-0.005308667663484812
-0.055037613958120346
-0.0037818821147084236
0.007051623426377773
0.012309553101658821
-0.008519591763615608
-0.08584116399288177
0.025361834093928337
-0.0037775891833007336
0.03867903724312782
-0.002823390532284975
-0.023360222578048706
-0.05107885226607323
0.0706280767917633
0.026547174900770187
-0.07441496849060059
-0.011191741563379765
0.02345600724220276
-0.005052946973592043
-0.0724731832742691
-0.006852060556411743
0.08519778400659561
0.036814477294683456
-0.013379587791860104
0.03506466746330261
0.02403012104332447
0.04060589522123337
-0.05789269879460335
-0.02691575698554516
-0.027050482109189034
0.00034861176391132176
-0.024673912674188614
0.05615060031414032
0.042499277740716934
-0.08472470194101334
0.0522891990840435
-0.027803877368569374
-0.08865076303482056
-0.1337905377149582
0.030594471842050552
-0.030718185007572174
0.07551334798336029
0.055521026253700256
0.0664011687040329
