-0.017741823568940163
0.018479468300938606
-0.03153545781970024
-0.010637869127094746
-0.008512093685567379
-0.04829118773341179
0.04437575116753578
0.020709676668047905
-0.03985261172056198
-0.03696044534444809
0.04559796676039696
-0.10937607288360596
-0.08374984562397003
0.06416403502225876
-0.07333333790302277
0.026842040941119194
-0.043480269610881805
0.004006056115031242
-0.07196678221225739
-0.07639909535646439
-0.07637137174606323
0.12591561675071716
0.03222429007291794
-0.047211505472660065
-0.08224482089281082
0.08073171973228455
-0.013830997049808502
-0.03751766309142113
0.047737665474414825
-0.022901728749275208
-0.03483709320425987
-0.003689488163217902
0.10053028911352158
0.023481572046875954
-0.0019069731933996081
0.06378146260976791
-0.03772035613656044
-0.012261828407645226
-0.018435217440128326
0.12021204084157944
-0.004579396452754736
0.05901627987623215
-0.03127385675907135
0.06167945638298988
-0.008911781013011932
-0.004917863290756941
-0.020045017823576927
0.01995762065052986
0.008011923171579838
0.024178320541977882
-0.06741169095039368
-0.022180940955877304
-0.08353248983621597
0.041572388261556625
0.006687792018055916
-0.008054835721850395
-0.12389857321977615
-0.1325874775648117
-0.028361182659864426
-0.08011137694120407
0.1301647126674652
0.025628553703427315
0.03341372311115265
0.04078253358602524
-0.02459372766315937
0.04956876486539841
0.003212127136066556
-0.025808347389101982
0.013222156092524529
-0.02367042377591133
0.032625723630189896
-0.0014424785040318966
-0.01458597183227539
0.06242639571428299
-0.07497736066579819
-0.03162761405110359
0.008947474882006645
-0.08406417816877365
0.05967331677675247
0.020559346303343773
0.09452125430107117
-0.06699101626873016
-0.021499300375580788
-0.0018127169460058212
0.06686445325613022
0.0046954769641160965
0.01916988007724285
-0.04743638634681702
-0.09471819549798965
-0.05594431236386299
-0.12656313180923462
-0.0022924956865608692
-0.006044130772352219
-0.0858314260840416
-0.031502027064561844
-0.03816422075033188
0.008497649803757668
-0.007014967035502195
0.022601256147027016
0.06744081526994705
0.07754772901535034
-0.012102704495191574
0.005064920987933874
-0.028118237853050232
0.0030620533507317305
-0.04941614717245102
0.04003436118364334
0.06200718134641647
0.08414454013109207
-0.05984480306506157
-0.042764581739902496
0.0176080372184515
0.00681734923273325
-0.01004641130566597
-0.0006828366895206273
0.03884400054812431
-0.004341764375567436
0.05086851492524147
-0.040813833475112915
0.07198077440261841
0.035947397351264954
-0.004982355982065201
0.08611799031496048
-0.013059135526418686
0.020258385688066483
0.09455623477697372
-0.003935354296118021
-4.326817279198263e-33
0.015225901268422604
-0.05123547837138176
-0.06606557965278625
0.03700984641909599
0.040715541690588
-0.03441663458943367
0.02556631714105606
0.05916928872466087
-0.07428435236215591
0.08562552183866501
-0.05302342027425766
0.05931489169597626
-0.06469500064849854
0.054292842745780945
0.03595423325896263
-0.0779707059264183
0.03460545092821121
0.036451373249292374
-0.095759317278862
-0.11348459869623184
0.017759893089532852
0.036397624760866165
0.0508764386177063
-0.12742653489112854
0.014786596409976482
-0.07160525768995285
-0.0011410624720156193
0.007480925880372524
0.06693845987319946
0.04051095247268677
0.029944807291030884
-0.08815352618694305
-0.04835382476449013
-0.01676991954445839
0.03370757773518562
0.01075752079486847
0.06262406706809998
-0.04040524363517761
0.0399872288107872
0.03966226056218147
-0.041439808905124664
-0.04101977497339249
0.030230369418859482
-0.07478645443916321
-0.01966596022248268
-0.008231132291257381
-0.00433662673458457
0.05981867387890816
-0.019661562517285347
0.017832204699516296
0.01579553447663784
-0.025460710749030113
-0.04000122472643852
0.018558183684945107
-0.0019120826618745923
0.03334207832813263
0.0008626289200037718
0.07796746492385864
-0.020263569429516792
0.018030893057584763
-0.09496716409921646
0.04647159203886986
-0.060960449278354645
0.03177131339907646
0.030459292232990265
0.07266408205032349
0.02676965855062008
-0.033343151211738586
0.04800422862172127
-0.03430888429284096
-0.023380611091852188
-0.0021450663916766644
-0.011940306052565575
-0.04396415129303932
-0.062054287642240524
-0.0014601917937397957
0.041021790355443954
0.01454899925738573
-0.0915331244468689
0.053844794631004333
-0.07402785122394562
0.04755806922912598
0.1119086891412735
0.03030354343354702
-0.0676659345626831
0.06271762400865555
0.012475481256842613
-0.0026949369348585606
0.042331695556640625
0.07641764730215073
-0.05485713109374046
0.04794341325759888
0.022033916786313057
-0.14803437888622284
0.07395309209823608
2.570959694197919e-33
0.006532799918204546
0.047633811831474304
-0.046450041234493256
0.003914750646799803
0.09962780773639679
-0.05608445033431053
0.03613346442580223
0.05247423052787781
0.015987489372491837
-0.051457829773426056
-0.05741222947835922
0.03156569227576256
0.09592606127262115
-0.0607772171497345
0.0689455196261406
-0.01073986105620861
0.0490826778113842
0.0037956624291837215
0.09065506607294083
-0.052890148013830185
-0.034733738750219345
-0.08148106187582016
0.08036115020513535
0.0877816304564476
-0.01970519870519638
0.0836600512266159
-0.039925817400217056
-0.05749553442001343
-0.002424877369776368
-0.042998433113098145
0.029177553951740265
0.04083522781729698
0.015878941863775253
0.051150958985090256
-0.055581919848918915
0.03503018617630005
-0.043306902050971985
0.055284980684518814
-0.03411167860031128
0.011290952563285828
0.039221182465553284
-0.05729153752326965
0.013009954243898392
0.043197888880968094
-0.02052534744143486
0.011244315654039383
0.07275702804327011
-0.0978749617934227
-0.0395946204662323
0.015683328732848167
-0.057904213666915894
-0.047197069972753525
-0.01243532169610262
-0.029045626521110535
0.05907221883535385
0.07797227054834366
-0.07969451695680618
-0.026338277384638786
0.006040344014763832
-0.04113058000802994
0.007744163274765015
-0.032038506120443344
0.01016597542911768
0.04826773330569267
0.022345423698425293
0.046309664845466614
-0.009939875453710556
-0.020096393302083015
-0.021260574460029602
0.02169222943484783
0.03759721294045448
-0.0884975865483284
-0.017619166523218155
0.033232901245355606
-0.011642156168818474
-0.009597514756023884
-0.08062365651130676
0.07686615735292435
0.0646481141448021
0.07325384765863419
0.013581393286585808
0.002478252397850156
-0.013076987117528915
0.01725977100431919
-0.028537144884467125
0.003751344745978713
0.023009106516838074
-0.0013329164357855916
-0.014814602211117744
0.025936465710401535
0.017275072634220123
-0.0009145691292360425
-0.026287121698260307
-0.07153432816267014
0.06710897386074066
-1.4870818354495441e-08
0.09349040687084198
0.02560756355524063
-0.04931320995092392
0.050965532660484314
0.010316158644855022
-0.07207777351140976
0.016978591680526733
0.020653313025832176
0.034053146839141846
0.0010330964578315616
0.004053224343806505
-0.0035230317153036594
0.043902795761823654
0.04621511697769165
0.03463519364595413
0.0077655017375946045
-0.10058502852916718
-0.04306377097964287
-0.03458087518811226
-0.012914891354739666
-0.002724775578826666
0.015686925500631332
0.02914706990122795
-0.008701200596988201
-0.02051308937370777
-0.017540695145726204
-0.07863274961709976
0.007563203107565641
0.021789954975247383
0.028597837314009666
0.012055867351591587
0.008112135343253613
-0.12717773020267487
0.060617055743932724
0.06762049347162247
-0.016611970961093903
-0.08414746820926666
0.011224890127778053
0.023211777210235596
-0.012030161917209625
-0.01303391344845295
0.08796870708465576
0.024305814877152443
0.09561486542224884
0.016053959727287292
0.0425092838704586
0.05382973328232765
-0.05093071609735489
-0.007568651344627142
-0.008304544724524021
-0.06441353261470795
-0.03690538555383682
0.03254656866192818
0.038428694009780884
-0.011393474414944649
0.033256303519010544
-0.01567605324089527
0.0038914880715310574
-0.1142444908618927
-0.024848131462931633
-0.11376836150884628
0.0575341135263443
-0.07206729054450989
0.025263695046305656
