0.00734506081789732
0.02357897348701954
0.01525315921753645
0.003291226690635085
0.05474194884300232
-0.01096007414162159
0.08965086191892624
-0.015682576224207878
-0.04267064109444618
0.02685973048210144
0.07434087991714478
-0.08762361109256744
-0.00739170890301466
0.14920659363269806
0.030071834102272987
0.08862784504890442
-0.014725064858794212
-0.08786296099424362
-0.0113788191229105
0.004099162295460701
-0.018799269571900368
0.08731698244810104
-0.03817135468125343
-0.042704131454229355
-0.08269243687391281
0.06920882314443588
0.037490569055080414
0.038501691073179245
-0.017815856263041496
0.017639055848121643
-0.011605823412537575
0.01459750160574913
-0.0076531898230314255
-0.08638425171375275
0.10199318081140518
0.00034263209090568125
-0.08757735043764114
-0.03475276008248329
0.039476264268159866
0.04644905403256416
-0.010472321882843971
0.06778635829687119
0.0029956784565001726
0.07172658294439316
0.0018177678575739264
-0.027710478752851486
0.07139106839895248
0.022976329550147057
0.07480085641145706
-0.03006032481789589
0.02875753864645958
-0.02576550468802452
-0.054027996957302094
0.0366528145968914
-0.06023895740509033
-0.0685177594423294
-0.11820825934410095
0.013541381806135178
-0.029668429866433144
-0.050514910370111465
0.10071400552988052
0.042628392577171326
0.03448548540472984
0.057511936873197556
-0.027006978169083595
0.007488688454031944
0.045948173850774765
0.00979148130863905
0.04424365982413292
0.033285051584243774
-0.01786668971180916
0.029333315789699554
0.006696039345115423
0.0895722508430481
-0.07334122806787491
-0.01602006144821644
0.05150999501347542
0.01863766834139824
0.010182357393205166
0.0246255025267601
-0.07546519488096237
-0.14405286312103271
-0.02018761821091175
0.010265580378472805
0.022930525243282318
0.026919374242424965
0.03615343198180199
0.016667718067765236
0.022948041558265686
0.04726438224315643
-0.0461815744638443
-0.04389297217130661
-0.07283016294240952
0.004693832714110613
-0.08316069841384888
-0.018531786277890205
-0.09048990905284882
0.06514322757720947
-0.03803950548171997
0.049537740647792816
-0.0455281026661396
-0.08552277088165283
-0.05469576269388199
0.010759925469756126
0.04445621743798256
-0.045881882309913635
-0.01954576186835766
0.05928527191281319
-0.0020353959407657385
0.01799294725060463
-0.05117074027657509
0.07876753062009811
0.04282815754413605
0.019471079111099243
0.0035689878277480602
0.004485633224248886
0.018032655119895935
-0.013278050348162651
0.01606203056871891
-0.008425073698163033
0.10999646037817001
-0.07415850460529327
0.015901219099760056
0.06201539933681488
0.006623275578022003
0.02044081501662731
-0.040053486824035645
-4.533427676428558e-33
0.07311481982469559
-0.028818009421229362
-0.0015192872378975153
-0.08758950978517532
-0.024013187736272812
-0.025127284228801727
-0.07064932584762573
0.0015554737765341997
-0.013902179896831512
0.010035771876573563
-0.013293251395225525
-0.01931091956794262
0.05151301994919777
-0.008880474604666233
0.02391757257282734
-0.0011338959448039532
0.055622633546590805
-0.050145044922828674
-0.04373694583773613
-0.08501341193914413
-0.014148563146591187
0.025171667337417603
-0.016220873221755028
-0.028916774317622185
-0.08773477375507355
0.07807093858718872
0.019383881241083145
-0.020236946642398834
0.0783998891711235
0.01598169095814228
0.00400265958160162
-0.1042427122592926
0.09944967180490494
0.02020103856921196
0.057322923094034195
0.07546796649694443
0.009615411050617695
0.024535639211535454
-0.030229633674025536
-0.08885197341442108
-0.03269054368138313
-0.01961393654346466
0.04493550583720207
0.033526547253131866
0.00021011539502069354
-0.08310025185346603
-0.07902480661869049
0.006872567813843489
0.045760251581668854
-0.04926164075732231
-0.019003326073288918
-0.03167932853102684
0.08811159431934357
0.055817559361457825
0.008974195457994938
0.03131686523556709
0.033296406269073486
-0.07015610486268997
-0.13155238330364227
-0.01861634850502014
0.008586730808019638
-0.05044380947947502
-0.018544409424066544
-0.01058373972773552
0.057982008904218674
0.008708834648132324
0.05404560640454292
-0.006369396112859249
-0.04683541879057884
-0.08191421627998352
-0.06355644762516022
0.05004805698990822
0.007973512634634972
-0.01626623421907425
-0.10934973508119583
0.008693736046552658
0.047293659299612045
-0.011248289607465267
-0.04936681315302849
0.051852576434612274
-0.060700226575136185
-0.029468011111021042
0.13193374872207642
0.08929091691970825
-0.018214568495750427
0.013132927007973194
0.0021654858719557524
-0.09823637455701828
0.05811566486954689
0.08068711310625076
-0.0660238265991211
0.043272715061903
0.02088301070034504
-0.10531356185674667
-0.005430443212389946
1.7501799472858725e-33
-0.036509618163108826
0.07818586379289627
-0.026903629302978516
-0.009060968644917011
0.048830002546310425
0.02567962557077408
0.05250658467411995
0.15520337224006653
-0.047369033098220825
-0.0565098337829113
-0.16027511656284332
-0.04806698486208916
-0.0792120099067688
-0.04094565659761429
0.046952489763498306
0.02235940285027027
0.07579649984836578
0.04291190952062607
0.060268934816122055
-0.016788233071565628
-0.03133787214756012
0.05366552993655205
0.08969645947217941
0.015498173423111439
0.027094410732388496
0.009698010981082916
0.034500207751989365
-0.0038487648125737906
-0.05241689831018448
-0.07091080397367477
-0.0020785287488251925
0.0780448168516159
0.06787952780723572
-0.028441261500120163
-0.05626099929213524
0.08759040385484695
0.0192918311804533
-0.03895333781838417
0.009785612113773823
0.024099774658679962
0.06168360263109207
-0.07256056368350983
-0.0035165848676115274
-0.007182050496339798
-0.08623844385147095
0.06737374514341354
-0.037878185510635376
0.044717468321323395
-0.08025076240301132
-0.007268662564456463
-0.034434814006090164
0.0598566010594368
-0.03171069920063019
0.04697582498192787
-0.03603517636656761
-0.06921150535345078
-0.017621949315071106
-0.0157158225774765
-0.00784284994006157
0.0025695364456623793
0.0459873341023922
-0.01457669772207737
-0.04833890497684479
0.009705615229904652
0.001530932728201151
0.07489597052335739
-0.04475119709968567
0.0064756120555102825
-0.08430518209934235
-0.014198577962815762
-0.015099206008017063
-0.06290934234857559
-0.10901502519845963
-0.008491047658026218
-0.01403829362243414
-0.07707131654024124
-0.10794702917337418
0.05637279525399208
-0.0240185484290123
0.039693683385849
0.018033841624855995
0.0915541723370552
-0.01106267236173153
0.05385187268257141
-0.018610965460538864
-0.0017028508009389043
-0.029157333076000214
-0.013281421735882759
-0.04578715190291405
-0.04311570152640343
0.0015291768359020352
0.034536417573690414
-0.045290958136320114
0.06337469071149826
-0.03786669671535492
-1.4442091078592512e-08
0.009327403269708157
0.021512938663363457
-0.03937653452157974
-0.0170736163854599
-0.01053803600370884
0.0695950984954834
0.05485302209854126
0.07174594700336456
0.019607702270150185
-0.031832221895456314
-0.048396166414022446
-0.052936483174562454
0.05121934413909912
0.014751121401786804
-0.060078103095293045
-0.006748364306986332
-0.012728080153465271
-0.04678843915462494
-0.022059045732021332
-0.0534418486058712
-0.030076120048761368
0.06235871464014053
0.016642466187477112
0.01856890134513378
-0.0369965098798275
-0.028961485251784325
-0.03543228283524513
0.025563063099980354
0.056436654180288315
0.10930518060922623
0.00048595841508358717
-0.027596840634942055
0.008536102250218391
-0.012010476551949978
-0.036493878811597824
0.0020367347169667482
0.007563261780887842
-0.013189133256673813
-0.03160439059138298
0.07976831495761871
-0.06516587734222412
0.05035196244716644
-0.0021721646189689636
0.0417596772313118
0.05284357815980911
-0.04929910972714424
0.06546944379806519
0.04143302142620087
0.03746122121810913
-0.0016729318303987384
0.008527117781341076
0.002061099512502551
-0.030780574306845665
-0.039229340851306915
-0.04044165834784508
-0.011303815059363842
-0.0031650844030082226
-0.03651220723986626
-0.06909587979316711
0.04971885681152344
0.024630647152662277
-0.07907778024673462
-0.021939292550086975
0.058063920587301254
