-0.046551913022994995
0.027732834219932556
-0.0460689552128315
0.03142821043729782
-0.03675822541117668
-0.02920575998723507
0.05587093532085419
-0.02052915468811989
0.009215748868882656
-0.05723019316792488
0.00887676514685154
-0.05700498819351196
-0.02936844900250435
0.09345895051956177
0.04383113980293274
0.05962685868144035
-0.04208651930093765
0.014695718884468079
-0.009332560002803802
0.13106971979141235
0.028703756630420685
0.042000796645879745
-0.09771305322647095
-0.015537234023213387
-0.06867314875125885
0.019299471750855446
0.026598460972309113
0.015999235212802887
0.04777956008911133
0.044301580637693405
0.044160399585962296
-0.0652964636683464
0.08201207965612411
0.012738394550979137
-0.04560254141688347
-0.04909801483154297
-0.07970571517944336
-0.02920384332537651
0.004250322934240103
0.04307116940617561
-0.004019545391201973
0.05001189187169075
0.032654374837875366
0.12868034839630127
0.025921648368239403
0.08683384954929352
-0.04659212753176689
0.053762465715408325
0.0510743111371994
0.0034124383237212896
-0.09584284573793411
-0.1028175875544548
0.012164155021309853
-0.04432712495326996
0.011473619379103184
0.02728254161775112
-0.015859663486480713
-0.027911480516195297
0.010514887049794197
-0.03517523035407066
0.08169812709093094
0.04008898511528969
0.014065813273191452
0.04229656234383583
0.03370506316423416
-0.005287759006023407
-0.049159642308950424
0.02511839009821415
0.013961592689156532
-0.05603576824069023
0.05115769803524017
-0.021800639107823372
0.002908700378611684
-0.01312288362532854
-0.05570602789521217
-0.0646480992436409
0.03050825744867325
0.025898398831486702
-0.016142264008522034
0.0029605538584291935
0.05467420071363449
-0.1386280059814453
-0.12179242074489594
-0.0012877719709649682
0.1227058470249176
-0.010165516287088394
0.08480134606361389
0.0005295692244544625
-0.13134761154651642
0.03116593509912491
-0.04025042802095413
-0.04595477506518364
0.007085161749273539
-0.08212985843420029
-0.04742374271154404
-0.010531846433877945
-0.11687620729207993
0.04089902341365814
0.016244202852249146
0.026432227343320847
0.004153181798756123
-0.0401109904050827
0.008074581623077393
0.01785665936768055
0.10955309122800827
0.029498497024178505
0.01937967911362648
0.07802264392375946
0.029102608561515808
-0.041082266718149185
-0.029538564383983612
0.02288748137652874
0.04517189785838127
0.08360841870307922
0.08066867291927338
-0.002978514414280653
0.009937470778822899
-0.06948156654834747
0.05256754532456398
-0.02844514697790146
0.02023525908589363
-0.04394397884607315
0.026719147339463234
-0.08696359395980835
0.016580047085881233
0.002769892103970051
0.0554049015045166
-7.368468788694427e-33
0.06584221124649048
-0.025442907586693764
-0.0768604427576065
-0.03928885981440544
0.030327215790748596
0.03398041054606438
-0.04383929446339607
-0.03589864820241928
-0.07343098521232605
-0.05003029853105545
0.0237355288118124
-0.017798366025090218
-0.02648068219423294
0.06237928569316864
-0.008029389195144176
-0.008834565989673138
0.07037832587957382
0.015705449506640434
-0.07358802855014801
-0.04014316946268082
0.06795812398195267
0.04881271719932556
-0.028080405667424202
-0.0686340481042862
0.005472175311297178
-0.0009762979461811483
0.012789231725037098
-0.0765649676322937
0.07673086225986481
0.024471266195178032
-0.04388581961393356
-0.0008646319038234651
-0.06688690930604935
-0.006724430713802576
0.04491936415433884
0.01427274290472269
-0.018103187903761864
0.003224131651222706
-0.03266679868102074
-0.061511535197496414
-0.03976895287632942
0.0010767256608232856
-0.04622845724225044
0.03441605716943741
-0.02715320698916912
-0.09634314477443695
0.028120193630456924
0.08243899792432785
0.02045810967683792
-0.0026736226864159107
0.0020748316310346127
-0.08792079240083694
-0.06980802118778229
-0.022115088999271393
-0.07631341367959976
0.038129549473524094
0.10876581072807312
0.01770068146288395
-0.038248274475336075
0.0023212330415844917
0.012137824669480324
-0.0027978024445474148
-0.006440459750592709
0.0484304316341877
0.06987214088439941
-0.020153086632490158
0.026042552664875984
-0.04146336019039154
-0.033126961439847946
-0.06539534032344818
-0.08721818774938583
-0.028221767395734787
0.020259670913219452
-0.06635827571153641
-0.021147260442376137
-0.014355354011058807
-0.003246189560741186
-0.01957002654671669
-0.1005244106054306
0.08996105939149857
-0.020468732342123985
0.09646283090114594
0.12925519049167633
-0.027636606246232986
-0.12184885144233704
0.12907031178474426
0.03818856552243233
0.048136115074157715
0.08410193026065826
0.027917763218283653
-0.055183280259370804
-0.04155344516038895
0.06684701144695282
-0.023166783154010773
0.04183665290474892
3.1112936723106304e-33
-0.034000858664512634
0.01705233007669449
0.046847060322761536
-0.006692841183394194
0.08385733515024185
0.005404056515544653
0.03534048795700073
0.08321599662303925
-0.027788544073700905
-0.019598456099629402
-0.06823630630970001
-0.024538030847907066
0.0864458978176117
0.033338647335767746
0.034182094037532806
0.002263775561004877
-0.056166790425777435
0.038882434368133545
0.017349788919091225
-0.015130959451198578
0.07308246940374374
-0.04039190337061882
0.08318781107664108
0.06487002968788147
-0.00766052445396781
0.05221136286854744
-0.005135774612426758
0.03312534838914871
0.053386036306619644
-0.02081766352057457
-0.10224802047014236
0.10247937589883804
0.014099253341555595
-0.05740709975361824
-0.05456558242440224
0.06296869367361069
-0.04027014970779419
0.0517195388674736
-0.006332132034003735
0.10934915393590927
-0.0042999363504350185
-0.010583905503153801
-0.016189908608794212
-0.052478205412626266
-0.0009805308654904366
0.011556165292859077
0.026981132104992867
-0.05916019156575203
-0.11492137610912323
-0.01014834176748991
-0.058195680379867554
0.017180118709802628
-0.013215489685535431
-0.03511013463139534
0.0157169122248888
-0.025258086621761322
0.005122299771755934
0.056504085659980774
-0.008183957077562809
0.029048144817352295
-0.042261071503162384
0.002968037035316229
-0.027330387383699417
-0.005747751798480749
-0.05519520863890648
0.0665849894285202
0.01055145263671875
0.06377144157886505
-0.03553309664130211
-0.06132253631949425
-0.016711590811610222
-0.0008145389729179442
-0.07599131017923355
-0.015309927053749561
0.08411060273647308
-0.06422629952430725
-0.08523374050855637
-0.05314125493168831
0.0022652940824627876
0.03961821645498276
-0.002636933932080865
0.04167954623699188
0.04709397256374359
0.05303389951586723
-0.0979980081319809
-0.016930757090449333
0.0416533425450325
-0.04245651513338089
-0.06335996836423874
-0.04730863869190216
-0.09296543151140213
0.04415488615632057
0.0038702385500073433
-0.06273157894611359
-0.002035564510151744
-1.877086752699597e-08
0.008525935932993889
0.01234832126647234
0.041095368564128876
-0.030108623206615448
0.0034632463939487934
-0.03535923734307289
-0.0823134258389473
-0.016587818041443825
0.013234510086476803
0.02842016890645027
-0.057390980422496796
0.00025428738445043564
0.02253101021051407
0.00788128562271595
-0.034392792731523514
0.04515531286597252
-0.024454761296510696
-0.10812056064605713
0.010037564672529697
-0.0278086606413126
0.03270948305726051
0.02236691303551197
-0.034511636942625046
0.022534623742103577
0.02128632552921772
0.06274119764566422
-0.04078049957752228
0.0764285996556282
-0.0009133876883424819
0.06173301860690117
-0.02730674110352993
0.04625866562128067
-0.08056650310754776
-0.04492916539311409
-0.017001923173666
0.014183443039655685
0.07184034585952759
0.006547624710947275
-0.036136459559202194
-0.028491774573922157
-0.0015381048433482647
0.050895825028419495
-0.03105555661022663
0.08408164232969284
0.05494089052081108
0.054780930280685425
0.10405153036117554
-0.06491390615701675
0.007122988812625408
-0.06725498288869858
0.022515852004289627
-0.07663498818874359
0.000551106408238411
-0.009777418337762356
-0.07901445031166077
0.023845208808779716
-0.035741306841373444
-0.05187968164682388
-0.002787511795759201
0.016846386715769768
0.013239573687314987
-0.036274105310440063
0.04345652088522911
0.07626626640558243
