-0.03640172630548477
0.02326526865363121
-5.2254406909924e-05
0.055021021515131
-0.062261566519737244
0.006412127986550331
-0.02390921302139759
0.026696007698774338
0.031562138348817825
-0.03618629276752472
0.02908366546034813
-0.071721151471138
0.0020902093965560198
0.07602457702159882
0.03980441018939018
0.07168208807706833
-0.0459601990878582
-0.03028411790728569
-0.024687593802809715
0.15907126665115356
0.013204619288444519
0.037622496485710144
-0.09213253855705261
0.03095562383532524
-0.03273184224963188
0.008809090591967106
-0.022792883217334747
-0.019983388483524323
-0.02000093273818493
0.05762595310807228
0.009825038723647594
-0.06507419794797897
0.0439845509827137
0.02899862639605999
0.027817990630865097
-0.004255961161106825
0.0009604112128727138
-0.023949911817908287
0.01892426609992981
-0.019439302384853363
-0.03910355269908905
0.058451760560274124
0.006382150109857321
0.08540455251932144
0.031647175550460815
-0.021868297830224037
-0.06256906688213348
0.08338124305009842
0.04383555427193642
0.07496863603591919
-0.06540219485759735
-0.08274529129266739
-0.03212253376841545
-0.05954211577773094
0.005645428318530321
0.02929943986237049
-0.06020835041999817
-0.07435068488121033
0.030583612620830536
-0.009552923031151295
0.09709665924310684
0.04957176372408867
-0.008005446754395962
0.050980594009160995
-0.07268036901950836
-0.01052593532949686
0.02108125202357769
0.09195570647716522
-0.03294488042593002
-0.029797671362757683
-0.009964119642972946
-0.05353819578886032
-0.008388220332562923
-0.007284666411578655
-0.05777496099472046
-0.010116185992956161
-0.0007864476647228003
0.025958003476262093
-0.015464067459106445
-0.04508640617132187
-0.012608068063855171
-0.15277054905891418
-0.0887405276298523
-0.03390929102897644
0.11971548199653625
0.00018630620616022497
0.06390123814344406
0.025649946182966232
-0.03525592386722565
-0.031101945787668228
-0.005634792149066925
-0.06979291141033173
0.014539719559252262
-0.07076344639062881
0.023777799680829048
-0.07422719895839691
-0.1054869145154953
0.043306391686201096
0.05159161984920502
-0.0023598833940923214
-0.007048283237963915
0.0014870493905618787
0.03210145980119705
-0.044571660459041595
0.10192298144102097
0.043004751205444336
0.019595060497522354
0.0552232526242733
0.07436323165893555
-0.00724204583093524
-0.020169541239738464
-0.0013768773060292006
0.08696066588163376
0.11568533629179001
0.05942609906196594
0.04998992383480072
0.007608796935528517
-0.024864500388503075
0.0340239517390728
0.010164163075387478
-0.04975302517414093
-0.07464838773012161
0.03473164141178131
-0.09600947052240372
0.0067716483026742935
-0.04257966950535774
-0.004238327033817768
-8.089972527549762e-33
0.08620935678482056
-0.056202810257673264
-0.1106702908873558
-0.01731281541287899
-0.012482460588216782
-0.02065751515328884
-0.07575525343418121
-0.031090011820197105
-0.04552388936281204
-0.046019431203603745
-0.018280135467648506
0.021495839580893517
0.06006995588541031
0.01097311545163393
0.08381934463977814
-0.0020462479442358017
0.04627116397023201
0.02027524821460247
-0.02172107622027397
-0.05687126889824867
0.04560544341802597
0.05759211629629135
0.03940599039196968
-0.01702631078660488
-0.031053053215146065
-0.0284446831792593
-0.007016502786427736
-0.06412746757268906
0.036250486969947815
0.03016563132405281
-0.06197747588157654
-0.01875477097928524
-0.0457150861620903
0.031144190579652786
0.034681208431720734
0.06024754419922829
0.020887091755867004
0.001000483869574964
-0.014267386868596077
-0.0311520304530859
-0.038125425577163696
-0.039253879338502884
-0.01035516057163477
-0.028323767706751823
-0.018090900033712387
-0.032862208783626556
-0.050905827432870865
0.06646150350570679
0.012206531129777431
-0.033141717314720154
0.0026131588965654373
-0.04184532165527344
-0.11584725975990295
0.0637206882238388
-0.055463407188653946
0.026523957028985023
0.04300485923886299
-0.00043087074300274253
-0.054651036858558655
-0.024183107540011406
0.011897004209458828
-0.022280065342783928
-0.01570204459130764
-0.05946751683950424
0.042661797255277634
0.02264055423438549
0.07301642000675201
0.01484731025993824
-0.049556341022253036
-0.05185651406645775
-0.038102809339761734
-0.04431009665131569
0.03306126594543457
-0.08185049891471863
-0.014091127552092075
0.0025003403425216675
0.027742324396967888
-0.046632904559373856
-0.021101752296090126
0.09929487854242325
0.05379440262913704
0.07896631956100464
0.06699173897504807
-0.017678391188383102
-0.06952204555273056
0.06156554073095322
0.041913505643606186
0.09813068062067032
0.03311263397336006
0.001438115956261754
-0.05248679593205452
0.017077866941690445
0.05676373094320297
-0.12798437476158142
0.05116110295057297
4.19664597352408e-33
-0.04731179028749466
0.010241921059787273
0.04875640571117401
-0.006601457018405199
0.005071989726275206
0.014148860238492489
0.04823405295610428
0.09418965131044388
0.01721479371190071
0.005500361323356628
-0.07856868207454681
-0.07063356041908264
0.03793405741453171
-0.005915889982134104
0.003944887779653072
-0.04820859432220459
0.029016569256782532
0.04224243387579918
0.04442150890827179
-0.06911668926477432
0.07669176161289215
-0.015421822667121887
0.0646926760673523
0.12486517429351807
0.04337620362639427
0.056900087743997574
-0.027405766770243645
0.0009625216480344534
0.00120546983089298
-0.00806176196783781
-0.031597331166267395
0.1196572408080101
-0.009083048440515995
-0.03516760095953941
0.018090158700942993
0.06395146995782852
-0.06516911089420319
0.027811361476778984
0.0024697945918887854
0.06066160649061203
-0.012616634368896484
-0.0546344593167305
-0.013436779379844666
0.0013611079193651676
-0.019803548231720924
-0.013700119219720364
0.06561149656772614
-0.04560520872473717
-0.1024380475282669
-0.061320867389440536
0.01781507208943367
0.030167317017912865
-0.02802322804927826
-0.0415288545191288
-0.007960578426718712
-0.08331755548715591
0.04815749078989029
0.0580713152885437
0.024134574458003044
-0.009233860298991203
-0.06678513437509537
-0.012529827654361725
-0.0065613361075520515
-0.02815680392086506
-0.038932882249355316
0.05455690249800682
0.0365045890212059
0.059006888419389725
0.01231028139591217
-0.03186086192727089
-0.0573621429502964
0.07613524049520493
-0.031110046431422234
-0.053765669465065
0.07199490815401077
-0.10755880922079086
-0.11238563805818558
-0.07768896967172623
0.012936390936374664
0.05415059253573418
0.038911473006010056
0.0748545452952385
0.06219315528869629
0.08805237710475922
-0.06682361662387848
-0.05110317841172218
0.04531107842922211
-0.04829544946551323
-0.033848825842142105
-0.05367531254887581
-0.09177596122026443
0.02710033766925335
0.07347306609153748
-0.049905434250831604
-0.03287089243531227
-1.557849493849517e-08
0.06345387548208237
0.05923246219754219
0.018517985939979553
0.0006679964135400951
-0.02265734039247036
-0.027319835498929024
-0.08134011179208755
0.0802711769938469
0.01437902357429266
0.007213827688246965
0.001846264349296689
0.023948466405272484
0.012305986136198044
0.009542630985379219
-0.04120036959648132
0.026015054434537888
-0.0008037029183469713
-0.06071857362985611
0.007661249488592148
-0.005093675572425127
0.030491843819618225
0.012973734177649021
0.03028051368892193
0.014933314174413681
-0.024018242955207825
0.04867950826883316
-0.006946489214897156
0.017772438004612923
0.05929901450872421
0.06461337208747864
-0.05309560149908066
-0.04231886565685272
-0.07901883125305176
-0.025960126891732216
0.010005198419094086
-0.02347366139292717
0.09929869323968887
-0.008542675524950027
-0.0499524362385273
0.006448677275329828
-0.04959508031606674
0.057799920439720154
-0.056995805352926254
0.09301295131444931
0.07757420837879181
0.010238409042358398
0.08455278724431992
0.0002542386937420815
-0.057428035885095596
-0.06398753076791763
-0.02710321731865406
-0.004253015853464603
-0.014484770596027374
-0.029835224151611328
-0.14376117289066315
-0.012401917017996311
-0.05862835422158241
-0.11384644359350204
-0.054360292851924896
0.07154902070760727
0.024775216355919838
0.00014606551849283278
0.09418109059333801
0.05588868632912636
