0.0036286464892327785
-0.03282120078802109
-0.0006564403302036226
0.04273802787065506
0.03460022434592247
-0.0036772664170712233
0.02781389094889164
-0.05837525427341461
-0.003148209536448121
-0.008753626607358456
0.05472058802843094
-0.10800675302743912
-0.01716826669871807
0.0881122574210167
0.010999832302331924
0.06329842656850815
-0.06932394951581955
-0.09292629361152649
-0.025217024609446526
0.008726629428565502
-0.012269765138626099
0.06025275960564613
-0.036726318299770355
0.010660414583981037
-0.07646864652633667
0.05754297971725464
-0.009241729974746704
0.025405053049325943
-0.010164385661482811
0.0025617810897529125
-0.010458793491125107
0.028352126479148865
0.04154962673783302
-0.052548348903656006
0.06941428780555725
0.06191447004675865
-0.07250142842531204
-0.052512671798467636
0.01820511370897293
0.09371360391378403
-0.037761274725198746
0.12231143563985825
-0.007947169244289398
0.1041284054517746
-0.0017216152045875788
0.0077781593427062035
0.03819434344768524
0.061995729804039
0.03469380736351013
-0.011984639801084995
0.05645736679434776
-0.04015063866972923
-0.04492408409714699
0.06560710817575455
0.00822540558874607
-0.05926985293626785
-0.11302006244659424
-0.0410500094294548
-0.03893057629466057
-0.08577854931354523
0.15044738352298737
0.033071085810661316
0.09139226377010345
0.058576103299856186
-0.09176123142242432
0.0740775391459465
0.037500955164432526
0.0939706563949585
0.001373765291646123
-0.031412821263074875
-0.009459090419113636
-0.008957238867878914
-0.001485570683144033
0.09957503527402878
-0.07932867109775543
0.04265434667468071
0.01750457100570202
-0.0018825907027348876
-0.06747477501630783
0.013111819513142109
-0.036987483501434326
-0.11914034187793732
-0.061867017298936844
0.023349810391664505
0.08969447016716003
0.002998444950208068
0.03602297231554985
0.01673574186861515
-0.033632371574640274
0.06462951004505157
-0.009573815390467644
-0.010720029473304749
-0.032200317829847336
-0.02170425094664097
-0.024636870250105858
-0.06362677365541458
-0.03891203552484512
0.06890813261270523
0.03975431248545647
0.02771488018333912
0.013925732113420963
-0.07744207978248596
-0.049673933535814285
0.007777456194162369
0.02102886140346527
-0.04800442233681679
-0.017276741564273834
0.08461954444646835
0.043172404170036316
-0.008244140073657036
-0.03989098593592644
0.05745718255639076
0.0571453757584095
0.035061612725257874
-0.01916261948645115
-0.06397300213575363
-0.02062319964170456
-0.004643074702471495
0.06183812394738197
0.04218687489628792
0.09224720299243927
-0.02100526914000511
0.05511483922600746
-0.00603936892002821
0.032788876444101334
0.0813911035656929
-0.06236249580979347
-5.1289114413780354e-33
0.04565025493502617
-0.029217777773737907
-0.06796523928642273
-0.06517699360847473
-0.0813697874546051
-0.0756339356303215
-0.05413741618394852
0.040781229734420776
-0.07546728104352951
-0.07528707385063171
-0.04574640840291977
-0.01057120505720377
0.09098608046770096
0.006991778966039419
0.038414619863033295
-0.040084026753902435
0.02529033087193966
-0.0013167092110961676
-0.006600361317396164
-0.08854219317436218
-0.011268561705946922
0.05817092955112457
0.026706140488386154
-0.052477117627859116
-0.09806927293539047
0.015650104731321335
-0.025564923882484436
-0.060045331716537476
0.06566978991031647
0.029803594574332237
0.021967552602291107
-0.0863894671201706
0.006724662613123655
0.02995407208800316
0.01860875077545643
0.08324484527111053
0.028750555589795113
-0.013444929383695126
0.03333329036831856
-0.03261014074087143
-0.0055338540114462376
-0.04006541147828102
0.008279651403427124
-0.004213654901832342
0.03523821756243706
-0.03327776491641998
-0.13013078272342682
0.03233920410275459
0.025615466758608818
0.014896837063133717
-0.06843429803848267
-0.07992953807115555
0.053010243922472
0.03664476424455643
0.009941158816218376
-0.011680670082569122
0.009110151790082455
-0.022558314725756645
-0.1339179277420044
-0.04148026555776596
-0.014346464537084103
-0.043938565999269485
-0.07138966023921967
-0.04705488309264183
0.0799514427781105
0.03933463618159294
0.05416030064225197
-0.035956207662820816
0.012102285400032997
-0.07294619083404541
-0.048071522265672684
0.03032694198191166
-0.015124698169529438
0.0018459075363352895
-0.04907768964767456
0.019496100023388863
0.033560995012521744
0.0046407850459218025
-0.07608556747436523
0.10897333920001984
0.008817870169878006
-0.0066860695369541645
0.08365735411643982
0.042315468192100525
-0.009198633022606373
0.038812413811683655
0.024935109540820122
-0.0351606160402298
0.07358290255069733
0.015802472829818726
-0.09363576769828796
0.036353617906570435
0.03735408931970596
-0.07387633621692657
-0.019408095628023148
2.3654636288780053e-33
0.0042167301289737225
0.11436205357313156
0.019007520750164986
-0.02313815988600254
0.027123304083943367
0.03795331344008446
-0.001795914489775896
0.12635961174964905
-0.02809217758476734
-0.02929851971566677
-0.14167377352714539
-0.01939152181148529
-0.009125621989369392
-0.030111780390143394
-0.03403322771191597
-0.05336327478289604
0.07752300798892975
0.023471983149647713
0.1057126522064209
-0.059829242527484894
0.0014234946575015783
-0.005711438599973917
0.0969528779387474
0.059299442917108536
0.05682221055030823
-0.0007889934931881726
0.028530439361929893
0.005897436290979385
0.04038233309984207
-0.021999698132276535
0.06356827914714813
0.0795881375670433
0.012031419202685356
0.01490079052746296
-0.016606109216809273
0.08181512355804443
-0.03328360989689827
0.07934986799955368
0.0012170402333140373
0.04024470970034599
0.026798555627465248
-0.020324379205703735
-0.021194512024521828
-0.008084079250693321
-0.05696021765470505
0.020847981795668602
0.03481217473745346
0.04751291498541832
-0.10298874974250793
0.027381999418139458
-0.08237988501787186
0.02380160056054592
0.031151216477155685
0.03719993308186531
0.004110787529498339
-0.04986025020480156
0.018570993095636368
-0.011397955007851124
-0.012004684656858444
-0.03911984711885452
-0.012763013131916523
-0.033263564109802246
0.030142562463879585
-0.007127617485821247
-0.052740003913640976
0.017970474436879158
-0.014611930586397648
0.022243918851017952
-0.05236659571528435
-0.013354851864278316
-0.011849194765090942
-0.06133275106549263
-0.07346481829881668
-0.05829576030373573
0.04047932103276253
-0.11101838946342468
-0.14094656705856323
-0.03138766810297966
-0.04136766493320465
0.053350646048784256
0.05704573914408684
0.10054557025432587
0.01670335792005062
0.06767208874225616
-0.06783661246299744
0.011877574026584625
-0.0012014422100037336
0.021716266870498657
-0.0479581281542778
0.007769017945975065
-0.014609799720346928
0.0029817637987434864
0.04186267405748367
-0.004157829098403454
-0.0646652951836586
-1.5948197429338506e-08
0.06987516582012177
0.003103839699178934
0.0018246177351102233
0.02608971670269966
0.016146674752235413
-0.010158552788197994
-0.038973368704319
0.0738067701458931
0.062001194804906845
-0.007618003990501165
0.06327691674232483
-0.06142200529575348
0.08121775835752487
0.0006175069138407707
-0.04833289980888367
0.016196822747588158
-0.0216575525701046
-0.04359282925724983
0.01217713113874197
-0.02513592131435871
0.006760641001164913
-0.005882518365979195
-0.01637718267738819
-0.023131662979722023
0.006356008350849152
-0.03572209179401398
-0.058612290769815445
-0.033143121749162674
0.021064525470137596
0.05399356409907341
-0.05576542392373085
-0.026380764320492744
0.00917752180248499
0.034068264067173004
-0.05903896689414978
-0.006086080800741911
-0.03924068808555603
0.019861634820699692
-0.01622459664940834
0.022590143606066704
-0.05228564143180847
0.09577551484107971
0.0353209525346756
0.05873582512140274
0.05673985183238983
-0.049085456877946854
0.07347993552684784
0.03866194188594818
-0.02655968815088272
-0.08462640643119812
0.0009385483572259545
-0.015969203785061836
-0.0730029046535492
0.011437354609370232
-0.11645803600549698
0.01120018120855093
-0.031225265935063362
-0.03799982741475105
-0.06529100984334946
0.026480721309781075
-0.029347002506256104
-0.048895254731178284
-0.0034781531430780888
0.027140522375702858
