0.04301828518509865
-0.031875040382146835
-0.03300786763429642
-0.0353306345641613
0.036043792963027954
-0.024233780801296234
0.06353294104337692
-0.052533186972141266
0.01985495164990425
-0.03990532457828522
0.014919853769242764
-0.1283617913722992
-0.0259199608117342
0.05560849606990814
0.019893093034625053
-0.04193565621972084
-0.03973490372300148
-0.061706602573394775
-0.03395022079348564
-0.05503859743475914
-0.09377983212471008
0.04403836652636528
-0.013758893124759197
-0.02692391164600849
0.004552606027573347
0.0542481355369091
-0.03276566043496132
0.009782280772924423
-0.022772010415792465
0.03474368527531624
-0.01603548787534237
0.03422783315181732
0.0362074114382267
-0.026640040799975395
0.022435612976551056
0.10015947371721268
-0.07234133780002594
-0.08433901518583298
-0.025445571169257164
0.043565649539232254
-0.04331415519118309
0.04117105156183243
-0.011798675172030926
0.08204956352710724
0.002916827565059066
0.09269219636917114
0.014192402362823486
-0.006738356780260801
0.014870086684823036
0.003012916771695018
-0.02329510636627674
-0.012918089516460896
-0.01436618436127901
0.04527315869927406
0.03919660300016403
0.011455317959189415
-0.07703302055597305
-0.0359027236700058
-0.04231182485818863
-0.08817180246114731
0.07822803407907486
-0.021318776533007622
0.07263975590467453
0.06581365317106247
-0.0952194482088089
0.06959276646375656
0.020525885745882988
0.028942067176103592
0.02264096587896347
-0.050073008984327316
0.02751023694872856
-0.0223371759057045
0.002736178459599614
-0.02380060963332653
-0.0711086317896843
-0.005937638226896524
-0.01945951022207737
0.0017394673777744174
-0.02736995369195938
0.01764829456806183
-0.012226185761392117
-0.054348722100257874
0.013345383107662201
-0.002373229945078492
0.059006091207265854
0.030687754973769188
0.11594389379024506
-0.04987476021051407
-0.07017950713634491
-0.03492816910147667
0.006724659353494644
0.032021600753068924
-0.012607998214662075
-0.029264375567436218
-0.03725896403193474
-0.0441443957388401
0.03598753735423088
-0.026380326598882675
0.0778411328792572
0.03664848208427429
0.06538688391447067
-0.06887387484312057
-0.033899080008268356
0.008114781230688095
0.01116479653865099
-0.07344625145196915
-0.019857138395309448
0.05868804454803467
0.047019798308610916
-0.009515050798654556
-0.005836994852870703
-0.016914790496230125
0.0848047286272049
0.05958244577050209
-0.029954491183161736
-0.027510004118084908
-0.0263347364962101
-0.01605956256389618
0.035877980291843414
0.10962584614753723
0.013578006997704506
-0.06053874269127846
0.07565026730298996
-0.019264766946434975
0.022301441058516502
0.11978096514940262
-0.07008383423089981
-6.73171672316544e-33
0.04018833115696907
-0.0716697946190834
-0.06966827809810638
-0.09091972559690475
0.049673084169626236
-0.05283942073583603
-0.00023546557349618524
0.021587273105978966
0.02326088398694992
-0.08613598346710205
-0.0009439261630177498
-0.005319332238286734
0.030256684869527817
-0.02774721197783947
0.06417813897132874
0.014163422398269176
-0.022284075617790222
0.05373980477452278
-0.06236498802900314
-0.021043136715888977
0.03734418377280235
0.04718661308288574
0.027585485950112343
-0.08445838838815689
-0.0706905648112297
-0.042464472353458405
-0.05017933249473572
-0.04438550025224686
0.08039199560880661
0.07097920030355453
0.06773277372121811
-0.13875283300876617
-0.06541828066110611
0.0178267490118742
0.029991917312145233
0.014241127297282219
-0.0010271982755512
0.00022272736532613635
0.041899580508470535
0.03148941695690155
0.007495079655200243
-0.06836166977882385
0.00379824242554605
-0.03520219027996063
0.005541766993701458
-0.013944519683718681
0.0007631469634361565
0.0814799815416336
-0.06955032050609589
0.0313149094581604
-0.06195586174726486
-0.1221662238240242
0.006773907691240311
0.0559154637157917
-0.012239507399499416
-0.02480507828295231
-0.0709250345826149
0.015055057592689991
-0.07903150469064713
0.023707186803221703
-0.08180712908506393
0.015287472866475582
-0.07493603974580765
-0.05158042907714844
0.054306864738464355
0.03527252376079559
0.01852726750075817
0.006349836941808462
0.037413354963064194
-0.04983694106340408
-0.0004065194516442716
0.008570576086640358
-0.06969999521970749
-0.007907673716545105
-0.034799087792634964
0.033602338284254074
0.04369412362575531
-0.04582579433917999
-0.07537548989057541
0.07443202286958694
0.0379633866250515
0.1328342705965042
0.05257214605808258
-4.864496804657392e-05
-0.08709917962551117
0.038218334317207336
0.011650389060378075
-0.010499497875571251
0.016176968812942505
-0.0004961579688824713
-0.057938989251852036
0.014291223138570786
0.045857060700654984
-0.08412434160709381
0.03699643909931183
3.670482579810531e-33
0.0004372771945782006
0.050391629338264465
0.0021745902486145496
0.00225489167496562
0.04500539228320122
-0.009860144928097725
0.08312013745307922
0.09098123759031296
0.08702646940946579
-0.02275584638118744
-0.0850418210029602
0.02168808877468109
-0.008567741140723228
0.028619935736060143
-0.03215472772717476
-0.10574963688850403
0.04543248936533928
-0.02293834276497364
0.12500639259815216
-0.01876121386885643
0.006911708973348141
-0.0566946379840374
0.10982181876897812
0.1790098398923874
0.09402807056903839
0.02723473496735096
-0.016223279759287834
-0.06588428467512131
0.04452722147107124
0.021937904879450798
0.04455608129501343
0.05296478047966957
0.015866056084632874
0.11384622752666473
0.017510326579213142
0.027481015771627426
0.05858933553099632
0.056215837597846985
-0.03658929094672203
0.06690319627523422
0.05930893123149872
-0.02633046731352806
0.01900421269237995
0.019868796691298485
-0.019087158143520355
0.001827394706197083
0.06780212372541428
0.021352726966142654
-0.08926542848348618
0.05474499985575676
-0.09413031488656998
-0.053537532687187195
0.07104156166315079
-0.03295283392071724
0.05321132764220238
-0.012419813312590122
0.04385802522301674
0.024263201281428337
-0.03566649556159973
-0.023419518023729324
-0.06076542288064957
-0.029095381498336792
0.06458773463964462
0.05620287358760834
-0.04009755700826645
0.07261497527360916
0.024340596050024033
-0.00963971670717001
0.01895257458090782
-0.056414660066366196
-0.036411188542842865
-0.07350220531225204
-0.031942833214998245
-0.05500110611319542
0.034261129796504974
-0.1061248928308487
-0.061262425035238266
0.028303299099206924
0.02613595686852932
0.02375614643096924
0.04998753219842911
0.07126245647668839
0.01973120868206024
-0.03146932274103165
-0.05815228074789047
-0.03572392091155052
0.03178279101848602
-0.017937149852514267
-0.035786017775535583
0.002249708864837885
-0.0008846667478792369
-0.022720426321029663
-0.02229185402393341
0.04560570418834686
0.013605502434074879
-1.4962388661388104e-08
0.10130082815885544
0.001962060574442148
-0.009617612697184086
0.0609443224966526
0.04723205044865608
-0.12071944773197174
0.022552574053406715
-0.0012480325531214476
0.07490811496973038
-0.044797588139772415
0.01707097701728344
-0.027357444167137146
0.053540874272584915
-0.01312281470745802
-0.009663751348853111
0.07276776432991028
0.00452717300504446
-0.09593562036752701
-0.030891846865415573
0.027655959129333496
0.008724386803805828
-0.08141741156578064
0.02703256718814373
-0.033232491463422775
-0.0056275357492268085
-0.014623941853642464
-0.053232770413160324
-0.05930372700095177
0.016712510958313942
0.010808037593960762
-0.05729673430323601
-0.020046640187501907
-0.025348667055368423
0.07014433294534683
0.014346161857247353
-0.025911221280694008
-0.0388939268887043
0.03274570032954216
-0.036811068654060364
-0.015415240079164505
-0.04869211092591286
0.0749712660908699
0.0648728683590889
-0.012932563200592995
0.04385017976164818
0.015923606231808662
0.06538442522287369
-0.039161887019872665
-0.01742115616798401
-0.06174757704138756
-0.0028786149341613054
-0.02065926231443882
0.012035615742206573
0.050032954663038254
-0.12110119313001633
0.0181585680693388
-0.026148607954382896
-0.08312537521123886
-0.09400676935911179
0.012800204567611217
-0.058289144188165665
0.075828917324543
0.026870712637901306
0.02289857342839241
