-0.01698264293372631
0.02417619712650776
-0.026697032153606415
0.03116687946021557
-0.0474429652094841
-0.0119650699198246
-0.0005703592905774713
0.04047685116529465
-0.01815165765583515
-0.022875770926475525
0.05871080979704857
-0.06444016098976135
-0.037746232002973557
0.09747500717639923
0.002560318447649479
0.07178259640932083
-0.005910973995923996
0.026429150253534317
-0.015964500606060028
0.09435008466243744
0.016532666981220245
0.03619522228837013
-0.05287432670593262
0.041015878319740295
-0.03990081325173378
0.0006135650910437107
-0.035948850214481354
0.008918414823710918
0.004320696461945772
-0.023130027577280998
0.01602993905544281
-0.012769886292517185
0.06837023049592972
0.056513942778110504
0.03722739964723587
-0.011294590309262276
-0.07359568774700165
-0.021131539717316628
0.08613196015357971
0.03407469764351845
0.019329626113176346
0.07835736870765686
0.057893089950084686
0.05629328638315201
0.08646832406520844
0.010234395042061806
-0.046868082135915756
0.058869119733572006
0.04390003904700279
0.029880046844482422
-0.12175533175468445
-0.0619480200111866
-0.04277878627181053
0.013278528116643429
-0.006285321898758411
-0.04592139273881912
-0.014505288563668728
-0.07774228602647781
-0.004836627282202244
-0.03553429991006851
0.05328363552689552
0.06809213012456894
0.013259535655379295
0.07312113791704178
-0.05046515166759491
-0.01294743362814188
-0.009699078276753426
0.030881326645612717
-0.07184148579835892
0.009967370890080929
0.03612402826547623
-0.05516417324542999
-0.04143141210079193
0.05434510111808777
-0.022719327360391617
-0.08147827535867691
0.010093568824231625
0.07819336652755737
0.020865341648459435
0.031157707795500755
0.05422189459204674
-0.12595686316490173
-0.11739550530910492
-0.015208279713988304
0.12452393770217896
0.001691028825007379
0.05363037809729576
0.019987715408205986
-0.07531248778104782
0.03329939395189285
-0.03883819654583931
-0.026154758408665657
-0.012464542873203754
-0.04252776503562927
-0.008684051223099232
-0.0574265755712986
-0.09915818274021149
-0.005715969484299421
0.029966874048113823
0.04366088658571243
0.03146687522530556
0.02976502850651741
0.016378575935959816
-0.021530881524086
0.09753387421369553
-0.0077584730461239815
0.006306435447186232
0.09942227602005005
0.06606211513280869
-0.0632396787405014
-0.0016757231205701828
0.024405701085925102
0.09239242970943451
0.13728414475917816
0.07983636111021042
0.019521603360772133
-0.0002891658805310726
0.0018797004595398903
0.0548393577337265
0.015327107161283493
0.01544207613915205
-0.07950791716575623
0.010313676670193672
-0.08284823596477509
-0.026859909296035767
0.05636680871248245
0.06055855751037598
-6.406868124631732e-33
0.07539253681898117
-0.0665525421500206
-0.08927443623542786
-0.00916105043143034
-0.002555754967033863
0.024058597162365913
-0.04636508598923683
0.04583803191781044
-0.0973864272236824
-0.030676715075969696
-0.018759647384285927
-0.04158598929643631
-0.005756727419793606
0.09625289589166641
0.044324081391096115
0.02027214877307415
0.04225171357393265
0.08463678508996964
-0.06987009197473526
-0.08890999108552933
0.05721200630068779
0.05863259360194206
0.04361036792397499
-0.039607901126146317
0.008815109729766846
-0.014328200370073318
-0.014671824872493744
-0.05923599377274513
0.013213245198130608
0.03776615858078003
-0.05417967215180397
-0.04898248612880707
-0.03914666548371315
-0.01268156711012125
0.04078124463558197
0.0076308464631438255
0.0021665506064891815
-0.05494680628180504
0.023182345554232597
-0.060899071395397186
-0.0282574575394392
-0.051171448081731796
-0.02808484062552452
-0.006860775873064995
-0.04204869642853737
-0.006942290812730789
-0.034607984125614166
0.06938469409942627
-0.0018486047629266977
-0.017823392525315285
0.02842356264591217
-0.0678771361708641
-0.05791862681508064
0.03919292613863945
-0.05262617766857147
0.045502159744501114
0.09567344188690186
0.033153433352708817
-0.024565691128373146
-0.003500379156321287
-0.027258940041065216
-0.031024839729070663
-0.015152680687606335
0.06534720957279205
0.061606451869010925
0.02314349077641964
0.03140421584248543
-0.05481090769171715
-0.0019015423022210598
-0.10035768896341324
-0.06895246356725693
-0.026006001979112625
0.055976904928684235
-0.06521203368902206
-0.05810663849115372
-0.0635552778840065
-0.017934080213308334
0.01957785338163376
-0.06965965777635574
0.0631655901670456
0.007182014640420675
0.04142160341143608
0.09410861134529114
-0.001959359273314476
-0.04578850418329239
0.07361660152673721
0.025444239377975464
0.04440029710531235
0.06084884703159332
0.004149062093347311
-0.03008984588086605
0.015132227912545204
0.04362000524997711
-0.08860310912132263
0.03223121538758278
3.716704487052802e-33
0.015212168917059898
0.0002993717207573354
0.0228042621165514
-0.015405873768031597
-0.001371476799249649
-0.020710760727524757
-0.019394397735595703
0.12550733983516693
-0.07823733240365982
-0.04053962603211403
-0.027769014239311218
-0.058343879878520966
0.08706077933311462
-0.004376804456114769
0.05234620347619057
-0.014434644021093845
0.011572522111237049
0.022937046363949776
0.04431009665131569
-0.03394589573144913
0.035574208945035934
-0.04572329297661781
0.11240118741989136
0.1563425362110138
0.025287533178925514
0.06889894604682922
-0.06588266044855118
-0.0036376165226101875
0.02352243661880493
-0.03511513024568558
-0.05439009144902229
0.06427618116140366
0.0036735704634338617
-0.00730196014046669
-0.032740041613578796
0.07229238748550415
0.01569737307727337
-0.034591954201459885
-0.009998304769396782
0.11122917383909225
0.013150880113244057
-0.06811036169528961
0.0024474619422107935
-0.029354261234402657
0.024415649473667145
-0.01733219437301159
0.04106716439127922
-0.016254384070634842
-0.056580353528261185
0.005954858846962452
-0.05092839524149895
-0.017011692747473717
0.02034766972064972
-0.018699847161769867
0.0031048611272126436
-0.0025212864857167006
-0.011594816111028194
0.026522202417254448
-0.026184411719441414
-0.05854721739888191
-0.027689754962921143
-0.04051820561289787
-0.02449416182935238
-0.02001405507326126
-0.09324324876070023
0.028028592467308044
-0.012007744051516056
0.011281181126832962
0.02215590700507164
-0.030460719019174576
-0.08107585459947586
0.017328329384326935
-0.06661054491996765
-0.019261706620454788
0.018158074468374252
-0.07941962033510208
-0.07157552242279053
0.0013717436231672764
0.020621147006750107
0.05817053094506264
-0.01961437240242958
0.09620999544858932
0.057831887155771255
0.0828307643532753
-0.07674596458673477
-0.05746300518512726
0.042155034840106964
-0.050911981612443924
-0.025626985356211662
-0.02420065551996231
-0.06793765723705292
0.04595896974205971
0.050085924565792084
-0.10090561956167221
-0.01312789786607027
-1.5331689695585737e-08
0.06191548332571983
0.04082048311829567
-0.0015893267700448632
0.004801419097930193
-0.007617345545440912
-0.022425612434744835
-0.03649422526359558
0.05750751867890358
-0.026761692017316818
0.0810825377702713
-0.023103900253772736
-0.03070748783648014
-0.012280632741749287
0.008294773288071156
-0.05984384939074516
-0.003957824315875769
-0.07444433122873306
-0.0934084951877594
0.01587854139506817
-0.013314707204699516
-0.014322280883789062
-0.004613406490534544
0.013755478896200657
0.038411036133766174
0.03173196315765381
0.017239682376384735
-0.12454968690872192
0.09318255633115768
0.0031259499955922365
0.0927073135972023
-0.04365401715040207
-0.020986158400774002
-0.09900272637605667
0.017505943775177002
-0.02746189944446087
-0.06898662447929382
0.08251216262578964
-0.015579021535813808
0.008087153546512127
-0.07437600195407867
-0.015503278002142906
0.052040137350559235
-0.07994095236063004
0.07478035986423492
0.038321007043123245
0.019225917756557465
0.08373133838176727
-0.0728408694267273
-0.025433499366044998
-0.0663977563381195
0.02107158489525318
-0.007801649160683155
0.01636357046663761
-0.01288947369903326
-0.10343720763921738
0.06318792700767517
-0.05170033499598503
-0.08506970852613449
-0.03838258981704712
0.06524377316236496
0.04509510472416878
-0.011022570542991161
0.05677497386932373
0.08261945098638535
