-0.00716234790161252
0.022262506186962128
-0.05871591717004776
-0.060805875808000565
-0.014691006392240524
-0.012695418670773506
0.06994476914405823
0.04435335472226143
0.0010748908389359713
-0.0740065723657608
0.02753477357327938
-0.10040300339460373
-0.04152853414416313
0.04533272236585617
-0.11945328861474991
-0.05058033764362335
0.024757137522101402
0.000797961896751076
-0.007779036182910204
-0.03915243595838547
-0.09438742697238922
0.007435730658471584
-0.032378245145082474
-0.03313351795077324
-0.06083836406469345
0.08950486779212952
-0.08327040821313858
0.0027958527207374573
-0.007100559305399656
0.058653417974710464
-0.010287348181009293
-0.016538657248020172
0.07565722614526749
-0.03973833844065666
0.0023566370364278555
0.031302276998758316
-0.038558412343263626
0.02233201637864113
-0.025734953582286835
-0.0019077365286648273
-0.005157241597771645
-0.01595398038625717
-0.045851681381464005
0.06142197549343109
0.00027227841201238334
-0.051377568393945694
0.041576310992240906
-0.043105728924274445
0.07183989882469177
-0.0268423892557621
-0.12837299704551697
-0.02148754894733429
-0.01854727789759636
0.020340560004115105
-0.005809705704450607
0.012987225316464901
-0.07212629169225693
-0.12417571246623993
0.017853064462542534
-0.10408350080251694
0.09929394721984863
-0.04322612285614014
0.07159174978733063
0.05889283865690231
-0.05012233555316925
0.05236978828907013
0.06749824434518814
0.034805234521627426
0.09085340797901154
-0.11046437174081802
0.08095823228359222
-0.0017537466483190656
0.06697293370962143
0.004108024295419455
-0.06119287386536598
0.04611168056726456
-0.029395103454589844
-0.10439813137054443
0.03933393955230713
-0.038602910935878754
0.027037756517529488
-0.12266208231449127
-0.024888191372156143
-0.0739300474524498
0.08360826224088669
0.014435078017413616
-0.030691104009747505
-0.003875131020322442
-0.04590558260679245
-0.0063194758258759975
-0.013344312086701393
0.021113326773047447
-0.057294297963380814
-0.08305023610591888
-0.040120676159858704
-0.07868876308202744
0.03741982951760292
-0.02898630127310753
0.07545989006757736
0.04964030534029007
0.047875404357910156
-0.0492512546479702
0.013453606516122818
0.008815571665763855
-0.001601880881935358
-0.060353826731443405
0.04483424127101898
0.053512148559093475
0.01785971410572529
-0.049485936760902405
-0.07904130965471268
0.01979772001504898
0.03212365135550499
0.016317687928676605
-0.00405537337064743
0.04629748314619064
0.0388280414044857
-0.04101884737610817
0.012766827829182148
-0.013192379847168922
0.014899153262376785
-0.08140203356742859
0.06076320260763168
-0.042002685368061066
0.060967233031988144
0.07109510898590088
-0.04515204206109047
-3.771183140083646e-33
-0.001200144411996007
-0.033682432025671005
-0.03441086411476135
-0.04713646322488785
-0.006447887979447842
-0.03688153252005577
0.005361382383853197
0.03912899270653725
-0.012132302857935429
0.000927082437556237
0.02835306152701378
0.07200846076011658
-0.016603155061602592
0.016133785247802734
0.038307175040245056
-0.01794564351439476
0.000676074530929327
0.04879578575491905
-0.13294722139835358
0.0011450554011389613
-0.01998251862823963
-0.03901243209838867
0.042062804102897644
-0.03281879797577858
-0.041776131838560104
-0.024171113967895508
-0.0280000027269125
-0.08222997933626175
0.039223574101924896
0.037107255309820175
0.09616686403751373
-0.048497360199689865
-0.026258409023284912
0.020819827914237976
0.01422959566116333
-0.03895082697272301
0.034618768841028214
0.045750319957733154
0.03752141818404198
-0.050409916788339615
-0.02408757619559765
-0.004720344208180904
0.060282398015260696
-0.04794176295399666
-0.0032859055791050196
0.06882992386817932
0.009850749745965004
0.0491248220205307
-0.056770648807287216
0.07286714762449265
0.010716909542679787
-0.06166178733110428
-0.07944139093160629
0.05610685050487518
0.007499973755329847
0.08768513053655624
-0.04530009999871254
0.04276975244283676
-0.07843483984470367
-0.07525168359279633
-0.0869317278265953
0.0676996186375618
-0.028249341994524002
-0.018105700612068176
0.05341273918747902
0.023086974397301674
0.0013817594153806567
0.055881768465042114
0.039538465440273285
0.05826900899410248
-0.04239679127931595
0.044029198586940765
-0.05806780979037285
0.006220001727342606
0.03702028840780258
0.03647562116384506
0.01622724160552025
-0.012824635952711105
-0.01676713302731514
0.02830115333199501
0.08795218914747238
0.0390913300216198
0.09741377085447311
0.0059699020348489285
-0.12027023732662201
0.07057762891054153
0.012825160287320614
-0.03279530629515648
0.036500610411167145
0.09972961246967316
0.033004939556121826
0.048359464854002
0.023746753111481667
-0.04558820277452469
0.007316278759390116
1.9181856406672248e-33
-0.01573941484093666
0.009313667193055153
0.010377829894423485
-0.032301366329193115
0.0465613529086113
-0.029886562377214432
0.08842920511960983
0.036344029009342194
0.10402391850948334
-0.023038389161229134
-0.03367586061358452
0.00110156019218266
0.006163383834064007
-0.019112395122647285
-0.0036122717428952456
-0.06213333457708359
0.03835216164588928
-0.052184123545885086
0.09642531722784042
-0.0033834001515060663
-0.05615987256169319
-0.07358721643686295
-0.009750356897711754
0.07568985968828201
-0.016920218244194984
0.09631253033876419
0.04587109014391899
-0.11185543239116669
-0.039147451519966125
-0.04529259353876114
-0.019672762602567673
0.10289348661899567
0.016252407804131508
0.03894713893532753
0.014377208426594734
0.01567903906106949
0.015215265564620495
0.0590742751955986
-0.03648786246776581
0.05034703388810158
0.01150039117783308
0.023184802383184433
-0.004857373423874378
0.02567474916577339
-0.10610611736774445
0.05347389727830887
0.05945642665028572
0.007865481078624725
-0.10253084450960159
-0.03251151368021965
-0.031709764152765274
0.012663953006267548
-0.02130851335823536
-0.07286491990089417
0.0377846285700798
0.006770788226276636
0.02754209004342556
0.034766871482133865
0.043289486318826675
0.020517054945230484
0.01316713448613882
-0.061885181814432144
-0.020801827311515808
0.034223247319459915
-0.06204347312450409
0.03781694173812866
0.03254854306578636
0.04102878272533417
0.023719707503914833
-0.005757473409175873
0.04186221584677696
-0.06744567304849625
-0.04081668332219124
-0.05342205986380577
0.015091153793036938
-0.05431171879172325
-0.06425180286169052
-0.022330138832330704
0.07265271246433258
0.041698914021253586
0.06852845102548599
0.04101470857858658
-0.0032654572278261185
-0.0263598021119833
-0.017237022519111633
0.005130142904818058
-0.01496361754834652
0.02254086546599865
-0.05992072448134422
-0.04585294425487518
-0.004741411656141281
-0.021596167236566544
-0.0839158222079277
-0.055315397679805756
0.03907165303826332
-1.3453698599619202e-08
0.05917323753237724
-0.001543778576888144
-0.0088315075263381
0.08858694136142731
0.002019326202571392
-0.08835552632808685
0.01083847414702177
0.0831640288233757
0.008513902314007282
-0.10460920631885529
0.03432809188961983
0.021461566910147667
0.02719074673950672
0.03325830399990082
0.04851343482732773
0.045734480023384094
-0.0678558349609375
-0.09311117231845856
-0.03664704039692879
0.045178767293691635
-0.004913219716399908
0.05878875404596329
0.032623566687107086
-0.009963319636881351
-0.07383730262517929
0.0794365182518959
-0.06434642523527145
-0.008213883265852928
0.0958721935749054
0.04252227768301964
0.10167160630226135
-0.009290913119912148
-0.01908206008374691
0.029703140258789062
0.1390141397714615
0.0014105616137385368
-0.09734556078910828
-0.050378888845443726
0.0378977432847023
0.03568434715270996
-0.018860528245568275
0.048723701387643814
-0.019487768411636353
0.040216829627752304
0.000334616081090644
0.04958563297986984
0.04852891340851784
-0.03199572116136551
0.007812392897903919
-0.0470794215798378
-0.020640209317207336
-0.0784829780459404
-0.04172001779079437
-0.005251868162304163
-0.10337938368320465
-0.0057641854509711266
0.08349501341581345
0.017956430092453957
-0.08529957383871078
-0.004210894927382469
-0.021276244893670082
0.0517486073076725
-0.03294874727725983
0.04887495934963226
