-0.036173589527606964
0.06611313670873642
-0.021626465022563934
-0.021961946040391922
-0.09698925167322159
-0.04619437828660011
0.007296180352568626
0.02929219976067543
-0.005798005964607
0.01245002169162035
-0.0072699375450611115
-0.030298100784420967
-0.03661983832716942
0.13159316778182983
-0.05483318865299225
0.011157366447150707
0.020039988681674004
0.07482464611530304
-0.0001404492068104446
0.06664996594190598
-0.024807382375001907
0.05452344939112663
-0.07828367501497269
-0.035585708916187286
-0.05904116481542587
-0.02655705064535141
0.008822092786431313
-0.02412521280348301
0.0558810755610466
0.08130157738924026
0.012801607139408588
0.010907542891800404
0.05127507820725441
0.02497227117419243
0.027393320575356483
-0.10988384485244751
-0.011831790208816528
-0.05691717937588692
0.009001336060464382
0.05688606947660446
-0.025349311530590057
0.012820396572351456
0.020121922716498375
0.056941259652376175
0.06737823039293289
0.09826800227165222
-0.013770787045359612
0.0077826096676290035
0.04904995113611221
0.0036806059069931507
-0.009100046940147877
-0.09856800734996796
0.0300701092928648
-0.048515867441892624
-0.053604621440172195
0.04000270739197731
0.022689741104841232
-0.08588540554046631
0.015686020255088806
-0.06444402784109116
0.09515835344791412
-0.022572776302695274
-0.04104887694120407
0.04979501664638519
0.0202794186770916
0.0022295042872428894
0.01760195381939411
-0.11152704060077667
-0.008307371288537979
0.07721667736768723
0.02100541442632675
-0.006137450225651264
0.00972592644393444
0.034356843680143356
-0.02134949527680874
-0.0919424518942833
0.08916586637496948
-0.015323035418987274
0.048006586730480194
-0.0827796533703804
0.05611966550350189
-0.011484605260193348
-0.0850367397069931
0.02785481885075569
0.017939483746886253
0.0013543980894610286
0.01248127967119217
-0.00158378214109689
-0.055338215082883835
0.021174000576138496
-0.032625049352645874
-0.0436503104865551
-0.08715856820344925
-0.11637955158948898
-0.027006540447473526
-0.028104612603783607
-0.01620926707983017
0.006842356640845537
-0.0910961925983429
0.06715948134660721
-0.011094855144619942
-0.015473737381398678
0.041425805538892746
-0.078421950340271
0.03258891776204109
-0.0187832098454237
-0.02789362333714962
-0.015251204371452332
0.06970757246017456
0.052821386605501175
-0.011582102626562119
0.08948151022195816
-0.008413893170654774
0.04464132711291313
0.057263027876615524
-0.004467498976737261
0.008841988630592823
0.0005206649075262249
-0.0318002849817276
-0.053052764385938644
0.022078460082411766
-0.036102764308452606
-0.014889993704855442
-0.017585404217243195
0.06513022631406784
-0.02233608439564705
-0.016428954899311066
-6.998197619077007e-33
0.06902793794870377
-0.12055654078722
-0.015244968235492706
-0.02835462987422943
0.01193856168538332
0.05484459176659584
0.0027459491975605488
0.0007979720830917358
0.0004895515739917755
0.07485149055719376
0.053203240036964417
0.07476077228784561
-0.021470580250024796
0.05653534457087517
-0.02723771147429943
0.06723321974277496
0.05079443380236626
0.01861228421330452
-0.1159573644399643
-0.042051542550325394
-0.00031110155396163464
-0.06926179677248001
0.04220375418663025
-0.03337614983320236
-0.021067148074507713
0.005553582217544317
-0.014910447411239147
-0.10843163728713989
0.020449357107281685
-0.005780571140348911
-0.0893082469701767
-0.006116801872849464
-0.042554065585136414
0.009308171458542347
0.01656964421272278
-0.022409221157431602
0.032392095774412155
0.05720061436295509
-0.07346944510936737
-0.04990347847342491
0.002341751242056489
0.025307858362793922
0.012362878769636154
-0.03804061934351921
0.0018869091290980577
-0.07050798088312149
0.009423288516700268
0.019720332697033882
0.08728037774562836
0.020155053585767746
0.03425075486302376
0.038131583482027054
-0.06283057481050491
-0.022996218875050545
-0.02233724668622017
0.08656497299671173
0.032883189618587494
0.0272399690002203
-0.08269146084785461
-0.0427861250936985
-0.0881834328174591
-0.05291944369673729
0.021097110584378242
0.025316059589385986
0.06536249816417694
0.019821269437670708
0.01056453213095665
0.006106353364884853
0.0015108409570530057
-0.023712091147899628
-0.1119527518749237
-0.031528081744909286
-0.019515104591846466
-0.027959659695625305
-0.05028702691197395
-0.0009449510253034532
0.027723979204893112
0.09200987219810486
0.05610048398375511
0.016861915588378906
-0.0026400431524962187
0.053597960621118546
0.10872463136911392
-0.03324956074357033
-0.1019974797964096
0.02478845603764057
0.02357392944395542
-0.014895353466272354
0.0655469000339508
0.004329110961407423
-0.044414449483156204
-0.03586750105023384
0.029282625764608383
-0.03648349642753601
0.06530990451574326
2.259068533159126e-33
-0.031364161521196365
-0.04715685918927193
-0.04228062555193901
0.061924658715724945
0.030205275863409042
-0.07053228467702866
-0.0024030159693211317
0.0832209661602974
-0.09246513992547989
0.02167755737900734
0.051103588193655014
0.06252961605787277
0.010665655136108398
-0.033620964735746384
0.09054944664239883
0.10962110757827759
-0.05345781147480011
0.00042215012945234776
0.002484718570485711
0.06347901374101639
0.02992994710803032
0.06733277440071106
0.07076805084943771
-0.02146972343325615
-0.05830248072743416
0.09131096303462982
0.02324730157852173
-0.019217565655708313
0.04908378794789314
-0.05292820930480957
-0.08577889949083328
0.10869942605495453
0.026841219514608383
-0.1141102984547615
-0.05883631110191345
-0.007056186441332102
0.038734570145606995
0.055687181651592255
-0.05079307779669762
0.138424351811409
0.0234526377171278
0.07516081631183624
0.04515265300869942
-0.020199699327349663
0.012173358350992203
0.05708097293972969
-0.013228402473032475
0.006012397352606058
-0.05703262984752655
-0.035948414355516434
-0.05420984700322151
0.03386101871728897
-0.004978738259524107
-0.015367208980023861
0.017650164663791656
0.035920400172472
-0.03770889341831207
-0.0045496439561247826
-0.023660482838749886
0.048223722726106644
-0.03871767222881317
-0.010484494268894196
-0.07470419257879257
0.02126695029437542
-0.08202240616083145
0.15064427256584167
0.021901899948716164
0.00489891367033124
-0.08466421812772751
-0.018960626795887947
-0.041694801300764084
-0.036452554166316986
0.07521630078554153
-0.08142634481191635
0.09092307090759277
-0.0399232842028141
-0.0629618689417839
-0.06772191822528839
0.03414583578705788
-0.039885420352220535
0.023552319034934044
-0.059429675340652466
0.022261396050453186
0.0569024384021759
-0.03088272362947464
-0.0813685730099678
-0.09578132629394531
-0.010423822328448296
0.0024268513079732656
-0.053050752729177475
-0.018275177106261253
-0.015685521066188812
-0.04389993101358414
-0.04556431248784065
0.08297257870435715
-1.7021681841811187e-08
-0.04809960350394249
-0.030016345903277397
0.026055622845888138
-0.05495127663016319
-0.019256165251135826
-0.011496549472212791
-0.07074559479951859
0.02677243761718273
-0.016456590965390205
-0.02963927388191223
-0.0683579370379448
-0.039325978606939316
-0.008877777494490147
0.04890809953212738
0.029719607904553413
-0.010225113481283188
-0.03030645102262497
-0.050218600779771805
-0.06038303300738335
-0.024772144854068756
0.005629970226436853
0.0005467089358717203
-0.0033183638006448746
0.017169825732707977
0.006659375969320536
0.04897397756576538
-0.07383819669485092
0.06463517993688583
-0.04962386190891266
0.011459847912192345
0.08998502045869827
0.11010397970676422
-0.07814615964889526
-0.02541459910571575
0.07592172175645828
0.0320611447095871
0.059092774987220764
-0.048124946653842926
0.06337593495845795
0.031146811321377754
-0.03659827262163162
0.042330384254455566
-0.08867299556732178
0.07355453073978424
0.0010533727472648025
0.01416582241654396
0.12750259041786194
0.01678943820297718
-0.003571953857317567
-0.027663493528962135
-0.007074732333421707
-0.051519203931093216
0.04301699995994568
-0.05302936211228371
-0.01621326059103012
0.04635954275727272
0.035751938819885254
-0.03231946751475334
-0.05592811852693558
0.06391764432191849
0.00909096747636795
-0.039181604981422424
-0.0251251719892025
0.019160032272338867
