-0.032934363931417465
0.054395727813243866
-0.060498714447021484
-0.02121058665215969
0.05469837784767151
0.034307099878787994
0.0813574343919754
0.02906106412410736
0.06400959193706512
0.10574273765087128
0.025037545710802078
-0.01572871394455433
-0.015186264179646969
0.04568339139223099
-0.017705664038658142
-0.041884277015924454
0.040070369839668274
0.01910557597875595
0.02333010360598564
-0.00313424039632082
0.02707984484732151
-0.01004389114677906
0.02870234288275242
-0.04534486308693886
-0.06390436738729477
0.001544512459076941
-0.0035011081490665674
0.0108625004068017
-0.0007024680380709469
-0.0027842563576996326
-0.012600195594131947
-0.052056580781936646
-0.08548273146152496
-0.012458871118724346
0.014091603457927704
-0.04208865016698837
0.002733651315793395
-0.02853451482951641
0.05623326450586319
-0.004437166731804609
-0.014066639356315136
0.06420043110847473
0.043725401163101196
-0.07880948483943939
-0.005028032697737217
-0.012046034447848797
0.032612502574920654
-0.038334522396326065
0.06423898786306381
-0.12665705382823944
-0.04598521068692207
-0.004353712312877178
0.024437032639980316
0.07650057226419449
-0.047031112015247345
0.07735830545425415
0.02840377762913704
-0.11608514934778214
0.038321249186992645
0.013459798879921436
0.03908320516347885
0.0558042898774147
0.019764043390750885
0.0046366797760128975
0.02017955482006073
-0.002378553617745638
-0.001446732203476131
-0.046062733978033066
0.088827945291996
-0.04433148726820946
0.1185189038515091
-0.00040737935341894627
0.0069382404908537865
-0.05457470566034317
-0.032620809972286224
-0.03618496656417847
0.08758550882339478
-0.02630866877734661
0.0806288868188858
-0.012948348186910152
0.016684750095009804
0.014789066277444363
0.012353242374956608
-0.03359575197100639
0.014373152516782284
0.03537853807210922
-0.010973717086017132
0.008516339585185051
-0.08436248451471329
-0.01942652277648449
-0.05297914892435074
0.0011672944528982043
-0.07175841182470322
-0.01342527475208044
-0.007750662509351969
-0.10020649433135986
0.026378322392702103
0.01569732278585434
-0.012977514415979385
0.06353921443223953
0.09381838887929916
-0.0465356782078743
0.009802422486245632
-0.006333563942462206
0.13282468914985657
0.06849595904350281
0.04218723252415657
0.034636303782463074
0.05954543873667717
-0.030783262103796005
-0.07096298038959503
0.017307166010141373
-0.017440367490053177
0.10629261285066605
0.05089275538921356
0.010413911193609238
0.0127241350710392
-0.012608325108885765
-0.0025100158527493477
0.10447973757982254
0.052120693027973175
-0.01894250139594078
-0.0018858090043067932
-0.03790488839149475
0.11748285591602325
-0.00812509935349226
0.06637963652610779
-4.6320050000304995e-33
-0.007528696209192276
-0.08266807347536087
0.010873241350054741
-0.04560625180602074
0.06263216584920883
0.07395560294389725
0.01830795593559742
0.03660869225859642
-0.029545078054070473
0.1263979971408844
-0.11344178020954132
0.039994411170482635
-0.0649196058511734
0.0554712750017643
-0.013625060208141804
-0.07423289865255356
-0.016589418053627014
-0.030728399753570557
0.06423939019441605
-0.030757980421185493
-0.06375735998153687
-0.050582803785800934
0.0530872717499733
-0.011295675300061703
0.058631591498851776
0.011273437179625034
-0.05704818293452263
-0.09109107404947281
0.01142655685544014
0.057721368968486786
-0.04552898555994034
0.06534606218338013
-0.03293345496058464
-0.03255731239914894
-0.09280575811862946
-0.06861268728971481
0.06326306611299515
-0.035141825675964355
0.018821338191628456
0.0067106857895851135
0.03540835902094841
-0.045564670115709305
0.001382965361699462
0.025494065135717392
0.0008533196523785591
0.056303560733795166
0.011242646723985672
-0.02510240487754345
-0.047196000814437866
0.03921689838171005
-0.05453277751803398
-0.033796198666095734
0.009948808699846268
-0.08701586723327637
-0.03154543787240982
-0.0027700169011950493
-0.010174093768000603
0.03794621676206589
0.004395786672830582
0.011492595076560974
-0.016355762258172035
0.007181812077760696
-0.062150295823812485
0.04273323342204094
0.08543481677770615
-0.0722121000289917
0.00400489242747426
-0.053277090191841125
-0.005754828453063965
-0.02686835080385208
-0.14811010658740997
0.007535730488598347
0.020275531336665154
-0.06543564051389694
-0.01501503773033619
-0.024851704016327858
-0.09188928455114365
0.08444548398256302
0.010933679528534412
-0.05995156988501549
0.0523499958217144
0.044693928211927414
-0.00507959071546793
0.031440190970897675
-0.009034361690282822
0.1071423590183258
0.07422829419374466
-0.05500118434429169
0.0278643649071455
0.03893411532044411
0.0794936791062355
-0.010107766836881638
-0.03460202366113663
-0.08435766398906708
-0.0036802315153181553
2.0962546677175697e-33
-0.0017828488489612937
-0.009970974177122116
0.002519391942769289
-0.028137950226664543
-0.01606830768287182
-0.06119238957762718
0.003466909285634756
0.09999264776706696
-0.006114184390753508
0.037829894572496414
0.02026268094778061
-0.00578318303450942
-0.011610177345573902
0.0018664535600692034
0.014587653800845146
-0.010452289134263992
-0.043033771216869354
-0.05649324133992195
0.00948227196931839
-0.015548836439847946
-0.018068140372633934
-0.05938210338354111
-0.017138207331299782
-0.043191030621528625
0.015101433731615543
0.022446518763899803
-0.0411241389811039
0.010072126984596252
-0.015530897304415703
-0.023788314312696457
-0.0527869313955307
0.04793486371636391
0.045118384063243866
0.04283033311367035
0.010988173075020313
-0.016188720241189003
0.08502740412950516
-0.07103744894266129
-0.043876033276319504
-0.025683613494038582
0.030783070251345634
0.07747310400009155
-0.049420326948165894
0.02687300369143486
-0.04395924508571625
0.022994423285126686
-0.08575981110334396
0.013452531769871712
-0.07767996191978455
0.043126631528139114
-0.03675062954425812
-0.015223437920212746
0.016898049041628838
-0.0636504590511322
-0.011801345273852348
-0.039711810648441315
-0.0734194815158844
0.0071784732863307
0.05338465794920921
0.07271423935890198
0.06510686129331589
-0.0063778976909816265
-0.06386327743530273
-0.04080471396446228
0.05433217063546181
0.04324452951550484
-0.013709032908082008
0.0829511284828186
0.12487258017063141
-0.014733569696545601
0.08397191762924194
-0.01132939849048853
-0.005194390658289194
-0.05196762457489967
0.05885503813624382
0.11976143717765808
-0.003666875185444951
-0.10691803693771362
0.02962067350745201
0.023310145363211632
-0.022251782938838005
-0.04879803583025932
-0.002078865421935916
0.026284540072083473
-0.009682812727987766
-0.0111695546656847
0.029110057279467583
0.09940381348133087
-0.007939726114273071
-0.042435433715581894
-0.005042769014835358
0.01721286028623581
-0.04477667808532715
-0.028427664190530777
0.01515593845397234
-1.7408945396368836e-08
-0.10071194171905518
0.03493981435894966
0.001094944542273879
-0.005756308324635029
0.04747353494167328
0.10787088423967361
0.010461022146046162
-0.10404300689697266
-0.0025469830725342035
-0.04369605705142021
-0.01748569868505001
-0.024199625477194786
0.02826927974820137
0.0995287224650383
-0.03664306178689003
0.045359525829553604
-0.13372308015823364
-0.003658789675682783
0.045115891844034195
0.0925045907497406
-0.05168917775154114
0.030941862612962723
0.00551857752725482
0.06185222417116165
0.0162067674100399
0.039930518716573715
-0.1437670886516571
0.0823584794998169
-0.06237136200070381
0.11842948943376541
0.005031912587583065
0.04509470611810684
-0.027856042608618736
0.07783249020576477
-0.002102101920172572
0.022607915103435516
-0.028482357040047646
0.009470770135521889
0.0032987971790134907
-0.04939502850174904
-0.009177333675324917
-0.06228622794151306
-0.06734605878591537
0.0005806186236441135
-0.0017369715496897697
-0.017219053581357002
0.07720887660980225
-0.07058174163103104
-0.04281701147556305
-0.11618620902299881
-0.008173740468919277
-0.06257548183202744
0.024366138502955437
-0.02505924366414547
0.0011504306457936764
-0.04744792729616165
0.007196041289716959
-0.04113731533288956
-0.11132550984621048
0.01711038127541542
-0.0716264620423317
0.03151673451066017
-0.058988433331251144
0.024267949163913727
