-0.03557305783033371
-0.029963063076138496
-0.004087826702743769
0.01950962282717228
0.026180977001786232
0.04206598550081253
0.0023501727264374495
0.07425110787153244
0.03734184801578522
0.12859192490577698
-0.0015328453155234456
0.013851026073098183
-0.006808062549680471
-0.012167041189968586
0.08930730819702148
0.0047508967109024525
0.003069838508963585
0.028627818450331688
0.053248584270477295
-0.04842522740364075
-0.01016928069293499
0.12015605717897415
0.03033582493662834
0.006177918519824743
-0.015119768679141998
-0.06467580795288086
-0.009455828927457333
0.04509604722261429
0.03611158952116966
-0.01791275292634964
0.03830122575163841
-0.044342800974845886
0.029062364250421524
0.013466146774590015
0.028186913579702377
-0.019642777740955353
0.0215077493339777
-0.1353878527879715
0.09475258737802505
-0.06867098808288574
0.01754746586084366
0.06917771697044373
-0.009762954898178577
-0.07972628623247147
-0.002505163662135601
-0.03739023953676224
0.023270603269338608
-0.005141832400113344
0.0641351193189621
-0.0776745080947876
-0.042685844004154205
-0.02146211266517639
-0.06342346966266632
0.02645113319158554
-0.14670005440711975
0.06238478794693947
0.03486693650484085
-0.10021694749593735
0.004396434873342514
0.0066285403445363045
0.04483674839138985
0.02450806275010109
0.0028164281975477934
0.017533743754029274
-0.026681998744606972
0.004499773029237986
-0.06250778585672379
-0.07440493255853653
0.06777945905923843
-0.01754157431423664
-0.0007433706196025014
0.005765915848314762
-0.06609222292900085
-0.013393936678767204
-0.1230178251862526
-0.09988013654947281
0.0999678373336792
0.013790016993880272
0.07321064919233322
-0.02191569283604622
0.009989673271775246
0.08704671263694763
0.057121146470308304
0.017267130315303802
0.015478440560400486
0.02590673789381981
-0.03167309612035751
0.09396132081747055
-0.05689718946814537
-0.05208601430058479
-0.010815306566655636
0.006525197997689247
-0.03701552748680115
0.05675143375992775
-0.09754195064306259
-0.012354808859527111
0.05555237829685211
0.002003980800509453
0.01687505654990673
0.04318845272064209
0.016326984390616417
0.021034184843301773
0.006196282338351011
-0.0642424076795578
0.04964405670762062
0.05937640368938446
-0.0596502386033535
0.005581895355135202
0.03867471218109131
-0.011157277040183544
-0.05409801006317139
0.027012404054403305
-0.08923526853322983
0.10738621652126312
-0.10583723336458206
0.021651582792401314
0.08540009707212448
-0.09222353994846344
-0.07393316924571991
0.06727483868598938
0.006606412585824728
-0.02617557905614376
-0.009399949572980404
0.012476809322834015
0.06987743079662323
-0.054339975118637085
0.055440980941057205
-7.051967669419495e-33
-0.00102531467564404
-0.10687275230884552
0.06111433729529381
-0.14553524553775787
0.07843608409166336
0.0816609114408493
-0.01815466769039631
0.05306316539645195
-0.00912751629948616
-0.0027091684751212597
-0.10722657293081284
-0.053320761770009995
0.00940036028623581
-0.04790395870804787
-0.022175921127200127
0.001103132264688611
-0.05950797721743584
0.0011755218729376793
0.014603803865611553
-0.02032419480383396
-0.03774935007095337
-0.026162544265389442
0.010989337228238583
0.0028000292368233204
0.04479549825191498
0.03603966534137726
0.04520826041698456
-0.06499936431646347
0.08729028701782227
0.044266849756240845
-0.04138927161693573
-0.05909331142902374
-0.04262477904558182
-0.017566420137882233
0.02238391526043415
-0.015457050874829292
0.016865212470293045
-0.03599068522453308
0.033960677683353424
0.0029510976746678352
0.022084509953856468
0.026346268132328987
0.03772321343421936
0.010906355455517769
0.03491179272532463
0.054343316704034805
0.020977651700377464
0.014637662097811699
0.004558200016617775
0.034303124994039536
-0.06098701432347298
0.01605432666838169
0.07101933658123016
-0.0016250620828941464
0.001496075070463121
-0.054364170879125595
0.022676102817058563
0.04650288075208664
-0.025179224088788033
0.026266038417816162
0.04648900032043457
-0.07515797764062881
0.003178711049258709
-0.058641355484724045
0.0350181870162487
-0.050358694046735764
-0.044396378099918365
-0.06322700530290604
0.05358646810054779
0.030819572508335114
-0.005564140621572733
0.05959494784474373
-0.02171994000673294
-0.04820617660880089
0.0023922882974147797
-0.10195309668779373
-0.010999770835042
0.011850548908114433
-0.0663316398859024
0.04681740328669548
0.07127442210912704
-0.023708401247859
-0.011526331305503845
0.033321563154459
-0.009964192286133766
-0.01682865619659424
0.050614260137081146
0.04803866520524025
-0.009662711061537266
-0.08440697938203812
0.028546323999762535
-0.08256205916404724
-0.05792834237217903
-0.06593814492225647
0.0948120504617691
2.6233081310598817e-33
-0.021006816998124123
-0.006180589087307453
0.05280685052275658
0.009442735463380814
-0.058405935764312744
0.0018617472378537059
-0.06277687102556229
0.04001426324248314
-0.10253676772117615
0.027428805828094482
-0.05641935393214226
0.11049202084541321
0.041599780321121216
-0.017342008650302887
0.025078026577830315
0.0044957841746509075
-0.08774961531162262
0.01831093616783619
0.029404811561107635
0.027511416003108025
0.029419707134366035
0.01725502498447895
0.08675361424684525
0.03323175758123398
0.015718111768364906
-0.029666004702448845
-0.04600602388381958
0.0020373838488012552
-0.03854333981871605
-0.004467781167477369
0.011249092407524586
0.07096598297357559
-0.03171598166227341
-0.08719250559806824
0.04618971422314644
-0.0767170861363411
-0.004916748963296413
-0.12224676460027695
-0.024507949128746986
0.055725134909152985
0.09926658123731613
0.007897297851741314
0.0518314465880394
-0.05157490074634552
-0.005276447627693415
-0.014263307675719261
-0.08049489557743073
0.02074337564408779
-0.08764287084341049
0.08751804381608963
0.037698984146118164
-0.05108443647623062
0.034005243331193924
0.03733503445982933
0.07670912891626358
0.0006131244590505958
-0.13101224601268768
0.01793516054749489
-0.061849988996982574
0.029048854485154152
0.006690420676022768
-0.012215028516948223
-0.03598141297698021
-0.03420508652925491
-0.007834186777472496
0.013819191604852676
-0.03112034499645233
0.05850962921977043
0.0716903954744339
0.018836917355656624
-0.06362845003604889
0.02378913201391697
0.01895037665963173
0.008529762737452984
0.024282878264784813
0.13006100058555603
0.07345106452703476
-0.02548369951546192
-0.02466205321252346
-0.03582776337862015
-0.06101193279027939
0.033811237663030624
0.02493474632501602
-0.02415769174695015
0.02540389820933342
-0.06454217433929443
-0.03220057860016823
0.06776293367147446
-0.03090399131178856
-0.023882118985056877
-0.005134810693562031
0.054112762212753296
-0.022196540609002113
0.030806628987193108
-0.018909038975834846
-1.7828579501610875e-08
-0.11264392733573914
0.04456464946269989
0.023804474622011185
0.07145149260759354
0.026819806545972824
0.060618042945861816
0.05972341075539589
-0.08113384991884232
0.016907693818211555
0.06769169121980667
-0.014159511774778366
-0.002291344804689288
0.0210750512778759
0.020023919641971588
-0.0502285473048687
0.028123414143919945
-0.08279133588075638
0.004248122218996286
0.023850390687584877
0.14907127618789673
0.02006061002612114
-0.02283911593258381
0.0035676085390150547
0.10659335553646088
-0.0006218034541234374
-0.04482134431600571
-0.015020572580397129
0.04871816188097
0.03950471431016922
0.08703082799911499
0.004134251736104488
0.05105524882674217
0.006101486273109913
0.01709369383752346
-0.03622031956911087
-0.045695286244153976
0.04490135237574577
0.03590203449130058
-0.062093425542116165
-0.044961895793676376
0.018709821626544
-0.02701904997229576
-0.017457785084843636
-0.024997003376483917
-0.013553516939282417
0.018070055171847343
0.0307881161570549
0.006782298441976309
-0.036117274314165115
-0.04016401618719101
-0.04870650917291641
-0.05150886997580528
0.01737309992313385
-0.04540862888097763
-0.07718226313591003
-0.06338762491941452
-0.0222339928150177
-0.10485159605741501
-0.030342834070324898
0.008182800374925137
-0.025626130402088165
0.00016914271691348404
-0.03849203139543533
0.08187906444072723
