-0.014920786954462528
0.00013137710629962385
0.03159577026963234
-0.006649613380432129
0.009135952219367027
0.007413847371935844
0.0663442462682724
0.054583001881837845
-0.013058792799711227
0.09066496044397354
-0.045836325734853745
-0.034204933792352676
0.012756341136991978
0.04525625705718994
0.06528618931770325
-0.009210231713950634
-0.010205492377281189
0.04352160543203354
0.03591989353299141
-0.0034417088609188795
-0.025155896320939064
0.09474726021289825
-0.0075225429609417915
0.004183466080576181
-0.062704898416996
-0.020340001210570335
0.023574223741889
0.05572916194796562
0.04160096496343613
-0.011008000932633877
0.04123435169458389
-0.08566278219223022
-0.020779334008693695
-0.06963309645652771
0.05968109518289566
0.024479936808347702
-0.03954286873340607
-0.0861605703830719
0.042457982897758484
-0.06136374548077583
0.007786721456795931
0.028404317796230316
0.07571079581975937
-0.04051879793405533
0.03793272376060486
-0.029332907870411873
-0.004701846744865179
-0.009496394544839859
0.03134413808584213
-0.021802688017487526
-0.0378921739757061
-0.07701380550861359
-0.08444328606128693
0.030064845457673073
-0.17957451939582825
0.03054410219192505
-0.019885558634996414
-0.12741367518901825
0.026449361816048622
-0.043595023453235626
0.07687216997146606
0.07505688816308975
0.029055433347821236
0.04574757069349289
0.036461491137742996
0.015951579436659813
-0.07093936949968338
-0.0952611044049263
0.05172942206263542
0.00853293389081955
0.06440908461809158
0.04150586947798729
0.034111812710762024
-0.04846618324518204
-0.09977500140666962
-0.1691742241382599
0.09890517592430115
0.0035277612041682005
0.03856982663273811
-0.01759439893066883
-0.06205836310982704
0.036188703030347824
0.08201558887958527
-0.011502396315336227
0.021093258634209633
0.029230918735265732
0.0049581220373511314
0.023684773594141006
-0.08163513243198395
-0.02284529060125351
-0.01737142913043499
0.05520619451999664
-0.011224556714296341
0.016437698155641556
0.014915525913238525
0.012838870286941528
-0.0014611298684030771
0.0321875624358654
-0.02144472673535347
0.0584118478000164
0.031683456152677536
0.032064806669950485
0.00846944935619831
0.04194090515375137
0.1491800844669342
-0.0009222070220857859
-0.007591480389237404
0.03739072009921074
0.09207376092672348
-0.022197473794221878
-0.0668964684009552
0.019888652488589287
-0.06245443969964981
0.12466592341661453
-0.03846541419625282
0.02183995582163334
0.014421887695789337
-0.12220074981451035
-0.07960444688796997
-0.019674792885780334
0.022421451285481453
-0.014055468142032623
-0.01537815947085619
-0.01507641188800335
0.052042488008737564
-0.03338470682501793
0.04080431908369064
-5.897420627928861e-33
0.03345818072557449
-0.11855284869670868
0.04205938056111336
-0.10811278223991394
0.09314529597759247
0.06217275187373161
-0.022796180099248886
0.02547934278845787
-0.012071793898940086
0.03528584539890289
-0.14611105620861053
0.03765567019581795
-0.0419003888964653
-0.012715973891317844
-0.04967281594872475
-0.07246461510658264
0.002540415385738015
-0.01632007770240307
-0.021645382046699524
-0.031511422246694565
0.021332796663045883
-0.009317714720964432
0.011962709948420525
-0.04355434328317642
0.03414273262023926
0.042737942188978195
-0.02796214446425438
-0.029331201687455177
0.0019171853782609105
0.05681629106402397
-0.059496618807315826
-0.07846499979496002
-0.031434185802936554
0.005321866367012262
0.04353060573339462
-0.04407540336251259
0.05208338424563408
-0.026637699455022812
-0.011695141904056072
0.01410472858697176
0.057554274797439575
-0.02607390284538269
-0.013518800027668476
0.007492858916521072
0.01670876517891884
0.024439793080091476
0.03990396112203598
0.030671967193484306
0.03285598382353783
-0.018531611189246178
-0.04213670268654823
0.007981684990227222
0.009028109721839428
0.03747476264834404
0.009143833070993423
-0.0721479058265686
-0.00987280998378992
0.02573011815547943
-0.04407312721014023
-0.003268871922045946
0.05102131515741348
-0.05572054907679558
-0.007776146754622459
-0.03507107123732567
0.04808706045150757
-0.022608550265431404
0.010357179678976536
-0.03762068599462509
0.07544288784265518
-0.07207540422677994
-0.04015215113759041
0.030143681913614273
-0.007598131895065308
-0.009258575737476349
-0.0215004812926054
-0.06562082469463348
-0.0036452296189963818
-0.0007483676308766007
-0.057683177292346954
0.11408983916044235
0.06699629873037338
0.02038794942200184
0.007894791662693024
0.023666581138968468
-0.025663763284683228
0.0292688999325037
0.07078723609447479
-0.021601825952529907
0.019089581444859505
-0.02475556544959545
-0.03235367685556412
-0.07771914452314377
0.015149500221014023
-0.13783495128154755
0.009581445716321468
2.2874348648833988e-33
-0.03737305849790573
-0.051560115069150925
0.027369795367121696
0.05598442628979683
0.02109271101653576
-0.0448460727930069
-0.01608787104487419
0.05892959609627724
-0.09154629707336426
0.004612949676811695
-0.06931477040052414
0.03239411115646362
0.06547555327415466
-0.04372043162584305
0.07923811674118042
0.045755647122859955
-0.059318896383047104
-0.0017424010438844562
0.02887660451233387
0.0425826720893383
0.010271141305565834
-0.016404226422309875
0.06646502017974854
0.048128701746463776
0.007516453508287668
0.0481579452753067
-0.009421609342098236
-0.06240035220980644
-0.049663811922073364
0.0035491615999490023
-0.058693163096904755
0.14461097121238708
0.04224879667162895
-0.10457926988601685
-0.025117406621575356
0.010028062388300896
-0.0009383675642311573
-0.09601501375436783
-0.03272916376590729
0.011523221619427204
0.11512349545955658
-0.05267919600009918
0.06745026260614395
-0.01885705068707466
0.03369384631514549
0.03635531663894653
-0.008708424866199493
0.056549809873104095
-0.11068332940340042
0.030959224328398705
-0.02559848502278328
-0.07368602603673935
0.05205205827951431
-0.0002536886604502797
0.06820958852767944
-0.02752152644097805
-0.12627843022346497
-0.0017615543911233544
-0.04324844107031822
0.05712084099650383
0.07117684185504913
-0.009988043457269669
-0.031263869255781174
-0.0011838239151984453
-0.008704375475645065
0.07644139975309372
-0.03200916200876236
0.10542851686477661
-0.0009414838277734816
0.057077404111623764
-0.04664148762822151
-0.020809834823012352
0.03366854041814804
-0.014041419140994549
0.0915113240480423
0.08958189934492111
-0.003020256059244275
0.004187195096164942
-0.012936325743794441
-0.02787894569337368
-0.02348025143146515
0.05696278437972069
0.0009878603741526604
-0.015963703393936157
0.015818390995264053
-0.07796409726142883
-0.022898579016327858
0.0011258418671786785
-0.06524299830198288
-0.0202403012663126
-0.0185716450214386
0.01854267530143261
-0.12917925417423248
0.04023772478103638
-0.01634078286588192
-1.7513448469230752e-08
-0.05905231460928917
0.052589792758226395
0.046082742512226105
0.024293607100844383
-0.02921544760465622
0.07093028724193573
0.08350183814764023
-0.1054617390036583
0.04376951605081558
-0.013411317020654678
-0.08022008091211319
-0.04599825292825699
0.053092993795871735
-0.014697279781103134
-0.0964265987277031
0.018934080377221107
-0.08072042465209961
-0.0012745853746309876
-0.004255440551787615
0.057754650712013245
0.05593371391296387
-0.013937519863247871
0.043099600821733475
0.029919220134615898
0.012241970747709274
0.0037750969640910625
-0.028373615816235542
0.05060131102800369
-0.0027038007974624634
0.0396689735352993
0.03598441183567047
0.03251505643129349
-0.0359121635556221
-0.014410903677344322
0.08577653765678406
-0.016490627080202103
0.013905243948101997
0.004087586421519518
-0.0638863667845726
-0.003652099519968033
-0.00018084843759424984
0.058183711022138596
0.010029743425548077
0.001831064117141068
-0.0028170724399387836
0.030367596074938774
-0.004111793357878923
-0.028998753055930138
0.019580140709877014
-0.04184332862496376
-0.04285804554820061
-0.021576259285211563
0.07514993846416473
-0.02116698957979679
0.004498287569731474
0.013014718890190125
0.026481416076421738
-0.07645595073699951
-0.11246929317712784
0.027516210451722145
-0.04154681786894798
0.01228099875152111
-0.051430243998765945
0.06819368898868561
