-0.041384197771549225
-0.036723650991916656
0.01947835087776184
-0.00231401389464736
-0.007609687279909849
0.022364109754562378
0.11723685264587402
0.05595897510647774
0.002505222102627158
0.0475262887775898
-0.059490785002708435
-0.03736589476466179
0.017530761659145355
0.09593676030635834
0.05386444553732872
-0.001906730467453599
0.006554304622113705
0.03553302586078644
0.02342754788696766
-0.01705852523446083
-0.006170765031129122
0.05777442082762718
-0.035185620188713074
-0.023874981328845024
-0.059104759246110916
0.005774840712547302
-0.004552261438220739
-0.0002475499059073627
0.03127698227763176
-0.06315576285123825
0.016776802018284798
-0.03921343386173248
-0.007353108376264572
-0.06285085529088974
0.09229227900505066
0.01606803573668003
-0.06996064633131027
-0.07617322355508804
0.04457606375217438
-0.06601385027170181
0.019395941868424416
0.013213224709033966
0.06775903701782227
-0.06410089880228043
0.032919589430093765
0.034027066081762314
0.01652144454419613
-0.006682290229946375
0.05290910229086876
0.005271971691399813
-0.03661474213004112
0.008021539077162743
-0.036026909947395325
0.021016262471675873
-0.10153868794441223
0.036002788692712784
-0.013797523453831673
-0.08871415257453918
0.0343259796500206
-0.033367905765771866
0.038890644907951355
0.03592344745993614
0.06912074238061905
0.04683773219585419
0.034788548946380615
0.016066793352365494
-0.03926166146993637
-0.0717022642493248
0.0660804882645607
-0.018789637833833694
0.05262985825538635
0.08006511628627777
-0.0018289134604856372
-0.0312795490026474
-0.06554591655731201
-0.12696632742881775
0.12881553173065186
-0.034883465617895126
0.05028316378593445
0.019371993839740753
-0.04444212093949318
0.023831790313124657
0.1089053675532341
-0.04403875023126602
0.004743093624711037
0.0070062014274299145
-0.014109402894973755
0.041442759335041046
-0.06539632380008698
0.007552803494036198
-0.011036316864192486
0.08308380097150803
-0.04743121191859245
0.024140307679772377
0.026577191427350044
0.02760118991136551
-0.047410398721694946
0.042549025267362595
-0.03216557577252388
0.0741911455988884
0.05793046951293945
0.02139141596853733
0.016540106385946274
0.047917790710926056
0.1518070548772812
-0.02160339616239071
0.03020177222788334
0.09541372954845428
0.06833381205797195
-0.01594461128115654
-0.03361281752586365
-0.02384381927549839
0.01238618977367878
0.0950167328119278
-0.039073050022125244
0.023213008418679237
0.049689944833517075
-0.09347937256097794
-0.07821288704872131
0.049296118319034576
0.01280996110290289
0.007551818620413542
-0.08277955651283264
-0.008537210524082184
0.025956349447369576
-0.005591389257460833
0.05301479250192642
-7.016864469368065e-33
-0.002497381065040827
-0.09594632685184479
0.05111580342054367
-0.0949089452624321
0.025150367990136147
0.04625239223241806
0.002011206466704607
0.025870896875858307
0.013257556594908237
-0.017794189974665642
-0.12288805842399597
-0.0010346593335270882
-0.05535012111067772
-0.017280172556638718
-0.04766756296157837
-0.055395253002643585
-0.03337221220135689
-0.0026820495259016752
-0.01738486997783184
-0.03482645004987717
0.024244274944067
0.0374465212225914
-0.002945228014141321
-0.06330349296331406
0.024014003574848175
0.03490201011300087
-0.018285909667611122
-0.008644596673548222
0.02141062170267105
0.05562053993344307
-0.0492989607155323
-0.09228312969207764
-0.06910423934459686
-0.003518507583066821
0.00310326530598104
-0.029601331800222397
0.0008704732754267752
-0.004911242984235287
-0.010596723295748234
-0.00309857539832592
0.03962938115000725
-0.007821854203939438
-0.01358915027230978
0.041195761412382126
-0.023999571800231934
0.009886897169053555
0.04890406131744385
0.03825325146317482
-0.007821683771908283
-0.002546834060922265
-0.042342573404312134
0.006481748074293137
0.02344384975731373
0.03184239938855171
0.002654620446264744
-0.08136104792356491
0.003879689611494541
0.010265045799314976
-0.06875008344650269
-0.0049736276268959045
0.08980479836463928
-0.026005147024989128
-0.09852645546197891
-0.003855137387290597
0.03967421501874924
-0.03257208690047264
0.04241272062063217
-0.0452411063015461
0.05077941343188286
-0.09689630568027496
-0.03408512473106384
0.04158152639865875
-0.04676418378949165
-0.026158666238188744
-0.032894838601350784
-0.08936845511198044
-0.036464884877204895
-0.028444550931453705
-0.07297441363334656
0.10977423936128616
0.07863876968622208
0.028674587607383728
0.022280778735876083
0.029154449701309204
-0.05840504169464111
0.05679342895746231
0.08496950566768646
-0.0005368516431190073
0.030111486092209816
-0.09415597468614578
0.020329952239990234
-0.09557127952575684
0.015936972573399544
-0.12215154618024826
0.040152229368686676
3.3518178162461174e-33
-0.05409539118409157
-0.03920971229672432
0.0664922446012497
0.03163844719529152
0.03972974047064781
-0.02674051932990551
-0.03137433901429176
0.082637257874012
-0.11180902272462845
-0.030543513596057892
-0.05749714374542236
0.056058838963508606
0.048019248992204666
-0.07221221178770065
0.060305021703243256
0.01992918737232685
-0.09855888038873672
-0.006565123330801725
0.022448847070336342
0.07793091237545013
-0.01067171897739172
0.02241675555706024
0.06110342964529991
0.08160710334777832
-0.027157844975590706
0.04516749456524849
-0.01496093813329935
-0.08725958317518234
0.009319567121565342
0.037159182131290436
-0.053942833095788956
0.12418579310178757
-0.001598974340595305
-0.042804375290870667
-0.004940026439726353
-0.042379558086395264
-0.009309697896242142
-0.11527194827795029
-0.029045823961496353
0.002746844431385398
0.09183356165885925
-0.029058782383799553
0.028119854629039764
0.0009339986718259752
0.05197484791278839
0.021632030606269836
-0.018937135115265846
0.017868464812636375
-0.12188524752855301
0.04501089081168175
-0.07050789892673492
-0.050116270780563354
0.01950042136013508
-0.02547815814614296
0.04975001513957977
-0.032260943204164505
-0.09779532998800278
0.02285977639257908
-0.061387546360492706
0.06051340699195862
0.036399051547050476
0.041081350296735764
-0.05043597146868706
-0.018669631332159042
-0.017027607187628746
0.09804071485996246
-0.02868509106338024
0.0888199657201767
0.01750161498785019
0.03621634468436241
-0.04141014814376831
0.010458463802933693
0.006456618197262287
-0.058056142181158066
0.073861263692379
0.05011218786239624
0.022285496816039085
0.053990982472896576
0.005580462981015444
-0.014785072766244411
-0.07830363512039185
0.08676546812057495
0.011878465302288532
0.02048773504793644
0.041931044310331345
-0.09103646129369736
0.0014922237023711205
-0.010494928807020187
-0.0898602306842804
0.0063765752129256725
-0.05450126528739929
-0.02435240149497986
-0.07463692873716354
0.10965404659509659
-0.04104914143681526
-1.6324525731192807e-08
-0.06411950290203094
0.07863745838403702
0.03382100537419319
0.012650450691580772
-0.03070557676255703
0.07563598453998566
0.06449256837368011
-0.0898132175207138
0.06254561990499496
0.023759813979268074
-0.08371633291244507
-0.049709055572748184
0.06963872909545898
-0.023873673751950264
-0.07390552014112473
0.05242941528558731
-0.08968634903430939
0.02915177494287491
0.018270283937454224
0.051080796867609024
0.07715748995542526
-0.01732599176466465
0.03458081930875778
0.0737093836069107
0.026906082406640053
-0.012676677666604519
-0.05908580869436264
0.01688752882182598
0.02614433877170086
0.03351568430662155
0.024306153878569603
0.028114959597587585
-0.02317744866013527
-0.017286932095885277
0.0716279000043869
-0.0025725888554006815
0.03739709034562111
-0.030146313831210136
-0.0338178314268589
0.011514117941260338
-0.002584074856713414
0.09724397957324982
0.002045693574473262
-0.022685980424284935
-0.008968820795416832
-0.005468715913593769
-0.018588067963719368
-0.05451048165559769
-0.014505078084766865
-0.04388989508152008
-0.03829248994588852
-0.01068827137351036
0.01595834083855152
0.011438019573688507
0.01588466763496399
-0.0055468156933784485
0.00396321015432477
-0.09442227333784103
-0.09863746911287308
0.041440851986408234
-0.029471825808286667
0.04196314141154289
-0.06144353747367859
0.0520249605178833
