-0.007854925468564034
-0.027403566986322403
0.050887588411569595
0.0342215858399868
0.010961249470710754
0.03706164285540581
0.08603914827108383
0.023629827424883842
-0.03300940617918968
0.059267308562994
-0.10201079398393631
-0.07167799025774002
-0.05097683519124985
0.15185202658176422
-0.040203891694545746
-0.012109040282666683
-0.06829448789358139
-0.032145995646715164
0.04832243546843529
0.029458044096827507
0.032016005367040634
0.020760005339980125
-0.01156570203602314
0.05296210199594498
-0.03745948523283005
-0.07043196260929108
-0.009328807704150677
0.006219693459570408
-0.03421592712402344
-0.015826508402824402
-0.046025678515434265
0.005675335880368948
0.03177246078848839
-0.07451886683702469
-0.02944742515683174
0.06116514652967453
0.043927159160375595
-0.05380440503358841
0.07491785287857056
0.03155117109417915
-0.04518236219882965
0.06243469938635826
-0.04796045273542404
0.04639522731304169
0.016884522512555122
0.09796182066202164
-0.00275538326241076
0.039892714470624924
0.03123089112341404
0.05802458897233009
-0.052024975419044495
-0.03489960357546806
-0.03744965046644211
0.011165342293679714
-0.03879678249359131
-0.013832103461027145
-0.030426468700170517
-0.022309182211756706
0.01864774525165558
-0.0164834875613451
0.05744719132781029
0.01987336575984955
-0.00010818550072144717
0.0849849134683609
0.030770249664783478
0.005258708726614714
-0.12718422710895538
0.06589927524328232
0.03069280833005905
-0.034159887582063675
0.016616595908999443
0.005060871597379446
-0.023677732795476913
-0.006805727258324623
-0.055533215403556824
-0.09814368933439255
0.014425985515117645
0.035304710268974304
0.05553489178419113
0.11697115749120712
-0.05487852916121483
-0.04982851445674896
0.01285557821393013
0.030145050957798958
0.06600723415613174
0.09917328506708145
0.09042329341173172
-0.037476371973752975
-0.044745590537786484
-0.06279285252094269
-0.0642876848578453
-0.035413164645433426
-0.01337192952632904
-0.050620246678590775
0.05018477886915207
0.013723082840442657
-0.03400666266679764
0.024803118780255318
0.05478068068623543
0.009768325835466385
0.05863932892680168
0.007413989864289761
-0.03176428750157356
0.0195897426456213
0.1470014452934265
-0.04202380031347275
-0.014593703672289848
0.098771832883358
0.10321637243032455
0.01121045183390379
0.003932701889425516
0.004969196394085884
0.10578014701604843
0.08831845968961716
0.09488635510206223
0.006764269899576902
-0.027008909732103348
-0.016399133950471878
-0.011609883047640324
0.10263210535049438
0.020451311022043228
-0.05042184516787529
-0.021607685834169388
-4.1829844121821225e-05
-0.039169467985630035
-0.029700051993131638
0.08149366825819016
-6.137510573638513e-33
0.07695264369249344
-0.11003660410642624
-0.05856723338365555
-0.0616297572851181
0.02984735369682312
0.01209612563252449
0.027089953422546387
-0.03734613582491875
-0.12967216968536377
-0.023282593116164207
-0.0292656272649765
-0.010253431275486946
0.001089085591956973
-0.008184053003787994
-0.021573789417743683
-0.013320178724825382
-0.050006043165922165
0.03754880279302597
-0.01164452638477087
-0.014359907247126102
0.11872007697820663
0.07138369232416153
-0.01187718566507101
-0.004091252572834492
0.011206512339413166
-0.07342920452356339
-0.04999032989144325
-0.04950699955224991
-0.0199877992272377
0.02727145329117775
-0.03687228262424469
-0.11063886433839798
-0.061613280326128006
-0.04143131896853447
0.036662571132183075
-0.10652678459882736
0.0284664798527956
-0.017185142263770103
0.025867048650979996
0.037251610308885574
-0.0019607802387326956
-0.017549512907862663
-0.012101256288588047
0.019860122352838516
-0.021457884460687637
0.03405257314443588
0.04532593488693237
0.05017845705151558
-0.018059300258755684
-0.03236829861998558
0.03492676466703415
-0.028323424980044365
-0.02368277683854103
-0.006234698463231325
-0.03516457602381706
0.0009470393415540457
0.10568675398826599
-0.0025749285705387592
-0.019350919872522354
0.036868348717689514
0.041588619351387024
-0.028992757201194763
-0.07898201048374176
-0.04171231761574745
0.04390108585357666
-0.003146347589790821
0.015359708108007908
-0.01937311701476574
0.09015928953886032
-0.00191964500118047
-0.10749604552984238
0.01423508021980524
-0.08409476280212402
-0.05641516298055649
-0.017368094995617867
-0.038357775658369064
0.00396040640771389
0.01958465576171875
-0.02653389796614647
0.051106490194797516
0.06078941747546196
0.0930989533662796
-0.020468411967158318
0.10751122236251831
-0.019017934799194336
0.03174338489770889
0.052532073110342026
-0.0362079031765461
-0.06933540850877762
-0.017434541136026382
0.05823057144880295
-0.014052115380764008
0.0268875602632761
-0.12979090213775635
0.03314109891653061
3.595285838846445e-33
0.05316278338432312
-0.04297376796603203
0.0515199638903141
0.007381099741905928
-0.013899408280849457
0.002042696112766862
0.032065052539110184
0.11172942817211151
0.017847668379545212
-0.03862745314836502
0.007187976967543364
-0.0038652480579912663
-0.0024741776287555695
0.08721499145030975
-0.02197047881782055
0.04666217043995857
-0.043169617652893066
0.0051439739763736725
0.05166269466280937
-0.07358422130346298
0.024093935266137123
-0.017587972804903984
0.06563737243413925
0.07319635152816772
0.04172134026885033
0.04108818247914314
0.03678564727306366
-0.018539950251579285
0.07333416491746902
-0.04512256011366844
-0.03373374044895172
0.02203970029950142
0.04172438010573387
0.022230062633752823
-0.028014540672302246
0.027000611647963524
0.0500430092215538
-0.04721943289041519
-0.061005838215351105
-0.03844143822789192
0.028421159833669662
-0.019966380670666695
0.05347787216305733
-0.003964371047914028
0.05791400372982025
-0.003199113765731454
-0.05074404925107956
0.0512881875038147
-0.08646135032176971
0.09442590177059174
-0.03820652514696121
-0.0867876186966896
0.03385504335165024
0.027757152915000916
0.024030374363064766
-0.0913766548037529
-0.0374898724257946
0.04902856796979904
-0.031743671745061874
-0.009004547260701656
0.02152235433459282
0.034757018089294434
-0.008052422665059566
0.02901809848845005
-0.05754411593079567
0.011960422620177269
-0.06590328365564346
0.05924639478325844
-0.01728501170873642
-0.08531347662210464
0.023442445322871208
-0.010635524988174438
0.029343940317630768
-0.07881839573383331
0.08275292813777924
0.006945554167032242
-0.0002028629824053496
0.04463149979710579
-0.005899049341678619
0.09330135583877563
-0.04300326108932495
0.15695150196552277
0.0018811121117323637
0.04078821837902069
-0.01627976819872856
-0.06473677605390549
0.04353095218539238
-0.058447424322366714
-0.023357098922133446
0.025962894782423973
-0.035206057131290436
0.02140858583152294
-0.035166069865226746
-0.044509176164865494
0.029229553416371346
-1.2988031983240944e-08
-0.02263026125729084
0.07097214460372925
-0.04400554299354553
0.035142701119184494
0.016602972522377968
0.032475415617227554
-0.017803281545639038
-0.021295668557286263
-0.023438898846507072
-0.016000786796212196
-0.007714844774454832
-0.014124286361038685
0.03162765875458717
0.045260656625032425
0.011603783816099167
0.007897512055933475
0.024463554844260216
-0.046623848378658295
-0.00677071139216423
0.0064426991157233715
-0.026170916855335236
-0.05104883760213852
0.024443887174129486
0.03795327991247177
-0.04866265878081322
-0.05164177343249321
-0.06304703652858734
-0.0187748484313488
0.04035505652427673
0.045724254101514816
-0.06954491883516312
0.017764469608664513
-0.04771137610077858
0.001594180939719081
-0.027086196467280388
-0.013448799960315228
-0.05289200693368912
0.03449480980634689
-0.04889926686882973
-0.07619327306747437
-0.00792540330439806
0.05944332107901573
0.06299412995576859
-0.02091476134955883
0.019579509273171425
-0.03437299653887749
0.047023795545101166
-0.0687635987997055
0.03996769338846207
-0.04364819452166557
0.034668877720832825
-0.01791682466864586
0.03055765852332115
0.04244192689657211
-0.0914565920829773
0.07250802218914032
-0.12503303587436676
-0.1286190152168274
-0.12810754776000977
-0.04365905374288559
-0.052312057465314865
-0.004136507865041494
0.11179395020008087
0.03245491907000542
