-0.01456829160451889
0.010635385289788246
-0.0015916981501504779
-0.022377479821443558
0.0025035650469362736
-0.005650329403579235
0.04962579160928726
0.0016982705565169454
-0.05495912954211235
0.1503109633922577
0.09237918257713318
-0.127969890832901
-0.03054162487387657
-0.004407345317304134
0.035369083285331726
0.015514086000621319
-0.006053287070244551
-0.031389202922582626
0.050350990146398544
0.000714970869012177
-0.047021567821502686
0.01369641162455082
0.0008025203133001924
-0.024105358868837357
0.0317784808576107
0.020223140716552734
0.0581330768764019
0.010421309620141983
-0.002726104110479355
-0.006350244861096144
-0.01928076334297657
-0.033191148191690445
0.02975165657699108
0.031797535717487335
-0.0865277349948883
-0.011441508308053017
0.06990647315979004
-0.10278544574975967
0.08460912108421326
0.02059531956911087
0.02832774445414543
0.08396681398153305
-0.016005054116249084
-0.05938384309411049
-0.02145853079855442
-0.019810566678643227
-0.047475848346948624
0.010367427952587605
0.06586108356714249
-0.07239203155040741
-0.015554916113615036
0.04003899171948433
-0.024186350405216217
-0.006454667076468468
-0.03991343826055527
0.013860405422747135
-0.018383687362074852
-0.0552634596824646
0.01380823366343975
0.07050774991512299
-0.019917726516723633
-0.017098084092140198
-0.0014125932939350605
-0.050018977373838425
0.017106326296925545
-0.05134421959519386
-0.15686777234077454
-0.05435473844408989
0.06473257392644882
0.06952103227376938
0.03427863121032715
-0.03210415318608284
-0.035350020974874496
0.026233959943056107
-0.09136279672384262
-0.014768525958061218
0.06098996102809906
-0.050339214503765106
-0.06658165901899338
0.012296349741518497
-0.07222945243120193
0.013143305666744709
0.07625620067119598
-0.06916976720094681
0.02868596836924553
-0.033410005271434784
0.0014199758879840374
0.019770294427871704
-0.024411752820014954
0.09937726706266403
0.03804792836308479
0.0026017597410827875
0.07628192007541656
0.027044003829360008
0.0377444326877594
-0.025131918489933014
0.005461875349283218
-0.10753721743822098
0.034876398742198944
0.08004273474216461
0.0426505021750927
0.01892486959695816
-0.03748232126235962
-0.019609538838267326
0.04338829964399338
0.05902237817645073
0.019333165138959885
-0.010643984191119671
0.08968861401081085
0.031071186065673828
0.038473840802907944
0.06411495059728622
-0.03353487327694893
0.03415422886610031
-0.07278203964233398
0.022795377299189568
-0.011022022925317287
-0.041905853897333145
-0.007706141099333763
0.03594644367694855
0.04004710912704468
-0.03070712648332119
-0.09062473475933075
-0.011763685382902622
0.012750723399221897
-0.03850458189845085
0.009611154906451702
-2.5512492253285216e-33
-0.005243830382823944
-0.054108764976263046
0.03367118164896965
-0.07948741316795349
0.03984769433736801
0.07394390553236008
-0.03308866545557976
0.039118506014347076
0.0902162492275238
-0.04061172157526016
-0.05517575144767761
-0.06378888338804245
-0.0811425969004631
0.0713128075003624
-0.06462410092353821
0.056469324976205826
-0.06493612378835678
0.05289185792207718
0.07369629293680191
0.05539887771010399
-0.07125812023878098
0.023906802758574486
0.04110778123140335
-0.05832035094499588
0.07174359261989594
-0.021741891279816628
-0.018841193988919258
-0.0953451469540596
0.02279193326830864
0.039147939532995224
-0.010445632040500641
0.017883343622088432
-0.013284792192280293
-0.02142394706606865
-0.09115462005138397
-0.06505312025547028
0.026076864451169968
0.006423431448638439
-0.058490168303251266
-0.013572253286838531
0.10532427579164505
-0.05277394875884056
-0.026637297123670578
0.11098648607730865
-0.06621020287275314
0.057597286999225616
0.059699445962905884
0.0202852301299572
-0.013933808542788029
-0.017320552840828896
-0.026120347902178764
-0.06720517575740814
0.04291202127933502
-0.0026128003373742104
0.03018655814230442
-0.07057555019855499
0.031414445489645004
-0.022355185821652412
0.005091510713100433
-0.0201540756970644
0.0755564495921135
0.014078175649046898
-0.017736129462718964
0.020079704001545906
-0.03539887070655823
-0.01942218467593193
-0.006628977134823799
-0.12519079446792603
0.015071699395775795
-0.09276756644248962
-0.012872654013335705
-0.030474204570055008
0.04870791733264923
-0.05411717668175697
-0.016422972083091736
-0.025376636534929276
0.03158673644065857
-0.012097375467419624
-0.011222300119698048
0.041489213705062866
0.08065132796764374
0.03405928611755371
-0.012954414822161198
-0.029308553785085678
-0.10157614201307297
0.13543003797531128
-0.0263199545443058
-0.07697805017232895
0.10105901956558228
-0.052130818367004395
0.008918127976357937
0.005774268414825201
0.042317669838666916
0.011134990490972996
-0.05520009621977806
2.4960092560345283e-33
-0.06568761169910431
0.007640080992132425
-0.026453103870153427
0.08142592757940292
0.014584288001060486
-0.017713334411382675
-0.030517341569066048
0.033887457102537155
-0.05313838645815849
-0.05971652269363403
-0.04874638840556145
-0.042757607996463776
0.07118138670921326
-0.05310419201850891
0.09849946200847626
0.1080816388130188
0.06811016798019409
0.04206276684999466
-0.030529676005244255
-0.02099510282278061
-0.06358660757541656
0.010316501371562481
0.060165807604789734
-0.04051869362592697
0.0174334067851305
0.07604743540287018
0.06697099655866623
-0.012562312185764313
-0.03359853848814964
-0.029372693970799446
0.017903154715895653
0.015171697363257408
0.027461988851428032
-0.07094267755746841
0.007882545702159405
0.005201922729611397
-0.023094676434993744
-0.07051534950733185
-0.009162429720163345
0.040814124047756195
0.05351259186863899
0.008789107203483582
0.0330284908413887
0.08050114661455154
-0.06098756939172745
-0.011497250758111477
0.054773200303316116
-0.07410209625959396
-0.033657342195510864
0.049815207719802856
0.03478625789284706
-0.027347644791007042
0.023711686953902245
-0.023323997855186462
0.05230676382780075
0.018404383212327957
-0.05498450994491577
0.054566748440265656
-0.010917561128735542
-0.023691635578870773
-0.008906236849725246
-0.012011594139039516
0.0006034161197021604
-0.0003477376012597233
0.011341076344251633
0.08279093354940414
0.015837740153074265
0.026211174204945564
0.0675952360033989
0.036960165947675705
0.011400621384382248
0.08601399511098862
0.09088638424873352
0.016924630850553513
0.03409232944250107
0.1725389063358307
0.01769717037677765
-0.10293864458799362
-0.04241134971380234
-0.029584622010588646
-0.07953542470932007
0.016633735969662666
-0.035292211920022964
0.015391778200864792
-0.06470091640949249
0.03485766053199768
-0.05042277276515961
0.06828022748231888
-0.05626530572772026
0.09247544407844543
-0.013510399498045444
-0.04991552233695984
0.02041984722018242
0.04057221859693527
0.04974060505628586
-1.3134688892080248e-08
0.009855827316641808
-0.0907604917883873
-0.07273510843515396
0.023777535185217857
0.03666016459465027
0.07696986198425293
0.02751740626990795
-0.012421906925737858
0.05896025151014328
0.011101065203547478
0.0062142228707671165
0.051093991845846176
0.03376256674528122
0.0761970579624176
-0.03742244467139244
-0.0162777379155159
0.06110100448131561
0.06031276285648346
-0.0015625315718352795
0.020779041573405266
-0.06170772761106491
0.05791054666042328
-0.01944747380912304
-0.05966316908597946
0.0008990257629193366
-0.01348100882023573
-0.10987843573093414
0.12137895077466965
-0.06260592490434647
0.0034626610577106476
0.006957022473216057
0.034164175391197205
-0.08294962346553802
-0.011269384063780308
0.07356085628271103
-0.03416429087519646
-0.02212653122842312
-0.03411676362156868
-0.025815216824412346
-0.12699098885059357
0.02894684113562107
0.06535045802593231
-0.04044170305132866
0.04688571020960808
-0.07563149183988571
-0.05623017996549606
0.009309260174632072
0.05417659133672714
0.028381209820508957
0.006240729708224535
0.019038259983062744
0.027886997908353806
0.008082297630608082
-0.016736827790737152
-0.019945237785577774
-0.057348620146512985
0.014028641395270824
-0.049588464200496674
-0.020244788378477097
0.06239057332277298
-0.03211958333849907
0.02586396224796772
-0.061617717146873474
0.03019687719643116
