-0.061494726687669754
0.04059400409460068
0.023626256734132767
0.07905925810337067
0.01357357855886221
-0.06966697424650192
0.03997444733977318
-0.0061173089779913425
-0.00904861744493246
0.06937984377145767
0.05041750892996788
-0.09215197712182999
-0.02173503115773201
0.010499236173927784
0.059028755873441696
-0.038350362330675125
0.07120617479085922
0.04566996917128563
0.022686941549181938
-0.024073269218206406
-0.010163367725908756
0.0958116203546524
0.06634340435266495
-0.017942722886800766
0.024962881579995155
-0.049190957099199295
-0.09951478987932205
-0.05111224949359894
0.06651119142770767
-0.02247839979827404
-0.01437047403305769
-0.039524439722299576
-0.022040268406271935
0.04259715974330902
-0.03630569204688072
0.022362645715475082
-0.024114549160003662
-0.12982656061649323
0.06659116595983505
-0.026326972991228104
0.11798268556594849
0.04268314689397812
0.01630789041519165
-0.050174567848443985
-0.07182183116674423
-0.03457478806376457
-0.08674271404743195
0.06911439448595047
0.04493589699268341
-0.06453721225261688
-0.03202565759420395
-0.06139007955789566
-0.05428968369960785
-0.029824763536453247
-0.05417635664343834
-0.027291959151625633
0.08973774313926697
-0.0058201332576572895
0.048708971589803696
0.016034195199608803
0.04355466365814209
-0.048990774899721146
0.010281465947628021
0.03364446014165878
0.026787463575601578
-0.056299127638339996
-0.05617610737681389
-0.08980212360620499
0.014796898700296879
0.013531360775232315
0.08205929398536682
-0.057084567844867706
-0.0371350459754467
0.007326273713260889
-0.03702496737241745
-0.006000971887260675
0.02888028882443905
-0.022434929385781288
-0.04595786705613136
0.04816794395446777
0.0019882479682564735
0.08592554181814194
0.0661369189620018
-0.03218140825629234
0.04715696722269058
-0.000863902794662863
-0.061890069395303726
0.0871683657169342
-0.03677749261260033
0.010663057677447796
-0.02084711752831936
-0.01655791699886322
-0.025712909176945686
0.01796972192823887
-0.0660245344042778
0.07530400156974792
0.032319750636816025
-0.08880750089883804
-0.026895685121417046
0.07076499611139297
-0.02608909085392952
-0.06979520618915558
-0.04577472805976868
-0.039491064846515656
0.0643235594034195
0.02603769302368164
-0.10626686364412308
-0.020313341170549393
0.028717081993818283
-0.011909076012670994
-0.0554923489689827
0.05734868347644806
-0.024719133973121643
0.07781945168972015
0.0029438999481499195
-0.10234223306179047
0.046047065407037735
-0.04312102496623993
-0.033514849841594696
0.013735986314713955
-0.04267478734254837
-0.053995419293642044
-0.045200593769550323
-0.06280931830406189
0.06069715693593025
-0.0519135557115078
0.015739411115646362
-7.032526462224833e-33
0.052354469895362854
-0.060945458710193634
0.024716012179851532
-0.09906110912561417
0.050182707607746124
0.06703971326351166
0.03569977730512619
0.06597835570573807
0.021025383844971657
-0.00821411982178688
-0.08802662789821625
-0.13260187208652496
0.0037171600852161646
0.049480974674224854
-0.006624138448387384
0.025381121784448624
0.003735222388058901
0.0008130446658469737
0.09275903552770615
-0.02603473886847496
-0.006982706021517515
-0.01566932536661625
0.05356297269463539
-0.011290347203612328
0.04492485150694847
0.021191110834479332
-0.11655943095684052
-0.09360064566135406
-0.008610178716480732
0.04072422534227371
-0.01748191937804222
-0.08917560428380966
-0.05209780111908913
-0.0061193970032036304
0.0050650788471102715
-0.06892810016870499
-0.041033416986465454
-0.019729211926460266
-0.09223064035177231
-0.0952267050743103
-0.0038387852255254984
0.05564119666814804
-0.0376957431435585
-0.024505319073796272
-0.06535334885120392
0.089871846139431
-0.036542344838380814
0.0006894359830766916
0.0003722406108863652
0.012129128910601139
0.07476582378149033
-0.00013523251982405782
0.09782678633928299
-0.0032236312981694937
0.0025318290572613478
0.025709837675094604
0.13886559009552002
0.01828587055206299
-0.010452944785356522
-0.005198876839131117
0.11577391624450684
-0.016349393874406815
-0.029615458101034164
0.006407827604562044
0.036765798926353455
0.015834776684641838
-0.01256738230586052
-0.023915231227874756
0.03826190158724785
-0.07506558299064636
-0.011297732591629028
-0.023314183577895164
-0.051826316863298416
-0.04077557474374771
0.02449147216975689
-0.0462004691362381
0.04185303673148155
-0.051986951380968094
0.008752020075917244
0.049488313496112823
0.05540775507688522
0.05740842968225479
0.10855940729379654
-0.005369503051042557
-0.09422867000102997
0.06578919291496277
-0.0007930001593194902
-0.0071038780733942986
0.130511075258255
-0.03697312995791435
0.010207459330558777
-0.008187592029571533
-0.023595040664076805
0.03045131452381611
-0.020215807482600212
5.011497555488136e-33
-0.0013127438724040985
0.08431357145309448
0.03411585092544556
0.02569536119699478
-0.0023518225643783808
-0.04787352308630943
-0.10356078296899796
0.08723708987236023
-0.01375386118888855
0.018669001758098602
0.0033696196042001247
0.004041845910251141
0.0570002980530262
0.07936542481184006
0.08199190348386765
0.0542006716132164
-0.007034122943878174
0.005645759403705597
-0.025084033608436584
-0.014772806316614151
-0.07115693390369415
-0.0007652065833099186
0.02048047073185444
0.005003851838409901
-0.011873001232743263
0.023366166278719902
0.0005356056499294937
-0.020266123116016388
-0.02014181576669216
-0.017811721190810204
0.006032487377524376
0.1054469645023346
0.04530565068125725
-0.07655232399702072
0.10191453248262405
-0.06065422669053078
-0.04363678768277168
-0.08653314411640167
0.026717908680438995
0.023621561005711555
0.13590259850025177
0.038281429558992386
0.045716915279626846
0.03207399696111679
0.04219328612089157
-0.06169717758893967
0.059596702456474304
0.011805588379502296
-0.12434323132038116
0.05818905681371689
0.06653447449207306
0.022881073877215385
0.029881546273827553
0.035076409578323364
0.044593919068574905
-0.018286382779479027
-0.014169836416840553
0.026652444154024124
0.08091307431459427
-0.09596282243728638
-0.03771661967039108
-0.03678513690829277
-0.07919096946716309
0.05732299014925957
-0.026979925110936165
0.06773367524147034
0.019235070794820786
0.0424104779958725
0.0011750879930332303
0.024973761290311813
-0.03775978460907936
0.0037517028395086527
-0.003937501460313797
-0.018863625824451447
0.0029508613515645266
0.02408899925649166
-0.04672442376613617
-0.03546800836920738
0.0049627092666924
0.035437408834695816
-0.04579220712184906
0.07801426202058792
0.022441327571868896
0.02811354771256447
0.037027306854724884
-0.03952751308679581
-0.0720340684056282
0.0189481470733881
0.00968313030898571
0.011478929780423641
-0.03890087828040123
-0.06389691680669785
0.02548467181622982
0.061763886362314224
0.11854980885982513
-1.319768294649748e-08
-0.030192233622074127
0.1118403971195221
-0.012029232457280159
0.08418832719326019
0.06468851119279861
-0.005308298859745264
-0.018313970416784286
-0.025988712906837463
0.06937770545482635
0.0506802462041378
0.03704115003347397
-0.009229401126503944
0.04285380244255066
0.022224152460694313
-0.0609557181596756
0.007221292704343796
0.025221342220902443
-0.03283025696873665
0.03506692498922348
0.05732579901814461
-0.02927565947175026
-0.019030090421438217
0.02653096802532673
-0.02801860310137272
0.031022805720567703
-0.07495739310979843
-0.08302038908004761
0.04549175500869751
-0.0022102182265371084
0.012211405672132969
-0.02357172966003418
0.050004761666059494
-0.09344394505023956
0.037423282861709595
-0.005144684575498104
0.022921551018953323
0.02475488744676113
-0.061061274260282516
0.0760929211974144
0.0020750302355736494
-0.013059360906481743
0.035345278680324554
0.030286749824881554
-0.022798968479037285
-0.0655270591378212
0.05311707407236099
0.03720499202609062
0.0007123096147552133
0.025622431188821793
-0.040330760180950165
-0.02398059517145157
-0.06889964640140533
-0.010577714070677757
-0.051564499735832214
-0.0073982118628919125
-0.11153170466423035
0.025540614500641823
-0.0038393016438931227
-0.053151726722717285
-0.014825748279690742
0.004367283545434475
0.02971813641488552
0.016229383647441864
-0.003159084590151906
