-0.03565619885921478
-0.00944351777434349
0.019584931433200836
0.06820360571146011
0.07200717180967331
-0.0002702080237213522
0.038244232535362244
0.039359528571367264
0.06819238513708115
0.15747113525867462
-0.022082144394516945
-0.02026105299592018
-0.031241348013281822
0.027846798300743103
0.04853685945272446
0.05288398265838623
-0.06013256311416626
0.016706114634871483
0.03942904993891716
-0.03723704814910889
0.02174108475446701
0.08304260671138763
-0.014539060182869434
0.011911810375750065
-0.031159361824393272
-0.053739361464977264
-0.0671386569738388
0.008179235272109509
0.02430456317961216
-0.013264448381960392
0.03012894280254841
-0.06524215638637543
0.00066454301122576
0.0577758252620697
-0.038424912840127945
0.004135264083743095
0.03241414949297905
-0.12462715804576874
0.09757854044437408
0.03742990270256996
0.021268432959914207
0.06828421354293823
-0.01027845311909914
-0.06647638976573944
-0.012564334087073803
0.001434729783795774
-0.019721385091543198
0.006452270783483982
0.029714087024331093
-0.0685485452413559
-0.029975004494190216
-0.041755031794309616
-0.0650976225733757
-0.020308038219809532
-0.09003407508134842
0.04794243723154068
0.0463021919131279
-0.08912155777215958
0.05281566083431244
0.07590153068304062
0.03494008630514145
0.04085487872362137
0.003572669345885515
0.06297226250171661
0.04279863089323044
0.013719689100980759
-0.097401462495327
-0.01945360377430916
0.055369313806295395
-0.011305443942546844
0.07971557974815369
0.001423279638402164
-0.020767956972122192
0.02432926557958126
-0.04054812714457512
-0.08340054005384445
0.03466104343533516
0.015735410153865814
0.0024338141083717346
-0.03791668266057968
-0.07641321420669556
-0.0023465435951948166
-0.017271358519792557
-0.011092926375567913
-0.003679906949400902
0.05408865585923195
-0.031272295862436295
0.07282477617263794
-0.06553470343351364
0.010622650384902954
-0.08121789246797562
-0.021061360836029053
0.003410526318475604
0.04887981340289116
-0.09757086634635925
0.021640246734023094
0.03812958672642708
-0.04901847615838051
-0.022819463163614273
0.09325668960809708
-0.013108372688293457
0.029818188399076462
0.06803172826766968
-0.06211291626095772
0.06491915881633759
0.0252633485943079
-0.09158461540937424
-0.030721059069037437
0.043098047375679016
0.02323063462972641
-0.022443991154432297
-0.010063528083264828
-0.06516841053962708
0.15116621553897858
-0.002113226568326354
-0.04202472046017647
0.06717370450496674
-0.048541359603405
-0.09124315530061722
0.06953463703393936
0.0583517961204052
-0.001346416654996574
-0.03099040314555168
0.0006456561968661845
0.04764226824045181
-0.06533218920230865
0.10145808011293411
-7.785104394244155e-33
0.06980756670236588
-0.08072006702423096
0.06930750608444214
-0.06644809246063232
0.11651573330163956
0.07782888412475586
-0.005656532943248749
-0.013082505203783512
-0.002665409352630377
0.03275864198803902
-0.18685799837112427
0.020334597676992416
-0.07209288328886032
-0.00656310748308897
0.02191937528550625
-0.002901992294937372
-0.01869877427816391
-0.015996752306818962
0.04566164314746857
-0.013512770645320415
-0.054917994886636734
0.04371795058250427
-0.005200170911848545
-0.025601379573345184
0.06381674855947495
0.020877109840512276
0.022767890244722366
-0.07546863704919815
0.05796819552779198
0.045933209359645844
-0.04676816239953041
-0.004923421889543533
-0.04796510189771652
-0.03135746717453003
-0.034093860536813736
-0.07110606878995895
0.013907126151025295
-0.04219433292746544
0.03729512542486191
0.0007041011704131961
0.03091147355735302
-0.0007338391151279211
0.02734776958823204
0.018789218738675117
-0.011068402789533138
0.06884724646806717
0.07609518617391586
0.03225833922624588
-0.01878546178340912
0.00431547686457634
-0.0727580264210701
0.01971014402806759
0.03815853223204613
-0.032719727605581284
-0.019169041886925697
-0.02568347379565239
0.04488356038928032
0.09987479448318481
-0.019932487979531288
0.04834418743848801
0.11543851345777512
-0.07471679896116257
-0.004278313834220171
0.014262341894209385
0.06991028785705566
-0.05835610628128052
0.001888491678982973
-0.08129914104938507
0.03367648273706436
-0.057544756680727005
-0.0579422228038311
0.015488491393625736
0.00085351342568174
-0.06372570246458054
0.003929372411221266
-0.07660366594791412
0.01511350367218256
0.021634340286254883
-0.0771263986825943
0.01954013481736183
-0.030982274562120438
0.016953712329268456
-0.01406065933406353
0.01817699894309044
0.023246925324201584
0.06262125819921494
0.07406172156333923
0.014394672587513924
-0.004413990303874016
0.0006611131830140948
-0.0030330573208630085
-0.013479814864695072
-0.019771061837673187
-0.05908481031656265
0.03856576606631279
4.246585014308842e-33
-0.007319423370063305
-0.0297226719558239
0.04573870077729225
0.030134430155158043
-0.040550194680690765
-0.0023656655102968216
-0.1146761104464531
0.08044341951608658
-0.08752639591693878
-0.02776893600821495
-0.04872395843267441
0.027052542194724083
0.09523677080869675
-0.03314785286784172
0.05370995029807091
-0.047947682440280914
-0.009222670458257198
0.058869022876024246
-0.03030139021575451
-0.021504748612642288
0.039826177060604095
0.034611161798238754
0.025865498930215836
-0.0174602959305048
-0.011234509758651257
-0.010666902177035809
-0.02651708945631981
-0.0041038463823497295
-0.055338792502880096
0.01449928991496563
-0.010790015570819378
0.06148004159331322
-0.0030675490852445364
-0.10227609425783157
-0.004032871685922146
-0.08716759085655212
0.007546619512140751
-0.13731518387794495
0.002414447721093893
0.030443809926509857
0.09136539697647095
0.020043766126036644
0.012118424288928509
-0.02506669983267784
0.004328018520027399
-0.033084217458963394
-0.07761789113283157
0.027247043326497078
-0.06920687854290009
0.08343931287527084
-0.0006023391615599394
-0.03530653938651085
-0.020909104496240616
-0.03956114873290062
0.02824731171131134
-0.06887494772672653
-0.09988775104284286
-0.015940645709633827
0.05159585177898407
0.009116222150623798
-0.05943429470062256
0.00039987164200283587
-0.08409001678228378
0.003498385427519679
-0.04278859123587608
0.014180229045450687
-0.015540234744548798
0.06201575696468353
0.06202474981546402
-0.04638334736227989
0.028817562386393547
0.014086945913732052
-0.024431977421045303
-0.0005724273505620658
0.00458480091765523
0.09601260721683502
-0.011126798577606678
-0.0644497349858284
-0.014883000403642654
-0.03396797925233841
-0.08100081980228424
0.03324916213750839
1.0473040674696676e-05
0.09445888549089432
-0.007358117029070854
-0.03758442401885986
0.01992022804915905
0.03282557800412178
-0.006013968493789434
0.024686027318239212
0.0036503474693745375
0.0525183267891407
-0.03523100167512894
0.0341481938958168
-0.04303457960486412
-1.4660587410730841e-08
-0.11324058473110199
0.08438272774219513
-0.009786431677639484
0.02558266371488571
0.052147336304187775
0.11358524858951569
0.0480995699763298
0.018176287412643433
-0.0042526558972895145
0.001929502235725522
0.005071219988167286
0.026688117533922195
0.028215918689966202
0.09038468450307846
0.005421381443738937
0.013437972404062748
-0.026522772386670113
0.0238503348082304
0.029898541048169136
0.12196119874715805
0.04170844703912735
-0.01467097271233797
0.04413646087050438
0.06590089946985245
-0.007394831627607346
-0.03406434878706932
-0.10049697756767273
0.08223994821310043
-0.03303137421607971
0.1240052580833435
-0.005079437512904406
0.08177952468395233
-0.027134304866194725
0.04189176857471466
-0.0034853536635637283
-0.019270485267043114
-0.007514372933655977
0.04395487904548645
-0.034213777631521225
-0.04294943809509277
0.03122904896736145
0.015562707558274269
-0.0292363278567791
-0.018748294562101364
-0.08485696464776993
0.005235685966908932
0.015269461087882519
0.011275306344032288
-0.018124764785170555
-0.037338245660066605
-0.029354507103562355
-0.045640937983989716
0.06759875267744064
-0.007457695435732603
-0.05487757548689842
-0.11010308563709259
-0.043735750019550323
-0.08775276690721512
-0.09779907763004303
0.025099391117691994
0.014103660359978676
-0.02836543321609497
-0.0216024462133646
0.06676696985960007
