-0.025962281972169876
-0.032589104026556015
0.030237657949328423
0.04056484252214432
0.002511073602363467
-0.013450616039335728
0.044815514236688614
0.02769368700683117
0.02953781560063362
0.09155768901109695
-0.012603290379047394
-0.03951201215386391
-0.062450654804706573
-0.004025050438940525
0.05958574265241623
-0.05217750370502472
0.08048725873231888
0.02238447405397892
0.12163180112838745
0.01224515400826931
0.03841503709554672
0.03430350124835968
-0.004776373505592346
-0.029511285945773125
-0.0076352013275027275
0.026399509981274605
0.017292821779847145
-0.056515417993068695
0.045076727867126465
-0.0011643074685707688
0.07366912811994553
-0.17317642271518707
-0.007971655577421188
0.03518914058804512
-0.02345939725637436
0.012827466242015362
0.043252844363451004
-0.21580007672309875
0.027974823489785194
-0.01913091354072094
0.01751808635890484
0.11043954640626907
0.05448468029499054
-0.057658787816762924
-0.02605503611266613
0.027100061997771263
-0.035484835505485535
0.030980518087744713
0.038211122155189514
-0.06941714137792587
-0.05147211626172066
-0.03985965624451637
-0.027128558605909348
0.0020079382229596376
-0.038022127002477646
0.05422260984778404
0.051289152354002
-0.04288501292467117
-0.012003635987639427
0.04496712237596512
-0.018733466044068336
0.0036921282298862934
0.02298581972718239
-0.01980625092983246
0.045327190309762955
-0.05264618247747421
-0.07994750887155533
-0.06307612359523773
-0.02399982139468193
-0.010004142299294472
0.039091672748327255
-0.030995743349194527
-0.0035758139565587044
-0.016735171899199486
-0.027962490916252136
-0.05751921236515045
0.03171096369624138
-0.06434330344200134
-0.0053880480118095875
0.019100628793239594
-0.04892139881849289
0.07376720011234283
0.031095802783966064
-0.03733757883310318
0.02742759883403778
0.037269774824380875
-0.044985901564359665
0.09675487130880356
0.0031649593729525805
0.07698901742696762
0.03211115300655365
0.043176814913749695
0.013898075558245182
0.017747912555933
-0.009659568779170513
0.006635640282183886
0.010495401918888092
-0.07184450328350067
0.023083297535777092
0.027864445000886917
-0.015564135275781155
0.007794567849487066
-0.06360111385583878
-0.050450246781110764
0.07061732560396194
0.018277909606695175
-0.052451979368925095
0.08059663325548172
0.05522895231842995
0.000773790234234184
-0.03243425115942955
0.09157190471887589
-0.008807491511106491
0.05618101730942726
-0.0369357094168663
-0.019114268943667412
0.11691419780254364
-0.11413674056529999
-0.008145474828779697
0.035627156496047974
0.012482954189181328
-0.06587535887956619
-0.03281993418931961
0.0033605112694203854
0.0193629190325737
0.007269566413015127
0.060616470873355865
-5.414948889867438e-33
-0.027700573205947876
-0.09753473848104477
0.04358652979135513
-0.12129165977239609
0.04573408514261246
0.06244463473558426
-0.010386788286268711
0.08998913317918777
0.07518130540847778
0.0512571819126606
-0.06638426333665848
-0.07121796905994415
-0.01153604593127966
0.01668494939804077
-0.0006540397880598903
-0.049890920519828796
0.012324238196015358
0.025642214342951775
0.12313441187143326
0.01345263235270977
-0.014504910446703434
-0.020353712141513824
0.09304877370595932
0.013995633460581303
0.057596247643232346
0.03085428476333618
-0.10485033690929413
-0.04967593029141426
-0.023698292672634125
0.04566220939159393
-0.013843508437275887
-0.08574098348617554
-0.09358583390712738
-0.04942476376891136
-0.003569997614249587
-0.06793644279241562
0.04881197214126587
-0.016616880893707275
-0.09029435366392136
-0.01728496141731739
0.046796128153800964
-0.06069909781217575
-0.02601165696978569
0.044543009251356125
-0.025652708485722542
0.05003204569220543
0.025468511506915092
-0.00931581761687994
0.001904869917780161
-0.059935908764600754
0.029386049136519432
-0.04944618046283722
0.06741906702518463
-0.026973174884915352
-0.020222073420882225
-0.05629797279834747
0.060842715203762054
0.014803293161094189
-0.0020404241513460875
-0.028179610148072243
0.09107116609811783
0.025717025622725487
-0.041173215955495834
0.008164147846400738
0.05891290307044983
-0.03995408117771149
0.02748684026300907
-0.09487646818161011
0.04972020164132118
-0.0295697208493948
-0.022741002961993217
-0.0037265883293002844
0.00010930706048384309
-0.07018908858299255
-0.05272430181503296
-0.04990250989794731
-0.09238537400960922
-0.01162321213632822
0.029628872871398926
0.032550036907196045
0.05133925378322601
0.043174758553504944
0.050523024052381516
0.010337439365684986
-0.06088609993457794
0.14561735093593597
0.08134546875953674
-0.008403424173593521
0.0873246118426323
-0.025311347097158432
0.022179463878273964
-0.03792009875178337
-0.027179356664419174
-0.009194389916956425
-0.029610062018036842
2.75969982223083e-33
-0.04119580239057541
-0.004273270722478628
-0.044525664299726486
0.020952656865119934
-0.05301705002784729
-0.06866540014743805
-0.08996910601854324
0.09192657470703125
-0.02041553519666195
-0.06588783115148544
-0.025946691632270813
-0.022736312821507454
0.07313938438892365
0.04682231321930885
0.053551118820905685
0.05712324008345604
-0.07224825769662857
0.01627776026725769
-0.04574922099709511
-0.08016049116849899
-0.0023976287338882685
-0.013701126910746098
0.040108125656843185
0.025743260979652405
-0.012543739750981331
0.05832865834236145
0.017104504629969597
0.0221131332218647
-0.056035883724689484
0.009852857328951359
0.03789563104510307
0.10176645964384079
0.08990535885095596
-0.15996021032333374
0.04841535910964012
-0.018364008516073227
-0.04218659922480583
-0.09690935164690018
0.001201200415380299
-0.0476851612329483
0.10490535199642181
0.018662171438336372
0.022907141596078873
0.01108482014387846
-0.024208223447203636
-0.06813719123601913
0.01158206257969141
-0.0201175045222044
-0.041390709578990936
0.08325453102588654
0.025925250723958015
-0.05982966348528862
0.011214206926524639
-0.09150396287441254
0.017557941377162933
-0.000371545203961432
-0.07805714756250381
0.003342508105561137
0.057912677526474
-0.007452845573425293
-0.02472166158258915
0.004521477967500687
-0.031593069434165955
0.02504028007388115
0.09289443492889404
0.04308687150478363
0.07701004296541214
0.0067859916016459465
0.08264026790857315
-0.022563166916370392
-0.02551010623574257
0.08477065712213516
0.08073379099369049
0.02378620207309723
-0.0012698271311819553
0.08230525255203247
-0.0008321072091348469
0.0030983751639723778
-0.006060655228793621
0.014812137931585312
-0.01919890195131302
0.04713677987456322
0.02802128903567791
0.019559698179364204
-0.015583262778818607
-0.03275427594780922
-0.05693596974015236
0.02660052850842476
-0.033218614757061005
-0.002696513431146741
-0.03835754096508026
-0.0673222616314888
0.03130963444709778
0.0667046457529068
0.05514358729124069
-1.4536679415755316e-08
-0.024435989558696747
0.015682578086853027
-0.06259658187627792
0.09357845783233643
0.0123367328196764
0.02990046888589859
-0.017757633700966835
-0.07381165772676468
0.04266420751810074
-0.024267734959721565
-0.00183205958455801
0.05959891900420189
-0.007608816493302584
0.043760452419519424
-0.06588573008775711
0.013990914449095726
-0.010102561675012112
-0.02514154277741909
0.012179763056337833
0.07008453458547592
0.003778374521061778
-0.04400385916233063
0.04647263139486313
-0.022620175033807755
0.007555134128779173
-0.04325898364186287
-0.08492235094308853
0.09099368751049042
0.053999852389097214
0.05416053906083107
-0.023064926266670227
0.02235160954296589
-0.01321470271795988
0.06896792352199554
0.05599506199359894
0.0018356703221797943
-0.06718077510595322
-0.04825457185506821
-0.019300399348139763
-0.045335590839385986
0.023495720699429512
0.011448027566075325
0.005522320047020912
-0.017945045605301857
-0.11258289217948914
0.035632915794849396
-0.02652820013463497
0.03282899409532547
0.03718506917357445
-0.04576631262898445
-0.023613719269633293
0.0006522451876662672
-0.005411441903561354
-0.014529317617416382
-0.03648761287331581
-0.08261284232139587
0.03916654363274574
-0.08740080893039703
-0.0157401692122221
-0.013651933521032333
0.020271752029657364
0.05986395478248596
-0.04762120172381401
0.032989151775836945
