-0.0028801136650145054
0.0609666109085083
0.14220073819160461
0.03183939307928085
0.0625104308128357
0.04681388661265373
-0.01511199027299881
0.08213779330253601
0.021168844774365425
0.044217806309461594
-0.07121074199676514
-0.012832554057240486
0.00993229541927576
0.010767375119030476
0.001280471682548523
0.0105039793998003
0.008018797263503075
0.04205417260527611
0.027607697993516922
-0.023983227089047432
-0.003752294695004821
0.0792456865310669
0.07796011865139008
-0.007594278082251549
-0.0692252442240715
-0.06586475670337677
-0.00282976939342916
0.04908942058682442
0.10466401278972626
-0.08590997755527496
0.04526638239622116
-0.03609181195497513
-0.005988455377519131
0.01919514313340187
-0.08810191601514816
0.03786475583910942
-0.016840297728776932
0.03745118901133537
0.028273576870560646
0.0772576630115509
-0.04533441737294197
0.033015016466379166
0.019915634766221046
-0.013976951129734516
-0.02854332886636257
-0.01843581721186638
-0.0004152481269557029
-0.015574547462165356
0.07423843443393707
-0.06015278398990631
0.009048928506672382
-0.06299813836812973
-0.05962846428155899
0.020079949870705605
-0.027160335332155228
-0.022035270929336548
0.040556926280260086
-0.13739830255508423
0.05874810740351677
-0.015524939633905888
0.10064033418893814
0.0627238005399704
0.04656921699643135
-0.030914081260561943
0.06927657872438431
0.03312869742512703
0.006511969491839409
-0.0409955233335495
-0.020814362913370132
0.004849881865084171
0.002609213348478079
0.077020063996315
-0.05742720142006874
-0.04518184810876846
-0.026169372722506523
-0.00140686659142375
0.028360547497868538
0.05976960062980652
0.04655050113797188
-0.04642635956406593
-0.0506754107773304
0.004613025113940239
0.05631633475422859
-0.032257407903671265
0.013853601180016994
0.012698967009782791
-0.005001855082809925
-0.009773964062333107
-0.01461466122418642
-0.045048996806144714
-0.03449317812919617
0.0048270742408931255
-0.0647580549120903
0.02775368094444275
0.036132898181676865
-0.017073923721909523
0.02849210612475872
0.02371992915868759
-0.037729062139987946
-0.008502273820340633
0.0678967610001564
-0.04056723415851593
-0.04578709974884987
-0.023660458624362946
0.09634622931480408
0.020376166328787804
-0.03413810580968857
-0.0022953192237764597
0.020103702321648598
0.09422310441732407
0.02753114514052868
0.022366119548678398
-0.002125945407897234
0.10456051677465439
-0.0006668725400231779
-0.032948531210422516
-0.005926382262259722
-0.042246490716934204
-0.09973852336406708
-0.07611868530511856
0.014104479923844337
0.007669795770198107
-0.023780889809131622
-0.008737251162528992
0.03824688866734505
-0.06737514585256577
0.06819553673267365
-5.8089661473974224e-33
0.05046221241354942
-0.04304669424891472
-0.015829969197511673
-0.010887273587286472
-0.047918900847435
0.05519961565732956
-0.03803394362330437
0.027251247316598892
-0.07111088186502457
0.1201520785689354
-0.10965213924646378
0.08244087547063828
-0.027774037793278694
-0.007301391568034887
-0.09610681980848312
-0.07507003843784332
0.05953940004110336
-0.07152700424194336
0.0056567625142633915
0.04563039168715477
0.004847212228924036
-0.02427545003592968
-0.01565689407289028
-0.016297513619065285
0.02384846657514572
-0.0006642534281127155
0.0048425220884382725
-0.04666733741760254
-0.034363750368356705
-0.03892294690012932
-0.0149520393460989
-0.049730777740478516
0.044918306171894073
0.05915871635079384
0.017971718683838844
-0.11812759935855865
0.03621929511427879
0.0027549448423087597
0.0010823041666299105
-0.10234316438436508
0.053081151098012924
-0.061459727585315704
-0.024026956409215927
-0.08615495264530182
0.0031147594563663006
-0.005501816980540752
0.033357106149196625
-0.004857791122049093
0.0002427718136459589
0.045644909143447876
-0.006207976024597883
0.045108307152986526
-0.018259774893522263
-0.005609259475022554
0.01199559960514307
-0.019127819687128067
0.025586333125829697
-0.03979533538222313
-0.059167347848415375
0.01985650137066841
0.060361165553331375
0.09647977352142334
0.007496077101677656
-0.016432110220193863
0.04919813945889473
-0.052383098751306534
0.0033455847296863794
0.059518735855817795
0.002086720196530223
0.020934585481882095
0.028622569516301155
0.048581529408693314
-0.034157026559114456
0.03165203705430031
-0.11680776625871658
-0.008164126425981522
-0.06516756117343903
0.0012401087442412972
-0.07825937867164612
0.09728306531906128
-0.038336388766765594
-0.04649169370532036
-0.039136819541454315
-0.024796366691589355
-0.02813173271715641
0.06528771668672562
0.06855905055999756
-0.07604818791151047
0.06962791830301285
-0.02530072256922722
-0.07580722123384476
0.009463540278375149
-0.06263909488916397
-0.04246583953499794
0.045674923807382584
3.2870377919402396e-33
0.07887686043977737
-0.0991065725684166
0.09290333092212677
0.045093193650245667
0.010718311183154583
0.0019989481661468744
0.08878196030855179
0.061514582484960556
-0.09943477809429169
0.015354129485785961
-0.10381711274385452
0.08846469968557358
0.04963856562972069
-0.10335586965084076
0.14288879930973053
0.04474584385752678
-0.08709916472434998
-0.02532004937529564
0.006280474830418825
0.014708629809319973
-0.08624200522899628
0.020040743052959442
-0.07489221543073654
0.027011314406991005
-0.013639582321047783
0.0753793939948082
-0.03752004727721214
0.00687947915866971
-0.09139502793550491
-0.09319712966680527
-0.020352736115455627
0.041695866733789444
0.029362985864281654
-0.06196897104382515
-0.060069113969802856
-0.06813472509384155
0.030274512246251106
-0.1309400200843811
0.009042625315487385
-0.0236545130610466
0.02572205662727356
0.043426550924777985
0.022497765719890594
0.018498515710234642
0.030942432582378387
0.018332019448280334
-0.019327126443386078
0.028020458295941353
-0.011266596615314484
0.050693027675151825
0.013276845216751099
-0.006286843214184046
0.07839841395616531
-0.00917855929583311
0.04960411414504051
0.02538422681391239
-0.09782040864229202
0.05278105288743973
0.006466878578066826
0.024650704115629196
0.033026862889528275
0.04933033883571625
0.003023861674591899
-0.0010155021445825696
-0.035496074706315994
0.06669532507658005
-0.013973181135952473
0.08339134603738785
0.004351947456598282
0.031100187450647354
-0.010386820882558823
0.07531646639108658
0.02264753356575966
-0.06883055716753006
0.06944483518600464
0.09644647687673569
0.030699409544467926
-0.015484553761780262
0.020107533782720566
-0.011907191015779972
-0.01724756509065628
0.050027552992105484
-0.02262764424085617
0.037373315542936325
0.016292953863739967
0.004874752834439278
-0.06168436259031296
0.044968511909246445
0.0709548220038414
-0.03197132423520088
-0.014361042529344559
0.05090181902050972
-0.14098501205444336
0.00829270575195551
0.03370925039052963
-1.825601536609156e-08
-0.0544310100376606
0.08283164352178574
-0.011458341963589191
0.00398659985512495
-0.019855188205838203
-0.013742916285991669
0.07851333916187286
-0.08791166543960571
-0.0034794548992067575
0.00996213499456644
-0.0528377965092659
-0.050418321043252945
0.00997656024992466
0.04900606349110603
-0.03187226504087448
-0.018728824332356453
-0.08323648571968079
-0.02675563097000122
0.015609167516231537
0.0691186860203743
0.07379741221666336
-0.043592795729637146
0.010415776632726192
0.0804043710231781
-0.019397690892219543
-0.044015951454639435
0.004848380573093891
-0.061380237340927124
0.011789746582508087
0.04013306647539139
-0.008504829369485378
0.03940603882074356
-0.07851925492286682
-0.06201985478401184
0.05701917037367821
0.005082807503640652
0.0695323720574379
0.02926057204604149
0.05431053414940834
0.007726878859102726
0.005506386049091816
0.0832909569144249
0.013428470119833946
-0.011733951978385448
-0.08812986314296722
0.005488021299242973
-0.07727453857660294
-0.02941880188882351
0.020222065970301628
-0.03186884894967079
-0.050427112728357315
0.02301475964486599
0.007064818404614925
0.01753925159573555
0.06413724273443222
0.021709484979510307
-0.016332950443029404
-0.04225438833236694
-0.04214974120259285
0.038239844143390656
-0.06562924385070801
-0.14134137332439423
0.005638094153255224
-0.051421597599983215
