-0.03299792855978012
0.03029739297926426
-0.003130040131509304
0.026494808495044708
0.012976234778761864
-0.007756567094475031
0.025198230519890785
0.041603825986385345
-0.004527784418314695
0.08970906585454941
0.02238565683364868
-0.028550710529088974
0.04299050569534302
0.07990038394927979
0.02269287221133709
-0.04025302827358246
0.03313016518950462
0.0028033670969307423
0.03097793459892273
0.027241891250014305
-0.03775826096534729
0.024517053738236427
0.05459010973572731
0.03664712235331535
-0.09952167421579361
-0.06608977168798447
-0.12075851112604141
-0.0017988267354667187
0.1282416582107544
-0.018349673599004745
-0.05539470911026001
-0.12280525267124176
-0.015821905806660652
0.03699314966797829
0.00931521411985159
-0.009669851511716843
0.02183395065367222
-0.00892107468098402
-0.0010445088846608996
0.013410299085080624
0.08052760362625122
-0.007277714088559151
0.025986144319176674
-0.04576495662331581
0.010131718590855598
-0.017345048487186432
0.0011044348357245326
0.013604224659502506
0.09441463649272919
-0.03710023686289787
-0.07021380215883255
-0.016343334689736366
-0.00953043345361948
0.027339359745383263
-0.0757574588060379
0.05261172726750374
0.030304929241538048
-0.09982429444789886
0.07123234868049622
-0.006387162953615189
0.09244869649410248
0.01397449616342783
0.03186000511050224
0.05695801228284836
-0.029467053711414337
-0.025309031829237938
-0.012891863472759724
0.023973887786269188
0.04332631453871727
0.04426499083638191
0.04549716040492058
-0.03643191605806351
-0.054460059851408005
0.02491675317287445
-0.0160678680986166
0.04031377285718918
0.0308966226875782
0.02212401106953621
0.051146041601896286
-0.03460990637540817
0.05829497054219246
-0.0034291280899196863
0.03245615214109421
0.005948635749518871
0.048828285187482834
-0.03760542720556259
0.024778546765446663
0.0502629354596138
-0.10049326717853546
-0.11480565369129181
7.822970655979589e-05
-0.07008084654808044
-0.03454010561108589
-0.011545021086931229
-0.06450565904378891
-0.03478841856122017
0.02039191499352455
0.011312995105981827
0.03583640977740288
-0.007973060943186283
0.04024044796824455
-0.11277009546756744
0.019375285133719444
0.05236360803246498
0.0467010997235775
-0.04871135950088501
-0.054671138525009155
0.0020143415313214064
0.051718734204769135
-0.03338849917054176
-0.059465743601322174
0.02697472833096981
-0.01395886205136776
0.18532125651836395
0.026448067277669907
-0.016206225380301476
-0.03617149218916893
-0.0538867749273777
-0.0473521389067173
-0.03654054179787636
0.06748522073030472
0.01280843187123537
0.09601441770792007
-0.06430365145206451
0.05023270472884178
-0.03159535676240921
0.046871017664670944
-5.151835785270978e-33
0.014908590354025364
-0.08810126036405563
-0.015662062913179398
-0.09673251956701279
0.061044611036777496
0.0514792837202549
-0.0021258811466395855
0.07906001806259155
-0.06625775247812271
0.06706442683935165
-0.06642719358205795
0.02918219193816185
0.006021930370479822
-0.02735268883407116
-0.03189874440431595
-0.0068193781189620495
0.03851296380162239
-0.029559949412941933
0.014097453095018864
-0.04344005510210991
-0.0017869601724669337
-0.0066217295825481415
0.02136266976594925
0.0035850005224347115
0.05905706435441971
-0.011477923020720482
-0.1275922954082489
-0.07275141030550003
-0.05907832831144333
0.04791085049510002
-0.06030908599495888
-0.07526780664920807
-0.039700575172901154
-0.019042715430259705
-0.005137411877512932
-0.11117410659790039
-0.02881787158548832
-0.028050867840647697
0.005255712196230888
-0.0764283835887909
-0.005725197494029999
0.023054270073771477
0.014788324013352394
-0.012526329606771469
-0.04936263710260391
0.11902874708175659
-0.06512860953807831
0.023243600502610207
-0.030633073300123215
0.04433893784880638
-0.00723097613081336
0.035646144300699234
-0.04792984575033188
-0.06950598210096359
-0.060290880501270294
0.0181682538241148
0.05908634141087532
-0.01858430914580822
-0.06192873790860176
-0.05211377888917923
0.010584317147731781
-0.025166412815451622
-0.05500002205371857
-0.007358590140938759
0.037038903683423996
-0.03842000663280487
0.01901676505804062
0.012739241123199463
0.045075591653585434
-0.009087074548006058
-0.0144377201795578
0.017559323459863663
-0.058650970458984375
0.01721266843378544
-0.002460271818563342
-0.008891764096915722
-0.02052563801407814
0.03065773844718933
-0.019214199855923653
0.012225042097270489
-0.04765896126627922
0.09131524711847305
0.03660416975617409
0.042776141315698624
0.0028663224074989557
0.020758526399731636
0.025867681950330734
0.0049554104916751385
0.05153554677963257
-0.04181315749883652
0.03407200053334236
-2.8978338377783075e-05
-0.009639604017138481
-0.05341940000653267
-0.02315945364534855
2.106513059980402e-33
0.007363739423453808
0.05699453502893448
0.04802611097693443
-0.04060591012239456
-0.01656283810734749
-0.047376856207847595
0.001938980887643993
0.16633450984954834
-0.02519209310412407
0.0345001183450222
-0.00198185327462852
0.013258004561066628
0.021675921976566315
0.027745209634304047
0.04005809873342514
0.032101623713970184
-0.09128937870264053
-0.04124286770820618
0.01979462243616581
0.002655167831107974
-0.004309725482016802
-0.01859818771481514
0.024272626265883446
0.04375186562538147
-0.011927405372262001
0.057002805173397064
-0.05155779421329498
0.008567730896174908
-0.017028992995619774
-0.0006990467663854361
-0.09384801983833313
0.07444644719362259
-0.013297525234520435
-0.06747189164161682
0.0626411885023117
-0.12217490375041962
-0.025749893859028816
-0.10707879066467285
0.012866390869021416
-0.006685168016701937
0.12570805847644806
0.09422922879457474
-0.021512191742658615
0.03759391978383064
0.10953760147094727
0.04774241894483566
-0.03870983421802521
0.04921799898147583
-0.09440582990646362
-0.0009004400344565511
-0.04295368120074272
-0.03998756781220436
0.03546533361077309
-0.03156662359833717
0.016486288979649544
-0.03583819046616554
-0.051050957292318344
0.03800659254193306
0.0036252462305128574
0.009457265958189964
0.022202223539352417
-0.08547862619161606
-0.04292833060026169
-0.028631387278437614
-0.059174034744501114
0.08139588683843613
-0.007353916298598051
0.08682825416326523
-0.0055132233537733555
-0.02852054126560688
0.055331964045763016
-0.021915510296821594
-0.013725487515330315
-0.05644049867987633
0.0193980410695076
0.05880182236433029
-0.026139799505472183
-0.03956330940127373
0.0856756716966629
0.005325576290488243
-0.013090145774185658
0.03687281906604767
-0.02614266239106655
0.002919888822361827
0.031566351652145386
-0.04195759445428848
0.02847008965909481
0.12801383435726166
0.04414457082748413
0.013452655635774136
-0.017714787274599075
0.0825890302658081
-0.023822583258152008
0.045370716601610184
0.025501798838377
-1.7922642925327636e-08
-0.04059514403343201
0.06768705695867538
-0.0024353964254260063
0.07452869415283203
-0.028071101754903793
0.05920906737446785
-0.07359278947114944
-0.08014873415231705
0.01820562407374382
0.0014486382715404034
-0.0010678591206669807
-0.0495629608631134
0.0017576003447175026
0.08416748046875
-0.12990044057369232
0.08264216035604477
-0.09177988022565842
-0.04617815464735031
0.01891803741455078
0.031979627907276154
-0.039531584829092026
0.004591143690049648
0.0712994709610939
0.024221614003181458
0.017218653112649918
-0.05292199179530144
-0.11405473202466965
-0.03934941440820694
0.006577616557478905
0.02112150378525257
-0.035214025527238846
0.05097039416432381
-0.08292023092508316
0.04915068298578262
0.011645338498055935
0.015772774815559387
0.043787624686956406
-0.02068381942808628
0.11766602098941803
-0.03476305305957794
0.010109500959515572
-0.010109849274158478
-0.005130149889737368
0.017739811912178993
0.06399132311344147
0.11015011370182037
0.009544075466692448
0.0006392513168975711
0.0212099552154541
-0.06469441950321198
-0.09398163855075836
-0.1400146335363388
0.0561295747756958
-0.03998805582523346
0.0008591704536229372
-0.09068918228149414
-0.013646550476551056
0.01902729459106922
-0.048226818442344666
0.0010172269539907575
-0.05570252239704132
0.017141452059149742
0.0016029935795813799
0.0701848566532135
