0.017657937481999397
0.0316452793776989
-0.06243938207626343
0.049503326416015625
0.04175179451704025
-0.009640011936426163
0.0195908322930336
-0.024806702509522438
0.06787513196468353
0.06918945908546448
-0.0005684184725396335
-0.062265925109386444
-0.07054620236158371
-0.0021272338926792145
0.021597133949398994
0.07655196636915207
0.013505123555660248
-0.07628777623176575
0.05867381393909454
-0.03858121857047081
-0.052981872111558914
-0.03759356215596199
0.09236280620098114
0.014024985022842884
-0.008946897462010384
0.10556048154830933
-0.042719852179288864
0.04936191812157631
0.0031613155733793974
-0.05403666943311691
0.0006965601933188736
-0.03336436673998833
0.04543379321694374
0.028617501258850098
-0.04625258222222328
0.04410102218389511
0.02108600176870823
0.00019488809630274773
0.11124945431947708
-0.0079657519236207
0.09323681890964508
0.014346960932016373
0.0003632298030424863
-0.08934281766414642
0.016690490767359734
0.008150081150233746
-0.06068149209022522
0.0792979970574379
0.023622533306479454
-0.007812132593244314
-0.11118374019861221
-0.07048048079013824
-0.0750129371881485
0.09136129170656204
0.06938576698303223
0.14933562278747559
0.033976685255765915
-0.07951050251722336
-0.028155675157904625
-0.03417279198765755
0.03894462436437607
0.07218633592128754
-0.04397733137011528
-0.01778440736234188
0.030669907107949257
-0.02050519362092018
0.008340931497514248
-0.016051100566983223
0.08611751347780228
0.009839373640716076
0.06529834866523743
0.03723376616835594
-0.004439249634742737
0.029805172234773636
-0.00881439819931984
0.008283757604658604
0.047788213938474655
0.009655188769102097
0.04403049126267433
-0.0069527579471468925
-0.027773071080446243
0.010844825766980648
-0.04788115620613098
-0.061602234840393066
0.009771870449185371
-0.023848604410886765
0.039522599428892136
-0.013428544625639915
-0.03553200140595436
-0.08011745661497116
-0.02557019330561161
-0.04926252365112305
-6.282491085585207e-05
0.013109591789543629
0.04337466135621071
-0.04246654361486435
-0.026621520519256592
-0.05961671099066734
-0.03230224922299385
0.008910599164664745
-0.020393095910549164
-0.015375821851193905
0.00045777656487189233
0.006436171475797892
0.023330945521593094
0.02724316716194153
0.02377007156610489
-0.02835725247859955
-0.026720331981778145
0.10212399065494537
-0.06709574908018112
0.005140378139913082
-0.03212569281458855
0.10559329390525818
-0.01873931847512722
-0.06064440310001373
-0.03383868187665939
-0.04848872497677803
0.027969878166913986
0.03322291746735573
0.05824469402432442
-0.006415597163140774
-0.008059683255851269
-0.06822443008422852
0.0026092813350260258
-0.05139639601111412
-0.11389896273612976
-4.510334355222685e-33
-0.006763153709471226
-0.05472826957702637
0.06746581941843033
0.07229574769735336
0.1575668305158615
0.06350487470626831
-0.03399036452174187
-0.020407378673553467
-0.046741023659706116
0.013211967423558235
-0.085428886115551
-0.06890805065631866
-0.03942449018359184
-0.06659822911024094
0.09644488990306854
-0.0008549905032850802
-0.008339537307620049
0.017004845663905144
0.03162182867527008
0.01770913042128086
-0.07833841443061829
0.0823502168059349
-0.06307501345872879
-0.04689904674887657
0.0725492537021637
-0.02108258754014969
0.03745432570576668
-0.07366180419921875
-0.05480337142944336
0.001201926963403821
0.06495578587055206
-0.06334175914525986
-0.0032549581956118345
-0.053239013999700546
-0.00046944679343141615
-0.05056757479906082
0.03918503597378731
-0.099083311855793
-0.020150722935795784
0.007147873751819134
-0.10249611735343933
-0.10749842971563339
0.08225256949663162
0.015725500881671906
-0.08628819137811661
-0.07256940007209778
-0.05585730820894241
-0.07489227503538132
-0.039670344442129135
0.06212949380278587
0.05139635130763054
-0.10269057005643845
-0.029846657067537308
-0.025704897940158844
-0.06631157547235489
0.08106018602848053
-0.01553341280668974
-0.028205521404743195
-0.03608211129903793
-0.03565608337521553
-0.026152119040489197
-0.13226698338985443
0.002321085659787059
-0.049862731248140335
0.09231394529342651
-0.06022081524133682
-0.01783636584877968
0.0037349225021898746
-0.03156647831201553
-0.007447884418070316
-0.03549445420503616
-0.024526970461010933
-0.05608426779508591
-0.12197575718164444
-0.08168410509824753
0.05504666268825531
0.05461176112294197
0.007826363667845726
0.016099872067570686
-0.042255792766809464
0.05207989737391472
0.040534622967243195
0.07414433360099792
0.017373591661453247
-0.08654246479272842
-0.01483763288706541
0.017178364098072052
0.053995564579963684
0.019413888454437256
0.0338771753013134
-0.010865965858101845
0.06301771104335785
0.04421987012028694
-0.06333785504102707
0.08967117965221405
1.955986232911808e-33
-0.017259016633033752
-0.006580870132893324
0.004372515715658665
0.025952480733394623
0.014159413054585457
-0.07739374041557312
0.039716895669698715
0.04003635048866272
-0.010981370694935322
0.009556829929351807
-0.03422432765364647
0.0036005720030516386
0.11039403825998306
-0.021220430731773376
-0.0052042799070477486
0.044985331594944
-0.008693072013556957
0.03551467880606651
0.0835728570818901
0.00425099628046155
0.00031874325941316783
0.04105594754219055
0.01303388923406601
0.0017202193848788738
-0.0012782259145751595
-0.007677148561924696
0.021141275763511658
0.06909851729869843
-0.008141017518937588
-0.07113337516784668
0.0014655169798061252
0.016556596383452415
0.05855260416865349
0.04719820246100426
0.03905707597732544
0.007536033634096384
0.017498837783932686
-0.06102326139807701
0.016169456765055656
-0.041969992220401764
0.03425537422299385
0.007636127527803183
-0.035651810467243195
0.004945374559611082
0.04023493826389313
0.021120984107255936
0.1257396787405014
0.03182992711663246
-0.04980288818478584
0.014410837553441525
-0.004874912090599537
-0.124214768409729
-0.0024060022551566362
0.02308683656156063
0.02076435647904873
-0.004137762822210789
0.018586551770567894
0.010154353454709053
0.10170121490955353
0.0010117101483047009
0.01653171516954899
0.07956207543611526
-0.06880947947502136
0.0004075744072906673
-0.05615172162652016
-0.029220571741461754
-0.022528694942593575
-0.06796114891767502
0.058372873812913895
-0.03363531082868576
0.03368242830038071
0.06366964429616928
-0.037082523107528687
0.01287628524005413
-0.015732992440462112
0.029486149549484253
-0.014167867600917816
-0.013880830258131027
0.03429706394672394
0.0007425466901622713
-0.02300337515771389
-0.004602962173521519
0.022778313606977463
-0.04173120856285095
0.000710698077455163
-0.10397790372371674
0.11148703098297119
0.06712017953395844
0.007956204935908318
-0.04365174472332001
-0.023348726332187653
0.055122289806604385
0.000334867654601112
-0.002277693245559931
-0.0052671586163342
-1.4028845640723375e-08
0.0022575671318918467
-0.0002974023809656501
-0.006032255012542009
-0.03506286069750786
0.061595618724823
-0.09225130826234818
0.07850926369428635
-0.10346265882253647
-0.021966837346553802
0.006853615865111351
-0.1017671525478363
-0.08811642229557037
-0.02143356017768383
-0.006688391789793968
0.01434817723929882
0.01782224513590336
0.02005305513739586
0.042010415345430374
0.012771058827638626
0.028005903586745262
-0.0028207639697939157
0.09920894354581833
0.10630912333726883
0.07085340470075607
-0.04067128896713257
-0.0006942328764125705
0.013707076199352741
0.010875155217945576
0.018446872010827065
0.06761667132377625
-0.05431407317519188
0.15200529992580414
0.025609979405999184
0.09693653136491776
-0.026597842574119568
-0.03351664915680885
0.02661173604428768
0.06542938202619553
-0.008284421637654305
-0.06973186135292053
0.07200257480144501
0.03745961934328079
-0.05184485390782356
-0.05998055636882782
-0.009909921325743198
0.002134790178388357
0.012023464776575565
-0.06510274857282639
0.009049223735928535
-0.04019591212272644
0.01113677117973566
0.011724075302481651
0.006318042520433664
-0.0420638732612133
-0.05050140619277954
0.008548321202397346
-0.020966023206710815
-0.05407150834798813
0.02681216411292553
0.04179023578763008
0.0607839971780777
-0.0053010061383247375
0.052098147571086884
0.026401247829198837
