0.05882736295461655
0.051860857754945755
-0.0037181314546614885
0.012882924638688564
0.10284893214702606
-0.008175338618457317
0.04224448651075363
-0.04526226595044136
0.044991496950387955
0.0830267071723938
-0.04799673706293106
-0.036011144518852234
-0.09472807496786118
0.06183258444070816
-0.04231585934758186
0.035606157034635544
-0.017458751797676086
-0.017054205760359764
0.06537975370883942
0.010845892131328583
-0.04956008866429329
0.05746131017804146
0.018019169569015503
0.0512680858373642
-0.04577359929680824
-0.0061382632702589035
-0.0046406276524066925
0.031156936660408974
0.00971499178558588
-0.016079848632216454
-0.02057110331952572
0.03268653526902199
-0.009610836394131184
0.03735264763236046
0.008103848434984684
0.059860553592443466
0.025040030479431152
-0.05076245963573456
0.034559477120637894
0.05252644047141075
0.052369292825460434
-0.011739873327314854
0.01458776742219925
0.01534964982420206
-0.09371107071638107
-0.021931461989879608
-0.06255654245615005
-0.022015729919075966
0.11057952046394348
-0.0678686574101448
-0.031720902770757675
-0.08716164529323578
-0.012612354941666126
0.024788904935121536
-0.016605550423264503
0.07802774012088776
-0.012042106129229069
-0.10234250873327255
-0.00482799019664526
-0.013753925450146198
0.034879133105278015
0.010934997349977493
0.04503530636429787
0.031142501160502434
-0.00651106471195817
-0.022657394409179688
-0.013641503639519215
-0.06426697969436646
0.07141629606485367
-0.04710572212934494
0.04394301772117615
0.013605773448944092
-0.026096301153302193
-0.026770196855068207
-0.036687154322862625
-0.07629381865262985
0.05464312806725502
-0.04031302407383919
0.07253263145685196
-0.017507189884781837
-0.01510835811495781
0.05650603771209717
-0.04483538866043091
-0.1056232750415802
-0.041708916425704956
-0.036745116114616394
0.0775386244058609
0.08176379650831223
-0.02171219326555729
-0.07569008320569992
0.0052521852776408195
0.0669766217470169
-0.0298908818513155
-0.03268258273601532
-0.015152676030993462
0.0018471655203029513
-0.03954431414604187
-0.04894343763589859
-0.1391303539276123
0.014337860979139805
0.06899429857730865
0.0507826991379261
0.013426543213427067
-0.073667511343956
0.0707918256521225
-0.006103003863245249
0.024123040959239006
0.03127022087574005
-0.006749239284545183
-0.00796851608902216
-0.023649491369724274
-0.009851276874542236
0.01935071498155594
0.07015372067689896
-0.053360465914011
0.013641680590808392
0.0010981294326484203
-0.02740023471415043
-0.13210201263427734
0.029319189488887787
0.10533268004655838
-0.07724440842866898
-0.016861442476511
0.0006889479700475931
-0.03806140273809433
0.010939664207398891
0.046770136803388596
-3.491452586128389e-33
0.08562985062599182
-0.022553585469722748
0.021016307175159454
-0.0032581696286797523
0.0945907011628151
-0.04486895352602005
0.003837738186120987
-0.011995280161499977
-0.04117985814809799
-0.007853386923670769
-0.0009066064958460629
-0.0800628662109375
-0.059499483555555344
0.015624228864908218
0.09165599197149277
-0.04228854924440384
0.026702601462602615
0.010221300646662712
0.024201754480600357
0.0003399139968678355
-0.029813408851623535
0.07231928408145905
0.018900297582149506
-0.0837457999587059
0.08527448773384094
-0.00712073827162385
-0.06523679941892624
-0.06664064526557922
-0.05929403379559517
0.00890133436769247
0.10361704975366592
-0.047394078224897385
0.05087598040699959
0.008730101399123669
0.011207807809114456
-0.08668623864650726
0.06166912987828255
-0.020048566162586212
-0.01482335664331913
-0.00601479085162282
-0.032261598855257034
-0.07636545598506927
0.057326942682266235
0.027808327227830887
-0.03534333035349846
-0.05466039851307869
-0.020556433126330376
0.04276460036635399
0.025462735444307327
0.04042892903089523
0.09270068258047104
-0.03566865995526314
-0.006275573745369911
-0.04187224432826042
-0.04874294996261597
0.006605704315006733
0.010004020296037197
-0.05287592485547066
-0.0168193057179451
-0.11024842411279678
-0.09114641696214676
-0.08545974642038345
-0.06781952828168869
-0.042302537709474564
0.08912218362092972
-0.05982333421707153
-0.031559739261865616
-0.03479655459523201
-0.08009085059165955
0.03981732949614525
-0.01635647751390934
6.042562745278701e-06
-0.0001264479651581496
-0.0917360857129097
-0.07135796546936035
0.037936024367809296
-0.021914275363087654
-0.07821512967348099
-0.053202591836452484
0.034914180636405945
0.03915360942482948
0.0047073145397007465
-0.045371536165475845
0.010934903286397457
-0.022709976881742477
-0.055129025131464005
0.02038642205297947
0.12060771137475967
-0.013511314988136292
-0.022845299914479256
-0.002227204851806164
0.10956240445375443
0.009214947000145912
-0.0838545560836792
0.06733714789152145
7.309607286609443e-34
-0.04731781780719757
-0.01410820335149765
-0.07540229707956314
-0.007065189070999622
-0.042197488248348236
-0.011517520062625408
0.012961511500179768
0.05186467245221138
-0.09785063564777374
-0.035818006843328476
-0.06749287992715836
0.10503526031970978
-0.029138393700122833
0.04049960896372795
-0.013381311669945717
0.052082765847444534
-0.06471523642539978
0.0985606238245964
0.03563367575407028
0.008757405914366245
0.042432304471731186
0.04153447225689888
-0.008161497302353382
0.07878869026899338
0.058112673461437225
0.05830690264701843
0.01916082203388214
-0.017366668209433556
-0.04040346294641495
-0.05463740602135658
0.03157439082860947
0.001708414638414979
0.018293039873242378
-0.002295967424288392
-0.0021010995842516422
-0.018422026187181473
0.02271639183163643
-0.08320795744657516
-0.039109159260988235
0.018530571833252907
0.04407941550016403
0.019309522584080696
-0.03474066033959389
-0.051712002605199814
-0.0030082473531365395
-0.11487849801778793
0.02509211376309395
0.015829937532544136
0.016048908233642578
0.01746508479118347
-0.0037767093162983656
-0.042939744889736176
0.06417619436979294
0.006962806452065706
0.10085052996873856
-0.018164124339818954
-0.1328289806842804
0.005193706136196852
0.056768517941236496
-0.04122069105505943
-0.017560681328177452
0.05568649619817734
0.029289964586496353
-0.017120176926255226
0.011037535965442657
0.022687938064336777
-0.04084256663918495
0.028304586187005043
-0.010716330260038376
-0.07354293763637543
-0.008912439458072186
0.11270865797996521
-0.030421458184719086
0.03104756958782673
-0.014530166983604431
0.03612668067216873
0.010392468422651291
-0.012046500109136105
0.010618551634252071
0.12248220294713974
0.03044533170759678
-0.029687518253922462
-0.0220039002597332
-0.05361459031701088
0.04859651252627373
-0.08292319625616074
0.00797851663082838
0.07101234793663025
0.059534840285778046
-0.034862954169511795
-0.03048034757375717
0.11478682607412338
0.004043736960738897
0.045499760657548904
-0.07564054429531097
-1.5703960798418848e-08
-0.06588252633810043
-0.04884009435772896
0.02243764139711857
-0.049591563642024994
0.010083042085170746
-0.024388199672102928
0.13026800751686096
-0.16463255882263184
-0.018099041655659676
-0.05050305277109146
-0.02706124074757099
-0.020472712814807892
0.04705055430531502
0.030311129987239838
0.07208354771137238
0.013161247596144676
-0.029698142781853676
-0.008910181000828743
0.011514607816934586
0.008828604593873024
0.0035931009333580732
0.013097396120429039
0.05321313440799713
0.09964649379253387
-0.04669816046953201
-0.044899847358465195
0.08151228725910187
0.05259215459227562
-0.005586654879152775
0.03425972908735275
0.03533754497766495
0.06712056696414948
0.018537158146500587
0.12957262992858887
0.01065756194293499
-0.00908897165209055
0.02460014447569847
0.08236109465360641
-0.02989746630191803
0.021180184558033943
-0.01139878947287798
-0.0010036019375547767
-0.07467825710773468
-0.051597729325294495
0.019447119906544685
0.028463969007134438
-0.009625634178519249
0.011191670782864094
0.0484052449464798
-0.04229108244180679
0.028975989669561386
-0.026286698877811432
0.004735440015792847
0.025144342333078384
-0.018033446744084358
-0.021379729732871056
0.024488773196935654
0.034405965358018875
0.027565736323595047
-0.09698382019996643
0.006890999153256416
0.06778272241353989
0.024497201666235924
0.09876466542482376
