0.002363398903980851
0.003644897136837244
-0.018239343538880348
0.02029985375702381
-0.02286781184375286
-0.013195933774113655
0.08213041722774506
-0.025963637977838516
-0.00045168722863309085
0.10959549993276596
0.026515144854784012
-0.023546116426587105
-0.020111383870244026
0.034447066485881805
0.011996649205684662
0.01889055036008358
-0.010383911430835724
0.08124551177024841
0.011953472159802914
-0.04463685303926468
-0.037410855293273926
-0.010036901570856571
-0.0056589520536363125
0.012129956856369972
-0.06685520708560944
0.004094140138477087
-0.056073568761348724
0.00781442690640688
-0.02956724539399147
-0.05803857743740082
-0.03522971272468567
0.0011817351914942265
0.0905618965625763
0.04954860359430313
-0.03961973264813423
-0.044889405369758606
-0.0465545654296875
0.048824794590473175
0.0780598521232605
0.06892625242471695
0.017011720687150955
0.012449974194169044
0.05736961215734482
-0.012564104981720448
-0.01928042061626911
0.011407678946852684
-0.0907781571149826
0.055628638714551926
0.03401196002960205
-0.024731531739234924
-0.057167377322912216
0.008710059337317944
-0.13937987387180328
0.06948979943990707
0.017653558403253555
0.06271837651729584
-0.005786653142422438
-0.1593799591064453
-0.0023242661263793707
0.0036073492374271154
0.018912028521299362
-0.0008892656187526882
-0.02070075459778309
0.03970417380332947
0.040081486105918884
-0.015977298840880394
-0.023860448971390724
-0.04225583001971245
0.03721015527844429
0.07980147004127502
0.01828356459736824
0.018966373056173325
-0.02196662314236164
0.029233966022729874
-0.01698772981762886
0.010664084926247597
0.01268843188881874
0.027498634532094002
0.05273883789777756
-0.03884918615221977
-0.07646625488996506
-0.025375019758939743
-0.04673604667186737
-0.0760292038321495
-0.015175285749137402
0.05372065678238869
-0.017759548500180244
0.013571367599070072
-0.11157774180173874
-0.04395148903131485
-0.06525888293981552
-0.025736182928085327
0.06827179342508316
0.03743446245789528
-0.06752019375562668
0.023051895201206207
0.03125813230872154
-0.039907701313495636
-0.041258107870817184
0.05642945319414139
-0.015611735172569752
-0.06113695725798607
0.05040727183222771
-0.013609562069177628
0.028751492500305176
-0.048731762915849686
-0.09126278012990952
0.003502315143123269
0.042588330805301666
-0.007089679129421711
-0.021798323839902878
-0.007567825261503458
-0.06934184581041336
0.0653216615319252
0.056177761405706406
-0.010045778006315231
-0.04635193571448326
-0.05136595666408539
0.08097611367702484
0.03154188022017479
0.06843618303537369
0.0384439192712307
-0.008481084369122982
-0.024372126907110214
-0.016678793355822563
0.06619439274072647
0.036694832146167755
-2.56353277395263e-33
0.008085831999778748
0.006575481034815311
0.04642418399453163
0.05190916359424591
-0.009373062290251255
-0.026269296184182167
-0.07427366822957993
-0.006642832420766354
0.016248205676674843
0.0636376217007637
-0.04808526858687401
-0.008291477337479591
0.0035359736066311598
0.06888861954212189
-0.030557097867131233
-0.03142039477825165
0.02885764092206955
0.021427888423204422
-0.024105938151478767
0.029632624238729477
0.01416460145264864
0.11759775131940842
-0.007568075321614742
0.016403283923864365
-0.03006446361541748
-0.03907332196831703
-0.005049952305853367
-0.06116799637675285
0.07155293971300125
0.02681639976799488
0.04602986201643944
0.00476662814617157
-0.007810685783624649
-0.018929025158286095
0.038285259157419205
-0.1042674258351326
0.06537375599145889
-0.07919846475124359
0.008246921934187412
-0.06081555783748627
-0.00024314498296007514
-0.04972242936491966
-0.018987638875842094
0.030712364241480827
-0.004992717411369085
0.024259671568870544
-0.005788519512861967
0.02214660868048668
-0.07214130461215973
0.05294318124651909
-0.019636768847703934
-0.029518557712435722
0.0718199759721756
0.045183029025793076
-0.06140264868736267
-0.036266352981328964
0.05463864654302597
0.011727388016879559
-0.09351952373981476
0.057957202196121216
-0.02419382706284523
0.06748954951763153
0.06066599115729332
-0.06412724405527115
0.08146994560956955
-0.05452316254377365
-0.04654098302125931
-0.02210681140422821
0.01978309266269207
0.04419917240738869
0.032585110515356064
0.005974041763693094
-0.019152414053678513
-0.03262515366077423
-0.006641855929046869
0.041905663907527924
0.016973767429590225
0.0500633679330349
-0.07972005009651184
0.04476971924304962
-0.07469853013753891
0.09819970279932022
-0.01318370271474123
-0.01575254462659359
-0.03685516119003296
-0.004510276485234499
0.039665620774030685
-0.09127997606992722
0.06440292298793793
-0.008116336539387703
0.009573645889759064
0.07425034791231155
0.08586309105157852
-0.027510808780789375
-0.029674116522073746
-5.626264019565907e-34
-0.08235195279121399
0.03209733963012695
-0.014666270464658737
0.04605121538043022
0.009823977015912533
-0.017362140119075775
0.011275632306933403
0.0013958330964669585
0.02854408510029316
-0.0007226155721582472
-0.1334267407655716
-0.021549265831708908
0.06376384198665619
-0.0968199223279953
0.0947122797369957
0.03403904289007187
-0.035127706825733185
0.012517576105892658
0.00017882043903227895
0.045459527522325516
-0.10084948688745499
-0.0511588416993618
-0.08128157258033752
0.06350384652614594
0.07588626444339752
0.005800331477075815
0.05339513719081879
-0.05738024413585663
0.0009256976773031056
-0.0938866138458252
0.024935927242040634
-0.021412476897239685
0.026667693629860878
-0.052088432013988495
0.012587119825184345
0.008673652075231075
0.03507485240697861
-0.01898195594549179
-0.04366890341043472
-0.04688386991620064
-0.023128781467676163
0.04755222424864769
0.057558324187994
0.04146302863955498
0.021414803341031075
-0.03755073621869087
0.019685864448547363
-0.042723726481199265
-0.13344377279281616
0.1111881211400032
-0.06557828933000565
-0.0714733824133873
-0.039583366364240646
-0.08316034823656082
-0.007497529033571482
-0.06266732513904572
0.033652257174253464
-0.05196170508861542
0.08282049745321274
0.0370212085545063
-0.005153242964297533
0.04450530931353569
-0.03871491551399231
0.10846955329179764
0.04563014209270477
-0.09924670308828354
-0.05438527837395668
-0.027310702949762344
-0.006730913650244474
-0.11216536909341812
0.05789479985833168
0.0500837005674839
-0.1060379147529602
-0.05961592495441437
0.1039607897400856
0.092847540974617
-0.01387504581362009
-0.030408920720219612
-0.048755623400211334
-0.07184017449617386
-0.05141804367303848
0.012682296335697174
-0.019652022048830986
0.053550589829683304
-0.08916845172643661
-0.060284990817308426
0.10262348502874374
0.12755587697029114
0.010912635363638401
0.04397543892264366
0.018212104216217995
0.031022563576698303
0.029514681547880173
-0.004307851195335388
-0.0236155204474926
-2.4023757205782204e-08
-0.07720436900854111
0.0480332151055336
-0.09956257790327072
0.021291077136993408
0.06093387305736542
0.0086636021733284
0.09562371671199799
-0.02124369516968727
0.0002038955717580393
0.04909110069274902
0.034220654517412186
0.019984088838100433
0.03129700571298599
0.050040263682603836
0.03430395573377609
-0.006564180366694927
-0.06959360837936401
-0.012942641973495483
-0.013179133646190166
0.07948318868875504
-0.02023954689502716
0.023012464866042137
-0.041932471096515656
0.07328219711780548
0.0004046517424285412
-0.03762858361005783
-0.08027172088623047
-0.04140380769968033
0.06089949607849121
0.018651796504855156
-0.04887229949235916
0.0035028366837650537
-0.07968376576900482
0.04079481214284897
0.002336829900741577
0.026633448898792267
0.029629865661263466
0.0050750309601426125
0.07552144676446915
0.02200441062450409
0.021970847621560097
0.029892923310399055
-0.07572120428085327
0.03544482961297035
0.002895200625061989
-0.07042746990919113
-0.09971988201141357
-0.12434803694486618
-0.05146501958370209
-0.06626340746879578
-0.09674625843763351
0.014547575265169144
-0.009929053485393524
-0.05618506669998169
-0.018170246854424477
-0.07500476390123367
0.009622431360185146
0.00799955241382122
0.02355906553566456
-0.06036308780312538
0.04773395135998726
0.019941484555602074
-0.0057575213722884655
0.07305531948804855
