0.030465684831142426
0.0454862080514431
-0.034124720841646194
0.04824787378311157
0.08261603862047195
-0.05768049508333206
0.01316486019641161
0.05452689528465271
0.036112308502197266
0.12870736420154572
-0.03701585531234741
0.06183760613203049
-0.059169162064790726
0.03708801791071892
0.02836034819483757
-0.019652031362056732
-0.07754422724246979
0.07642883062362671
0.09120714664459229
-0.041702792048454285
0.03645879402756691
0.04848301783204079
0.043139416724443436
0.03798888996243477
-0.00038407163810916245
-0.08625683188438416
-0.033277153968811035
0.006822820752859116
-0.01030768547207117
-0.05616123229265213
0.011848543770611286
-0.08182772994041443
-0.032274678349494934
0.011892409063875675
-0.019796736538410187
-0.0374411903321743
-0.004751618020236492
-0.02491346187889576
0.07888951152563095
0.012413418851792812
0.041686639189720154
0.08050142228603363
0.04699375852942467
-0.03428523987531662
-0.03072749823331833
0.03732921555638313
-0.029074154794216156
0.06674206256866455
-0.040156830102205276
0.0020346855744719505
-0.005214433651417494
0.027983466163277626
-0.0788126140832901
0.024131324142217636
-0.053234051913022995
0.143384650349617
0.06761861592531204
-0.12837539613246918
-0.0033937718253582716
-0.015466153621673584
0.03079078532755375
0.03365067020058632
-0.04567878320813179
0.015382055193185806
-0.031581416726112366
0.010967511683702469
0.016069207340478897
0.011250271461904049
0.08042310178279877
-0.02941260114312172
0.07257913798093796
-0.025585152208805084
-0.12107731401920319
0.027695510536432266
0.03700471296906471
0.005964213982224464
0.06744275987148285
0.07500317692756653
0.009947136044502258
-0.012195516377687454
-0.03900716081261635
-0.006562858819961548
-0.05499720573425293
-0.026079898700118065
-0.013432043604552746
0.0716710314154625
-0.016986357048153877
0.06701496243476868
-0.054620515555143356
-0.01738869398832321
-0.0021738812793046236
0.07042162865400314
-0.04787589982151985
0.0030723088420927525
-0.052835386246442795
0.01823086105287075
0.04467713087797165
0.0006497193244285882
-0.08123034983873367
0.01831064186990261
0.040997464209795
-0.04299559071660042
0.0285340603441
-0.01132480800151825
0.02032666653394699
0.012450248003005981
-0.03715719282627106
0.0018601802876219153
0.03805609419941902
-0.014849787577986717
0.015150344930589199
0.020865285769104958
-0.006230327766388655
0.10626968741416931
0.06699398159980774
0.006652986165136099
0.06013007089495659
-0.03640146926045418
-0.04307408258318901
0.09995212405920029
0.09423907101154327
0.015783268958330154
-0.03219674900174141
0.035576947033405304
-0.005182015243917704
0.079017773270607
0.06022869795560837
-4.70404333461072e-33
0.007870069704949856
0.0223691388964653
0.006604348309338093
-0.05052526667714119
0.04143615812063217
0.030435709282755852
-0.06956265866756439
-0.0368904173374176
-0.005304998718202114
0.06516274809837341
-0.07541923969984055
-0.06653771549463272
-0.007048069965094328
-0.012664333917200565
0.01704646460711956
-0.06269989162683487
0.022219812497496605
-0.038029059767723083
0.05389261618256569
0.09522384405136108
-0.02293490618467331
-0.04360741376876831
-0.030077645555138588
0.0007438249886035919
0.06314238905906677
-0.014959479682147503
-0.0034411910455673933
0.014936933293938637
0.026156840845942497
0.00518381129950285
-0.03308098018169403
-0.03644236549735069
0.042353976517915726
-0.04536576196551323
0.007045258302241564
-0.1578175127506256
0.0711062103509903
-0.046730559319257736
5.2754148782696575e-05
-0.06385950744152069
0.056766021996736526
-0.02243860810995102
-0.002907006535679102
0.053339555859565735
0.053372349590063095
-0.021160084754228592
-0.01994640938937664
0.02178475446999073
-0.05123084783554077
0.08191373944282532
0.031584482640028
-0.029070965945720673
0.09079213440418243
0.0027205266524106264
-0.06773585081100464
-0.02835705131292343
0.010536718182265759
-0.012853887863457203
-0.047339510172605515
0.06630362570285797
0.046191368252038956
0.0059052701108157635
-0.05182293802499771
-0.06089913472533226
0.0811016634106636
0.008958760648965836
-0.00989516917616129
-0.03705667704343796
-0.05375855416059494
-0.029209347441792488
-0.02806899882853031
0.0014162638690322638
-0.026145176962018013
-0.04768287390470505
-0.09728575497865677
0.024897711351513863
-0.12523971498012543
0.11047715693712234
0.033056747168302536
0.054464083164930344
-0.01977449655532837
0.07828368246555328
0.024224843829870224
-0.0077918656170368195
0.04926655441522598
-0.03023695945739746
0.058381710201501846
-0.04545973241329193
0.04605775326490402
0.02948814444243908
0.062456678599119186
0.05631380155682564
0.01786111667752266
0.022567346692085266
0.1162661612033844
2.0039203211444483e-33
-0.04440983384847641
-0.05962493643164635
0.03496764227747917
0.019400862976908684
-0.019024724140763283
0.024018190801143646
-0.118320994079113
0.004668418783694506
-0.046065881848335266
-0.07113751769065857
-0.0681120753288269
0.06255537271499634
-0.04396045207977295
0.030655357986688614
0.131856769323349
-0.0021489569917321205
0.008710496127605438
0.06240271404385567
-0.020972728729248047
0.03605799004435539
-0.017339423298835754
-0.03417405113577843
0.0076690251007676125
-0.0010693698422983289
0.03793150559067726
-0.0222645103931427
-0.015027145855128765
-0.042950402945280075
-0.03313932940363884
-0.11350856721401215
0.02216797135770321
0.036481425166130066
0.03742397204041481
-0.06620501726865768
0.04012151435017586
-0.0034368769265711308
0.06414236128330231
-0.028815118595957756
-0.002455413108691573
-0.018975544720888138
0.015765294432640076
0.029688304290175438
0.027580028399825096
-0.02987600676715374
-0.021433493122458458
-0.009091747924685478
0.018013764172792435
0.02848520502448082
-0.10861039161682129
0.10808578133583069
-0.05447051674127579
-0.07925792783498764
0.0623772069811821
-0.01887854002416134
-0.024029018357396126
-0.03427959606051445
-0.03614196926355362
0.03723159059882164
0.020781628787517548
-0.06441725045442581
-0.03881274536252022
0.02185637503862381
-0.05200128257274628
-0.041892439126968384
0.05845746770501137
-0.08575816452503204
0.04065212234854698
-0.03792911022901535
-0.019985850900411606
-0.020799269899725914
0.049097854644060135
0.08757516741752625
-0.051069654524326324
-0.022167954593896866
0.06160493567585945
0.11700113117694855
-0.0054664816707372665
-0.015126616694033146
-0.05796120688319206
-0.06025309860706329
-0.06118679419159889
0.023428533226251602
-0.06319796293973923
-0.036456312984228134
-0.04085971787571907
-0.12790550291538239
-0.0020862568635493517
0.10218304395675659
-0.019804181531071663
-0.05881404131650925
-0.003899655072018504
-0.008215191774070263
-0.06784612685441971
0.03490491211414337
-0.01877623051404953
-1.544494310223854e-08
-0.05675870180130005
0.011359731666743755
-0.11986915022134781
0.009405032731592655
0.004474534187465906
0.10636744648218155
0.06980840861797333
-0.031309232115745544
-0.03111552633345127
-0.030597904697060585
0.006994747091084719
0.021385706961154938
0.015807239338755608
0.06164366006851196
-0.09522096812725067
-0.010457874275743961
-0.09737453609704971
0.02161313220858574
0.010360701009631157
0.09872687608003616
0.017855191603302956
-0.009410875849425793
-0.01026366837322712
0.04652955383062363
-0.07079137116670609
-0.04957713559269905
-0.017692314460873604
0.05563097074627876
0.038997832685709
0.02913329377770424
0.03317515179514885
0.011161942034959793
-0.05752856284379959
0.07193495333194733
0.009630884975194931
-0.06489541381597519
0.11429527401924133
0.050849128514528275
0.028455467894673347
0.054282817989587784
0.06148485466837883
0.02056497521698475
-0.05384114012122154
-0.0038766413927078247
-0.017239559441804886
-0.01789315603673458
-0.08325514197349548
0.005223712418228388
0.010858495719730854
-0.020710572600364685
-0.07439940422773361
-0.024577444419264793
-0.035757943987846375
-0.045382969081401825
-0.042620353400707245
-0.10202648490667343
0.05209370329976082
-0.06011392921209335
-0.01423490047454834
-0.028434993699193
0.024325089529156685
-0.022878896445035934
-0.010136678814888
0.08666302263736725
