-0.03339275345206261
-0.06139839068055153
-0.03242384269833565
0.06882493942975998
0.06723383069038391
-0.01204668078571558
-0.010029359720647335
0.0772603452205658
0.027119023725390434
0.15450772643089294
-0.04285464808344841
-0.017366711050271988
-0.02401389740407467
-0.007070816587656736
0.06411906331777573
0.022985680028796196
0.0019509228877723217
0.006729616783559322
0.1050410196185112
-0.055975597351789474
-0.007698047440499067
0.06041473150253296
-0.019640807062387466
-0.0273703932762146
0.027700573205947876
-0.021674957126379013
-0.01193233858793974
0.05266650393605232
0.07115811854600906
-0.02502121962606907
-0.03004053793847561
-0.11232663691043854
0.011544959619641304
-0.011174281127750874
-0.0168270543217659
-0.016841290518641472
0.03290019929409027
-0.15638525784015656
0.0813571885228157
-0.07591179758310318
0.06253982335329056
0.11526326835155487
-0.009365284815430641
-0.10502812266349792
0.017016533762216568
-0.06343632936477661
0.008687824010848999
-0.005070820450782776
-0.000870180781930685
-0.034368135035037994
-0.05503857508301735
-0.009206296876072884
-0.09548233449459076
0.04081670194864273
-0.10661245137453079
0.04371553659439087
0.009769472293555737
-0.11161859333515167
0.04101160168647766
0.034534938633441925
0.04859266057610512
0.040287330746650696
0.03672786429524422
-0.03434262424707413
0.011243913322687149
0.04049695283174515
-0.006580852437764406
-0.036586277186870575
0.06783413887023926
-0.02239297702908516
-0.002369388472288847
0.018041424453258514
0.009710455313324928
0.06977435201406479
-0.10329507291316986
-0.07244638353586197
0.07240606844425201
0.05346844717860222
0.06272680312395096
0.012598666362464428
-0.06114284321665764
0.07033760845661163
0.0008517775568179786
0.005874966271221638
-0.016500618308782578
0.060115355998277664
-0.037028562277555466
0.05736031383275986
-0.10657739639282227
-0.02474691905081272
0.04692932963371277
0.06246250495314598
-0.03377830982208252
0.03683038428425789
-0.07905592769384384
-0.0332600437104702
0.019919931888580322
0.047323599457740784
0.010749493725597858
0.011671354062855244
-0.001004610094241798
0.014815830625593662
0.046934887766838074
0.0012154921423643827
0.015116654336452484
0.030001811683177948
-0.0435737669467926
-0.017866792157292366
0.011250002309679985
0.048794109374284744
-0.07060589641332626
0.004412313923239708
-0.058828435838222504
0.099294513463974
-0.08645276725292206
-0.007128900848329067
0.036929063498973846
-0.07342760264873505
-0.03503578528761864
0.07211578637361526
0.013878372497856617
0.0035683265887200832
-0.07425422966480255
0.0018053873209282756
0.024581551551818848
-0.11453340947628021
0.031498927623033524
-6.003538380449343e-33
-0.033103711903095245
-0.07229454815387726
0.083143450319767
-0.0674431100487709
0.08140487968921661
0.0908789336681366
0.005392975639551878
0.049108993262052536
0.018481826409697533
0.007707162294536829
-0.1274665892124176
-0.04174407199025154
0.03947202488780022
-0.07270083576440811
0.015182849951088428
0.015946034342050552
-0.06647753715515137
-0.006713259499520063
0.009461583569645882
-0.0030007504392415285
-0.014260944910347462
0.01655822992324829
-0.004383814055472612
-0.016185909509658813
0.05319743975996971
0.0430777370929718
0.0371641144156456
-0.07239580899477005
0.03785017505288124
0.04332806542515755
-0.08627574145793915
-0.06344762444496155
-0.04608377069234848
-0.03276335820555687
-0.0038472397718578577
-0.0868820920586586
0.04442572593688965
-0.015179106965661049
-0.019487977027893066
0.006972797680646181
-0.04236358404159546
0.027608321979641914
-0.009852680377662182
0.08791030198335648
-0.029496345669031143
0.07552696019411087
-0.003636563429608941
-0.03548887372016907
0.016501059755682945
-0.009377981536090374
-0.039185699075460434
-0.03620166704058647
0.005864500999450684
-0.007778306026011705
-0.030194612219929695
0.029095405712723732
-0.0017577974358573556
0.04604841768741608
-0.03452586755156517
-0.05941218510270119
0.08103498816490173
-0.10675765573978424
0.012371383607387543
-0.040779851377010345
0.037358179688453674
-0.007393913809210062
-0.016384994611144066
-0.02833067998290062
0.08090321719646454
-0.0534178726375103
-0.012230352498590946
0.05172453075647354
-0.06094566360116005
-0.11022228002548218
-0.018775738775730133
-0.09423226118087769
0.01618804968893528
-0.021751470863819122
-0.07777290046215057
0.007706128992140293
0.05547884479165077
0.016896678134799004
0.04627729579806328
0.031842175871133804
0.012793395668268204
-0.06098226085305214
0.07110655307769775
0.10412482172250748
-0.023159176111221313
-0.0696880966424942
0.039699528366327286
-0.039673589169979095
-0.022637011483311653
-0.03356030210852623
0.06678688526153564
2.4810011319104048e-33
0.006241159047931433
-0.03273536637425423
0.06840439885854721
-0.022249916568398476
-0.08807829767465591
-0.02906467579305172
-0.08895048499107361
0.07123999297618866
-0.0837569385766983
0.03965577855706215
0.013193713501095772
0.08519716560840607
0.08483773469924927
-0.026897499337792397
-0.0059303781017661095
-0.03458253666758537
-0.0800405889749527
0.08659909665584564
-0.001049872487783432
0.05252263695001602
0.08312512189149857
0.033280424773693085
0.018474435433745384
0.016634410247206688
0.03319057822227478
-0.006107426714152098
-0.02739088423550129
0.012630163691937923
0.036764971911907196
-0.013394242152571678
-0.012889164499938488
0.12196869403123856
0.004000476561486721
-0.06309570372104645
0.02944236621260643
-0.0963856503367424
-0.03493938222527504
-0.10501813888549805
-0.017558572813868523
0.026755541563034058
0.09078298509120941
-0.020824450999498367
-0.005147032905369997
0.011999822221696377
-0.01797332614660263
-0.028968172147870064
0.01592092402279377
0.04688551276922226
-0.047613609582185745
0.0461076945066452
0.03184913098812103
-0.08889666199684143
-0.026980457827448845
0.006754633970558643
0.047068797051906586
0.03587436303496361
-0.08300737291574478
-0.007811574265360832
0.021565640345215797
0.03745589777827263
-8.774612797424197e-05
0.03395173326134682
-0.0394122414290905
-0.06472376734018326
-0.03351448103785515
-0.004151930101215839
0.007686262018978596
0.02391214296221733
0.07195736467838287
0.0031816696282476187
0.015343448147177696
0.07448121905326843
0.012661228887736797
0.004951231647282839
0.019756775349378586
0.07396094501018524
0.03571557626128197
-0.007354774512350559
-0.015144650824368
-0.012055209837853909
-0.08290266990661621
0.05092308670282364
0.026887180283665657
0.00937682669609785
0.024914128705859184
-0.09229124337434769
-0.003869288135319948
0.03321142867207527
-0.03563091531395912
-0.05123036354780197
-0.0012316165957599878
0.018861941993236542
-0.04678558185696602
0.06922312080860138
-0.04068189859390259
-1.5958724119968792e-08
-0.06652088463306427
0.027432264760136604
-0.04081570357084274
0.08894214034080505
-0.016780328005552292
0.011785839684307575
0.008241808973252773
-0.037108439952135086
0.00869567971676588
0.03550449758768082
-0.019916744902729988
-0.02397155947983265
-0.040952168405056
0.04460492357611656
-0.04699159041047096
0.07491955906152725
-0.062238823622465134
0.042511504143476486
0.03823399916291237
0.1293421983718872
0.03628518432378769
0.01940380036830902
0.07586775720119476
0.10755129158496857
0.020077232271432877
-0.06891708076000214
-0.009717016480863094
0.05217704549431801
0.023999769240617752
0.03262482210993767
-0.03973521292209625
0.07362522929906845
0.005608872976154089
0.042408544570207596
-0.01842004992067814
0.004647509660571814
-0.0054681445471942425
0.06865528225898743
-0.029909951612353325
-0.05455372855067253
0.09298189729452133
-0.012079544365406036
-0.017934447154402733
-0.040000975131988525
-0.04147060960531235
-0.005763365421444178
0.016783885657787323
0.04524962604045868
-0.0024840054102241993
-0.07563209533691406
-0.05285485088825226
-0.050706520676612854
-0.03309865668416023
-0.05336208641529083
-0.036632318049669266
-0.013861986808478832
-0.010462995618581772
-0.09567867964506149
-0.051631275564432144
0.06670808047056198
0.03655679151415825
-0.0016590204322710633
0.019006997346878052
0.0865333303809166
