0.025857869535684586
0.05007554218173027
-0.04589835926890373
0.05705995485186577
0.007425099611282349
-0.0374026782810688
0.07712622731924057
-0.03258689120411873
0.01435182150453329
0.08381973952054977
-0.028803564608097076
-0.02065153606235981
-0.04226032271981239
0.051982421427965164
0.08893461525440216
-0.03434070572257042
0.0606035441160202
-0.0035166277084499598
0.08751299232244492
-0.04628252983093262
0.002258846303448081
0.0749112069606781
0.024856340140104294
-0.016444364562630653
-0.015515540726482868
-0.07723919302225113
0.04995955899357796
-0.0029263589531183243
-0.042897745966911316
-0.07341902703046799
-0.005238632205873728
-0.05943493917584419
0.026649359613656998
0.045052990317344666
-0.024090951308608055
-0.08273341506719589
0.04717562720179558
-0.11001334339380264
0.048545338213443756
-0.0061173876747488976
0.03118826262652874
0.10191660374403
0.040955957025289536
0.02111954055726528
-0.076578788459301
-0.0032097361981868744
-0.1083822101354599
0.08147625625133514
0.04230593144893646
-0.04038216918706894
-0.06895176321268082
0.008229422383010387
-0.05521156266331673
-0.06056211516261101
-0.0065695615485310555
0.11718838661909103
0.05818985030055046
-0.09943127632141113
-0.011446367017924786
-0.021409399807453156
0.045888058841228485
-0.04567684978246689
-0.016775192692875862
-0.02313944883644581
-0.020783821120858192
-0.0636313185095787
-0.023086104542016983
-0.043859951198101044
0.04749784991145134
0.015224244445562363
0.04806958884000778
-0.010107863694429398
0.002007800620049238
0.005731638520956039
-0.0521041676402092
-0.008017532527446747
-0.02022317238152027
-0.01731915771961212
-0.05800111964344978
0.05091434344649315
-0.06663234531879425
0.0492079071700573
-0.012003126554191113
-0.07212838530540466
-0.0031796207185834646
0.014029910787940025
-0.008272485807538033
0.05363066494464874
-0.00937601737678051
0.0918356329202652
-0.0007610287284478545
0.026685195043683052
-0.004990893416106701
0.054576173424720764
-0.0027437249664217234
-0.02160499431192875
0.03492891415953636
-0.12935951352119446
-0.01682223379611969
0.08144239336252213
0.021241528913378716
-0.025987112894654274
-0.0163672287017107
0.026020528748631477
0.021058591082692146
0.00892273522913456
-0.07511592656373978
0.008564909920096397
0.04309162124991417
0.02059270441532135
0.04214854538440704
0.07063479721546173
0.0034008105285465717
0.03990543261170387
0.032566171139478683
-0.01728888973593712
0.07971130311489105
-0.02193024754524231
0.0045088171027600765
0.05896187946200371
0.07087339460849762
0.001758843776769936
-0.08901786804199219
-0.009683291427791119
-0.0011162112932652235
0.04422549530863762
-0.00885921623557806
-5.4758108445652314e-33
-0.0036027319729328156
-0.02275111712515354
0.011379037983715534
-0.037653032690286636
-0.009355059824883938
0.051688503473997116
-0.04449081048369408
0.01438441127538681
0.09075923264026642
-0.011377955786883831
-0.02799605019390583
-0.07586809247732162
-0.001118685002438724
0.05355558171868324
-0.0012634305749088526
-0.046800609678030014
0.01485624723136425
0.053021810948848724
0.027364475652575493
0.012197945266962051
-0.04001209884881973
-0.026509294286370277
0.009101764298975468
0.008024037815630436
0.010682192631065845
0.024244433268904686
-0.06693128496408463
-0.09098174422979355
0.09830866008996964
0.01785285770893097
0.01241493783891201
-0.013771300204098225
-0.04447809234261513
-0.013296812772750854
0.03146541491150856
-0.11444912850856781
-0.001691309385932982
-0.023702347651124
-0.02461126446723938
-0.06507555395364761
0.03339320421218872
-0.04048949480056763
0.037961650639772415
0.045562129467725754
-0.05230030417442322
-0.03519798442721367
-0.006169840693473816
0.07103060185909271
-0.017611810937523842
0.02577928453683853
0.008083222433924675
-0.07845358550548553
0.12457561492919922
0.013515360653400421
-0.04737192764878273
-0.03965428099036217
0.06678532809019089
-0.06285065412521362
-0.07303626835346222
-0.014177918434143066
0.07388520985841751
-0.010179239325225353
-0.016427118331193924
-0.020344311371445656
-0.06276727467775345
0.027553169056773186
-0.023448321968317032
-0.08478238433599472
-0.026045111939311028
0.0360996387898922
0.036446455866098404
0.027411380782723427
0.01285887137055397
-0.1039247140288353
-0.05099024996161461
-0.024929465726017952
-0.014702416956424713
0.02810133621096611
-0.04220271483063698
0.07563800364732742
-0.028481852263212204
0.10068687051534653
0.04714059457182884
-0.00219944235868752
-0.08486044406890869
0.1289968490600586
0.03318073973059654
-0.017012037336826324
0.19183166325092316
0.0022928135003894567
-0.0011208988726139069
0.04602016136050224
-0.002052577678114176
-0.0008624484180472791
0.0016538784839212894
4.252055103801996e-33
-0.0652281865477562
0.011335080489516258
-0.028863374143838882
0.05033547431230545
0.01049859169870615
-0.038103342056274414
-0.07489661127328873
0.027299772948026657
-0.03520563244819641
-0.1138017475605011
-0.1021844744682312
0.037739094346761703
0.039913687855005264
-0.012997506186366081
0.11326517909765244
0.05374112352728844
0.0485314279794693
0.014762447215616703
-0.02985372580587864
-0.008781100623309612
-0.10149140655994415
-0.027877813205122948
0.022429989650845528
-0.007771019823849201
0.11089000850915909
-0.013366112485527992
0.03973257914185524
-0.022537026554346085
-0.07567676901817322
-0.12217257916927338
0.13826076686382294
0.03325400501489639
0.02720686048269272
-0.00874900072813034
0.06779227405786514
0.010261391289532185
0.012359127402305603
-0.08552961051464081
-0.0032954539638012648
-0.01958427019417286
0.021665915846824646
0.016090722754597664
0.02379452809691429
0.1310345083475113
0.015812266618013382
-0.03170859068632126
0.09148102253675461
0.015888255089521408
0.005147974938154221
0.0840035006403923
0.014998209662735462
-0.07244929671287537
0.03126402944326401
-0.024501604959368706
0.026394018903374672
-0.04444647580385208
-0.02151624858379364
0.024391628801822662
0.03237513452768326
-0.061508193612098694
-0.024670323356986046
0.02778615802526474
-0.05731743946671486
-0.0027737529017031193
0.005085410084575415
-0.04491036385297775
0.06712153553962708
0.02379012666642666
0.04534802958369255
0.005628917366266251
0.056659091264009476
0.10029205679893494
-0.0048295739106833935
-0.019572215154767036
0.046180449426174164
0.09847546368837357
0.002157463226467371
-0.0054082926362752914
-0.11550962924957275
-0.00026156072271987796
-0.04175875708460808
0.037907786667346954
-0.028104940429329872
0.033076655119657516
-0.02889290638267994
-0.003665531286969781
-0.027447178959846497
0.023414384573698044
-0.04734935238957405
0.016613593325018883
-0.022307666018605232
-0.05627403035759926
0.01176278293132782
0.057291921228170395
-0.02594921365380287
-1.3218115491042681e-08
-0.009168197400867939
-0.03902939707040787
-0.13104447722434998
0.012350079603493214
0.005426299292594194
0.062220294028520584
0.07088451832532883
-0.0149184325709939
0.05597316846251488
0.029322609305381775
-0.031016159802675247
-0.043883856385946274
0.04528255760669708
0.06042397394776344
-0.057395074516534805
-0.0018805369036272168
0.0015482086455449462
0.043540455400943756
-0.01872117631137371
0.08706881105899811
-0.06301174312829971
0.013594184070825577
-0.042006269097328186
0.012752396985888481
-0.007638872135430574
-0.04132140427827835
-0.09307210892438889
0.019421949982643127
0.027025096118450165
0.01952517032623291
0.02605558931827545
0.021546553820371628
-0.06575366109609604
0.0450015589594841
0.03144734725356102
0.004205577541142702
0.09990700334310532
0.04238073527812958
0.01950359344482422
0.021661676466464996
0.015340267680585384
0.037240419536828995
-0.044671036303043365
-0.01039363257586956
-0.12426212430000305
-0.033837106078863144
-0.09702299535274506
-0.05083465576171875
0.011125936172902584
0.016974108293652534
-0.028501562774181366
0.03034159354865551
-0.010928412899374962
0.038701899349689484
-0.02020757459104061
-0.10718771070241928
0.0668179839849472
-0.09498805552721024
-0.01516137458384037
0.04659019410610199
0.03530103713274002
0.05753070488572121
0.0007624120335094631
0.0762856975197792
