0.03259439766407013
0.031181346625089645
0.0071238926611840725
0.010136979632079601
-0.008271629922091961
-0.044934868812561035
0.06395813077688217
-0.09626973420381546
0.06689921021461487
0.06834591925144196
-0.06976720690727234
-0.0759672150015831
-0.03245815634727478
0.0049270386807620525
0.005793401040136814
0.015593086369335651
0.02074139565229416
-0.01387039665132761
0.012271509505808353
-0.10008984804153442
-0.0945751890540123
0.03898831456899643
0.0001138963780249469
0.028173675760626793
-0.10866797715425491
0.016497287899255753
-0.0035210808273404837
-0.07343249022960663
-0.022271228954195976
-0.1107511818408966
-0.07994036376476288
-0.05978302285075188
0.015113325789570808
0.034315600991249084
-0.03911552205681801
-0.06327924132347107
-0.021234389394521713
-0.036987025290727615
0.03809135779738426
0.028311837464571
0.041060060262680054
0.000987273408100009
-0.00428323820233345
0.020307764410972595
-0.057793989777565
0.057729534804821014
-0.06257954984903336
-0.026006126776337624
0.010453148745000362
-0.029979942366480827
-0.03832148760557175
-0.03685469925403595
-0.033888839185237885
-0.011157593689858913
-0.06303008645772934
-0.021087972447276115
-0.01552461739629507
-0.014949299395084381
0.05142659693956375
-0.059509143233299255
0.05859784781932831
0.011735738255083561
0.0668913945555687
0.03381583094596863
0.02690254896879196
-0.014300301671028137
0.00781913474202156
-0.0353131927549839
-0.024889735504984856
-0.11687220633029938
0.07821636646986008
0.010029998607933521
0.04972187802195549
0.004692841786891222
-0.01634012721478939
-0.0552670955657959
0.06987255066633224
0.04087069258093834
0.08012937754392624
0.08066434413194656
-0.008367421105504036
0.05076652392745018
-0.006063271779567003
0.07199040055274963
0.08023515343666077
0.015707597136497498
-0.01332439947873354
0.024915141984820366
-0.10665497183799744
-0.041542429476976395
0.0059945592656731606
-0.0003064150514546782
-0.07040338218212128
0.0009316848590970039
0.019897732883691788
-0.015979858115315437
0.027969950810074806
-0.10705547034740448
0.011726347729563713
0.09612001478672028
-0.05063480883836746
0.0032054781913757324
0.06816594302654266
-0.003386120079085231
-0.01659734733402729
-0.09309703856706619
-0.0268696341663599
-0.025782180950045586
0.06520665436983109
-0.010480903089046478
0.010370048694312572
0.012522190809249878
-0.04348845034837723
0.10426194220781326
0.1273135393857956
0.04279777407646179
-0.05464090406894684
0.019543366506695747
-0.0015231104334816337
-0.00691408384591341
0.07672183960676193
0.04104410856962204
-0.022116417065262794
0.010170447640120983
-0.07931560277938843
-0.05086085572838783
0.0846496969461441
-6.424934738119902e-33
0.06659242510795593
-0.11477828025817871
-0.04987328499555588
-0.056024473160505295
0.09656726568937302
-0.013226522132754326
-0.03591587767004967
-0.025551995262503624
-0.08753074705600739
0.026826437562704086
-0.01838877610862255
-0.04523707181215286
-0.001519096433185041
-0.010552003048360348
0.07962191849946976
0.046588506549596786
0.010317779146134853
0.025522727519273758
0.06627225130796432
-0.02269541099667549
0.006996046286076307
0.09919630736112595
-0.054096728563308716
-0.017894862219691277
0.02160503715276718
-0.040664393454790115
-0.06867434084415436
-0.027892714366316795
-0.01676318235695362
0.01562969572842121
-0.004161467310041189
-0.05575798451900482
0.03395519405603409
0.04192614555358887
-0.06709656864404678
-0.12767329812049866
-0.03640880808234215
-0.025493303313851357
-0.019352663308382034
-0.022579938173294067
0.0721181109547615
-0.01606777124106884
0.00150478130672127
0.022421550005674362
-0.027961306273937225
-0.008415025658905506
0.019116587936878204
-0.016330458223819733
-0.025138715282082558
-0.011811252683401108
0.0022525677923113108
-0.026193559169769287
0.0735737755894661
-0.08960961550474167
-0.017658069729804993
0.10604102909564972
0.038001589477062225
-0.013056940399110317
0.006630261428654194
0.02855832874774933
0.04861580580472946
-0.0007903371006250381
0.021237727254629135
0.004113912582397461
0.1556117981672287
-0.07731395214796066
-0.11917387694120407
-0.018824640661478043
-0.012831834144890308
0.06858622282743454
-0.002874816069379449
0.04933466017246246
0.08598405867815018
-0.16927553713321686
-0.05812246352434158
-0.05785788223147392
0.0754590779542923
-0.04049772769212723
0.00039038865361362696
-0.04385402426123619
0.002568884054198861
0.03180425986647606
-0.03271576389670372
-0.005513617768883705
-0.069893978536129
0.11472362279891968
-0.008422959595918655
0.06142579764127731
0.05707654356956482
0.0039279707707464695
-0.01252733077853918
-0.030877288430929184
-0.05199824646115303
-0.11713804304599762
0.10165512561798096
3.1215101875872146e-33
0.05630285665392876
0.018682988360524178
-0.008466288447380066
0.09301342815160751
0.0014440526720136404
-0.01985192485153675
0.003192988457158208
0.042803067713975906
-0.01596272923052311
0.03824831545352936
0.030819585546851158
0.015703169628977776
-0.024862894788384438
0.03893047198653221
0.08042614907026291
0.06612972915172577
-0.02862931415438652
0.00021241036301944405
-0.006179687101393938
-0.06920617818832397
-0.1628285050392151
-0.03413901850581169
0.03078322485089302
-0.008029722608625889
-0.062012143433094025
0.07511832565069199
-0.028867356479167938
-0.03169570118188858
-0.05365854129195213
-0.07951201498508453
-0.03566884621977806
0.033476509153842926
0.06037266552448273
-0.045649733394384384
-0.016370629891753197
-0.013874068856239319
0.03934215381741524
-0.07574497908353806
-0.0006454370450228453
0.004334977827966213
0.07384439557790756
0.01713624969124794
0.016727425158023834
0.04176726192235947
0.03259687498211861
0.03690618649125099
0.009548565372824669
-0.0036251391284167767
0.06017743796110153
0.050110142678022385
0.022573059424757957
0.027740292251110077
0.058620207011699677
-0.016239847987890244
0.0193068478256464
-0.04963080585002899
-0.06386075913906097
0.040879055857658386
0.01059575192630291
0.045573439449071884
-0.014264616183936596
-0.013141588307917118
0.03228626027703285
0.011280425824224949
-0.023345299065113068
-0.07859022170305252
-0.07093577831983566
-0.03285263478755951
0.09423693269491196
-0.03380422294139862
-0.01306955050677061
0.04213125631213188
0.032354701310396194
-0.045719750225543976
0.03624239191412926
-0.010734643787145615
0.060108497738838196
-0.01575794629752636
0.04476260766386986
0.03694741427898407
-0.02250821143388748
0.06520731747150421
-0.04111412912607193
-0.043520696461200714
0.012074355967342854
-0.09600912034511566
-0.05029916763305664
0.06717085838317871
0.10200251638889313
-0.02160029485821724
-0.04422495514154434
0.08458518981933594
-0.03192635253071785
0.0037654745392501354
-0.04927567392587662
-1.5300154032615865e-08
-0.03059215471148491
-0.002990670269355178
-0.06878606975078583
0.0757724866271019
0.06471593677997589
0.05568138137459755
0.02718699350953102
-0.09071526676416397
0.07704295217990875
-0.025860566645860672
-0.012086644768714905
-0.02183656394481659
-0.028603561222553253
0.04044559597969055
-0.0022571394219994545
-0.019243663176894188
-0.004983008839190006
-0.0460369847714901
0.08156248182058334
0.04709283262491226
0.004170989152044058
-0.006894866470247507
0.032358720898628235
0.011082167737185955
-0.04129151999950409
-0.006883180234581232
-0.07856929302215576
0.017480097711086273
-0.034074753522872925
0.08090148866176605
-0.054464973509311676
0.07255631685256958
0.015803378075361252
0.015084449201822281
0.03431146219372749
-0.058782629668712616
-0.0014812721638008952
0.018887504935264587
0.0036015650257468224
-0.014965117909014225
0.03011009842157364
0.09304985404014587
-0.0784912258386612
-0.052813999354839325
-0.03989608213305473
0.034591011703014374
-0.026816589757800102
-0.017110168933868408
-0.018514441326260567
0.02671157196164131
-0.10608819127082825
-0.024691453203558922
0.03772459551692009
0.11031916737556458
0.006743531674146652
0.015825921669602394
0.03116394393146038
-0.042464450001716614
-0.02703149989247322
-0.0008027614676393569
0.020774805918335915
-0.019420523196458817
0.015455573797225952
0.05002310872077942
