-0.017943134531378746
0.029364945366978645
-0.03698531538248062
-0.010469085536897182
0.012761665508151054
0.0040178243070840836
0.10771258920431137
0.016989709809422493
0.051274120807647705
0.09906792640686035
-0.036541104316711426
-0.045691944658756256
-0.03556213155388832
0.11040935665369034
0.01988992840051651
-0.039091337472200394
0.052675265818834305
0.022093988955020905
0.04411134868860245
0.03326590359210968
0.03122379072010517
-0.01791834644973278
0.015553154051303864
0.01111575961112976
-0.09610109776258469
-0.01698608137667179
-0.0869748592376709
-0.0046846927143633366
0.02364661544561386
0.015739617869257927
-0.03990583494305611
-0.06897687166929245
-0.005154046695679426
-0.010707254521548748
-0.008982321247458458
-0.014451658353209496
0.0036103485617786646
-0.07600381970405579
0.06270410120487213
-0.00873821321874857
0.02136259153485298
0.09264563024044037
0.033205628395080566
-0.01034501288086176
0.017963116988539696
-0.013308185152709484
0.04657113924622536
0.0002148070780094713
0.04456331580877304
-0.08816573768854141
-0.08846714347600937
0.042000412940979004
0.012416701763868332
0.030148230493068695
-0.07339108735322952
0.05637025833129883
-0.03225738927721977
-0.151157408952713
0.05347580462694168
0.011973042972385883
0.014965676702558994
0.018071910366415977
0.05398481711745262
0.0838429257273674
0.0025822650641202927
-0.04577523097395897
-0.07096775621175766
0.017962776124477386
0.08562638610601425
0.009184691123664379
0.050315216183662415
-0.0765436440706253
0.03138226643204689
-0.0003769695176742971
-0.02335433103144169
-0.014706752263009548
0.06537856161594391
-0.01536730956286192
0.06976855546236038
0.008761618286371231
-0.010513472370803356
-0.06318750232458115
0.057745568454265594
-0.06979242712259293
0.06699040532112122
-0.01892918162047863
0.0028104980010539293
0.06469416618347168
-0.08955734223127365
-0.02938125841319561
0.02496083453297615
0.02014564722776413
-0.023231811821460724
0.015078341588377953
-0.028416140004992485
-0.06447519361972809
0.05995697155594826
0.05247674137353897
0.017125800251960754
0.05858255922794342
0.05116092413663864
-0.05012805014848709
0.004100793972611427
0.013016682118177414
0.10961008816957474
-0.005645635537803173
-0.02768743969500065
0.04699220135807991
0.040523625910282135
-0.014678435400128365
-0.11154911667108536
0.0307125523686409
-0.0005759891937486827
0.12917913496494293
0.03823751583695412
-0.010045291855931282
0.012896678410470486
-0.1031133383512497
-0.03711124509572983
0.09267035126686096
0.026141349226236343
-0.06005590036511421
0.03532103821635246
-0.05197855457663536
0.01994779333472252
-0.005461347755044699
0.05277197062969208
-7.566210448389752e-33
0.029818637296557426
-0.12171018868684769
0.004871058277785778
-0.0650983527302742
0.07902460545301437
0.11699830740690231
0.007204446475952864
0.03317924588918686
-0.016253426671028137
0.0625837966799736
-0.06435076892375946
0.01820751652121544
-0.03386612981557846
-0.007268072571605444
-0.030165059491991997
-0.009350692853331566
-0.04158690199255943
0.0013549490831792355
0.05015258491039276
-0.02612101286649704
-0.026318898424506187
0.045735687017440796
-0.005423591006547213
0.03792532533407211
0.10199596732854843
-0.018141254782676697
-0.05013950169086456
-0.07505589723587036
0.020347822457551956
0.08240708708763123
-0.07819035649299622
-0.054897427558898926
-0.0676749050617218
-0.02278161607682705
-0.04988262429833412
-0.10262186825275421
0.018314102664589882
-0.014795267023146152
0.0261821448802948
-0.020657682791352272
0.027162091806530952
-0.022878386080265045
-0.020031791180372238
0.00030825904104858637
-0.018800973892211914
0.07811335474252701
0.019350947812199593
0.04149243235588074
-0.011964618228375912
0.028796184808015823
-0.02717665769159794
-0.04159911721944809
-0.03525139018893242
-0.057034339755773544
-0.05285174399614334
-0.0002434603520669043
0.023655865341424942
0.03694547712802887
-0.007450664881616831
0.0012507833307608962
0.03885985538363457
-0.05437595769762993
-0.08479665964841843
0.030070848762989044
0.1011022999882698
-0.06821269541978836
0.018811333924531937
-0.02254752442240715
0.05169326812028885
-0.03899051249027252
-0.034320443868637085
0.05377461761236191
-0.014371399767696857
-0.06186053156852722
0.02026595175266266
-0.062471382319927216
-0.052567679435014725
0.0077758426778018475
-0.12146145105361938
0.00960247777402401
0.042159903794527054
0.09969235211610794
-0.036174528300762177
0.08709552139043808
-0.04803889989852905
0.10982342809438705
0.04570996016263962
0.015254277735948563
0.07239674031734467
0.002716935006901622
0.08753781765699387
-0.010152275674045086
-0.024157322943210602
-0.06698434799909592
0.0009429443161934614
4.3621849654786287e-33
-0.0275729913264513
-0.016977472230792046
-0.020915422588586807
-0.011429071426391602
-0.004784582648426294
-0.02609945461153984
0.026864875108003616
0.1557181179523468
-0.0008029163000173867
-0.01368829607963562
-0.006128279026597738
-0.03567451983690262
0.05660196393728256
0.011669933795928955
-0.025812480598688126
0.00803777202963829
-0.05618644505739212
-0.07522834092378616
-0.015287213958799839
-0.01671840436756611
0.022182254120707512
-0.0801098421216011
0.03163473308086395
0.011045916937291622
-0.026098934933543205
0.014487591572105885
-0.05193699523806572
0.01214267872273922
0.026707971468567848
-0.00784178264439106
-0.04879804700613022
0.11765126883983612
0.026721734553575516
0.017673928290605545
0.046491123735904694
-0.07930878549814224
0.053090859204530716
-0.10013928264379501
-0.024360820651054382
-0.03322600573301315
0.08173182606697083
0.01497714314609766
-0.09098340570926666
0.05467989295721054
0.07848484069108963
0.03368387743830681
-0.045679349452257156
0.01795291155576706
-0.05069045349955559
0.008132696151733398
-0.06537949293851852
-0.11173412948846817
0.004043604712933302
-0.08971958607435226
0.012481135316193104
-0.050948429852724075
-0.05424332991242409
-0.001656249864026904
0.01615302637219429
0.08226729929447174
0.0256095752120018
0.015990283340215683
-0.07814875990152359
-0.027827000245451927
-0.022908806800842285
0.03133025020360947
-0.03353384509682655
0.09600356966257095
0.05373633652925491
0.002663964405655861
0.059055205434560776
0.03572734817862511
-0.02931194007396698
-0.03879695385694504
0.024145660921931267
0.10719373822212219
0.07257682085037231
-0.056075043976306915
0.04572974145412445
-0.0100581469014287
-0.022603530436754227
0.0420210026204586
0.02809675969183445
-0.009649603627622128
-0.03969674929976463
-0.050384968519210815
0.05721626803278923
0.06749807298183441
-0.0194354597479105
-0.0041023013181984425
-0.026740921661257744
0.017388593405485153
-0.05121240019798279
-0.013657883740961552
-0.00939104799181223
-1.5648932816247907e-08
-0.0831843838095665
0.021009229123592377
0.021306782960891724
0.04376646503806114
0.007644535042345524
0.11775946617126465
-0.02996058017015457
-0.06212152540683746
0.07370445877313614
0.008672178722918034
0.027971139177680016
-0.030989203602075577
-0.009002338163554668
0.053315553814172745
-0.06243138387799263
0.04142909124493599
-0.054943230003118515
-0.03217984363436699
0.06080139800906181
0.04330262541770935
-0.04571983590722084
0.01703271083533764
0.07996035367250443
0.009690456092357635
0.02336871065199375
-0.044187337160110474
-0.12678636610507965
0.032876722514629364
0.028688115999102592
0.06234182417392731
-0.07524710893630981
0.001264892634935677
-0.0038639928679913282
0.0816240906715393
0.008274666033685207
-0.036573369055986404
-0.040690284222364426
-0.05161978304386139
0.011652001179754734
-0.09341917932033539
0.06103166937828064
-0.017264852300286293
-0.05453559756278992
-0.03375377133488655
-0.004541962873190641
0.05414249747991562
0.03557123616337776
-0.05962125584483147
0.014791504479944706
-0.10795364528894424
-0.04119870811700821
-0.05699840933084488
0.02753911353647709
-0.028094254434108734
-0.06879577040672302
-0.031546398997306824
-0.03154807910323143
-0.057180047035217285
-0.058560822159051895
-0.0017273154808208346
-0.01034650206565857
0.05818953737616539
-0.07065781205892563
0.052433859556913376
