-0.0371706597507
0.11903717368841171
-0.01418254617601633
0.07751279324293137
0.05044017359614372
-0.03278844431042671
-0.010812956839799881
-0.005633259657770395
0.027750838547945023
0.1391545534133911
0.04144389554858208
-0.0923289805650711
-0.0701073557138443
0.0065192729234695435
0.037429723888635635
0.0661589503288269
0.03931916505098343
0.01703496463596821
0.015576398000121117
-0.06944692879915237
0.019159791991114616
0.03307691961526871
0.04168207570910454
0.0035732027608901262
-0.012107763439416885
-0.008719367906451225
-0.00911687221378088
0.06682167947292328
0.04726845398545265
-0.05682516470551491
-0.0491432249546051
-0.042961567640304565
-0.053852539509534836
-0.018002960830926895
-0.10984166711568832
-0.023739388212561607
0.024626176804304123
-0.03150656819343567
0.07352114468812943
0.07081928104162216
0.03833477199077606
0.08139683306217194
-0.06670176237821579
-0.06298262625932693
-0.024703938513994217
-0.09823771566152573
-0.09081379324197769
0.012008590623736382
0.01526622474193573
0.0099745849147439
-0.04846177622675896
-0.0566885806620121
-0.11115606874227524
0.01734783872961998
-0.05778006836771965
-0.0004761175368912518
0.028347069397568703
-0.10420098900794983
0.0020828857086598873
0.05207755044102669
0.010574035346508026
0.03431885689496994
-0.004541506990790367
0.021582432091236115
-0.008275683037936687
0.03964260220527649
-0.037345629185438156
-0.03785547986626625
0.002193070249632001
-0.0006807256722822785
0.049933481961488724
0.05381014198064804
0.017807358875870705
0.08031284064054489
-0.030405612662434578
-0.018367722630500793
0.038834989070892334
0.06298509240150452
0.05580638349056244
-0.050315845757722855
-0.08197851479053497
0.034376051276922226
-0.08296620845794678
-0.01756049506366253
-0.10096897184848785
0.0651853010058403
-0.013672887347638607
0.047230809926986694
-0.05289711058139801
-0.07675375789403915
-0.020919572561979294
-0.017979679629206657
-0.009715655818581581
-0.00471383286640048
-0.06166917458176613
0.022566678002476692
0.0038805673830211163
-0.03990650177001953
-0.029389427974820137
-0.031436674296855927
0.0015747548313811421
0.020032605156302452
0.06281635165214539
-0.01822999119758606
-0.03268485516309738
0.0464266836643219
-0.09198147058486938
-0.036333709955215454
0.04840853810310364
0.0804673284292221
-0.06515149027109146
-0.03813079744577408
-0.03614836558699608
0.10158440470695496
-0.08240755647420883
-0.03234519436955452
-0.013315048068761826
-0.06541906297206879
0.0017296746373176575
0.03825348615646362
0.032249435782432556
-0.012684371322393417
-0.07739704847335815
0.09341923147439957
0.012564040720462799
-0.049819812178611755
0.02104739286005497
-3.4192026625650204e-33
0.031645841896533966
-0.041098788380622864
0.07632143795490265
-0.0073380861431360245
0.07094323635101318
0.07326309382915497
0.034871261566877365
-0.04167025908827782
-0.03759642690420151
0.03301609680056572
-0.1480211764574051
-0.062367409467697144
-0.03613334149122238
-0.025284891948103905
0.04730593040585518
-0.012206992134451866
-0.02692596986889839
-0.03988758102059364
-0.04667985811829567
0.03027920052409172
-0.016412122175097466
0.07733341306447983
-0.07852572202682495
-0.05256405472755432
0.09602812677621841
0.047852396965026855
0.056996848434209824
-0.0721297487616539
-0.011940645053982735
0.00017269179807044566
0.0671902522444725
-0.058792803436517715
-0.03804156556725502
-0.0720936506986618
-0.023565277457237244
-0.09593915939331055
0.04715793579816818
-0.01715460978448391
-0.04649548977613449
-0.033570464700460434
-0.02350400574505329
-0.002541044494137168
0.004246569238603115
0.03567245230078697
-0.03418099880218506
0.007611414883285761
0.01520429365336895
0.01866556890308857
-0.05325908586382866
-0.012778087519109249
-0.0006493520340882242
0.0017676792340353131
0.006151712033897638
0.03208453580737114
-0.05449774116277695
0.04106302186846733
0.051106084138154984
0.02616066299378872
-0.05754205584526062
-0.038311563432216644
0.12685155868530273
-0.09026659280061722
0.026266230270266533
-0.03819769620895386
0.0006359729450196028
-0.03999147191643715
-0.03641481697559357
0.023184921592473984
0.038570065051317215
-0.09029731154441833
-0.02483363077044487
-0.00641389936208725
-0.06187727674841881
-0.0691794827580452
-0.037359774112701416
-0.00900830328464508
0.03837348148226738
-0.008951808325946331
-0.03182685002684593
0.021305201575160027
-0.055481575429439545
0.006216403096914291
0.07148326188325882
-0.033223770558834076
0.030695723369717598
-0.09193798899650574
0.0122592244297266
0.06864946335554123
-0.034106530249118805
0.021900692954659462
0.023845847696065903
0.08797118067741394
0.0019705845043063164
-0.01025040540844202
0.12254014611244202
7.582039122672047e-34
-0.030796470120549202
-0.033970221877098083
0.07153679430484772
-0.011279203929007053
0.00858034286648035
-0.05429576709866524
-0.06211478263139725
0.11981521546840668
-0.09756135195493698
0.006462860386818647
-0.06962239742279053
0.04792129248380661
0.11984564363956451
-0.06532088667154312
0.09678138047456741
0.002786473836749792
0.02319200150668621
0.13262939453125
0.013216815888881683
0.046412788331508636
0.007703415118157864
0.0529300719499588
-0.02200375869870186
0.004514728672802448
0.037819165736436844
0.016682900488376617
0.03321387991309166
0.02738872729241848
-0.07773800194263458
0.012520812451839447
-0.011930747888982296
0.006668595131486654
0.005822491832077503
0.04253809526562691
0.04510452598333359
-0.10889507830142975
0.04155287519097328
-0.14195001125335693
0.009356128983199596
0.011519274674355984
-0.010457606054842472
-0.0040090628899633884
0.004326693248003721
0.08601923286914825
-0.02973952703177929
-0.023542366921901703
0.014259177260100842
0.04010099172592163
-0.048409540206193924
0.03319195657968521
0.008499644696712494
-0.040328022092580795
0.040160827338695526
0.025384945794939995
0.024291178211569786
0.02771276980638504
-0.048786409199237823
-0.04432706534862518
0.09275101125240326
0.012029347009956837
-0.009789569303393364
0.02241288311779499
-0.0733531042933464
-0.013486519455909729
-0.05466088652610779
0.04166053608059883
0.022486349567770958
-0.02080194465816021
-0.03009694442152977
-0.027104074135422707
0.019862767308950424
0.031559720635414124
-0.07257185131311417
-0.005808591842651367
0.017108488827943802
0.06096090376377106
-0.019301239401102066
-0.048218388110399246
-0.020765146240592003
0.031327590346336365
-0.1115470603108406
0.039932429790496826
-0.0260773953050375
0.04155026003718376
0.026771506294608116
-0.07825308293104172
-3.649925201898441e-05
0.07691365480422974
-0.012094598263502121
-0.016236145049333572
0.036088861525058746
0.038989994674921036
-0.02813124656677246
0.06628041714429855
0.06395529210567474
-1.4610290755001643e-08
-0.05395493283867836
0.012030057609081268
0.010746714659035206
-0.0037452527321875095
0.016946204006671906
-0.04486684128642082
0.05437709391117096
-0.013864435255527496
-0.07665660977363586
-0.011585231870412827
-0.029268378391861916
0.04502086713910103
-0.021046271547675133
0.11862124502658844
0.07971478253602982
-0.020437046885490417
0.09515081346035004
0.037049051374197006
0.03522100672125816
0.03761598467826843
0.032938484102487564
0.005496507044881582
0.08202818036079407
0.0910869911313057
-0.061543285846710205
-0.03292914107441902
0.02955133095383644
0.026279333978891373
0.03496963903307915
0.04911431297659874
-0.025117963552474976
0.07678934186697006
-0.03579433634877205
0.04150854051113129
0.01214717235416174
0.02490517497062683
-0.0029108317103236914
0.1091919019818306
0.036389414221048355
-0.06294107437133789
0.08803382515907288
-0.013612037524580956
0.017002351582050323
-0.042531006038188934
0.021188566461205482
-0.00013766733172815293
0.019728755578398705
-0.02922387421131134
0.006755691487342119
-0.05971813201904297
-0.06866110861301422
-0.05311764031648636
0.01618974842131138
-0.04992511123418808
-0.02902231551706791
-0.06854914128780365
-0.0013228337047621608
-0.005332143045961857
-0.03399844840168953
0.07583826780319214
0.06763444095849991
-0.018881088122725487
0.07610440254211426
0.054595645517110825
