-0.023963864892721176
0.16850078105926514
-0.004503465723246336
0.027699235826730728
0.02663341537117958
-0.018025889992713928
-0.017938116565346718
-0.008329506032168865
-0.030515512451529503
0.10997310280799866
0.1142485961318016
-0.10238566994667053
-0.01895694062113762
0.033621061593294144
0.04020564258098602
0.10060010105371475
-0.0010616894578561187
0.03540578857064247
0.01720295287668705
-0.019749166443943977
-0.020843002945184708
0.04906376078724861
0.06419216841459274
0.06336989998817444
-0.020344724878668785
-0.03454636037349701
-0.03667111322283745
0.03464578464627266
0.06388679891824722
-0.08531400561332703
-0.013330597430467606
-0.05812427029013634
-0.06484655290842056
-0.06001065671443939
-0.05293544381856918
0.006673265248537064
0.0392698235809803
0.00969545915722847
0.016608482226729393
0.06890378147363663
0.0007138407090678811
0.015426114201545715
-0.08234632015228271
-0.0781220868229866
-0.006311116740107536
-0.07730460166931152
-0.04760177806019783
0.0189729742705822
-0.0020311709959059954
0.005589030683040619
-0.021380310878157616
-0.008056461811065674
-0.07692436128854752
-0.011738654226064682
-0.021314449608325958
-0.002974612871184945
0.03040822595357895
-0.0366225428879261
0.020025575533509254
0.03105597011744976
0.06457892060279846
0.006355129648000002
-0.0694500282406807
0.056218504905700684
-0.000481700204545632
-0.024195561185479164
-0.003857287112623453
-0.004300449974834919
0.011322115547955036
0.000882584834471345
0.04078326374292374
-0.04633598402142525
-0.03784121572971344
0.031466949731111526
-0.026291295886039734
-0.032727401703596115
0.017996633425354958
0.08453376591205597
0.025282543152570724
0.009249030612409115
-0.03662934899330139
-0.009597854688763618
0.012449136935174465
-0.002275391947478056
-0.07798071950674057
0.005370006430894136
0.044853441417217255
0.029845597222447395
0.008335486985743046
-0.053724419325590134
-0.001694805920124054
0.026310034096240997
-0.056086331605911255
0.034206997603178024
-0.03934695944190025
0.03624674677848816
0.030659927055239677
0.034583479166030884
-0.06570887565612793
-0.014227382838726044
0.10059810429811478
-0.0530848428606987
-0.003956981934607029
0.031289439648389816
0.015288053080439568
0.04544820263981819
-0.014393613673746586
-0.028347177430987358
0.0348375178873539
0.010733899660408497
-0.03801849111914635
0.013008348643779755
0.02521839365363121
0.06709961593151093
-0.06965784728527069
-0.003821874503046274
-0.04889407381415367
-0.013965204358100891
-0.034280866384506226
0.09853145480155945
0.09249339252710342
-0.013539262115955353
-0.06362230330705643
0.08367564529180527
-0.02079789526760578
0.003592965193092823
0.03213781490921974
-3.473038099780773e-33
0.06619172543287277
-0.03261932358145714
0.04600943624973297
-0.003949860110878944
0.08626978099346161
0.05264286696910858
-0.06080133095383644
0.004994835704565048
-0.05183024704456329
0.024507373571395874
-0.09660471975803375
-0.10215567797422409
-0.07648203521966934
0.07932181656360626
0.033121611922979355
-0.03604499250650406
-0.019260646775364876
-0.09171412885189056
0.004572169855237007
0.025151899084448814
-0.046778980642557144
0.03265636786818504
-0.03236975520849228
-0.07649993151426315
0.06817483901977539
0.08102604001760483
0.013456582091748714
-0.08039184659719467
-0.07320980727672577
0.03878987580537796
0.04154808074235916
-0.12790547311306
-0.03414510190486908
-0.03298085927963257
-0.13291995227336884
-0.08954232931137085
0.08788643032312393
-0.01579468697309494
-0.08215388655662537
-0.026064272969961166
0.07833833992481232
0.001202658866532147
-0.03377492353320122
0.05101216211915016
-0.011911194771528244
-0.05119512975215912
0.05465932935476303
0.05961214751005173
-0.09930606186389923
0.08653050661087036
-0.05171030014753342
0.014974509365856647
0.013273456133902073
-0.028672903776168823
-0.031490013003349304
0.028478087857365608
0.015041856095194817
0.020274005830287933
-0.08720839023590088
-0.0039881751872599125
0.09376140683889389
0.0006365744047798216
-0.002641794504597783
-0.026377547532320023
0.023136146366596222
-0.030366649851202965
0.04048510268330574
0.02531573362648487
0.0715104192495346
-0.14430679380893707
-0.0909562036395073
0.03020453080534935
-0.007937141694128513
0.0059110503643751144
-0.07378804683685303
-0.022851888090372086
-0.040471043437719345
0.01080384198576212
0.011497877538204193
0.001727098599076271
0.013908582739531994
-0.002400957280769944
0.027311889454722404
-0.008377435617148876
-0.016707636415958405
-0.03851157799363136
0.015603000298142433
-0.08209951221942902
-0.02311251312494278
0.06799161434173584
-0.008826891891658306
0.02137944847345352
0.0035254135727882385
-0.018708139657974243
0.1061500757932663
1.2237416899323229e-33
0.06916606426239014
-0.019146278500556946
0.08932377398014069
0.003998537547886372
0.09772434830665588
-0.021541336551308632
-0.07267464697360992
0.10032052546739578
-0.10404661297798157
-0.00682190153747797
-0.10613354295492172
0.017822587862610817
0.049067188054323196
0.010347363539040089
0.17737041413784027
0.028306826949119568
0.010751738213002682
0.0721832811832428
-0.013270937837660313
-0.003880938980728388
-0.030565334483981133
-0.03542395681142807
-0.03946813568472862
0.033453356474637985
0.0450504831969738
0.07388187944889069
0.030076628550887108
-0.08123563230037689
-0.05282163247466087
0.07286340743303299
0.025257527828216553
-0.007028558757156134
0.05641649290919304
0.0575258769094944
-0.0059960950165987015
-0.029805628582835197
0.07826803624629974
-0.03603653237223625
-0.030685408040881157
-0.03900042176246643
0.05533749610185623
0.01717589981853962
-0.003133277641609311
-0.04009898751974106
-0.05407809466123581
-0.01258810143917799
-0.06131395697593689
0.0031289486214518547
-0.06269032508134842
0.01327295508235693
-0.004666000138968229
0.00910954549908638
0.0229228176176548
0.014026283286511898
0.0238958653062582
-0.031126631423830986
-0.09953770041465759
-0.02328546904027462
0.05815713480114937
0.014716441743075848
-0.0380147248506546
-0.026248594745993614
-0.09182608872652054
0.0010971369920298457
0.0346941202878952
0.08041223138570786
0.008788014762103558
-0.044260889291763306
-0.09844721853733063
-0.010479484684765339
-0.008328265510499477
0.01096566952764988
-0.038445550948381424
-0.03870297223329544
0.016476010903716087
0.12082263082265854
0.010324819944798946
-0.04491386562585831
-0.01209191046655178
-0.02411370910704136
-0.029848119243979454
-0.05247509852051735
-0.01622230000793934
-0.05935360863804817
-0.028581729158759117
-0.04175833612680435
-0.04081055149435997
0.0459524430334568
-0.027623439207673073
0.017119096592068672
0.07426761090755463
0.0031565367244184017
-0.11932104825973511
0.06489422917366028
0.08255036175251007
-1.591578246973313e-08
-0.0016310409409925342
0.011667716316878796
-0.030256059020757675
0.02498050406575203
-0.007237876765429974
0.11081668734550476
0.0656248927116394
-0.039712827652692795
-0.011187214404344559
-0.009700683876872063
0.014391575939953327
0.04241027683019638
0.08900405466556549
0.13746421039104462
0.007075120694935322
-0.0552748404443264
0.012472045607864857
0.01410127617418766
0.00466877268627286
0.05225197225809097
0.028301546350121498
0.03885642811655998
0.062325261533260345
0.006311665754765272
-0.057395026087760925
-0.050392910838127136
-0.05184329301118851
0.06537117809057236
0.06295046210289001
0.07056014984846115
0.019271068274974823
0.02657855674624443
-0.01620778813958168
-0.002422617981210351
-0.006087379530072212
0.006171145010739565
0.018595926463603973
0.004564859438687563
0.03125859051942825
-0.02211010456085205
0.07445158064365387
-0.00035661994479596615
-0.006417902652174234
-0.037897270172834396
0.11492688953876495
-0.029548602178692818
-0.02827388234436512
-0.03237967565655708
-0.0240977481007576
-0.04599902778863907
-0.06770931929349899
-0.03394727781414986
0.09198644012212753
-0.03232547268271446
0.027809562161564827
-0.062392957508563995
-0.008630306459963322
0.043429818004369736
-0.06430577486753464
0.003107173601165414
0.029332086443901062
-0.036716584116220474
0.002720538293942809
0.001651484053581953
