-0.07140243053436279
0.11159800738096237
-0.046396855264902115
0.049779001623392105
0.03998691961169243
-0.01306869275867939
-0.01654968596994877
-0.01262135710567236
-0.024326447397470474
0.15199582278728485
0.0897001251578331
-0.10657701641321182
-0.06038827821612358
0.006440302822738886
0.04411894828081131
0.11238928139209747
0.017513252794742584
0.036090221256017685
0.008514020591974258
-0.038019515573978424
-0.025595830753445625
0.012401263229548931
0.0921543538570404
0.01393929310142994
-0.026056760922074318
-0.025096295401453972
-0.012681148946285248
0.09359192848205566
0.07371889799833298
-0.0721980482339859
-0.03816879913210869
-0.09088706970214844
-0.06834572553634644
-0.05416976287961006
-0.06915818154811859
0.028666147962212563
-0.005705216433852911
-0.02791012078523636
0.022893216460943222
0.023765157908201218
0.05740979313850403
0.01890716515481472
-0.044902388006448746
-0.09790480136871338
0.023979196324944496
-0.08544597029685974
-0.06329025328159332
0.015921594575047493
-0.026841914281249046
-0.004835170693695545
-0.020385026931762695
-0.01724052242934704
-0.10437007248401642
0.03357268124818802
-0.0800432413816452
-0.021048791706562042
0.07669077813625336
-0.0327945239841938
0.016056932508945465
0.047256771475076675
0.040392640978097916
-0.00035333161940798163
-0.03873340040445328
0.05215354636311531
0.023711059242486954
-0.008882804773747921
0.015911906957626343
0.0013536496553570032
0.019514350220561028
-0.01356519479304552
0.007901259697973728
-0.023675527423620224
0.03253773972392082
0.088789202272892
-0.010308412835001945
-0.003937195520848036
0.01780305616557598
0.11781507730484009
0.041424237191677094
-0.010951719246804714
-0.06768819689750671
0.0011971578933298588
0.01823999546468258
0.0025504231452941895
-0.11750705540180206
0.07003263384103775
0.00425749970600009
0.011920425109565258
-0.005195505917072296
-0.10077676922082901
0.024566514417529106
0.03179430216550827
-0.0348302461206913
0.04007384926080704
-0.04341096803545952
0.025146624073386192
0.00011128413461847231
0.035463958978652954
-0.07648759335279465
-0.03867580369114876
0.05812801793217659
-0.0449061319231987
-0.004942324012517929
0.04924531280994415
0.036045972257852554
0.03187822923064232
-0.0241917185485363
-0.01180232036858797
0.0077371783554553986
0.038458339869976044
-0.0802856907248497
0.011753438040614128
0.028458254411816597
0.06338661909103394
-0.06693562120199203
-0.06388810276985168
-0.0015284743858501315
-0.03128483146429062
0.023037157952785492
0.059214893728494644
0.07472920417785645
-0.01515189092606306
-0.08242467790842056
0.03700260818004608
-0.027280626818537712
-0.023433610796928406
0.04538390040397644
-3.2999344343366986e-33
0.049945615231990814
-0.03476927429437637
0.09495799988508224
-0.0041448152624070644
0.08181127160787582
0.08296110481023788
-0.030509544536471367
-0.04060724005103111
-0.022030452266335487
0.04685782641172409
-0.10975851118564606
-0.08688359707593918
-0.057802267372608185
0.002924232045188546
0.025727640837430954
-0.012592402286827564
-0.02455325983464718
-0.08960283547639847
-0.01758427917957306
0.06327923387289047
-0.013381889089941978
0.04225745424628258
-0.0430523157119751
-0.0725056603550911
0.06385312974452972
0.09763119369745255
0.03795142099261284
-0.0738644227385521
-0.06438155472278595
0.02740941196680069
0.013764987699687481
-0.08987858891487122
-0.017505882307887077
-0.06791187077760696
-0.1019180491566658
-0.09641405194997787
0.07237450778484344
0.007614344824105501
-0.078879214823246
0.0027593227569013834
0.01713215373456478
0.006666805129498243
-0.02115812711417675
0.04010683298110962
-0.041095148772001266
-0.04454938322305679
0.0525239035487175
0.029514595866203308
-0.07436377555131912
0.05098028853535652
0.0020666858181357384
-0.04481383040547371
0.00608158390969038
-0.015219653956592083
-0.018563149496912956
0.024969104677438736
0.01315420214086771
0.0014675294514745474
-0.09589658677577972
-0.027611933648586273
0.10278946161270142
-0.07070659846067429
0.008655919693410397
-0.040442392230033875
0.011903097853064537
-0.04698405787348747
0.04096348583698273
0.058697659522295
0.048407960683107376
-0.1413680762052536
-0.0738154798746109
-0.007989351637661457
-0.022546609863638878
-0.04860534891486168
-0.07657241076231003
-0.009848978370428085
0.004621155560016632
-0.0065636346116662025
-0.011599724180996418
0.007626690436154604
0.005050846841186285
0.013871158473193645
0.0680289939045906
-0.014194702729582787
0.0019163700053468347
-0.08774585276842117
-0.018219638615846634
-0.04275667294859886
-0.04120046645402908
0.05350028723478317
0.024241730570793152
0.08453602343797684
0.00709252106025815
-0.025486385449767113
0.11997144669294357
1.0936330160665196e-33
0.012695400975644588
-6.048432624083944e-05
0.04209920018911362
0.02734859474003315
0.06775852292776108
-0.061198558658361435
-0.07455676794052124
0.08855535089969635
-0.09980437904596329
0.027426036074757576
-0.08432070910930634
0.02980763092637062
0.07460732758045197
0.010834978893399239
0.12538263201713562
0.021949676796793938
-0.005698503460735083
0.10145456343889236
0.021806545555591583
0.04260688275098801
0.014620856381952763
-0.020111756399273872
-0.02262575551867485
0.005103036295622587
0.08286632597446442
0.05460156500339508
0.001965814968571067
-0.017677458003163338
-0.023628992959856987
0.01608915627002716
-0.02440628409385681
0.015042044222354889
0.019405357539653778
0.07156927138566971
0.03879651799798012
-0.08067256957292557
0.07366915047168732
-0.04419033229351044
-0.017742563039064407
-0.054452795535326004
0.06950200349092484
-0.019863419234752655
-0.029235105961561203
0.013825673609972
-0.0206369087100029
-0.006408674642443657
-0.02194688469171524
0.021246179938316345
-0.07606423646211624
0.02693217806518078
-0.016914185136556625
-0.006020157597959042
-0.013123678043484688
0.027206208556890488
0.0020137084648013115
0.009713754989206791
-0.05831071734428406
-0.012058199383318424
0.04051448777318001
0.05022731423377991
-0.03549540042877197
0.020608460530638695
-0.07707465440034866
0.03353763744235039
0.020165853202342987
0.08886053413152695
0.05540263652801514
-0.02420818619430065
-0.07584326714277267
-0.024662848562002182
-0.008211999200284481
0.03643134981393814
-0.052437882870435715
-0.058682192116975784
0.009788974188268185
0.10088898986577988
-0.011332984082400799
-0.0313267707824707
-0.013509240001440048
0.0072840116918087006
-0.05125993490219116
-0.0177425816655159
-0.006358747836202383
-0.019097950309515
-0.02614554576575756
-0.03575386479496956
-0.042799971997737885
0.07037931680679321
-0.035291243344545364
-0.01245580893009901
0.07378404587507248
0.011405838653445244
-0.12190145999193192
0.06798864156007767
0.039488062262535095
-1.4675137549602368e-08
-0.007492463104426861
-0.010333157144486904
-0.023045580834150314
-0.010992051102221012
0.004793110303580761
0.07905282080173492
0.019072754308581352
-0.04465090110898018
-0.018296590074896812
0.019214022904634476
-0.012841839343309402
0.06333515793085098
0.0452786423265934
0.15953609347343445
-0.03487606346607208
-0.0274965763092041
0.026273880153894424
0.014657667838037014
0.0007175284554250538
0.04024085775017738
0.014758200384676456
0.038317300379276276
0.11100902408361435
0.034453291445970535
-0.018441153690218925
-0.07084854692220688
-0.07455933839082718
0.06522413343191147
0.08148052543401718
0.036100126802921295
0.012579216621816158
0.025584828108549118
-0.00037157521001063287
0.03451889008283615
0.0021320232190191746
0.01766664907336235
0.024264566600322723
0.049859024584293365
0.028155412524938583
-0.026448996737599373
0.10210186243057251
0.007097345776855946
0.033026475459337234
-0.03981466218829155
0.104744553565979
-0.0011594566749408841
-0.01580178178846836
-0.05555393546819687
0.0005131103680469096
-0.06123502552509308
-0.09912705421447754
-0.060969509184360504
0.03988626226782799
-0.03326140716671944
0.010655634105205536
-0.05235284939408302
0.0035106362774968147
0.06378018110990524
-0.04948306083679199
0.04870474338531494
0.02685433439910412
-0.050308357924222946
0.01254713349044323
0.02427356317639351
