-0.06389400362968445
0.006104063242673874
-0.012979746796190739
-0.028921015560626984
0.023710697889328003
0.058275528252124786
0.04940494894981384
0.05201045423746109
0.029913440346717834
0.12270951271057129
0.028137728571891785
0.0009162660571746528
-0.005982463248074055
0.007177662570029497
0.04799247905611992
0.02668493427336216
-0.01112638134509325
-0.001992634730413556
0.027799924835562706
-0.004191522486507893
-0.030553916469216347
0.10948935151100159
0.059225957840681076
0.016068629920482635
-0.02976045198738575
-0.041263557970523834
-0.007620054297149181
0.089957594871521
0.09406477212905884
-0.016234207898378372
0.08374069631099701
-0.023770470172166824
0.020604383200407028
0.01858113333582878
-0.014137772843241692
-0.0038388327229768038
0.028587650507688522
-0.07646922022104263
0.08768035471439362
0.042679060250520706
-0.019068673253059387
-0.014493157155811787
-0.01966460794210434
-0.07437802106142044
-0.002511397935450077
-0.008513723500072956
0.08969290554523468
0.0048895832151174545
0.0924268439412117
-0.10442202538251877
0.012916665524244308
-0.04197118058800697
-0.025315530598163605
0.04187879338860512
-0.10151740908622742
0.06600823998451233
0.005249048117548227
-0.05856231227517128
-0.007007978856563568
-0.020593833178281784
-0.010209028609097004
0.039961572736501694
-0.006448457948863506
0.06518590450286865
-0.04463304206728935
-0.010281936265528202
-0.05298502370715141
-0.04104359447956085
0.07213650643825531
-0.0020307868253439665
0.03070426732301712
0.002589138690382242
-0.04717787355184555
0.03372382000088692
-0.10556443780660629
-0.062027376145124435
0.05701349675655365
0.040683943778276443
0.07969189435243607
-0.022411104291677475
0.008038165047764778
-0.0068820021115243435
0.04893096536397934
0.018517713993787766
0.014185604639351368
-0.0013998880749568343
0.010455116629600525
0.09326957911252975
-0.013564154505729675
-0.07245313376188278
-0.07476193457841873
-0.016451720148324966
-0.010908334515988827
0.017384454607963562
-0.08687078952789307
-0.04566410928964615
0.04761342704296112
-0.07364188134670258
-0.01625647209584713
0.036368027329444885
0.02419903501868248
-0.021878663450479507
0.012050171382725239
0.011720769107341766
0.08385086804628372
0.02620232105255127
-0.005540759768337011
0.03104317933320999
0.04502490162849426
0.0004719171847682446
-0.04528782144188881
-0.015218500979244709
-0.018328579142689705
0.14591820538043976
-0.02922707051038742
0.0009749886230565608
0.03515524044632912
-0.021718231961131096
-0.05890315771102905
0.06577103585004807
0.04872772470116615
-0.03496137261390686
0.018293846398591995
0.02763935551047325
0.043977100402116776
-0.002077968791127205
0.11708477139472961
-7.327070081710374e-33
0.010827932506799698
-0.0841430127620697
0.012169688940048218
-0.0889020636677742
0.05348352715373039
0.08945607393980026
0.002856649924069643
0.021507039666175842
-0.027853092178702354
0.012611688114702702
-0.08595075458288193
0.008431760594248772
-0.054320529103279114
0.005248503293842077
-0.0723789855837822
0.015963144600391388
0.013863593339920044
-0.0035263774916529655
0.0120042460039258
-0.052820492535829544
-0.07102534174919128
-0.009356966242194176
0.011756423860788345
-0.0167583916336298
0.04516645893454552
0.03614344820380211
-0.012108763679862022
-0.04357261210680008
0.01262344978749752
0.039160165935754776
-0.012024909257888794
-0.013561347499489784
-0.05736992880702019
-0.0571480356156826
-0.03075251914560795
-0.08138459175825119
-0.012120615690946579
-0.030566727742552757
0.05269570276141167
-0.013095758855342865
-0.007008519489318132
-0.009821598418056965
0.07574505358934402
-0.03475317358970642
0.0002583754830993712
0.03554655238986015
0.00645418232306838
0.010808871127665043
-0.0004948119167238474
0.02725624293088913
-0.0038414241280406713
0.02992338500916958
0.015589402988553047
-0.0016768529312685132
-0.006427314598113298
-0.04317532107234001
0.04142483323812485
0.03574284538626671
-0.07546219974756241
0.04113246500492096
-0.013391124084591866
-0.0017508991295471787
-0.06367451697587967
0.03260286897420883
0.04642858728766441
-0.07537980377674103
-0.023006530478596687
-0.03732837736606598
0.018902530893683434
0.02998095005750656
-0.0021050740033388138
0.011642086319625378
-0.024750841781497
-6.807562022004277e-05
-0.05469471588730812
-0.07608157396316528
0.0031441343016922474
0.004222467076033354
-0.09293029457330704
0.05030054599046707
-0.005158517509698868
0.04306066781282425
-0.031225332990288734
-0.044387444853782654
-0.010287576355040073
0.06323815882205963
0.06581195443868637
-0.0322263240814209
0.030230309814214706
-0.06278635561466217
0.03524388372898102
-0.05845988169312477
-0.05035535618662834
-0.09397006034851074
0.0759182721376419
4.150096029889533e-33
-0.016942163929343224
0.027477694675326347
0.018619930371642113
0.029874015599489212
-0.01903325691819191
0.031720008701086044
-0.04868677258491516
0.10877068340778351
-0.09457875043153763
0.017722222954034805
-0.10315688699483871
0.0828377828001976
0.006313185207545757
-0.031824223697185516
0.02872808836400509
-0.03644847869873047
-0.09311974793672562
-0.014472922310233116
0.0358075313270092
-0.02313164807856083
0.016932472586631775
-0.013959052041172981
0.01223879773169756
-0.005510642658919096
-0.03678780049085617
0.005542356986552477
-0.036429207772016525
0.013462023809552193
-0.028454523533582687
0.003279844531789422
-0.010439092293381691
0.04104827344417572
-0.02220076508820057
-0.07371963560581207
0.057016510516405106
-0.10709741711616516
-0.027349133044481277
-0.10852698236703873
0.02127629704773426
0.017550034448504448
0.08289407193660736
0.01103965938091278
0.07192622870206833
-0.025707846507430077
0.04002423956990242
-0.021707691252231598
-0.05569874495267868
0.012130456045269966
-0.07570799440145493
0.09452682733535767
-0.06424068659543991
-0.02188739739358425
0.009474005550146103
0.028579657897353172
0.09918412566184998
-0.07325869798660278
-0.10283111780881882
0.05177217349410057
-0.04475588724017143
-0.007606391329318285
-0.011802177876234055
0.011180363595485687
-0.03335196152329445
0.0518069751560688
0.02457171119749546
0.07403962314128876
-0.0049980441108345985
0.14630140364170074
0.0941818580031395
0.010517931543290615
-0.0002583096211310476
-0.014496644958853722
0.045710429549217224
-0.04199889674782753
0.0123450867831707
0.13443632423877716
0.015336180105805397
-0.03577655926346779
-0.010046469047665596
-0.027569126337766647
-0.02134070359170437
0.05726158618927002
-0.056798048317432404
0.03111335262656212
-0.001574765658006072
-0.015396516770124435
-0.025784911587834358
0.080800861120224
0.028550613671541214
0.017304297536611557
0.05349624529480934
0.09272675216197968
-0.0885053351521492
0.03306037187576294
-0.02645285055041313
-1.4761067035351516e-08
-0.13434046506881714
0.0755561962723732
0.03493020310997963
0.09985104203224182
0.045347556471824646
0.10254442691802979
0.0541686937212944
-0.09373738616704941
0.007371486164629459
0.012793865986168385
-0.05974915623664856
0.010936979204416275
0.04729726165533066
0.08145057410001755
-0.07117713242769241
0.06428050994873047
-0.08659035712480545
-0.03278184309601784
0.006548567675054073
0.12096133083105087
0.0014139560516923666
0.009652884677052498
0.007779329549521208
0.021256063133478165
-0.03592465817928314
-0.07187371701002121
-0.11769585311412811
0.07542525231838226
-0.01926323026418686
0.11908019334077835
0.009193528443574905
0.06897182017564774
-0.008597850799560547
0.022067880257964134
-0.01789749413728714
-0.058067359030246735
0.015674490481615067
0.05197994038462639
0.007309345528483391
-0.07019361108541489
0.025409961119294167
0.055193234235048294
0.0023734765127301216
-0.055909302085638046
-0.036842286586761475
0.09264766424894333
-0.011629603803157806
-0.03844903036952019
-0.07175275683403015
-0.033091045916080475
-0.11240352690219879
-0.049644585698843
0.08239668607711792
-0.013826561160385609
-0.0599149726331234
-0.050300028175115585
-0.07777289301156998
-0.04954148828983307
-0.007269577588886023
0.006907697767019272
-0.0948863998055458
-0.03503435477614403
-0.04998260736465454
0.05701770260930061
