0.03601493686437607
0.11469455063343048
0.08398666977882385
0.02764749899506569
0.01743478886783123
-0.04970698431134224
0.008010635152459145
-0.0037787090986967087
-0.040379367768764496
0.06182397902011871
-0.04830985143780708
-0.05373735725879669
-0.003923885989934206
-0.013191908597946167
0.03835266828536987
0.03557712584733963
0.08485967665910721
0.009235837496817112
0.026431065052747726
0.013812851160764694
-0.049001917243003845
0.08960835635662079
-0.009269330650568008
0.09209839999675751
-0.085426464676857
0.04674718528985977
-0.028362302109599113
0.007021957077085972
0.030618205666542053
-0.1260974258184433
-0.05653872713446617
-0.06865625083446503
-0.043297555297613144
-0.058278508484363556
-0.034354690462350845
-0.033615194261074066
-0.06047507002949715
-0.017992835491895676
0.033260591328144073
-0.009384091943502426
-0.02756117284297943
0.0013704125303775072
0.022250907495617867
-0.032740235328674316
-0.03815532103180885
-0.07572730630636215
-0.050015464425086975
0.01177617534995079
0.026243988424539566
0.006935604382306337
-0.008157548494637012
-0.06596285849809647
-0.06267737597227097
0.0007690620259381831
-0.028128810226917267
-0.041815269738435745
-0.03551016375422478
-0.08643510937690735
0.025395553559064865
-0.039930764585733414
0.08465665578842163
0.07577160745859146
0.01737196370959282
0.017233096063137054
0.011712624691426754
0.019944529980421066
-0.021511996164917946
-0.1184588223695755
0.00024997539003379643
-0.006154234521090984
0.07370959222316742
0.054875295609235764
0.004553735256195068
-0.03151349723339081
-0.020533647388219833
-0.10854729264974594
0.0457877553999424
0.012320376932621002
0.031247196719050407
0.025355689227581024
-0.04120984673500061
0.05341799557209015
0.029565991833806038
-0.026429960504174232
0.012507942505180836
-0.006988477427512407
0.016331670805811882
0.07094565778970718
-0.08315154910087585
-0.03684322535991669
-0.0042432742193341255
0.035218510776758194
-0.06526189297437668
0.020846469327807426
0.009704822674393654
0.04326001554727554
0.0012821013806387782
-0.016448264941573143
0.008212012238800526
0.04317721351981163
0.11632463335990906
0.021953286603093147
0.04823213815689087
0.002729944419115782
0.010341553948819637
-0.013707182370126247
-0.029329070821404457
0.0014245194615796208
0.1055302619934082
0.0014886854914948344
-0.006626045797020197
0.035257644951343536
-0.03444733843207359
0.12057879567146301
-0.09559015184640884
0.02534855715930462
-0.05999188497662544
-0.028842970728874207
-0.040087729692459106
-0.013477157801389694
0.03103826195001602
0.03804180026054382
-0.04856687784194946
0.07868139445781708
-0.022251158952713013
0.002790725091472268
0.037536218762397766
-2.333277491526537e-33
0.009987122379243374
-0.040323544293642044
0.018105056136846542
-0.016844356432557106
0.07466781139373779
0.057875148952007294
-0.05506763607263565
0.05305560305714607
-0.04479409009218216
0.05667387694120407
-0.08433223515748978
-0.008228863589465618
0.02005508542060852
0.04051997885107994
-0.00985636468976736
-0.11767148226499557
-0.02352914586663246
-0.009352094493806362
-0.11749979853630066
-0.06810633838176727
-0.002592166420072317
0.006412545219063759
-0.08007601648569107
0.005015755072236061
0.04817982017993927
0.03954315930604935
0.0018542660400271416
-0.06108308210968971
-0.08346490561962128
0.03485715389251709
0.032987769693136215
-0.12113171070814133
-0.02922620065510273
0.012149416841566563
-0.022352071478962898
-0.11142194271087646
0.059520523995161057
-0.009551968425512314
-0.06402142345905304
-0.04461778700351715
0.07826526463031769
-0.02651556208729744
-0.06084142252802849
0.058380626142024994
-0.0602535605430603
0.021405454725027084
0.029900768771767616
0.05540812760591507
-0.062293726950883865
0.0065756915137171745
-0.025141842663288116
0.004887856543064117
0.010211504064500332
0.008849424310028553
-0.010671806521713734
-0.020768366754055023
0.05461472272872925
-0.007562148384749889
-0.020474933087825775
-0.047903548926115036
0.04699040204286575
-0.012258106842637062
0.03838226944208145
-0.03999987617135048
0.012041076086461544
-0.050741638988256454
-0.06032678857445717
-0.017508335411548615
0.019419891759753227
-0.08474692702293396
0.03751043602824211
0.04862465709447861
0.07861385494470596
-0.005371100269258022
-0.08452199399471283
-0.05741088464856148
-0.0384099967777729
0.002941467799246311
-0.0012070905650034547
0.10737041383981705
0.015796801075339317
-0.06698879599571228
0.038485415279865265
-0.08006798475980759
-0.06730727106332779
0.011407662183046341
0.0013645485742017627
-0.029673930257558823
0.008918915875256062
-0.008108459413051605
-0.0404021255671978
-0.015918796882033348
0.005592714995145798
-0.08887093514204025
0.04703034460544586
9.987562497000122e-35
0.057591911405324936
-0.027288813143968582
0.09215981513261795
0.019425036385655403
0.05930297076702118
-0.048173364251852036
0.021929990500211716
0.0802307054400444
-0.13188536465168
-0.04581903666257858
-0.0451754592359066
0.022121576592326164
0.08677205443382263
-0.02541949786245823
0.17813533544540405
0.09149990975856781
-0.04538979008793831
0.022575045004487038
-0.00966288149356842
0.07164224237203598
-0.12316752970218658
-0.0685303658246994
-0.0133036058396101
0.0904291495680809
-0.002053577685728669
0.11710350960493088
0.043798092752695084
-0.10590951144695282
-0.06814800947904587
0.044844117015600204
-0.04506482928991318
0.06284651160240173
0.01334328856319189
0.0031289688777178526
-0.056953221559524536
0.009529059752821922
0.04315323382616043
-0.07219434529542923
-0.05710015073418617
-0.010274846106767654
0.021627716720104218
0.03127318620681763
0.024973278865218163
0.024503815919160843
-0.010968911461532116
-0.03866882994771004
0.015720900148153305
0.0159463994204998
-0.007155066821724176
0.012839925475418568
0.014848442748188972
-0.017386695370078087
0.11568321287631989
0.02586083859205246
0.046551112085580826
-0.0047844406217336655
-0.12901991605758667
-0.02157128043472767
-0.021847272291779518
-0.015071249566972256
0.009083575569093227
0.02061145380139351
-0.033668700605630875
-0.002363156992942095
-0.02365937829017639
0.07178720831871033
-0.014216788113117218
-0.023293618112802505
-0.027234051376581192
0.08460494130849838
-0.07953356206417084
-0.044440772384405136
0.034660711884498596
0.0291754137724638
0.08401206880807877
0.0781867727637291
0.08316033333539963
0.010950743220746517
0.01915065385401249
0.004553323145955801
-0.03913615643978119
0.005598471034318209
0.03378135710954666
-0.05169610306620598
0.04779241606593132
-0.019086118787527084
-0.04519904404878616
0.0618637315928936
-0.06460544466972351
-0.0011175449471920729
-0.008565729483962059
0.05759966000914574
-0.08185476064682007
0.03911064192652702
0.10445696115493774
-1.765704205070051e-08
-0.00047556395293213427
0.001995338825508952
-0.031512048095464706
0.08273794502019882
-0.031072009354829788
-0.0005827583372592926
0.14138983190059662
-0.08883161842823029
0.013335809111595154
-0.01187625527381897
-0.09211975336074829
-0.008215038105845451
0.07249034196138382
0.007782652974128723
0.0033566688653081656
-0.019562002271413803
-0.05839531868696213
0.004073149990290403
0.012388614937663078
-0.00648342352360487
0.026729337871074677
-0.014805668964982033
0.055582135915756226
0.024352902546525
0.004949961788952351
0.04702480137348175
0.012598094530403614
0.039028916507959366
0.05297693982720375
0.081372931599617
-0.013753589242696762
0.040837883949279785
-0.09995216876268387
-0.05481589213013649
0.10432016104459763
-0.02130439132452011
0.02676202729344368
0.01043696328997612
0.03255680203437805
-0.020127402618527412
-0.021720347926020622
0.03666997700929642
-0.009701716713607311
-0.02171308360993862
-0.0031563416123390198
-0.03302416577935219
-0.03959326073527336
0.014296356588602066
-0.010895956307649612
0.002684579696506262
-0.031309448182582855
-0.01312655583024025
0.07974469661712646
0.04370997101068497
-0.002270631492137909
0.07131899893283844
0.044968195259571075
0.026622673496603966
-0.1053437814116478
-0.01495011243969202
-0.022983625531196594
-0.03567127883434296
-0.011782970279455185
-0.016698500141501427
