-0.0203731507062912
0.030803538858890533
0.08207885921001434
0.0733088031411171
0.034935567528009415
-0.03477324917912483
-0.029238292947411537
-0.08260029554367065
0.059697456657886505
0.0014251417014747858
0.016817182302474976
-0.1137862503528595
-0.022101396694779396
-0.009070280008018017
0.1010410264134407
0.017791040241718292
0.009174784645438194
0.011555640026926994
0.006196753587573767
-0.04099016636610031
-0.09826382994651794
0.015264621935784817
-0.04847424477338791
0.10463360697031021
-0.05894540622830391
-0.027346784248948097
-0.06986276805400848
-0.034097760915756226
-0.07930570095777512
-0.01833164319396019
0.08371493220329285
-0.04858049750328064
0.033362943679094315
0.09349693357944489
-0.025434117764234543
0.05828169360756874
-0.046430621296167374
-0.03680923208594322
0.08985459804534912
0.08401413261890411
-0.03158603608608246
0.015092951245605946
0.04102608188986778
-0.1299247294664383
0.030884169042110443
-0.05770441144704819
-0.025568142533302307
-0.024816462770104408
0.018619975075125694
0.11038538813591003
0.02285728044807911
-0.09577125310897827
-0.09736917912960052
-0.009447496384382248
-0.038602448999881744
-0.06795958429574966
-0.0035163110587745905
0.005653609987348318
-0.03181372210383415
-0.05841661989688873
0.08308697491884232
-0.07710137963294983
0.06059699133038521
0.04618333280086517
-0.06446283310651779
0.011090891435742378
-0.06130598485469818
-0.02712267078459263
0.034449502825737
-0.03285234421491623
-0.02432781457901001
0.02018195576965809
0.009198145009577274
-0.055830035358667374
-0.05322561785578728
-0.0005349489510990679
-0.03308075666427612
0.02789079025387764
0.0889887884259224
-0.16038556396961212
0.024176333099603653
0.05186636373400688
-0.00659449165686965
0.006560377776622772
0.029646188020706177
0.00543759623542428
0.03157556429505348
-0.029233457520604134
0.03864985704421997
-0.09324072301387787
0.01040432695299387
0.002782306866720319
-0.0689280778169632
0.040325380861759186
0.014219475910067558
0.0030284449458122253
0.04971475526690483
-0.09914324432611465
-0.02880011685192585
0.04606449604034424
0.0040032328106462955
-0.013756539672613144
0.014901685528457165
-0.06968466937541962
0.0023952105548232794
0.054905567318201065
-0.11869844794273376
-0.009971142746508121
-0.026432933285832405
0.0858287513256073
-0.06646205484867096
0.018466809764504433
0.05925525352358818
0.07427457720041275
0.013289051130414009
-0.03760441020131111
-0.055717311799526215
-0.13458044826984406
-0.08375295996665955
-0.014888245612382889
0.09363255649805069
-0.0887785255908966
0.10570088028907776
0.039939381182193756
0.07217275351285934
0.030627116560935974
-0.016346635296940804
-4.446509787418835e-33
-0.004176940303295851
-0.10599088668823242
0.04412505030632019
-0.0410216823220253
0.09016259014606476
-0.04522554203867912
-0.04195493087172508
0.02175922691822052
-0.004727980121970177
0.019296778365969658
-0.0602731928229332
-0.028952619060873985
0.030053945258259773
-0.06840308755636215
-0.0010377023136243224
-0.029574787244200706
0.004696494899690151
0.044539473950862885
-0.014096793718636036
0.04157746955752373
-0.03830907493829727
0.058893606066703796
-0.028551975265145302
0.004496823530644178
-0.07548767328262329
0.05665840581059456
-0.06593557447195053
-0.0648464784026146
-0.041097525507211685
0.037510912865400314
0.037226296961307526
-0.0657055601477623
-0.08085552603006363
-0.00943476241081953
-0.04770616441965103
0.03159492835402489
-0.052492957562208176
-0.04507659003138542
0.0535249225795269
0.014542465098202229
0.04408649355173111
0.012306698597967625
0.09231426566839218
-0.07752183824777603
-0.007847605273127556
0.12264799326658249
0.009357123635709286
0.06472856551408768
-0.015950260683894157
0.0033023555297404528
-0.0264368187636137
0.005764875560998917
0.0338812954723835
0.0055422005243599415
0.0745551809668541
-0.002401157980784774
-0.030757546424865723
0.041258279234170914
-0.02555996924638748
0.030098913237452507
0.10621486604213715
0.005951256956905127
-0.05926424637436867
-0.029526570811867714
-0.06722396612167358
-0.02590150758624077
0.013901874423027039
0.10968349874019623
0.02436567284166813
0.06589966267347336
0.10245407372713089
0.05675742030143738
0.0069638402201235294
0.03496502712368965
-0.023078402504324913
-0.03410087898373604
0.09337739646434784
0.06723591685295105
-0.02149193547666073
0.028147416189312935
0.033606648445129395
0.022963019087910652
-0.030758347362279892
-0.01595926843583584
0.025073934346437454
0.0016236203955486417
0.0013778862776234746
-0.0451422780752182
0.035012099891901016
0.02701749838888645
-0.04681221395730972
0.010837344452738762
-0.06391159445047379
-0.030466562137007713
-0.04297897592186928
1.553906369832129e-33
0.05722290277481079
0.059598445892333984
0.011899607256054878
-0.028986282646656036
-0.006979815661907196
0.02708103507757187
0.03427130728960037
0.04135370999574661
-0.05035284161567688
0.08749262988567352
-0.10284522920846939
0.05558284372091293
-0.05331757664680481
-0.020327536389231682
0.11211183667182922
-0.07733780145645142
0.05768449604511261
-0.0048890789039433
0.04971081390976906
-0.036953143775463104
-0.01598220504820347
-0.02926388569176197
-0.014895747415721416
0.03380340710282326
0.06135380640625954
0.05614008754491806
-0.09406839311122894
0.06020566076040268
0.010958709754049778
0.026435011997818947
0.024038787931203842
0.004927576053887606
0.005078042391687632
-0.03507254272699356
0.0007716701366007328
-0.04941588267683983
-0.03541339188814163
0.016488226130604744
-0.00996304675936699
-0.004798384383320808
0.013400346972048283
-0.024182654917240143
0.04064004495739937
0.03127522021532059
0.025693917647004128
-0.03246941789984703
0.032518260180950165
0.06960061192512512
-0.10014074295759201
0.009747677482664585
-0.03206563740968704
-0.07243052124977112
0.0032422218937426805
-0.011269410140812397
-0.013988057151436806
0.07251296937465668
-0.03362739458680153
0.031209295615553856
-0.0024046185426414013
-0.060713741928339005
-0.060152456164360046
-0.0062415930442512035
-0.05409833788871765
0.025993866845965385
-0.09596163034439087
-0.010547460056841373
-0.03311379998922348
-0.003240331308916211
-0.004697741940617561
0.07906929403543472
0.01722216047346592
0.003042172407731414
0.03833227977156639
0.004597179125994444
0.0816178172826767
0.04358286410570145
-0.012917149811983109
-0.0472119078040123
0.04255145788192749
0.018984761089086533
-0.054733626544475555
0.013027671724557877
0.04108937084674835
0.05202583968639374
-0.028827935457229614
0.00282384199090302
-0.07001782208681107
0.05165094509720802
0.026734106242656708
0.03663262724876404
0.023952621966600418
-0.058955416083335876
0.09783565998077393
0.041254036128520966
-0.005836654454469681
-1.58889239543214e-08
-0.04940985143184662
0.05184130743145943
0.013335439376533031
0.03603990375995636
0.04012056067585945
-0.03502022475004196
-0.010447058826684952
-0.0028380651492625475
-0.0016769042704254389
-0.017642132937908173
0.025759650394320488
0.04287392273545265
0.012424115091562271
0.10288885980844498
-0.040100306272506714
0.00279123499058187
0.033520348370075226
-0.03073994256556034
-0.025453833863139153
0.05739724263548851
-0.04934881255030632
-0.022068984806537628
-0.024013936519622803
-0.014529951848089695
0.06505987793207169
-0.03164142370223999
0.004792952910065651
-0.01282594446092844
0.010461855679750443
-0.001489790272898972
-0.046633280813694
0.008875842206180096
-0.06087509170174599
-0.012337342835962772
0.04382183402776718
0.0444558747112751
-0.05030465126037598
0.010722428560256958
0.06531248241662979
-0.02698645181953907
-0.03203063830733299
0.016530347988009453
0.13277192413806915
-0.025159422308206558
0.06990677863359451
0.025053001940250397
-0.06834009289741516
-0.04727158322930336
-0.024642037227749825
-0.09492649883031845
-0.11282899230718613
-0.01619289629161358
-0.016506897285580635
0.036399878561496735
-0.05459294095635414
-0.12220209836959839
-0.025841962546110153
-0.026363009586930275
0.054158344864845276
0.014648566022515297
0.0647427886724472
0.0380169078707695
0.043040595948696136
-0.047115810215473175
