-0.024615351110696793
0.02450712025165558
0.04520376771688461
0.05871270224452019
-0.0007707845070399344
0.010264761745929718
0.0911000519990921
0.015459707006812096
0.0143763842061162
0.08540990948677063
-0.03353127837181091
-0.027895793318748474
0.01588056981563568
0.03824329376220703
0.09224414825439453
0.016046004369854927
0.042409203946590424
0.03389711678028107
0.0637398362159729
0.013380220159888268
-0.045520272105932236
0.05833811312913895
-0.03592591732740402
0.007684570271521807
-0.028035076335072517
0.023914720863103867
-0.021439315751194954
0.02324453368782997
0.019574586302042007
-0.033702440559864044
0.053612012416124344
-0.09040822833776474
-0.05163389816880226
0.0012915326515212655
0.06312379240989685
0.019954992458224297
-0.04177618399262428
-0.14320088922977448
0.03840720281004906
-0.024375487118959427
0.010003447532653809
-0.024267908185720444
0.026511332020163536
-0.09406815469264984
0.013826804235577583
-0.0592036135494709
-0.036668043583631516
-0.027799924835562706
0.07647670060396194
-0.043077971786260605
-0.02211029827594757
-0.0190487839281559
-0.044854968786239624
0.025534028187394142
-0.12343435734510422
0.07074769586324692
-0.03285497426986694
-0.09148195385932922
0.04777638986706734
-0.0449485182762146
0.0567098893225193
0.043398186564445496
0.006370956543833017
0.056808944791555405
0.04616730287671089
0.029045019298791885
-0.05729155242443085
-0.12115875631570816
0.0138173196464777
-0.010797746479511261
0.019156672060489655
0.04212126508355141
0.008715787902474403
-0.04798844829201698
-0.10253071039915085
-0.11071441322565079
0.12895044684410095
-0.03366183862090111
0.04946819320321083
-0.04584888368844986
-0.026358937844634056
0.0684899315237999
0.059912197291851044
-0.007634260691702366
0.02305765636265278
0.01990330219268799
-0.009679230861365795
0.09081308543682098
-0.0744500607252121
0.02030380256474018
-0.0360812246799469
0.06208987161517143
-0.02463403157889843
0.038739774376153946
-0.001990929013118148
0.019507139921188354
0.009117508307099342
0.03066127933561802
-0.01731773279607296
0.06797441095113754
0.0336361899971962
0.00870171282440424
-0.05073331296443939
0.04282349720597267
0.09802177548408508
0.005616263952106237
-0.019893543794751167
0.024968886747956276
0.01640237309038639
0.008350426331162453
-0.034135833382606506
0.017570937052369118
-0.03663584962487221
0.08404326438903809
-0.03480689972639084
0.023590251803398132
0.044636454433202744
-0.06291528791189194
-0.10606607794761658
0.01702893152832985
0.021983029320836067
0.0067279101349413395
0.009586929343640804
0.024339044466614723
0.017752906307578087
-0.05998938903212547
0.06055421382188797
-6.682756648769723e-33
0.03981652855873108
-0.01839180290699005
0.045544836670160294
-0.10365764051675797
0.08448445796966553
0.12575878202915192
-0.04162784293293953
0.08014185726642609
0.0010523720411583781
-0.006908450275659561
-0.10411357879638672
0.045109815895557404
-0.02229977771639824
-0.0069528548046946526
-0.0022995760664343834
-0.06349435448646545
-0.0038800272159278393
0.0436171293258667
-0.031056568026542664
-0.04375274106860161
-0.04822048917412758
0.038019828498363495
0.05218938738107681
-0.030955839902162552
-0.00436299666762352
0.06673263013362885
0.008899053558707237
-0.016182757914066315
-0.016865776851773262
0.0670866072177887
-0.039687979966402054
-0.0962955579161644
-0.018703320994973183
0.04291986674070358
0.035024359822273254
-0.07234547287225723
0.010747717693448067
-0.01180853508412838
-0.03041747957468033
-0.008645130321383476
0.0505572147667408
-0.010372656397521496
-0.023410651832818985
0.0333772636950016
-0.036139894276857376
0.0628243237733841
0.02813861332833767
0.015967056155204773
-0.03492532670497894
0.0008285666699521244
-0.06017487868666649
0.010921728797256947
0.026955395936965942
-0.0009228726848959923
0.011845886707305908
-0.09795346856117249
-0.0122675197198987
0.00629035197198391
-0.08378103375434875
-0.021012218669056892
0.05935624986886978
-0.09394446015357971
0.00045701529597863555
-0.028909359127283096
0.04359621927142143
-0.027697984129190445
-0.032600633800029755
-0.022809086367487907
0.008560821413993835
-0.09756406396627426
0.0035768633242696524
0.040128566324710846
-0.004481690935790539
-0.03964131325483322
-0.0035627600736916065
-0.07307685166597366
0.05001446232199669
0.0273106899112463
-0.10673655569553375
0.08460721373558044
0.0594390407204628
0.0030095374677330256
-0.004155663773417473
-0.06145773082971573
-0.009658440947532654
0.04385713115334511
0.0583595335483551
0.0037876388523727655
0.033459436148405075
-0.06151128187775612
0.015008299611508846
-0.06697109341621399
-0.0022842104081064463
-0.11080963909626007
-0.010615665465593338
3.136346763004515e-33
-0.028844082728028297
-0.02315172739326954
0.030731063336133957
0.011019700206816196
0.015457112342119217
-0.033393487334251404
-0.07133488357067108
0.06773088127374649
-0.14507515728473663
-0.00421748124063015
-0.01966015249490738
0.043219100683927536
0.05226088687777519
-0.0941440537571907
0.04149762541055679
0.016039565205574036
-0.08062086254358292
0.05155450478196144
-0.020409543067216873
0.0620463527739048
-0.022032074630260468
-0.0016385671915486455
0.022767793387174606
0.07183125615119934
-0.005588382016867399
0.05597276985645294
-0.0009774938225746155
-0.0733758807182312
-0.014829418621957302
0.05294552072882652
-0.027830779552459717
0.12021761387586594
-0.04608403518795967
-0.07960601150989532
0.028429977595806122
0.013820186257362366
0.0258006788790226
-0.10053793340921402
-0.016899975016713142
0.022025741636753082
0.10151968896389008
-0.04228177294135094
0.017593679949641228
-0.029434217140078545
0.06087194010615349
-0.0016900781774893403
-0.031154444441199303
0.08868641406297684
-0.0873006135225296
0.05920477956533432
-0.00838491227477789
-0.07983214408159256
0.031630221754312515
0.004147829953581095
0.03887676075100899
-0.04232437536120415
-0.11640956252813339
0.00756332790479064
-0.01453674677759409
0.04545751214027405
0.040429793298244476
-0.01728641241788864
0.014553457498550415
0.013769875280559063
-0.026307592168450356
0.02631237730383873
-0.012024912051856518
0.08000951260328293
0.017353571951389313
0.07434540241956711
-0.0007980131777003407
-0.036012936383485794
-0.005590409506112337
-0.009774773381650448
0.08578158169984818
0.13798563182353973
0.057121001183986664
0.012641985900700092
-0.012496629729866982
-0.03294980898499489
-0.08509917557239532
0.015498882159590721
0.04815110191702843
-0.015421376563608646
0.015001019462943077
-0.06428278982639313
-0.002638686215505004
-0.027223190292716026
-0.10141471773386002
-0.025898704305291176
-0.039950329810380936
0.028829634189605713
-0.0802794024348259
0.07729016989469528
-0.03562786057591438
-1.5862816837852733e-08
-0.05197594314813614
0.03422967717051506
0.03414192423224449
0.028341665863990784
0.015142039395868778
0.08352398127317429
0.09845076501369476
-0.1308698058128357
0.06887350976467133
0.02665785513818264
-0.059041768312454224
0.003500179620459676
0.0808739960193634
0.006626085378229618
-0.0958525538444519
0.0320170558989048
-0.08522230386734009
0.02320166304707527
0.030365822836756706
0.06068184971809387
0.04837588220834732
-0.015456147491931915
0.08371321856975555
0.04027895629405975
0.0401429757475853
-0.009292183443903923
-0.044874437153339386
0.07665390521287918
0.019526615738868713
0.054306864738464355
0.03480137884616852
0.046932119876146317
-0.0018841724377125502
-0.07517540454864502
0.027484657242894173
-0.030091408640146255
0.02591445855796337
0.026510505005717278
-0.030313342809677124
0.001113823032937944
0.02121713012456894
0.08673722296953201
-0.009160244837403297
0.0039260913617908955
-0.07959089428186417
0.014981105923652649
-0.0032559006940573454
-0.01894364506006241
-0.04424460977315903
-0.018947582691907883
-0.039150990545749664
-0.032882336527109146
0.00512993149459362
-0.05177869647741318
-0.0892411544919014
-0.04696986451745033
0.01779468171298504
-0.036381084471940994
-0.08506450057029724
0.023108704015612602
-0.024568330496549606
0.01897546462714672
-0.07890484482049942
0.05506988987326622
