-0.03777139633893967
0.024407057091593742
-0.006405666004866362
0.024158930405974388
0.036612022668123245
0.015423727221786976
0.012086254544556141
0.00890212133526802
0.06740713119506836
0.03816599026322365
0.055878203362226486
-0.021357083693146706
-0.0021629431284964085
0.04646429419517517
0.06691338121891022
0.056632839143276215
-0.02418494038283825
0.02899181842803955
0.04395512863993645
-0.0985989049077034
-0.06549134105443954
0.04487232863903046
0.07113592326641083
0.08422081917524338
-0.00274884351529181
-0.0039269947446882725
0.025708124041557312
0.04575632885098457
-0.023989208042621613
-0.026833072304725647
0.03912828117609024
0.06453713029623032
-0.05691871792078018
0.05774226412177086
-0.0030867576133459806
0.07287903875112534
0.031101280823349953
0.0788469985127449
0.07256223261356354
0.025323761627078056
-0.01893213391304016
0.01112123392522335
0.041122566908597946
-0.025845671072602272
-0.06973473727703094
-0.035073477774858475
0.00823204591870308
-0.053028546273708344
0.0087847039103508
-0.0185305904597044
-0.04941096156835556
-0.055678363889455795
-0.01870388723909855
0.029357027262449265
-0.09107042849063873
0.0009601960773579776
0.040963590145111084
0.040564775466918945
-0.06588971614837646
-0.04489938169717789
0.014847420156002045
-0.04238510504364967
-0.027156611904501915
0.022192299365997314
-0.09036844968795776
-0.044106919318437576
-0.049653735011816025
-0.10619325935840607
0.008933057077229023
-0.06479810178279877
0.028089014813303947
-0.017847632989287376
0.001267736661247909
-0.050989165902137756
-0.04776369035243988
-0.10403435677289963
0.027250967919826508
0.06538181751966476
0.1285448670387268
-0.011804084293544292
0.0029473600443452597
0.07008733600378036
0.0384778194129467
0.05273269861936569
-0.017795655876398087
0.0008061053231358528
-0.013789367862045765
0.01589634269475937
-0.006425958126783371
-0.10429410636425018
0.010713529773056507
-0.047884173691272736
-0.1029956117272377
0.009063252247869968
-0.03968443349003792
-0.04471471905708313
-0.0551164373755455
-0.1193443015217781
-0.005453370977193117
-0.008906649425625801
0.00288307829760015
0.02880479395389557
-0.047903213649988174
0.011404787190258503
0.08486197888851166
0.024565692991018295
0.009913576766848564
0.11118506640195847
-0.033180639147758484
0.06729793548583984
-0.07470884919166565
0.024990661069750786
0.015346372500061989
0.06675297021865845
0.03919364511966705
0.011699405498802662
-0.08556915074586868
-0.006158017553389072
-0.09779944270849228
0.007281543221324682
0.022368410602211952
-0.05663101375102997
-0.006401095073670149
0.07158788293600082
0.01433998066931963
0.016353989019989967
0.040306124836206436
-7.324258446160001e-33
0.02236242964863777
0.002077372744679451
-0.009010984562337399
-0.037095893174409866
0.04194935783743858
0.0005852642934769392
0.03165746107697487
-0.031028954312205315
-0.05361807718873024
-0.01738503947854042
0.025271974503993988
-0.03554653003811836
0.0024908510968089104
0.01998118869960308
0.0037959201727062464
-0.023186353966593742
0.03294462710618973
-0.028892597183585167
0.029252048581838608
-0.0381879098713398
0.009678589180111885
-0.07534646987915039
0.055986691266298294
0.01088396180421114
-0.020518017932772636
-8.721873018657789e-05
-0.020870443433523178
-0.009427649900317192
0.039855871349573135
0.012374594807624817
0.043896887451410294
-0.012808999978005886
0.0556892491877079
-0.054216690361499786
-0.009659460745751858
0.015148716047406197
-0.07664119452238083
-0.050792913883924484
0.09936552494764328
0.03844056650996208
0.029045281931757927
0.009952967055141926
0.07953903824090958
-0.08522682636976242
0.031104035675525665
0.05215629190206528
0.012776853516697884
0.0002695179427973926
-0.013441243208944798
0.013161436654627323
0.05507230758666992
-0.03905653581023216
0.10971608012914658
-0.001943376730196178
0.05899263918399811
-0.018850933760404587
0.0007241085404530168
0.024707932025194168
-0.030625004321336746
0.11137394607067108
0.058819886296987534
0.04915871471166611
0.019909478724002838
-0.05754851549863815
0.07950558513402939
-0.10667836666107178
-0.08878864347934723
-0.0030529042705893517
-0.10751320421695709
0.12592875957489014
0.07080430537462234
0.05060292407870293
0.04287198558449745
0.021367978304624557
0.022138990461826324
-0.06667698919773102
0.007572388742119074
-0.0451086200773716
0.020062625408172607
-0.04996874928474426
-0.05519626662135124
0.04364925995469093
-0.043249502778053284
-0.025219440460205078
0.009696033783257008
-0.03771539032459259
0.002919692313298583
-0.019811121746897697
-0.016872020438313484
-0.03759802505373955
-0.04296194389462471
-0.08075723797082901
-0.061717379838228226
-0.04707403481006622
0.10422561317682266
3.531822735555473e-33
-0.01245069969445467
0.06591705232858658
0.03143652528524399
-0.0532243438065052
-0.07236021757125854
0.05235998332500458
-0.0033238218165934086
0.08203735202550888
0.00046823147567920387
0.03549935296177864
-0.12937577068805695
0.069748155772686
-0.06118743494153023
0.0280729029327631
0.07578840851783752
0.028997929766774178
-0.021769167855381966
-0.01623290777206421
0.06521540880203247
6.816149107180536e-05
-0.10122372210025787
0.11553651094436646
-0.04999042674899101
0.018055221065878868
0.036831460893154144
-4.637898655346362e-06
-0.08612200617790222
0.07990681380033493
-0.026288969442248344
-0.058984722942113876
-0.023935772478580475
-0.030456537380814552
-0.010524640791118145
-0.018303407356142998
0.03479820862412453
0.0265214666724205
-0.05369758605957031
-0.05792377144098282
-0.0007534140604548156
0.06574220210313797
0.0005779573111794889
-0.06917238980531693
0.0842299535870552
-0.03668849542737007
0.05264914780855179
0.039955925196409225
-0.05589897930622101
0.03303816169500351
-0.03382932022213936
0.009528610855340958
0.008711825124919415
-0.006231533829122782
0.04922495037317276
0.06351599097251892
0.055090002715587616
0.04357079416513443
-0.1852358877658844
0.0765104740858078
-0.10094650089740753
-0.11666608601808548
0.03617630898952484
0.07673242688179016
-0.025602448731660843
0.0036821896210312843
-0.041973650455474854
-0.041560523211956024
-0.0239141583442688
-0.06918521225452423
0.06077497825026512
-0.011392379179596901
-0.09190496057271957
0.03244013711810112
0.003271759720519185
-0.02351371943950653
0.058699097484350204
0.03802795708179474
0.0372004359960556
0.017614824697375298
-0.021894603967666626
-0.004499059170484543
-0.02844584919512272
0.00791835319250822
-0.029078688472509384
-0.06200099363923073
0.050480376929044724
-0.03705759346485138
-0.08581358194351196
0.011689716950058937
0.033245749771595
-0.02903156355023384
0.00553165702149272
0.017549589276313782
0.05946614593267441
-0.050673313438892365
0.009479528293013573
-1.803314120252253e-08
-0.0486450269818306
0.012630637735128403
0.02307620644569397
-0.02922479622066021
0.06817466020584106
0.042879849672317505
0.06136172637343407
-0.08064311742782593
-0.05278967693448067
0.041762810200452805
-0.035077691078186035
0.03812083229422569
-0.006715573836117983
0.06204092130064964
-0.059900399297475815
6.680923979729414e-05
0.010965189896523952
0.013356964103877544
0.058725062757730484
0.06956078112125397
-0.04069353640079498
-0.03267427161335945
0.013941561803221703
0.032124463468790054
-0.02478330209851265
-0.07869085669517517
0.07202374935150146
-0.049546219408512115
-0.008218130096793175
0.04742445424199104
0.011862236075103283
0.021087363362312317
0.02330527827143669
0.08022244274616241
0.010650713928043842
-0.04555411636829376
0.040858447551727295
0.035762492567300797
-0.021448321640491486
-0.0142276082187891
0.11214665323495865
0.10267055034637451
-0.053374432027339935
-0.010615706443786621
0.025676194578409195
0.06482815742492676
0.0067587257362902164
-0.11796479672193527
-0.024529311805963516
-0.03618326410651207
-0.136241152882576
0.002435371046885848
0.018913256004452705
0.021140312775969505
-0.01943271979689598
-0.025599097833037376
-0.05101003870368004
-0.08836740255355835
0.06899157166481018
0.010639924556016922
-0.034517813473939896
0.01607484556734562
0.049799587577581406
-0.0480472594499588
