-0.1048559918999672
-0.08867359906435013
0.002391257556155324
0.043825842440128326
-0.013814597390592098
-0.011276204138994217
-0.008552813902497292
0.030578836798667908
0.02894633822143078
0.05574941635131836
0.03801358491182327
-0.06973458081483841
0.02583055943250656
0.02946971356868744
0.027141856029629707
0.03957606852054596
-0.03596394136548042
-0.013644794933497906
0.06320687383413315
-0.034325409680604935
-0.016527025029063225
0.049259334802627563
-0.013758155517280102
0.10723572969436646
-0.04935513064265251
-0.005256419535726309
-0.043931614607572556
-0.001981264678761363
0.010540247894823551
0.01778247021138668
0.03699137270450592
-0.09979790449142456
0.05491160228848457
0.021972093731164932
0.008749855682253838
0.03920687362551689
0.004170184023678303
-0.010992882773280144
-0.00041231539216823876
0.010600084438920021
-0.04241327941417694
0.08731870353221893
0.07830895483493805
-0.05899488553404808
0.0658477172255516
0.007629431318491697
0.007862439379096031
0.04310516268014908
0.013721575029194355
0.022420771420001984
0.05152922123670578
-0.0704176127910614
-0.06843622028827667
0.038637254387140274
-0.03877667710185051
0.02493394911289215
-0.04739294946193695
-0.15942303836345673
0.05077940598130226
0.04275264963507652
0.055281344801187515
0.00765287596732378
-0.012106159701943398
0.0296002309769392
-0.003945950418710709
0.14180012047290802
-0.0221574530005455
-0.039136745035648346
0.01959630288183689
-0.03701026365160942
0.08331530541181564
0.0034868321381509304
-0.04430713877081871
-0.009288116358220577
-0.05311484634876251
-0.025483418256044388
-0.03662834316492081
-0.007901269942522049
-0.11408595740795135
-0.13147829473018646
-0.0398445650935173
-0.029146641492843628
0.028942150995135307
-0.01974586583673954
0.048601359128952026
-0.018459578976035118
-0.01756834238767624
0.008639367297291756
-0.09390376508235931
-0.026999160647392273
-0.012721860781311989
0.056159887462854385
0.03288664668798447
0.024338634684681892
0.007743129041045904
-0.07115072757005692
0.07401245832443237
-0.0038547974545508623
0.043807502835989
0.04341841861605644
0.01964586228132248
-0.04307620972394943
-0.040904074907302856
-0.037446171045303345
0.04822846129536629
0.011991309933364391
0.01223833579570055
0.011619404889643192
0.05265967175364494
0.02404031530022621
-0.055181171745061874
0.026073578745126724
0.017404941841959953
0.09694202989339828
-0.019036946818232536
-0.09591703861951828
0.038510192185640335
-0.010343112982809544
-0.11762095987796783
0.04508984461426735
-0.018071312457323074
0.04658131301403046
0.07140632718801498
0.01526580099016428
0.049998968839645386
0.010710081085562706
0.011484856717288494
-5.2763779423726606e-33
0.0471004955470562
-0.03598755970597267
0.013584950938820839
0.010299731977283955
0.021119708195328712
0.022922636941075325
-0.027644634246826172
-0.021935805678367615
0.021945271641016006
0.03023582324385643
-0.15009857714176178
0.07000597566366196
-0.00665166275575757
0.04527359828352928
0.019689418375492096
-0.0704084187746048
0.0053673493675887585
-0.04242672771215439
0.0011686175130307674
-0.029774431139230728
-0.12263548374176025
0.09316325932741165
0.008166972547769547
0.0015043984167277813
-0.047611840069293976
0.03700166568160057
-0.09431049227714539
-0.036027196794748306
-0.025198431685566902
0.04015081003308296
-0.03092338889837265
-0.06038176268339157
-0.061896346509456635
-0.08863122761249542
-0.001611321116797626
-0.019655274227261543
0.03429991751909256
-0.025969119742512703
0.07650993764400482
0.0597180612385273
0.06501496583223343
-0.055459048599004745
-0.03666561841964722
0.02791737951338291
0.03131675720214844
0.12462013214826584
0.04619964212179184
0.020064111799001694
-0.06551093608140945
-0.0009405240416526794
-0.12798747420310974
0.011077121831476688
-0.0014071353944018483
0.03006705641746521
-0.03614363074302673
-0.05722156539559364
-0.0034139822237193584
0.06415389478206635
-0.03946031257510185
0.06861523538827896
0.09936033934354782
0.05860151723027229
-0.04556377977132797
-0.04440377280116081
-0.016462089493870735
-0.0850403681397438
0.09053151309490204
0.02917226031422615
0.06637538224458694
-0.0653693750500679
0.04304473474621773
0.01957140676677227
0.01388342771679163
-0.015152694657444954
0.023203713819384575
-0.06155729666352272
-0.0008863694383762777
0.0639684870839119
-0.06258874386548996
0.028835389763116837
0.01522007305175066
-0.010549049824476242
0.019490985199809074
-0.016249749809503555
-0.004864586051553488
0.04914730042219162
0.06879447400569916
-0.031163593754172325
0.004147297702729702
0.0357254259288311
-0.12770570814609528
0.0025351729709655046
0.018726736307144165
-0.03575831279158592
0.01405473705381155
2.740400960055213e-33
0.029873352497816086
0.019713087007403374
0.021234404295682907
-0.016600167378783226
-0.04207548871636391
0.04793190956115723
-0.04397643730044365
0.053905632346868515
-0.07065010070800781
0.007247468922287226
-0.03975774347782135
-0.01506976131349802
0.08308401703834534
-0.04482298716902733
0.0590079091489315
-0.04987500235438347
-0.019429398700594902
0.021112818270921707
0.013602346181869507
-0.013013388961553574
0.006757378112524748
-0.052484408020973206
-0.04634860157966614
-0.0030329381115734577
0.07528088241815567
0.08841926604509354
-0.064935103058815
0.053856730461120605
0.05559179559350014
0.05069119483232498
0.0555894672870636
0.08871526271104813
-0.01912262663245201
-0.05577576905488968
-0.017611175775527954
0.03946784511208534
-0.030269477516412735
-0.014438644982874393
-0.022002819925546646
-0.060534313321113586
0.07212526351213455
0.05082447826862335
0.01930607669055462
-0.010712781921029091
0.049194756895303726
0.008575555868446827
0.09547429531812668
-0.006576067302376032
-0.17407168447971344
0.03362555056810379
-0.0040921843610703945
-0.06312889605760574
0.015351643785834312
-0.0008037217194214463
0.011237765662372112
-0.09467757493257523
-0.041169438511133194
-0.05711906775832176
0.008563575334846973
-0.05839511752128601
-0.018446853384375572
-0.028064221143722534
-0.04845704510807991
-0.03528411686420441
-0.02910587191581726
-0.028543421998620033
0.04239225387573242
0.05608688294887543
0.03967072442173958
0.07979244738817215
0.014489431865513325
-0.06570985168218613
0.08541356027126312
-0.056734226644039154
0.00670480914413929
0.10970685631036758
-0.03511982783675194
-0.022314144298434258
-0.019555488601326942
-0.1022196114063263
-0.013108269311487675
-0.006779457908123732
0.03341563791036606
0.12273957580327988
-0.03447522595524788
0.033931031823158264
0.02403970994055271
0.016666704788804054
0.002494155429303646
0.035945694893598557
0.009079072624444962
-0.06612434983253479
0.022337142378091812
-0.006412368733435869
-0.11046430468559265
-1.4983335461238312e-08
0.01602824591100216
0.09028695523738861
0.031786296516656876
0.03297547996044159
0.011729296296834946
0.043348606675863266
-0.03055013157427311
-0.017885562032461166
0.03295142948627472
0.006112607195973396
0.04047942906618118
-0.01874660700559616
0.028682446107268333
0.07248866558074951
-0.1017455980181694
0.100131556391716
-0.07043419778347015
0.006969241891056299
0.06529707461595535
0.05619129166007042
-0.060563601553440094
-0.002049508737400174
0.0481659471988678
-0.0026915427297353745
0.019695933908224106
-0.01760074310004711
-0.059983786195516586
-0.014757968485355377
0.021095741540193558
0.017999857664108276
-0.02187904715538025
0.009105920791625977
-0.08478790521621704
0.008869670331478119
0.12465362250804901
-0.020370984449982643
-0.10700971633195877
0.023042751476168633
0.04282413050532341
-0.023070037364959717
-0.007748500443994999
0.0458240732550621
0.01957024820148945
0.03767486661672592
-0.014573365449905396
-0.005438399501144886
-0.03811080381274223
0.003524636849761009
-0.0364360436797142
-0.04392612725496292
-0.06694275885820389
-0.04005930572748184
0.00855294056236744
0.08197611570358276
-0.07439002394676208
-0.07134291529655457
-0.02286534570157528
-0.07448340207338333
-0.007553554140031338
0.019453005865216255
0.0048668645322322845
-0.013760006986558437
-0.10362803190946579
-0.00640462851151824
