4.474033713340759277e-01
-4.918355941772460938e-01
5.564579367637634277e-01
-1.214801743626594543e-01
5.172639489173889160e-01
-1.182709455490112305e+00
1.316420733928680420e-01
1.129875659942626953e+00
3.151781558990478516e-01
-3.181137144565582275e-01
5.287371873855590820e-01
1.101391315460205078e+00
-8.751214742660522461e-01
-9.133082628250122070e-01
-1.712072342634201050e-01
3.413132578134536743e-02
9.200126528739929199e-01
-1.592184901237487793e+00
-1.044168099761009216e-01
8.207092881202697754e-01
-1.644204020500183105e+00
-5.383153557777404785e-01
8.939660191535949707e-01
2.097819894552230835e-01
4.138126969337463379e-01
-1.448734641075134277e+00
-1.883985549211502075e-01
1.070119261741638184e+00
1.029790282249450684e+00
5.199501514434814453e-01
1.067011356353759766e+00
-1.491028517484664917e-01
1.126353815197944641e-01
-4.164876937866210938e-01
9.590193033218383789e-01
1.440729200839996338e-01
-8.415663242340087891e-01
3.887347877025604248e-01
1.080873489379882812e+00
-7.433592081069946289e-01
1.116094827651977539e+00
5.279613137245178223e-01
1.365098476409912109e+00
-5.445110201835632324e-01
-7.172747254371643066e-01
-1.076843619346618652e+00
-7.593836635351181030e-02
-2.351531267166137695e+00
-3.930647969245910645e-01
1.930324435234069824e+00
-6.198232173919677734e-01
4.105844497680664062e-01
-1.022935137152671814e-01
3.125360906124114990e-01
-6.814591586589813232e-02
-8.958027362823486328e-01
1.324759006500244141e+00
-2.463606745004653931e-01
-7.513505220413208008e-01
8.344234228134155273e-01
2.695178687572479248e-01
-4.309233278036117554e-02
9.343957901000976562e-01
5.768863558769226074e-01
-6.778889298439025879e-01
3.241145014762878418e-01
-1.043547511100769043e+00
1.674011349678039551e-01
1.135174155235290527e+00
1.358280777931213379e+00
-9.668182730674743652e-01
-4.130667746067047119e-01
3.530357480049133301e-01
6.990614533424377441e-01
1.810328662395477295e-01
8.325235247611999512e-01
1.991201400756835938e+00
1.426957130432128906e+00
-2.496437728404998779e-01
6.149126887321472168e-01
2.879780232906341553e-01
-1.370983004570007324e+00
-2.879126369953155518e-01
4.012584686279296875e-01
-2.184146195650100708e-01
6.010647416114807129e-01
-5.832578521221876144e-03
5.899295806884765625e-01
1.676687479019165039e+00
1.204627379775047302e-01
-7.381814122200012207e-01
-1.868532896041870117e+00
6.937557458877563477e-02
-4.224976897239685059e-01
4.814282357692718506e-01
-4.164954125881195068e-01
-6.786765456199645996e-01
-2.152950167655944824e-01
-7.504464387893676758e-01
7.488588094711303711e-01
-9.715609550476074219e-01
-6.589054465293884277e-01
4.611983522772789001e-02
2.086548805236816406e+00
9.005057215690612793e-01
-5.828741788864135742e-01
1.963304728269577026e-01
4.910668730735778809e-01
-3.727409243583679199e-01
5.711925029754638672e-01
-2.130790352821350098e-01
-2.191788256168365479e-01
-1.490767449140548706e-01
4.797349572181701660e-01
-5.412762165069580078e-01
-4.974365532398223877e-01
3.288064002990722656e-01
-1.367304205894470215e+00
3.812140598893165588e-02
7.201478481292724609e-01
3.731117248535156250e-01
1.243411183357238770e+00
-2.556224465370178223e-01
-7.790135145187377930e-01
-2.175594866275787354e-01
-2.613802194595336914e+00
-2.574814856052398682e-01
5.884650349617004395e-01
-1.969574540853500366e-01
-4.914631843566894531e-01
-2.460596323013305664e+00
-1.038831174373626709e-01
-8.410214185714721680e-01
7.650298476219177246e-01
2.522702932357788086e+00
-9.602104425430297852e-01
-4.914250224828720093e-02
-4.531168192625045776e-02
-4.311426877975463867e-01
3.973603248596191406e-01
-1.719958335161209106e-01
4.360129833221435547e-01
2.038414478302001953e+00
9.034323692321777344e-02
5.405811667442321777e-01
-4.764927625656127930e-01
3.216522634029388428e-01
1.094868183135986328e+00
-2.298520058393478394e-01
-6.644954681396484375e-01
1.340788602828979492e+00
1.260350227355957031e+00
-1.813080161809921265e-01
4.141115248203277588e-01
-7.995882034301757812e-01
2.216320484876632690e-01
-7.740501761436462402e-01
-1.115383625030517578e+00
-9.533464908599853516e-02
-1.153419256210327148e+00
-1.698364257812500000e+00
9.709492325782775879e-01
1.038467526435852051e+00
-1.182747721672058105e+00
1.821881532669067383e+00
2.714522778987884521e-01
-5.862560868263244629e-01
5.736621618270874023e-01
9.247050285339355469e-01
-1.596506476402282715e+00
1.398940086364746094e+00
2.129860162734985352e+00
-6.814440488815307617e-01
8.727172017097473145e-01
8.196073770523071289e-01
2.610621042549610138e-02
1.005594491958618164e+00
-4.854086339473724365e-01
-2.580091953277587891e+00
-1.216063976287841797e+00
-3.142912983894348145e-01
-2.282195836305618286e-01
1.108220458030700684e+00
-2.424430996179580688e-01
6.532838940620422363e-01
2.780722975730895996e-01
-4.573476314544677734e-01
-2.952330827713012695e+00
1.539198011159896851e-01
1.914372742176055908e-01
7.017044425010681152e-01
1.052879095077514648e+00
-9.186798334121704102e-01
1.584160089492797852e+00
2.945936024188995361e-01
7.548101544380187988e-01
-1.744910359382629395e+00
-1.224657371640205383e-01
3.048219019547104836e-03
-5.827561616897583008e-01
-1.885099172592163086e+00
-8.547757267951965332e-01
-1.116162896156311035e+00
1.043167710304260254e+00
4.913547635078430176e-02
-4.100258648395538330e-01
-1.576346278190612793e+00
-2.048028469085693359e+00
8.341552019119262695e-01
-8.601186871528625488e-01
1.177537322044372559e+00
1.251933336257934570e+00
4.728831052780151367e-01
3.518584072589874268e-01
-3.157851099967956543e-01
5.816589575260877609e-03
5.876417756080627441e-01
-6.563314199447631836e-01
6.268532276153564453e-01
6.092859506607055664e-01
-5.032849311828613281e-01
9.805736541748046875e-01
1.715662479400634766e+00
1.772921346127986908e-02
-4.416333138942718506e-01
-5.933496952056884766e-01
-1.808434724807739258e+00
1.087063193321228027e+00
-6.426832675933837891e-01
4.030161798000335693e-01
-8.223779499530792236e-02
7.604979723691940308e-02
1.523784637451171875e+00
-1.281714886426925659e-01
-8.298344016075134277e-01
-1.414525866508483887e+00
8.588504195213317871e-01
2.532392144203186035e-01
-1.212312340736389160e+00
7.978343963623046875e-01
2.100092649459838867e+00
9.878339767456054688e-01
1.748889088630676270e-01
5.044763088226318359e-01
-1.033236145973205566e+00
3.488828986883163452e-02
-4.718517661094665527e-01
-8.555368185043334961e-01
1.097305059432983398e+00
-1.189750432968139648e+00
6.983098983764648438e-01
-5.240387320518493652e-01
1.819924712181091309e-01
-2.826610207557678223e-01
6.377398967742919922e-01
3.843946754932403564e-01
2.710320241749286652e-02
-6.946128606796264648e-01
-4.138966798782348633e-01
-2.232349514961242676e-01
1.170001745223999023e+00
9.713770747184753418e-01
6.703165918588638306e-02
-1.343627929687500000e+00
4.448342621326446533e-01
2.844409644603729248e-01
7.676400542259216309e-01
-1.613737046718597412e-01
-6.386665701866149902e-01
6.357343196868896484e-01
-3.053503334522247314e-01
-8.676704168319702148e-01
1.452371329069137573e-01
1.093909069895744324e-01
9.085676670074462891e-01
-5.924808979034423828e-01
1.844830274581909180e+00
6.539098918437957764e-02
-1.612913250923156738e+00
-1.547161638736724854e-01
-1.242644667625427246e+00
-5.244309082627296448e-02
-5.977214574813842773e-01
1.538366638123989105e-02
-5.579362511634826660e-01
-8.487440645694732666e-02
3.470872342586517334e-01
-2.927333712577819824e-01
2.438322156667709351e-01
7.125740647315979004e-01
6.551574468612670898e-01
-1.896153926849365234e+00
-1.008587718009948730e+00
1.033196449279785156e+00
2.102214656770229340e-02
6.833896040916442871e-01
1.251509308815002441e+00
-3.789342567324638367e-02
3.253706544637680054e-02
1.008127070963382721e-02
9.717383384704589844e-01
3.469785749912261963e-01
2.803368866443634033e-01
6.143574416637420654e-02
-1.674415349960327148e+00
-1.155563354492187500e+00
-7.308451533317565918e-01
2.368966341018676758e+00
1.122325897216796875e+00
5.390405654907226562e-01
-3.492242097854614258e-01
-6.524969357997179031e-03
1.367228865623474121e+00
-2.701174259185791016e+00
1.237179279327392578e+00
-5.003503561019897461e-01
-1.321371048688888550e-01
-5.384268760681152344e-01
-1.009702324867248535e+00
7.173171639442443848e-01
-5.201510787010192871e-01
-8.649596571922302246e-01
2.453364610671997070e+00
2.239850312471389771e-01
-5.530954599380493164e-01
1.269735932350158691e+00
1.189884662628173828e+00
-2.631836533546447754e-01
3.214052915573120117e-01
5.169259309768676758e-01
-1.298829078674316406e+00
-9.202291369438171387e-01
2.935049235820770264e-01
-3.284705057740211487e-02
-7.653262019157409668e-01
9.294763207435607910e-01
4.476151168346405029e-01
3.827438652515411377e-01
2.057923935353755951e-02
-1.078456163406372070e+00
1.540708392858505249e-01
-1.558277010917663574e+00
-1.169989347457885742e+00
-3.317220807075500488e-01
6.193806529045104980e-01
-2.402955442667007446e-01
2.008391767740249634e-01
2.615861296653747559e-01
1.614306867122650146e-01
-4.562491178512573242e-01
3.805038928985595703e-01
3.218910098075866699e-01
8.272343277931213379e-01
6.407353281974792480e-01
-6.774026155471801758e-01
6.852749586105346680e-01
5.634613633155822754e-01
2.968830764293670654e-01
-6.622702479362487793e-01
-3.766359686851501465e-01
-1.470052719116210938e+00
-1.196407318115234375e+00
2.625282108783721924e-01
-4.889579117298126221e-01
6.396098136901855469e-01
-1.330427080392837524e-01
-1.893225014209747314e-01
-2.813676595687866211e-01
-5.753117799758911133e-02
1.373103618621826172e+00
-4.217267334461212158e-01
6.009861826896667480e-01
-3.178714811801910400e-01
-5.659461617469787598e-01
7.250735163688659668e-01
2.408156991004943848e-01
-3.809170126914978027e-01
4.943916797637939453e-01
1.338652849197387695e+00
-9.747396111488342285e-01
-6.561525464057922363e-01
8.550643324851989746e-01
-1.516008228063583374e-01
-6.114830374717712402e-01
1.390079259872436523e+00
-1.653819531202316284e-01
5.111649036407470703e-01
7.445607334375381470e-02
5.032913759350776672e-02
1.350079536437988281e+00
9.511228799819946289e-01
-9.358354806900024414e-01
-1.303268790245056152e+00
6.345258355140686035e-01
9.505079686641693115e-02
-4.931477010250091553e-01
6.685152053833007812e-01
4.562940299510955811e-01
-4.355499446392059326e-01
1.684519648551940918e+00
-7.450739145278930664e-01
-1.287600517272949219e+00
1.358693242073059082e-01
5.700241327285766602e-01
-1.281632184982299805e-01
6.328938156366348267e-02
-1.058328628540039062e+00
7.952867150306701660e-01
2.880623340606689453e-01
7.053713202476501465e-01
-8.340141177177429199e-01
-1.723127722740173340e+00
-4.003594219684600830e-01
-6.141858100891113281e-01
1.687378287315368652e-01
-6.174016594886779785e-01
1.372055292129516602e+00
1.220914721488952637e+00
1.430115103721618652e+00
-5.761827826499938965e-01
4.549671113491058350e-01
-1.207831859588623047e+00
2.363363951444625854e-01
-1.070003509521484375e+00
-4.121858179569244385e-01
-9.947500228881835938e-01
-2.943317592144012451e-01
-1.245903611183166504e+00
-1.261242508888244629e+00
8.017723560333251953e-01
8.171481490135192871e-01
1.058365106582641602e+00
-1.569189727306365967e-01
6.171815395355224609e-01
3.823537826538085938e-01
-5.573403239250183105e-01
7.678166627883911133e-01
-4.238950014114379883e-01
4.569262266159057617e-02
3.803824782371520996e-01
-4.294300675392150879e-01
-7.949092388153076172e-01
-9.976997375488281250e-01
-8.765523880720138550e-02
-1.394661903381347656e+00
3.942708373069763184e-01
-6.491361558437347412e-02
6.906052231788635254e-01
-6.323639750480651855e-01
-3.889891803264617920e-01
-5.559682846069335938e-01
-4.561415612697601318e-01
1.015710592269897461e+00
-3.193834125995635986e-01
2.866759598255157471e-01
5.393930673599243164e-01
-1.133067607879638672e+00
-1.707947969436645508e+00
7.406130433082580566e-01
1.786206841468811035e+00
1.471761018037796021e-01
9.004470109939575195e-01
-1.972047209739685059e+00
-8.151697516441345215e-01
2.748454809188842773e-01
1.587587594985961914e-01
-4.370002821087837219e-02
2.535609602928161621e-01
4.842670634388923645e-02
1.275672793388366699e+00
-4.586764276027679443e-01
-1.065390229225158691e+00
3.590563237667083740e-01
-6.698666214942932129e-01
-2.568393051624298096e-01
-5.235489010810852051e-01
-1.602882981300354004e+00
1.949750661849975586e+00
7.593995332717895508e-02
1.783828437328338623e-01
-7.573247551918029785e-01
-3.626845479011535645e-01
-1.465493559837341309e+00
1.015538215637207031e+00
-6.037856936454772949e-01
5.903680324554443359e-01
9.916347861289978027e-01
-8.241079002618789673e-02
1.063452661037445068e-02
-1.657859683036804199e-01
-7.533755898475646973e-01
-1.570623278617858887e+00
-4.445487260818481445e-01
-1.040919303894042969e+00
-2.279629945755004883e+00
-1.019743084907531738e+00
9.420496225357055664e-01
-1.767257452011108398e+00
5.515064597129821777e-01
1.114402413368225098e+00
6.184627413749694824e-01
-5.186332389712333679e-02
1.578515410423278809e+00
-1.712982356548309326e-01
7.710783481597900391e-01
2.160682201385498047e+00
-9.736239314079284668e-01
1.201477527618408203e+00
-1.674260973930358887e+00
-1.052565336227416992e+00
-7.457643151283264160e-01
-6.670476198196411133e-01
-1.555287957191467285e+00
-1.800514578819274902e+00
3.970155417919158936e-01
6.645234823226928711e-01
-1.755893349647521973e+00
8.226656317710876465e-01
-5.518031120300292969e-01
2.820405066013336182e-01
4.319315552711486816e-01
-1.143769860267639160e+00
-5.033422112464904785e-01
2.369399182498455048e-02
-2.156420230865478516e+00
-6.901938915252685547e-01
1.457887768745422363e+00
1.872959882020950317e-01
1.717494845390319824e+00
-9.914003014564514160e-01
-1.679485850036144257e-02
-3.685406744480133057e-01
-1.059896349906921387e+00
5.658379793167114258e-01
-7.186539173126220703e-01
-1.515239626169204712e-01
-1.465552926063537598e+00
3.035962283611297607e-01
1.263907551765441895e+00
-5.582304000854492188e-01
2.347887516021728516e+00
8.730138540267944336e-01
5.334956645965576172e-01
1.093170166015625000e+00
-1.224465012550354004e+00
-6.962212920188903809e-01
-4.257340729236602783e-01
1.698374629020690918e+00
1.649303913116455078e+00
6.246386766433715820e-01
4.140556976199150085e-02
-4.062996208667755127e-01
-3.223484009504318237e-02
-4.922698140144348145e-01
-2.861019037663936615e-02
4.381297156214714050e-02
-1.043514728546142578e+00
3.235252499580383301e-01
-4.897863566875457764e-01
-1.702730417251586914e+00
-6.212278008460998535e-01
-3.934623301029205322e-01
-1.731780916452407837e-01
-2.269114255905151367e-01
7.707854509353637695e-01
1.103457689285278320e+00
-3.578466363251209259e-03
1.587084293365478516e+00
-1.051508188247680664e+00
-9.967727065086364746e-01
-1.156273722648620605e+00
-2.332557290792465210e-01
-1.551906466484069824e-01
-9.576637744903564453e-01
4.595946073532104492e-01
3.590172827243804932e-01
-2.889890968799591064e-01
6.086531281471252441e-01
1.293737411499023438e+00
-5.486182570457458496e-01
4.477728903293609619e-01
-3.498768508434295654e-01
-6.316192746162414551e-01
-2.435401827096939087e-01
4.846000671386718750e-01
6.511337757110595703e-01
2.307871133089065552e-01
1.412417173385620117e+00
-4.851688444614410400e-01
-1.629948139190673828e+00
-5.673198103904724121e-01
-5.710402727127075195e-01
8.307616114616394043e-01
-6.692816019058227539e-01
-3.824320435523986816e-01
-2.043145895004272461e+00
1.938758194446563721e-01
2.692859768867492676e-01
-1.967764943838119507e-01
2.951414287090301514e-01
-1.608252286911010742e+00
1.264998763799667358e-01
-2.224497944116592407e-01
6.867731809616088867e-01
-1.936631351709365845e-01
-5.533359050750732422e-01
3.383501172065734863e-01
-2.895977795124053955e-01
-8.986068964004516602e-01
-5.594947934150695801e-01
-2.144231349229812622e-01
-1.085847895592451096e-02
6.177374720573425293e-01
-5.031893253326416016e-01
1.995685398578643799e-01
2.533365488052368164e-01
-1.273297548294067383e+00
-8.997325301170349121e-01
-3.323944509029388428e-01
-2.757301032543182373e-01
8.686723113059997559e-01
-5.669965744018554688e-01
-3.743499815464019775e-01
-1.152244925498962402e+00
-1.245549559593200684e+00
-1.031865000724792480e+00
-6.660988330841064453e-01
9.707543849945068359e-01
3.647213801741600037e-02
-1.139680594205856323e-01
6.798901557922363281e-01
2.112141847610473633e+00
2.926944196224212646e-01
-1.275870323181152344e+00
-4.765591919422149658e-01
-4.303989410400390625e-01
9.306555241346359253e-02
-8.674145489931106567e-02
3.537357449531555176e-01
1.535528421401977539e+00
-5.460879206657409668e-01
1.867566108703613281e-01
-2.807323336601257324e-01
-4.403160214424133301e-01
-9.324510693550109863e-01
1.585990041494369507e-01
1.738921701908111572e-01
-9.740400910377502441e-01
9.807983636856079102e-01
1.293261647224426270e+00
1.385728359222412109e+00
1.609511017799377441e+00
-1.870280951261520386e-01
6.162704154849052429e-02
-5.476168990135192871e-01
-7.169727087020874023e-01
6.291288733482360840e-01
1.099149465560913086e+00
9.273676276206970215e-01
-1.901639252901077271e-01
-8.371037840843200684e-01
-3.409219682216644287e-01
6.621204316616058350e-02
-3.491646349430084229e-01
5.224501490592956543e-01
8.769830465316772461e-01
1.269788146018981934e+00
6.680069565773010254e-01
-7.693543434143066406e-01
-4.656678438186645508e-01
1.852174550294876099e-01
-4.513130187988281250e-01
6.017290353775024414e-01
-1.968419551849365234e-02
-1.048332929611206055e+00
1.170674800872802734e+00
-3.856522142887115479e-01
-3.700459599494934082e-01
-4.341135919094085693e-02
1.599498689174652100e-01
-9.879726171493530273e-01
2.481596767902374268e-01
1.422888636589050293e+00
-3.361815512180328369e-01
1.136143922805786133e+00
-7.522366195917129517e-02
-8.703029751777648926e-01
-1.395358085632324219e+00
-7.938120365142822266e-01
7.585798949003219604e-02
7.869603633880615234e-01
-2.690506577491760254e-01
-1.849688589572906494e-01
1.664771676063537598e+00
-2.879037857055664062e-01
1.031766533851623535e+00
-1.116627573966979980e+00
-1.057497382164001465e+00
5.372022390365600586e-01
-1.510553479194641113e+00
-4.379921555519104004e-01
1.132570803165435791e-01
-8.398975729942321777e-01
-7.694283127784729004e-01
-3.916117846965789795e-01
1.877072155475616455e-01
-4.096276164054870605e-01
4.640908539295196533e-01
1.809733986854553223e+00
3.261717557907104492e-01
-5.907700583338737488e-02
-8.977167606353759766e-01
3.207330107688903809e-01
-3.689261078834533691e-01
7.275837659835815430e-02
-2.371965944766998291e-01
-1.768813252449035645e+00
-1.482648700475692749e-01
5.290107131004333496e-01
2.408461868762969971e-01
1.128696203231811523e-01
2.284161001443862915e-01
-4.285132884979248047e-01
1.386159539222717285e+00
-3.651995360851287842e-01
-9.079691767692565918e-01
7.291029691696166992e-01
-8.315043449401855469e-01
1.470745682716369629e+00
-1.453087013214826584e-02
-4.680672883987426758e-01
1.607450366020202637e+00
-6.948875188827514648e-01
6.567119956016540527e-01
4.418071210384368896e-01
-6.061446666717529297e-01
5.991607308387756348e-01
-8.087234497070312500e-01
2.059481441974639893e-01
-6.107954382896423340e-01
-3.169260323047637939e-01
8.316761851310729980e-01
2.756595373153686523e+00
-2.917470335960388184e-01
-3.740892708301544189e-01
1.978841185569763184e+00
-5.328651517629623413e-02
7.442329078912734985e-02
-2.492246925830841064e-01
-7.414342761039733887e-01
-2.037313938140869141e+00
-1.619610667228698730e+00
6.433326005935668945e-01
1.554922163486480713e-01
-5.429399013519287109e-01
-3.901831507682800293e-01
8.938374519348144531e-01
7.456164360046386719e-01
-2.126887798309326172e+00
5.894428119063377380e-02
8.729125261306762695e-01
9.741789102554321289e-01
8.871957659721374512e-01
1.172479271888732910e+00
-1.004519224166870117e+00
-4.739335477352142334e-01
1.053877711296081543e+00
-1.769547581672668457e+00
