-3.755359649658203125e-01
3.054327368736267090e-01
-2.190975695848464966e-01
9.258161187171936035e-01
-1.206608176231384277e+00
-9.633241295814514160e-01
-6.593689918518066406e-01
6.517273783683776855e-01
8.446331620216369629e-01
-1.274133920669555664e+00
1.567550897598266602e+00
6.692813634872436523e-01
5.929523110389709473e-01
-4.522565901279449463e-01
1.819259673357009888e-01
1.491742730140686035e+00
1.365076303482055664e-01
-1.522703766822814941e+00
2.672122418880462646e-01
3.175892829895019531e-01
-3.669429421424865723e-01
-3.199046850204467773e-02
6.656587719917297363e-01
1.336945056915283203e+00
1.760740727186203003e-01
-1.153073072433471680e+00
-4.770091176033020020e-02
2.174732923507690430e+00
7.393102645874023438e-01
7.337827682495117188e-01
1.656792163848876953e+00
-3.676686286926269531e-01
-8.482364416122436523e-01
-1.377954483032226562e+00
1.764174103736877441e+00
3.003684580326080322e-01
-1.246906876564025879e+00
6.579177975654602051e-01
-5.864618718624114990e-02
-4.015903174877166748e-01
-1.718940883874893188e-01
1.286600708961486816e+00
3.083277344703674316e-01
-1.380648255348205566e+00
-7.196615338325500488e-01
5.916138887405395508e-01
-4.053923487663269043e-01
-2.207581520080566406e+00
3.456683456897735596e-01
1.333476185798645020e+00
-6.475130319595336914e-01
3.149390518665313721e-01
-3.342184470966458321e-03
-1.643557995557785034e-01
-5.561702325940132141e-02
-1.283529400825500488e+00
-9.244958311319351196e-02
5.236490964889526367e-01
-1.114803791046142578e+00
3.278188407421112061e-01
-5.402509868144989014e-02
-6.532198190689086914e-01
7.371823787689208984e-01
-3.532258793711662292e-02
4.311988353729248047e-01
-1.577464103698730469e+00
-1.100956320762634277e+00
1.380965113639831543e+00
1.567100167274475098e+00
2.107037603855133057e-01
3.353031575679779053e-01
8.148347735404968262e-01
7.503367662429809570e-01
-1.245246902108192444e-01
1.414313018321990967e-01
-1.073602735996246338e-01
1.838509142398834229e-01
8.064553737640380859e-01
6.019530892372131348e-01
3.157080113887786865e-01
4.052914977073669434e-01
-1.487543463706970215e+00
-1.745970547199249268e-01
2.656808197498321533e-01
-6.221748590469360352e-01
-3.789010047912597656e-01
-7.178186625242233276e-02
6.206456422805786133e-01
1.952626824378967285e+00
8.439420461654663086e-01
-7.055545449256896973e-01
-1.089941382408142090e+00
1.014217495918273926e+00
-3.455907478928565979e-02
-3.171864151954650879e-01
-1.862076371908187866e-01
-4.869653582572937012e-01
2.679925560951232910e-01
1.417211294174194336e+00
-3.249276876449584961e-01
-8.546072840690612793e-01
-1.166473984718322754e+00
3.805124014616012573e-02
1.076092243194580078e+00
1.117358207702636719e+00
-8.380961418151855469e-01
4.397826194763183594e-01
7.702763080596923828e-01
4.957944154739379883e-01
-5.036467313766479492e-01
4.207722097635269165e-02
-1.613214761018753052e-01
4.222425818443298340e-01
5.098855495452880859e-01
-1.504713296890258789e-01
-3.875308334827423096e-01
-1.051407337188720703e+00
-1.358544588088989258e+00
-1.909854263067245483e-01
5.545744895935058594e-01
-2.160032279789447784e-02
1.658426880836486816e+00
-1.544438749551773071e-01
-3.444787561893463135e-01
7.476329207420349121e-01
-2.009667873382568359e+00
-4.176113605499267578e-01
5.673695206642150879e-01
-5.069513320922851562e-01
-1.114928364753723145e+00
-1.504090666770935059e+00
5.357423797249794006e-02
-3.945397138595581055e-01
5.341060161590576172e-01
8.964933156967163086e-01
-3.557684719562530518e-01
2.711558155715465546e-02
1.154591217637062073e-01
6.962813138961791992e-01
-1.077253937721252441e+00
-3.917089700698852539e-01
-1.385849595069885254e+00
2.384286403656005859e+00
-4.082735478878021240e-01
5.355351567268371582e-01
9.959880709648132324e-01
2.319238893687725067e-02
1.159757852554321289e+00
8.773202300071716309e-01
-9.351756572723388672e-01
-6.938144215382635593e-04
5.526569485664367676e-01
1.782315254211425781e+00
-3.284969627857208252e-01
5.210737138986587524e-02
-6.855136156082153320e-01
-2.657191455364227295e-02
-1.267832159996032715e+00
-2.896901965141296387e-01
-5.609375834465026855e-01
-1.265700340270996094e+00
1.948618888854980469e+00
4.621815681457519531e-01
-1.688937902450561523e+00
1.590140104293823242e+00
2.951927855610847473e-02
6.039129495620727539e-01
2.150152683258056641e+00
1.002712130546569824e+00
-5.160430073738098145e-01
1.078395724296569824e+00
1.466683030128479004e+00
-2.285595685243606567e-01
8.092278838157653809e-01
7.499268054962158203e-01
-5.743056535720825195e-01
9.905468821525573730e-01
-6.925320625305175781e-01
-1.306670427322387695e+00
1.112057864665985107e-01
-4.587467312812805176e-01
-7.711659073829650879e-01
-2.909975945949554443e-01
5.390447378158569336e-01
8.043736815452575684e-01
7.070613503456115723e-01
-1.308511495590209961e+00
-2.994710206985473633e+00
1.008410155773162842e-01
2.212279438972473145e-01
6.289614439010620117e-01
1.963152289390563965e-01
-8.181344866752624512e-01
1.304161787033081055e+00
8.708614110946655273e-02
8.198231458663940430e-01
-1.130413532257080078e+00
-8.784734606742858887e-01
-1.397165298461914062e+00
-2.980197668075561523e-01
-8.372188806533813477e-01
-1.095574140548706055e+00
8.962972462177276611e-02
-5.879833921790122986e-02
8.542716503143310547e-02
7.535919547080993652e-01
4.258632063865661621e-01
-4.682320654392242432e-01
1.735804200172424316e+00
-8.304977416992187500e-01
6.525284051895141602e-01
6.952672004699707031e-01
-5.052044987678527832e-01
2.444796562194824219e-01
2.544370293617248535e-01
-1.053252696990966797e+00
-1.346543431282043457e+00
1.987084597349166870e-01
6.339629888534545898e-01
-2.591472864151000977e-01
-2.045491188764572144e-01
1.052211523056030273e+00
6.955567002296447754e-01
-5.540873408317565918e-01
-1.396837949752807617e+00
-4.583789706230163574e-01
-2.913495004177093506e-01
5.426429510116577148e-01
-5.272530317306518555e-01
3.712175488471984863e-01
8.387058377265930176e-01
3.291085362434387207e-02
8.164701461791992188e-01
6.582664251327514648e-01
-1.133063316345214844e+00
-6.061941981315612793e-01
8.457764238119125366e-02
-3.274835646152496338e-01
-8.300210237503051758e-01
-7.067933678627014160e-01
4.799065291881561279e-01
6.580152511596679688e-01
-1.587188243865966797e-01
2.931419610977172852e-01
-1.423168301582336426e+00
-9.859684705734252930e-01
-1.528870701789855957e+00
-1.112465858459472656e+00
9.518356323242187500e-01
-7.387959361076354980e-01
2.213761955499649048e-01
-5.337110161781311035e-02
4.438749253749847412e-01
-5.922201871871948242e-01
1.300974249839782715e+00
5.991220846772193909e-02
-9.017696380615234375e-01
-2.364660054445266724e-01
-3.818495571613311768e-02
2.969035506248474121e-01
-2.453910857439041138e-01
4.075462818145751953e-01
-1.150269031524658203e+00
-1.791404247283935547e+00
7.143675088882446289e-01
1.666527539491653442e-01
8.271955847740173340e-01
-9.346414804458618164e-01
-4.028491973876953125e-01
5.893154144287109375e-01
-3.147029876708984375e-01
-1.617388613522052765e-02
-2.163712680339813232e-01
-3.732676804065704346e-01
2.145940303802490234e+00
3.403884768486022949e-01
2.868892550468444824e-01
-4.868499934673309326e-01
-4.617158174514770508e-01
-2.039974182844161987e-01
-5.349975228309631348e-01
3.646471351385116577e-02
-7.708124518394470215e-01
3.239604830741882324e-01
-5.316216945648193359e-01
6.496481895446777344e-01
5.740112662315368652e-01
-9.636697173118591309e-01
-3.144289180636405945e-02
1.980464756488800049e-01
4.487469494342803955e-01
-1.081892609596252441e+00
7.786775827407836914e-01
-4.265895485877990723e-01
1.163373231887817383e+00
1.389401316642761230e+00
1.021769523620605469e+00
-2.408776581287384033e-01
-3.389386534690856934e-01
6.020970344543457031e-01
3.532008528709411621e-01
9.716526865959167480e-01
-1.187424898147583008e+00
-4.636978358030319214e-02
-5.172251462936401367e-01
-1.492254734039306641e-01
-2.295354604721069336e-01
-2.036269754171371460e-01
3.078151643276214600e-01
1.973228454589843750e-01
2.392804324626922607e-01
2.026156336069107056e-01
3.793899416923522949e-01
-8.382313847541809082e-01
8.290264010429382324e-01
4.229502379894256592e-02
-1.193925142288208008e-01
-5.971804857254028320e-01
-1.044399142265319824e+00
-5.373526830226182938e-03
1.819415688514709473e+00
4.305356144905090332e-01
7.705001831054687500e-01
1.568922586739063263e-02
-2.606891393661499023e-01
5.639537572860717773e-01
6.132954359054565430e-01
-8.996614217758178711e-01
1.351817399263381958e-01
4.811986535787582397e-02
1.720474213361740112e-01
1.937982887029647827e-01
4.156563282012939453e-01
-6.877773404121398926e-01
-3.164694411680102348e-03
3.798319995403289795e-01
-2.493480890989303589e-01
1.130810737609863281e+00
9.622764587402343750e-01
-2.873337566852569580e-01
-4.033897519111633301e-01
-1.740840435028076172e+00
-7.623952627182006836e-01
-3.653015568852424622e-02
9.072713851928710938e-01
6.444332003593444824e-01
-4.542112946510314941e-01
5.401601195335388184e-01
-5.253444910049438477e-01
1.508598029613494873e-01
8.105849623680114746e-01
1.353914588689804077e-01
7.090959548950195312e-01
8.220650553703308105e-01
-4.495057463645935059e-01
1.721844077110290527e-01
1.751366734504699707e+00
9.365567564964294434e-02
-3.323841094970703125e-02
-3.837854862213134766e-01
-1.308192610740661621e+00
-1.556542754173278809e+00
1.333721160888671875e+00
-5.133228376507759094e-02
5.424840450286865234e-01
3.124645352363586426e-01
-1.986229270696640015e-01
-1.422906756401062012e+00
1.074625253677368164e+00
1.629977464675903320e+00
6.243400573730468750e-01
6.772632598876953125e-01
-7.808683514595031738e-01
-8.430940508842468262e-01
3.783185482025146484e-01
6.661052107810974121e-01
-1.614498972892761230e+00
1.356267631053924561e-01
9.253366589546203613e-01
-9.603385329246520996e-01
-3.191047608852386475e-01
4.627114832401275635e-01
-1.480256617069244385e-01
-6.169675588607788086e-01
1.087050080299377441e+00
-3.722738623619079590e-01
2.260847091674804688e-01
3.090479671955108643e-01
6.214542314410209656e-02
4.790708422660827637e-01
9.369848966598510742e-01
-8.087015151977539062e-02
-1.241342186927795410e+00
-3.435035049915313721e-01
-3.614033460617065430e-01
-4.705983400344848633e-01
5.446493625640869141e-01
6.571286916732788086e-01
4.078108072280883789e-01
1.505714058876037598e+00
-1.067359566688537598e+00
-2.048601865768432617e+00
1.202964931726455688e-01
5.229644775390625000e-01
-7.518479973077774048e-02
-6.864484548568725586e-01
-1.160321235656738281e+00
3.353853821754455566e-01
2.046426087617874146e-01
-1.186051126569509506e-02
8.101736903190612793e-01
-1.525232315063476562e+00
-7.203673720359802246e-01
-2.465044856071472168e-01
-5.143846869468688965e-01
-6.020494103431701660e-01
1.408099889755249023e+00
6.875802278518676758e-01
9.937391877174377441e-01
8.532570004463195801e-01
7.605388164520263672e-01
-8.910807967185974121e-02
-8.291903138160705566e-01
-8.272212743759155273e-01
-1.354147434234619141e+00
-7.773921489715576172e-01
-2.168175950646400452e-02
-1.945119053125381470e-01
-1.631658554077148438e+00
9.151353240013122559e-01
5.554363727569580078e-01
2.145420312881469727e+00
2.289650738239288330e-01
2.947484254837036133e-01
2.785731852054595947e-01
-6.114268898963928223e-01
4.220805764198303223e-01
8.846256136894226074e-01
-1.004659056663513184e+00
2.221935838460922241e-01
-5.894927978515625000e-01
2.474014610052108765e-01
-6.738082766532897949e-01
3.990002274513244629e-01
-8.513604402542114258e-01
8.403525948524475098e-01
-9.644509106874465942e-02
8.414891958236694336e-01
-4.977456927299499512e-01
1.034998800605535507e-02
2.019106894731521606e-01
-7.949963212013244629e-01
2.765837013721466064e-01
4.759603738784790039e-01
1.329363346099853516e+00
1.134960725903511047e-01
-3.684108853340148926e-01
-1.250526189804077148e+00
2.905399501323699951e-01
8.486501574516296387e-01
-4.513270407915115356e-02
-9.728946685791015625e-01
-8.056836128234863281e-01
-1.303710103034973145e+00
-5.511359870433807373e-02
-1.753945648670196533e-01
5.376701951026916504e-01
4.156341850757598877e-01
-1.578046381473541260e-01
1.491030097007751465e+00
-3.253775537014007568e-01
-8.304449915885925293e-01
-2.255755960941314697e-01
-7.473754882812500000e-01
-3.457179665565490723e-01
7.255684584379196167e-02
-1.933891415596008301e+00
1.738731026649475098e+00
1.136176109313964844e+00
6.877028942108154297e-02
-1.205764293670654297e+00
-1.159243226051330566e+00
2.810901999473571777e-01
1.168437123298645020e+00
-5.776679888367652893e-02
-1.481951121240854263e-02
2.767846882343292236e-01
-1.683886885643005371e+00
-1.099412068724632263e-01
-1.188129652291536331e-02
-3.483408987522125244e-01
-8.320198059082031250e-01
-4.134930670261383057e-01
-6.904661059379577637e-01
-1.236044883728027344e+00
-7.933830618858337402e-01
1.543978571891784668e+00
-5.787861347198486328e-01
-1.935454159975051880e-01
4.433861970901489258e-01
2.811441719532012939e-01
1.275260895490646362e-01
1.017222762107849121e+00
7.225783467292785645e-01
-1.092798858880996704e-01
1.258063316345214844e+00
-1.080366969108581543e+00
9.959461688995361328e-01
-3.975513875484466553e-01
-1.634837985038757324e+00
8.383213877677917480e-01
-1.291289567947387695e+00
-1.130107324570417404e-02
-2.200229644775390625e+00
7.521281242370605469e-01
8.132566809654235840e-01
-1.827037096023559570e+00
7.211942672729492188e-01
-7.560941576957702637e-01
4.704167842864990234e-01
4.642717540264129639e-01
-1.324278116226196289e+00
9.715012311935424805e-01
1.357695341110229492e+00
-1.100323796272277832e+00
-9.165756106376647949e-01
7.605147361755371094e-01
-5.633402466773986816e-01
9.899154305458068848e-01
-6.707334518432617188e-01
-1.965575098991394043e+00
-8.104467988014221191e-01
-1.225690618157386780e-01
3.753921687602996826e-01
-2.829351127147674561e-01
-1.259417653083801270e+00
-7.210131883621215820e-01
6.681157648563385010e-02
1.376568317413330078e+00
9.500819444656372070e-01
1.147330164909362793e+00
1.231410861015319824e+00
7.207835316658020020e-01
4.748480618000030518e-01
2.958594858646392822e-01
-2.169169336557388306e-01
1.574910134077072144e-01
7.037921459414064884e-04
1.157679438591003418e+00
-1.087996602058410645e+00
-4.369278252124786377e-01
-7.816656827926635742e-01
2.817568778991699219e-01
-9.755119085311889648e-01
1.360906004905700684e+00
3.114832341670989990e-01
-1.140018105506896973e+00
-5.238705277442932129e-01
-7.376848459243774414e-01
-1.250638365745544434e+00
1.746886819601058960e-01
4.408218264579772949e-01
-9.778636097908020020e-01
1.734126918017864227e-02
9.096149802207946777e-01
5.035314559936523438e-01
2.650898396968841553e-01
1.277175664901733398e+00
-6.942831277847290039e-01
-6.813935637474060059e-01
-1.722443819046020508e+00
9.110833406448364258e-01
-5.799366831779479980e-01
-2.043326571583747864e-02
6.632738560438156128e-02
3.179481327533721924e-01
9.688142687082290649e-02
-4.610111713409423828e-01
5.174319148063659668e-01
-7.674680948257446289e-01
-5.755357742309570312e-01
-6.316410005092620850e-02
-1.397265911102294922e+00
-3.680769503116607666e-01
1.497874498367309570e+00
6.901189088821411133e-01
4.080688357353210449e-01
-4.049514830112457275e-01
2.296285927295684814e-01
-2.401285648345947266e+00
1.686082333326339722e-01
-8.981736302375793457e-01
9.742311835289001465e-01
-2.469040006399154663e-01
-7.259159088134765625e-01
-2.523054122924804688e+00
-1.555446833372116089e-01
-5.013988614082336426e-01
-3.287491798400878906e-01
4.885651469230651855e-01
-1.223998546600341797e+00
-5.023863315582275391e-01
-6.422832608222961426e-01
1.175704836845397949e+00
-1.061633110046386719e+00
-1.359168887138366699e+00
-1.254389733076095581e-01
1.829006314277648926e+00
-2.511662840843200684e-01
-4.350688159465789795e-01
-2.795716822147369385e-01
3.406161963939666748e-01
8.417872339487075806e-02
-5.173777341842651367e-01
-3.474317789077758789e-01
1.805334985256195068e-01
-1.446614265441894531e+00
-2.098682820796966553e-01
1.406021714210510254e+00
1.839431822299957275e-01
8.694715499877929688e-01
-6.403527855873107910e-01
-2.550813257694244385e-01
-3.064715147018432617e+00
3.216362297534942627e-01
-4.177581667900085449e-01
-5.602448582649230957e-01
-1.436162739992141724e-01
3.539142012596130371e-01
-6.104869842529296875e-01
1.250364661216735840e+00
2.731410264968872070e+00
3.064685165882110596e-01
-1.224279642105102539e+00
-6.973642706871032715e-01
-4.343818724155426025e-01
1.150799036026000977e+00
-3.174021542072296143e-01
-5.269239097833633423e-02
3.012582957744598389e-01
2.933868765830993652e-01
-3.537707924842834473e-01
-9.473322033882141113e-01
-1.342656970024108887e+00
-1.441062688827514648e+00
-2.426044270396232605e-02
4.383603334426879883e-01
-1.301025032997131348e+00
-7.619622349739074707e-01
1.700666546821594238e+00
6.616697907447814941e-01
2.041359663009643555e+00
7.862610220909118652e-01
-2.541185319423675537e-01
-4.125112593173980713e-01
4.901601970195770264e-01
-2.816128358244895935e-02
9.278806447982788086e-01
6.264470219612121582e-01
-6.394284367561340332e-01
2.548616528511047363e-01
-8.403796553611755371e-01
3.112311661243438721e-01
-9.280823469161987305e-01
-6.565101742744445801e-01
-4.862290322780609131e-01
2.688571214675903320e-01
2.276497036218643188e-01
5.281425267457962036e-02
2.246033633127808571e-03
-4.946713745594024658e-01
-4.794878065586090088e-01
2.262938022613525391e+00
5.392476916313171387e-01
6.204565763473510742e-01
6.204074621200561523e-01
-9.751369357109069824e-01
-1.605117768049240112e-01
-9.499348700046539307e-03
-4.876400232315063477e-01
-1.076734542846679688e+00
-1.442938327789306641e+00
1.655357718467712402e+00
-1.032228589057922363e+00
8.865346312522888184e-01
-2.279555499553680420e-01
-1.035687327384948730e+00
-3.661222755908966064e-01
6.421384811401367188e-01
-9.664102792739868164e-01
-3.229887923225760460e-03
-5.565819740295410156e-01
-1.227384328842163086e+00
2.270775318145751953e+00
-2.376529276371002197e-01
6.927942037582397461e-01
4.283657968044281006e-01
-2.893293499946594238e-01
1.125920176506042480e+00
-1.551370859146118164e+00
-2.684227824211120605e-01
6.388749480247497559e-01
-1.660197973251342773e-01
6.935300230979919434e-01
4.434006810188293457e-01
2.745994925498962402e-01
4.724733233451843262e-01
-3.816917836666107178e-01
1.111845135688781738e+00
1.139481902122497559e+00
-1.440399527549743652e+00
-1.591087430715560913e-01
8.608115315437316895e-01
5.431843400001525879e-01
5.315265059471130371e-01
-5.149342417716979980e-01
-1.420034170150756836e+00
-7.651195526123046875e-01
-4.815136492252349854e-01
7.415077686309814453e-01
7.718033194541931152e-01
1.366834044456481934e+00
-4.217459857463836670e-01
1.785076260566711426e+00
-3.873234987258911133e-01
-1.160333275794982910e+00
-9.263821840286254883e-01
-1.553221225738525391e+00
1.433681011199951172e+00
-9.623081088066101074e-01
-1.330290198326110840e+00
1.179491043090820312e+00
-6.858065724372863770e-01
1.225691676139831543e+00
9.584047198295593262e-01
3.670419007539749146e-02
2.526686191558837891e-01
1.656725108623504639e-01
-6.844787597656250000e-01
-9.710536599159240723e-01
1.532585769891738892e-01
2.361545264720916748e-01
1.555934786796569824e+00
-1.336609363555908203e+00
1.949344873428344727e-01
2.289633750915527344e+00
2.344159409403800964e-02
4.452542066574096680e-01
-2.962397634983062744e-01
-1.379119515419006348e+00
-1.460458397865295410e+00
-1.318827748298645020e+00
5.507063269615173340e-01
2.441087663173675537e-01
-1.164080977439880371e+00
1.689935922622680664e-01
-8.232665807008743286e-02
5.276207923889160156e-01
-1.494834661483764648e+00
2.395982109010219574e-02
-5.638090968132019043e-01
1.184035420417785645e+00
6.668537259101867676e-01
6.250315904617309570e-01
-1.517713069915771484e+00
-9.255552887916564941e-01
9.155949354171752930e-01
-1.526741147041320801e+00
