-4.209351241588592529e-01
-6.426534056663513184e-02
3.977302014827728271e-01
1.496718764305114746e+00
-6.295819282531738281e-01
-9.962881803512573242e-01
6.332716345787048340e-01
1.394159555435180664e+00
1.709302663803100586e+00
-1.301318764686584473e+00
1.335220217704772949e+00
2.828657925128936768e-01
-8.531570434570312500e-01
-1.593761146068572998e-01
5.241320133209228516e-01
4.730142056941986084e-01
8.544505238533020020e-01
-1.289851427078247070e+00
-1.206401661038398743e-01
5.605755001306533813e-02
2.402878105640411377e-01
-1.747987233102321625e-02
1.404017686843872070e+00
8.786004185676574707e-01
1.201966643333435059e+00
-2.629308223724365234e+00
-1.006089448928833008e+00
1.160735964775085449e+00
4.550300240516662598e-01
4.779703021049499512e-01
2.223010540008544922e+00
-6.427833437919616699e-01
-2.942904233932495117e-01
-2.062129020690917969e+00
1.205478906631469727e+00
1.412208825349807739e-01
-1.871597051620483398e+00
4.926430284976959229e-01
2.089799046516418457e-01
2.314489930868148804e-01
2.730284631252288818e-01
1.398421406745910645e+00
-1.418561041355133057e-01
-1.134431719779968262e+00
-5.539516210556030273e-01
6.404017806053161621e-01
-1.051176190376281738e+00
-1.214230537414550781e+00
8.955680578947067261e-02
1.776932239532470703e+00
-1.341743946075439453e+00
4.773583710193634033e-01
1.104950189590454102e+00
5.454236268997192383e-02
-4.905404746532440186e-01
-9.795622825622558594e-01
-3.698950707912445068e-01
1.037190631031990051e-01
-2.109476327896118164e+00
6.759931147098541260e-02
-6.532307863235473633e-01
-1.092077493667602539e+00
5.413914918899536133e-01
8.194372057914733887e-01
6.798319220542907715e-01
-1.097407817840576172e+00
-1.122477173805236816e+00
1.355974674224853516e+00
1.632492542266845703e+00
9.749880433082580566e-02
-3.087546527385711670e-01
7.517834305763244629e-01
1.476141095161437988e+00
1.269952178001403809e+00
-4.302434027194976807e-01
5.604926124215126038e-02
9.260057657957077026e-02
1.846310734748840332e+00
3.401335477828979492e-01
7.665386795997619629e-01
3.306157588958740234e-01
-9.981769323348999023e-02
-5.104116797447204590e-01
1.054651141166687012e+00
-5.677029490470886230e-01
1.761090010404586792e-01
-3.488503769040107727e-02
3.110542893409729004e-01
6.944102644920349121e-01
1.013202071189880371e+00
-2.368743270635604858e-01
-1.528429746627807617e+00
2.628689706325531006e-01
-1.059860229492187500e+00
-3.790053427219390869e-01
-5.379887819290161133e-01
-2.560465633869171143e-01
6.086527183651924133e-02
2.043116986751556396e-01
6.712813377380371094e-01
-2.421149313449859619e-01
-1.056636095046997070e+00
-6.913468986749649048e-02
5.099908113479614258e-01
7.978494167327880859e-01
-1.047660946846008301e+00
3.406812548637390137e-01
6.432107686996459961e-01
4.031102359294891357e-01
-7.033307570964097977e-03
2.576006650924682617e-01
-4.233622848987579346e-01
-3.548391163349151611e-01
4.326365292072296143e-01
-3.541690409183502197e-01
-7.446758747100830078e-01
-8.220349997282028198e-02
-5.263754129409790039e-01
-1.098978281021118164e+00
-1.519465893507003784e-01
1.089626073837280273e+00
1.765131592750549316e+00
6.946581006050109863e-01
1.030379533767700195e-01
-1.894780993461608887e-01
-1.869650840759277344e+00
-9.794421792030334473e-01
-5.352213382720947266e-01
4.629420042037963867e-01
-1.191727519035339355e+00
-2.159444332122802734e+00
-9.817968308925628662e-02
-1.426229238510131836e+00
-3.504389524459838867e-01
1.356147050857543945e+00
-8.418064117431640625e-01
-1.546318978071212769e-01
-2.209685742855072021e-01
2.255181223154067993e-02
-6.192314624786376953e-01
-8.761554956436157227e-01
-4.516490101814270020e-01
1.574953913688659668e+00
-1.058192402124404907e-01
-7.991866022348403931e-02
-1.001913100481033325e-01
2.200570888817310333e-02
1.326413273811340332e+00
9.489067792892456055e-01
-4.904562234878540039e-01
7.178622484207153320e-01
9.547736644744873047e-01
1.888426661491394043e+00
-5.863187089562416077e-02
4.219336807727813721e-02
-8.033939003944396973e-01
3.770713508129119873e-01
-1.497284889221191406e+00
1.682023257017135620e-01
-1.070666313171386719e+00
-1.502806782722473145e+00
1.833651065826416016e+00
9.117068052291870117e-01
-1.554422140121459961e+00
1.871707677841186523e+00
1.268935650587081909e-01
-2.508678939193487167e-03
1.621922135353088379e+00
1.246639251708984375e+00
-5.816171169281005859e-01
1.087588071823120117e+00
1.025717258453369141e+00
-1.665117889642715454e-01
1.095574736595153809e+00
5.464884042739868164e-01
-1.366052031517028809e+00
1.520729422569274902e+00
-5.990570783615112305e-01
-1.531538605690002441e+00
-3.260404616594314575e-02
-6.851443648338317871e-01
-1.667435914278030396e-01
8.500117063522338867e-01
4.104425609111785889e-01
6.383109837770462036e-02
4.017492830753326416e-01
-1.202440738677978516e+00
-2.230156660079956055e+00
1.218095049262046814e-01
-3.459580615162849426e-02
8.118051290512084961e-01
5.654555559158325195e-02
-1.213188529014587402e+00
5.154927372932434082e-01
1.154571548104286194e-01
-1.029415056109428406e-01
-1.352874636650085449e+00
-1.009268522262573242e+00
-1.162791013717651367e+00
-9.181210398674011230e-01
-1.100871086120605469e+00
-1.004324197769165039e+00
-1.881921142339706421e-01
-4.598880708217620850e-01
7.121127843856811523e-02
1.777314245700836182e-01
3.989801108837127686e-01
-1.376847624778747559e+00
1.496800184249877930e+00
9.115506410598754883e-01
7.878630757331848145e-01
9.403230547904968262e-01
2.197854071855545044e-01
6.786701679229736328e-01
-4.265795946121215820e-01
-1.059746742248535156e+00
-6.522255539894104004e-01
-2.691089510917663574e-01
8.150757551193237305e-01
-1.185026049613952637e+00
-8.957943916320800781e-01
1.166920065879821777e+00
1.701917052268981934e-01
-3.392714262008666992e-01
-1.273847103118896484e+00
-9.874119162559509277e-01
-2.048148512840270996e-01
-4.332539439201354980e-01
-3.968685567378997803e-01
-1.281715333461761475e-01
3.955434635281562805e-02
-2.799548506736755371e-01
1.202634692192077637e+00
-1.931130588054656982e-01
-5.964710116386413574e-01
-2.446659654378890991e-01
3.852038681507110596e-01
-1.176094114780426025e-01
-3.062362372875213623e-01
5.622740387916564941e-01
6.651292443275451660e-01
1.541166305541992188e+00
-2.455686777830123901e-02
-2.875857055187225342e-01
-1.468094706535339355e+00
-6.522976756095886230e-01
-2.318903923034667969e+00
-1.963842034339904785e+00
1.381736397743225098e+00
-9.198985695838928223e-01
2.711387276649475098e-01
3.524962365627288818e-01
1.460836529731750488e+00
-6.176921725273132324e-01
1.207009196281433105e+00
-4.566349387168884277e-01
1.728180050849914551e-01
-7.420567870140075684e-01
-5.961292982101440430e-01
8.031156659126281738e-02
4.481666982173919678e-01
2.204388380050659180e-01
-1.168053269386291504e+00
-2.441182136535644531e+00
6.469877958297729492e-01
1.695670783519744873e-01
1.842310905456542969e+00
-1.111717104911804199e+00
-4.882017076015472412e-01
1.534998297691345215e+00
3.159640431404113770e-01
-4.039576947689056396e-01
8.045790791511535645e-01
2.730880081653594971e-01
2.491263389587402344e+00
6.587591767311096191e-01
1.494947820901870728e-01
8.513195067644119263e-02
-2.849053442478179932e-01
-5.451098084449768066e-01
-1.042797803878784180e+00
5.409160256385803223e-01
-6.016393303871154785e-01
4.370327293872833252e-01
-9.063697457313537598e-01
-8.117853663861751556e-03
1.157271713018417358e-01
-1.119216203689575195e+00
1.076326146721839905e-02
1.256360411643981934e+00
6.413497328758239746e-01
-1.794572234153747559e+00
-2.881641387939453125e-01
4.983308315277099609e-01
1.287285983562469482e-01
8.886757493019104004e-01
1.308209061622619629e+00
-8.598498106002807617e-01
-6.391156315803527832e-01
2.728884518146514893e-01
4.263572692871093750e-01
1.637203395366668701e-01
-4.120650291442871094e-01
6.285921931266784668e-01
-2.982608377933502197e-01
-1.443195700645446777e+00
1.772716492414474487e-01
1.522310733795166016e+00
-1.628244519233703613e-01
-1.808881573379039764e-02
-4.647166468203067780e-03
3.997885584831237793e-01
8.027839064598083496e-01
1.798123866319656372e-02
1.392945289611816406e+00
-3.137795329093933105e-01
-1.254654079675674438e-01
-4.518378078937530518e-01
-2.751228213310241699e-01
-4.069746136665344238e-01
1.656118512153625488e+00
-5.084024071693420410e-01
1.105475187301635742e+00
1.158153057098388672e+00
-6.630264520645141602e-01
1.507209300994873047e+00
8.522394299507141113e-01
-3.160814046859741211e-01
2.565984427928924561e-01
4.144932329654693604e-01
-6.640172004699707031e-01
-5.947052240371704102e-01
9.683100134134292603e-02
-5.743734538555145264e-03
3.813692331314086914e-01
1.328004717826843262e+00
-2.186270058155059814e-01
1.033880710601806641e+00
7.935366034507751465e-01
-1.202815100550651550e-01
2.950906455516815186e-01
-1.316272854804992676e+00
-7.024369835853576660e-01
-2.088464237749576569e-02
1.156243681907653809e+00
6.138876080513000488e-01
-6.364673376083374023e-01
1.134566217660903931e-01
1.291539333760738373e-02
-3.350313901901245117e-01
2.647002637386322021e-01
-1.987367421388626099e-01
4.584575593471527100e-01
6.675137579441070557e-02
-9.174780249595642090e-01
1.080274820327758789e+00
1.987505912780761719e+00
4.021428525447845459e-01
2.376101166009902954e-01
-6.410269141197204590e-01
-1.217788100242614746e+00
-7.980762720108032227e-01
7.205291986465454102e-01
7.800686638802289963e-03
-8.004970550537109375e-01
3.455052077770233154e-01
-5.655429363250732422e-01
-1.775641202926635742e+00
5.880717039108276367e-01
1.382861614227294922e+00
9.296278357505798340e-01
-4.647388681769371033e-02
-5.798407793045043945e-01
-1.059428691864013672e+00
-1.497145891189575195e-01
1.330419659614562988e+00
-5.864103436470031738e-01
5.015375018119812012e-01
8.590603470802307129e-01
-9.386354088783264160e-01
-4.329346120357513428e-01
6.869705319404602051e-01
-1.500066369771957397e-01
-7.847909331321716309e-01
1.055146694183349609e+00
3.458131849765777588e-01
-2.037044614553451538e-01
5.506029129028320312e-01
6.129723787307739258e-01
1.861977279186248779e-01
6.592856645584106445e-01
3.332568705081939697e-02
-1.096343278884887695e+00
6.727845966815948486e-02
1.621385365724563599e-01
-8.730401396751403809e-01
7.321467399597167969e-01
-3.227421343326568604e-01
2.225270569324493408e-01
1.719756364822387695e+00
-1.201638698577880859e+00
-1.354334235191345215e+00
9.971617907285690308e-02
6.933171749114990234e-01
-7.730883955955505371e-01
-9.061041474342346191e-01
-1.576892733573913574e+00
4.168448150157928467e-01
3.170286118984222412e-01
3.031876981258392334e-01
3.791193664073944092e-01
-2.084140777587890625e+00
-8.778504133224487305e-01
1.769967824220657349e-01
-7.311426997184753418e-01
-9.976875185966491699e-01
-4.431105256080627441e-01
3.378290534019470215e-01
9.104155302047729492e-01
7.099509835243225098e-01
3.575115501880645752e-01
1.215538531541824341e-01
-2.405886501073837280e-01
-6.592097878456115723e-01
-1.460450768470764160e+00
-2.490368485450744629e-01
1.922558844089508057e-01
1.077033877372741699e-01
-1.747321724891662598e+00
1.039727330207824707e+00
5.501689314842224121e-01
1.529101967811584473e+00
6.387687325477600098e-01
7.788652181625366211e-01
4.520032703876495361e-01
-2.326946258544921875e-01
4.894261658191680908e-01
3.833301961421966553e-01
-5.271670222282409668e-01
-2.673310041427612305e-01
-4.936148226261138916e-02
2.888762950897216797e-01
-6.327687501907348633e-01
-5.681750178337097168e-01
-3.640879988670349121e-01
9.045003652572631836e-01
-3.886682391166687012e-01
1.642596125602722168e+00
-9.329969882965087891e-01
-1.206628456711769104e-01
-7.818832993507385254e-03
5.730596780776977539e-01
9.063301682472229004e-01
-2.046828567981719971e-01
1.630126237869262695e+00
5.035575032234191895e-01
-2.909308969974517822e-01
-6.741165518760681152e-01
-1.279584616422653198e-01
1.177917867898941040e-01
-2.190638631582260132e-01
-9.590708613395690918e-01
-1.127382993698120117e+00
-7.224514484405517578e-01
5.634760856628417969e-01
-4.767024517059326172e-01
4.243862926959991455e-01
7.089322805404663086e-01
-6.535607576370239258e-01
1.171187400817871094e+00
-5.406792759895324707e-01
-8.032314181327819824e-01
7.044228911399841309e-01
4.063815772533416748e-01
-4.469457566738128662e-01
3.093426525592803955e-01
-1.720396161079406738e+00
1.961868047714233398e+00
1.185674548149108887e+00
-3.682348504662513733e-02
-1.400602102279663086e+00
-1.120419144630432129e+00
3.968156874179840088e-01
9.884930253028869629e-01
-8.731769323348999023e-01
6.515230238437652588e-02
1.094570010900497437e-01
-1.929038614034652710e-01
-9.351394139230251312e-03
-1.937348246574401855e-01
-1.012880325317382812e+00
-1.590015649795532227e+00
2.486213892698287964e-01
-9.861056208610534668e-01
-2.063818693161010742e+00
-4.296535253524780273e-01
8.043774962425231934e-01
-1.180361151695251465e+00
2.297398075461387634e-02
6.214457154273986816e-01
6.290723681449890137e-01
-2.747937142848968506e-01
1.781305432319641113e+00
9.698148369789123535e-01
1.823364198207855225e-01
1.272333025932312012e+00
-6.895077228546142578e-01
3.521538674831390381e-01
-3.388479351997375488e-01
-8.011236786842346191e-01
2.566767334938049316e-01
-6.567825675010681152e-01
-1.050071597099304199e+00
-2.596104860305786133e+00
3.463976830244064331e-02
1.015101373195648193e-01
-1.813651561737060547e+00
2.934608757495880127e-01
3.887178003787994385e-01
-7.018827795982360840e-01
3.825543820858001709e-01
-6.724284887313842773e-01
1.066953182220458984e+00
1.030636787414550781e+00
-1.489225625991821289e+00
-1.174904704093933105e+00
9.517799019813537598e-01
-1.491200447082519531e+00
-3.255172371864318848e-01
-7.980648279190063477e-01
-1.198647499084472656e+00
-1.398468613624572754e-01
-2.276092767715454102e-01
3.585680946707725525e-02
-8.468358516693115234e-01
-1.777842640876770020e+00
-7.978996038436889648e-01
-1.095599532127380371e-01
1.531200408935546875e+00
3.172361552715301514e-01
1.366057276725769043e+00
8.794179558753967285e-01
8.082532286643981934e-01
1.409484982490539551e+00
-5.957547426223754883e-01
1.517528146505355835e-01
3.537560403347015381e-01
-2.932323329150676727e-02
6.234335303306579590e-01
-4.348941743373870850e-01
-4.962897002696990967e-01
-1.203880429267883301e+00
-1.656519621610641479e-02
-7.711493372917175293e-01
1.336488366127014160e+00
4.735987782478332520e-01
-1.162063479423522949e+00
-9.178186655044555664e-01
4.234605282545089722e-02
-1.004706382751464844e+00
-2.673154175281524658e-01
9.752835035324096680e-01
1.366080194711685181e-01
6.225078925490379333e-02
-4.605757892131805420e-01
-4.654193818569183350e-01
-7.728153467178344727e-01
7.964379787445068359e-01
-1.868730545043945312e+00
6.689673662185668945e-02
-1.888600468635559082e+00
8.126736283302307129e-01
-3.157958686351776123e-01
6.270674467086791992e-01
7.195317745208740234e-01
1.082136183977127075e-01
-2.384067922830581665e-01
-2.410313338041305542e-01
5.833791494369506836e-01
-7.856839895248413086e-01
-2.319562286138534546e-01
-2.850035950541496277e-02
-6.646980643272399902e-01
-5.114753246307373047e-01
1.030374526977539062e+00
5.947027727961540222e-02
-3.608155250549316406e-01
-3.510293066501617432e-01
8.167718648910522461e-01
-1.696941256523132324e+00
-3.767828643321990967e-02
-2.913570404052734375e-01
7.765462398529052734e-01
-8.885079026222229004e-01
-7.312813401222229004e-01
-2.363082408905029297e+00
-9.305094927549362183e-02
-4.478492736816406250e-01
-8.123937249183654785e-01
1.101436734199523926e+00
-1.247484207153320312e+00
-6.592527627944946289e-01
-1.871336549520492554e-01
9.210712909698486328e-01
-1.330257177352905273e+00
-1.806383490562438965e+00
7.532300949096679688e-01
8.388739228248596191e-01
-6.720701456069946289e-01
-1.200795054435729980e+00
-5.442792549729347229e-02
-3.001236319541931152e-01
5.617251992225646973e-01
-6.641809344291687012e-01
-6.383206844329833984e-01
1.937422007322311401e-01
-2.346375942230224609e+00
-8.511096239089965820e-02
7.598031759262084961e-01
-1.353847235441207886e-01
1.619410872459411621e+00
-4.312517642974853516e-01
-1.458388715982437134e-01
-1.727694988250732422e+00
-4.184261858463287354e-01
-1.396678447723388672e+00
-6.678180694580078125e-01
6.176407933235168457e-01
4.942494630813598633e-01
2.168439924716949463e-01
4.216662049293518066e-01
2.652400970458984375e+00
6.665086746215820312e-01
-1.324751615524291992e+00
-6.400002241134643555e-01
-1.146038696169853210e-01
6.669873595237731934e-01
-4.522429108619689941e-01
-2.923927903175354004e-01
1.055218935012817383e+00
9.046049714088439941e-01
-4.176025092601776123e-01
-1.584800481796264648e+00
-4.681844711303710938e-01
-1.576265692710876465e+00
-2.477509677410125732e-01
1.159694883972406387e-02
-1.164889693260192871e+00
6.457231193780899048e-02
9.438005089759826660e-01
1.078768372535705566e+00
1.899802565574645996e+00
8.703446984291076660e-01
1.742560714483261108e-01
-1.135653138160705566e+00
-2.007951773703098297e-02
-1.143176928162574768e-01
1.040617823600769043e+00
1.387693166732788086e+00
1.374769210815429688e-01
5.423001646995544434e-01
-4.796297848224639893e-01
1.393975973129272461e+00
-4.301725029945373535e-01
8.466832637786865234e-01
-1.845116466283798218e-01
5.681615471839904785e-01
2.918497323989868164e-01
-6.284254789352416992e-01
4.795961976051330566e-01
-5.731116533279418945e-01
-2.581809163093566895e-01
1.587473630905151367e+00
4.017788171768188477e-01
5.420631170272827148e-01
6.259790062904357910e-02
-4.187831580638885498e-01
-7.474451661109924316e-01
-3.461681306362152100e-03
-7.721423506736755371e-01
-8.162227272987365723e-01
-7.745224237442016602e-01
1.164952635765075684e+00
5.736612677574157715e-01
-1.207209900021553040e-01
-5.470924377441406250e-01
-8.270152807235717773e-01
-4.131638109683990479e-01
5.958980321884155273e-01
-2.550680004060268402e-02
4.486586153507232666e-01
-2.085420042276382446e-01
-1.093498468399047852e+00
1.418675422668457031e+00
2.372550591826438904e-02
-1.075594946742057800e-01
9.060775488615036011e-02
-8.949897885322570801e-01
1.210406541824340820e+00
-5.582667589187622070e-01
-2.949406206607818604e-01
1.200149774551391602e+00
-1.215311959385871887e-01
8.830569386482238770e-01
-2.496601194143295288e-01
1.453811049461364746e+00
-4.868592694401741028e-02
2.162854671478271484e-01
1.020700454711914062e+00
-1.141526326537132263e-01
1.526088118553161621e-01
-7.017421722412109375e-01
3.675692677497863770e-01
-2.078667283058166504e-01
5.027825236320495605e-01
-3.561015725135803223e-01
-1.820881962776184082e+00
-8.594397902488708496e-01
-3.675714433193206787e-01
3.774595558643341064e-01
1.061539411544799805e+00
6.138349771499633789e-01
-1.221779704093933105e+00
1.504981637001037598e+00
-5.428683757781982422e-01
-1.037793397903442383e+00
-5.212547183036804199e-01
-1.151538848876953125e+00
8.491969108581542969e-01
-9.540080428123474121e-01
-8.494559526443481445e-01
1.701815247535705566e+00
1.994940042495727539e-01
1.429955959320068359e+00
7.998171448707580566e-01
3.608342111110687256e-01
1.288803339004516602e+00
4.650796949863433838e-01
-4.063175320625305176e-01
-4.230358004570007324e-01
5.395320057868957520e-01
3.465164899826049805e-01
1.815601587295532227e+00
-7.951296567916870117e-01
3.139232397079467773e-01
7.320925593376159668e-01
-4.893123209476470947e-01
-2.123591899871826172e-01
5.364529490470886230e-01
1.681682839989662170e-02
-1.396109342575073242e+00
-1.134866237640380859e+00
8.679807782173156738e-01
-1.840787082910537720e-01
-4.233515858650207520e-01
1.157280430197715759e-02
3.704567551612854004e-01
3.680461943149566650e-01
-1.206356406211853027e+00
5.297822132706642151e-02
8.978175520896911621e-01
5.340563654899597168e-01
1.340329945087432861e-01
8.036096394062042236e-02
-5.716784596443176270e-01
-1.238017916679382324e+00
9.228535890579223633e-01
-1.287567973136901855e+00
