-2.169821858406066895e-01
4.353659749031066895e-01
1.656474351882934570e+00
3.799426853656768799e-01
-1.331204622983932495e-01
-1.621492505073547363e-01
2.530076801776885986e-01
1.000512480735778809e+00
-2.177135795354843140e-01
-4.731851220130920410e-01
2.833154201507568359e+00
9.394373893737792969e-01
-4.691443145275115967e-01
-2.784356772899627686e-01
-2.490014284849166870e-01
4.330317955464124680e-03
4.880071580410003662e-01
-2.538199126720428467e-01
-1.059653997421264648e+00
2.591499388217926025e-01
-5.794690847396850586e-01
6.256226301193237305e-01
7.797026634216308594e-01
-8.492542803287506104e-02
3.556647598743438721e-01
3.138707950711250305e-02
-3.754872381687164307e-01
1.067194342613220215e+00
5.385851860046386719e-01
4.416080415248870850e-01
5.314312577247619629e-01
3.417767956852912903e-02
-2.788649499416351318e-01
-1.868766427040100098e+00
6.220496892929077148e-01
2.393351644277572632e-01
1.966102421283721924e-01
-8.179505467414855957e-01
2.257142066955566406e-01
-4.520304203033447266e-01
1.059771299362182617e+00
3.881291300058364868e-02
-2.661294639110565186e-01
-1.033598855137825012e-01
6.492377519607543945e-01
-2.647790312767028809e-01
-9.870290160179138184e-01
-2.469428777694702148e+00
4.515932202339172363e-01
5.315015912055969238e-01
1.016869544982910156e-01
6.910567283630371094e-01
-1.196593642234802246e+00
4.222834408283233643e-01
2.098328471183776855e-01
-1.332846045494079590e+00
8.259066939353942871e-01
-1.637988686561584473e-01
-1.292631149291992188e+00
8.349900245666503906e-01
6.043831706047058105e-01
4.733161330223083496e-01
3.669797778129577637e-01
1.545454621315002441e+00
-8.442968130111694336e-01
-9.572532176971435547e-01
-1.782728910446166992e+00
8.274120688438415527e-01
2.361724078655242920e-01
-4.021348059177398682e-01
-4.609829187393188477e-02
-2.045648097991943359e-01
1.216686725616455078e+00
8.514602184295654297e-01
6.646006107330322266e-01
5.957266092300415039e-01
1.350623488426208496e+00
1.011904716491699219e+00
-8.226830363273620605e-01
9.141469597816467285e-01
1.030135512351989746e+00
-4.039422050118446350e-02
-1.923767030239105225e-01
3.751075565814971924e-01
-1.326097846031188965e+00
-5.755033493041992188e-01
7.095506042242050171e-02
3.410573899745941162e-01
2.485307931900024414e+00
1.436392813920974731e-01
-5.229423642158508301e-01
-1.577473521232604980e+00
-1.588520221412181854e-02
-6.252756118774414062e-01
4.812715053558349609e-01
2.900012433528900146e-01
-2.108848571777343750e+00
8.574552536010742188e-01
2.694460153579711914e-01
-3.507543820887804031e-03
-4.581433236598968506e-01
3.701227605342864990e-01
5.028028488159179688e-01
-1.844828873872756958e-01
1.697692751884460449e+00
-1.694640994071960449e+00
-1.085056811571121216e-01
4.077966809272766113e-01
-4.306605160236358643e-01
1.510402560234069824e+00
-1.931859552860260010e-01
-4.854107201099395752e-01
-3.525988459587097168e-01
2.861562371253967285e-01
-1.444531325250864029e-02
5.235302075743675232e-02
-6.339340806007385254e-01
-5.883368253707885742e-01
1.080755218863487244e-01
-8.900402784347534180e-01
-1.656329929828643799e-01
9.818187355995178223e-01
5.209323391318321228e-02
-9.722846150398254395e-01
1.483567059040069580e-01
-1.505274057388305664e+00
1.351663231849670410e+00
4.616242349147796631e-01
-6.488521099090576172e-01
-6.912747025489807129e-01
-2.425442457199096680e+00
3.170417249202728271e-01
5.752806067466735840e-01
-4.057738557457923889e-02
2.014393568038940430e+00
-4.301995038986206055e-01
-6.670538336038589478e-02
-4.082646667957305908e-01
9.616589522920548916e-04
-7.743394374847412109e-01
-8.058415651321411133e-01
-1.614508628845214844e-01
1.108377695083618164e+00
3.956574201583862305e-01
9.398544430732727051e-01
-2.387459427118301392e-01
1.022932410240173340e+00
1.656997799873352051e-01
-1.021463796496391296e-01
-6.820816397666931152e-01
-1.314032077789306641e-01
2.241871595382690430e+00
-6.539402008056640625e-01
-6.853959560394287109e-01
1.208201885223388672e+00
8.540042676031589508e-03
-9.339431524276733398e-01
-2.658874273300170898e+00
-2.901724278926849365e-01
-9.644989967346191406e-01
-3.088909387588500977e-01
1.275171160697937012e+00
-3.151748701930046082e-02
-1.276827692985534668e+00
1.950827360153198242e+00
-4.530282020568847656e-01
-4.388192668557167053e-02
-4.508011341094970703e-01
4.740445315837860107e-01
-2.048723697662353516e+00
4.339125156402587891e-01
3.783213376998901367e+00
1.319966614246368408e-01
-5.310909152030944824e-01
-1.966874301433563232e-01
-7.602239847183227539e-01
1.914741039276123047e+00
-1.397091001272201538e-01
-1.598988056182861328e+00
-6.555454134941101074e-01
6.203395724296569824e-01
-2.056227207183837891e+00
8.493643999099731445e-01
-7.299837470054626465e-01
4.251058399677276611e-01
-9.572635293006896973e-01
-1.542772293090820312e+00
-1.537474036216735840e+00
-1.143561720848083496e+00
-6.502698063850402832e-01
1.662528276443481445e+00
4.499558806419372559e-01
-8.196341395378112793e-01
1.663533449172973633e+00
4.150139093399047852e-01
6.769640445709228516e-01
-8.961751461029052734e-01
-6.532120704650878906e-01
-6.590642929077148438e-01
-5.475640892982482910e-01
-1.396252155303955078e+00
5.600253343582153320e-01
4.007892310619354248e-01
-4.052568078041076660e-01
1.060478091239929199e+00
-4.153378605842590332e-01
-1.318424582481384277e+00
-1.940889120101928711e+00
1.668596386909484863e+00
3.119461536407470703e-01
1.032530307769775391e+00
1.470516800880432129e+00
-3.968956172466278076e-01
1.766954362392425537e-01
-9.126495718955993652e-01
-1.110881090164184570e+00
2.939215302467346191e-01
-2.388281077146530151e-01
1.044061779975891113e+00
7.138480544090270996e-01
-1.184254437685012817e-01
9.730358123779296875e-01
1.642974019050598145e+00
6.277548670768737793e-01
-1.088932871818542480e+00
-4.386940300464630127e-01
-1.028468728065490723e+00
7.197542190551757812e-01
-7.393928170204162598e-01
1.402802616357803345e-01
-5.253535509109497070e-01
5.900586247444152832e-01
3.603361546993255615e-01
-1.255834102630615234e+00
-1.061555504798889160e+00
-1.060212373733520508e+00
-4.197688698768615723e-01
6.983130574226379395e-01
-7.812259197235107422e-01
5.945774912834167480e-01
3.020009517669677734e+00
1.276708602905273438e+00
8.558489680290222168e-01
-4.151479899883270264e-02
-2.164234638214111328e+00
-3.936825990676879883e-01
-1.108918309211730957e+00
-3.430169522762298584e-01
1.360354661941528320e+00
1.188103556632995605e-01
6.972870826721191406e-01
-1.031162261962890625e+00
8.273769617080688477e-01
-1.776441693305969238e+00
1.979902982711791992e+00
6.316403299570083618e-02
6.700688600540161133e-01
3.137150406837463379e-01
-2.206651717424392700e-01
-3.478694558143615723e-01
5.895837023854255676e-02
-1.158479675650596619e-01
-3.015633225440979004e-01
-9.073405265808105469e-01
1.330891847610473633e+00
-8.706877827644348145e-01
5.731883645057678223e-01
6.959015727043151855e-01
-6.950793266296386719e-01
-5.975415706634521484e-01
2.404122427105903625e-02
-1.349722504615783691e+00
-3.533860743045806885e-01
7.996878027915954590e-01
1.074580289423465729e-02
3.276813030242919922e-01
9.728381633758544922e-01
5.762873888015747070e-01
-1.370625853538513184e+00
-2.989184558391571045e-01
-6.865120530128479004e-01
-3.484313488006591797e-01
-1.726200133562088013e-01
-1.821942031383514404e-01
-8.142355680465698242e-01
-5.215696096420288086e-01
3.710171878337860107e-01
1.173938661813735962e-01
4.691925048828125000e-01
4.646052420139312744e-02
6.033102273941040039e-01
-6.572961211204528809e-01
9.132350981235504150e-02
1.256095767021179199e+00
2.208543419837951660e-01
1.303544759750366211e+00
1.270797014236450195e+00
-7.165507078170776367e-01
-1.289291501045227051e+00
4.718126952648162842e-01
-2.421614155173301697e-02
9.552773833274841309e-01
1.067251339554786682e-01
-2.423155456781387329e-01
-1.107977509498596191e+00
-1.099541187286376953e+00
-7.438756227493286133e-01
2.836359977722167969e+00
3.099386692047119141e-01
1.048153162002563477e+00
-6.328483223915100098e-01
-2.594627141952514648e-01
8.291780203580856323e-02
-1.676012873649597168e+00
-7.188943624496459961e-01
-2.535982429981231689e-02
-1.437757760286331177e-01
1.680308580398559570e-01
4.254322946071624756e-01
5.124975442886352539e-01
-4.296100735664367676e-01
6.473631262779235840e-01
2.817832946777343750e+00
-8.199207186698913574e-01
-1.365764975547790527e+00
1.252090454101562500e+00
1.072955012321472168e+00
4.095956683158874512e-01
1.818799227476119995e-01
-1.720463782548904419e-01
-7.551656365394592285e-01
4.868448078632354736e-01
1.287308484315872192e-01
-6.395254135131835938e-01
6.801706273108720779e-03
9.407759904861450195e-01
-8.316196799278259277e-01
1.019194602966308594e+00
1.116693735122680664e+00
-1.057676076889038086e+00
-2.385850548744201660e-01
-1.511414527893066406e+00
5.360728129744529724e-02
-4.081753492355346680e-01
-2.275020182132720947e-01
3.248898386955261230e-01
-5.573142766952514648e-01
-1.902805864810943604e-01
7.325911521911621094e-01
-1.187870144844055176e+00
7.456624507904052734e-01
-1.584948301315307617e-01
2.945529520511627197e-01
7.051938772201538086e-01
-8.778978884220123291e-02
-1.373522877693176270e+00
2.510463297367095947e-01
4.943862557411193848e-01
3.299765586853027344e-01
2.969246804714202881e-01
-5.193093419075012207e-01
-1.265327095985412598e+00
4.627643227577209473e-01
-1.384083628654479980e+00
4.100349545478820801e-01
7.577244639396667480e-01
9.244378209114074707e-01
5.585552453994750977e-01
6.739179044961929321e-02
1.045986652374267578e+00
1.375604510307312012e+00
8.538731932640075684e-01
-9.222514629364013672e-01
2.701350152492523193e-01
4.666476324200630188e-02
7.426244020462036133e-02
4.533991217613220215e-01
1.266759037971496582e-01
1.717392325401306152e+00
-4.833234846591949463e-01
-1.397130936384201050e-01
1.110204458236694336e+00
-1.589910835027694702e-01
-1.733936667442321777e+00
1.403052210807800293e+00
-3.643110394477844238e-02
-1.019987165927886963e-01
-5.192010402679443359e-01
1.010031223297119141e+00
7.928326725959777832e-01
1.690735667943954468e-01
-2.328369915485382080e-01
-2.288463830947875977e+00
7.185280323028564453e-01
8.100805878639221191e-01
-1.264828085899353027e+00
-8.351510018110275269e-02
7.789826393127441406e-01
5.252814292907714844e-01
-1.294124592095613480e-02
-1.584476590156555176e+00
-2.006808757781982422e+00
1.441739946603775024e-01
-1.403061389923095703e+00
-6.212001442909240723e-01
-2.324174493551254272e-01
-7.263441085815429688e-01
2.956036031246185303e-01
-3.945533931255340576e-01
1.743250131607055664e+00
5.322258472442626953e-01
-2.287413597106933594e+00
-4.531240165233612061e-01
-6.043766736984252930e-01
8.485512137413024902e-01
-5.539954900741577148e-01
-4.338358640670776367e-01
3.265352547168731689e-01
9.766606092453002930e-01
5.501953363418579102e-01
5.435299873352050781e-01
-3.734971880912780762e-01
6.637054681777954102e-02
-1.609345197677612305e+00
-5.117845535278320312e-01
-7.188328355550765991e-02
1.107336878776550293e+00
-1.562191367149353027e+00
-7.215551137924194336e-01
1.724796891212463379e+00
-4.530925154685974121e-01
9.904689192771911621e-01
-5.463526844978332520e-01
4.029554426670074463e-01
1.235030770301818848e+00
5.268973708152770996e-01
3.309185504913330078e-01
-9.533799290657043457e-01
4.306687414646148682e-01
2.577951848506927490e-01
-8.652688264846801758e-01
-4.509716928005218506e-01
-1.274618864059448242e+00
-6.632025241851806641e-01
-6.487625241279602051e-01
7.627355456352233887e-01
-2.406216710805892944e-01
4.185192584991455078e-01
-3.234108984470367432e-01
-1.228221356868743896e-01
1.474600583314895630e-01
2.151815965771675110e-02
2.049595583230257034e-03
8.712334632873535156e-01
-4.094160199165344238e-01
9.234911203384399414e-01
-7.435768842697143555e-01
-4.865650832653045654e-01
1.164604187011718750e+00
6.534622311592102051e-01
-2.082034587860107422e+00
4.823223352432250977e-01
-2.877235710620880127e-01
-2.509201169013977051e-01
-5.372089743614196777e-01
9.347186237573623657e-02
-2.304387241601943970e-01
1.340547561645507812e+00
-1.080207467079162598e+00
2.451458930969238281e+00
-9.226348251104354858e-03
-1.903648972511291504e+00
7.108919024467468262e-01
-2.446339577436447144e-01
-4.355199337005615234e-01
-3.284315764904022217e-01
-9.844684600830078125e-01
1.955513715744018555e+00
8.534209728240966797e-01
1.041343212127685547e+00
-9.350095987319946289e-01
-1.291020035743713379e+00
-1.102458357810974121e+00
1.177483916282653809e+00
7.161471843719482422e-01
2.537986040115356445e-01
3.149984776973724365e-02
-1.605279147624969482e-01
-5.948519706726074219e-01
-9.064763188362121582e-01
-9.860770702362060547e-01
-1.473599433898925781e+00
-3.237936496734619141e-01
-7.243672013282775879e-01
-1.165578842163085938e+00
-2.495983541011810303e-01
5.599941015243530273e-01
-9.800643920898437500e-01
4.012695550918579102e-01
9.951731562614440918e-01
-7.803705334663391113e-01
-1.624980449676513672e+00
1.181645274162292480e+00
7.116102427244186401e-02
8.227215409278869629e-01
1.367440700531005859e+00
-1.197618365287780762e+00
3.245910704135894775e-01
-6.134389042854309082e-01
-2.000512599945068359e+00
-2.970601618289947510e-01
-1.536906003952026367e+00
-6.814253926277160645e-01
-9.223944544792175293e-01
-4.225819408893585205e-01
8.795236945152282715e-01
-9.574093818664550781e-01
2.885060310363769531e-01
-2.820705473423004150e-01
-7.418158650398254395e-01
1.880242861807346344e-02
-8.801420927047729492e-01
-3.856978416442871094e-01
4.394333362579345703e-01
-1.710684895515441895e+00
-4.496829509735107422e-01
1.348849773406982422e+00
1.198195070028305054e-01
1.254702359437942505e-01
-1.057828515768051147e-01
-2.037966847419738770e-01
-4.194202423095703125e-01
-1.117759466171264648e+00
-6.820198893547058105e-02
-2.122368067502975464e-01
2.828505635261535645e-01
-1.929466009140014648e+00
-1.333305835723876953e+00
2.396862506866455078e+00
-2.439592927694320679e-01
1.281303882598876953e+00
8.106712996959686279e-02
1.042057991027832031e+00
4.790748357772827148e-01
-4.785012602806091309e-01
-7.911570072174072266e-01
1.005938529968261719e+00
1.152438402175903320e+00
9.509351253509521484e-01
-2.746384143829345703e-01
1.553967595100402832e-01
-5.661921501159667969e-01
8.063222169876098633e-01
-9.553085565567016602e-01
7.445638179779052734e-01
-1.567259907722473145e+00
-8.399534225463867188e-01
7.478809952735900879e-01
-1.050297975540161133e+00
-1.329378962516784668e+00
1.258675217628479004e+00
-3.050715029239654541e-01
-5.286799669265747070e-01
-7.157441377639770508e-01
1.177391409873962402e+00
1.031619429588317871e+00
2.973797321319580078e-01
1.570629000663757324e+00
1.896100789308547974e-01
7.962066680192947388e-02
-1.646471023559570312e+00
2.576266527175903320e-01
1.883188635110855103e-01
4.556806683540344238e-01
5.252771377563476562e-01
-6.895839571952819824e-01
-9.996454715728759766e-01
1.865668743848800659e-01
-7.680240869522094727e-01
-2.129509299993515015e-01
-9.338425397872924805e-01
-2.144507765769958496e-01
-7.789820432662963867e-01
-1.230529189109802246e+00
7.331705689430236816e-01
2.018083572387695312e+00
-4.356862008571624756e-01
-7.596976757049560547e-01
-6.025436520576477051e-01
-1.477467060089111328e+00
4.289095103740692139e-01
-2.275751590728759766e+00
2.376838684082031250e+00
-3.747071623802185059e-01
-1.204835653305053711e+00
-1.924899339675903320e+00
7.103280425071716309e-01
-3.623216152191162109e-01
-1.096259117126464844e+00
5.055599212646484375e-01
-1.130220770835876465e+00
9.333015680313110352e-01
-2.330411523580551147e-01
4.308776557445526123e-01
-7.486626505851745605e-01
-5.232899188995361328e-01
-2.519015073776245117e-01
1.476764678955078125e+00
5.532570481300354004e-01
-6.802649497985839844e-01
5.007059574127197266e-01
-5.552845597267150879e-01
4.828831255435943604e-01
-9.569213539361953735e-02
3.496139645576477051e-01
-2.728685438632965088e-01
-1.358866691589355469e-02
-1.086116909980773926e+00
2.426719516515731812e-01
4.219521582126617432e-01
6.596251130104064941e-01
-2.390966653823852539e+00
-3.739057481288909912e-01
-2.315237760543823242e+00
-2.073157310485839844e+00
-6.167470812797546387e-01
-3.768752515316009521e-01
2.193629741668701172e-01
4.368637204170227051e-01
2.268513292074203491e-01
-5.119122862815856934e-01
3.068952083587646484e+00
5.394172668457031250e-01
-2.021044120192527771e-02
-8.704982995986938477e-01
2.084850221872329712e-01
5.104089379310607910e-01
1.650343388319015503e-01
-2.031717598438262939e-01
-4.729605913162231445e-01
-7.869884371757507324e-01
4.783820826560258865e-03
-6.508786976337432861e-02
-1.283931374549865723e+00
-1.005630850791931152e+00
2.066876590251922607e-01
8.438573479652404785e-01
-7.741700410842895508e-01
5.453304052352905273e-01
1.067948579788208008e+00
5.368353128433227539e-01
1.074835896492004395e+00
2.678443193435668945e-01
6.153962612152099609e-01
-1.414783485233783722e-02
-8.865293264389038086e-01
-3.696917295455932617e-01
5.890561342239379883e-01
-1.013811945915222168e+00
-1.250209808349609375e+00
-1.098580285906791687e-01
4.071387946605682373e-01
4.999014735221862793e-01
-6.350396275520324707e-01
-1.180496096611022949e+00
5.617583394050598145e-01
6.281868219375610352e-01
-7.440462708473205566e-02
-6.984286904335021973e-01
-6.721673607826232910e-01
4.798620939254760742e-01
5.650093555450439453e-01
1.081106066703796387e+00
5.125786662101745605e-01
2.215439379215240479e-01
6.374218463897705078e-01
-3.927062749862670898e-01
-6.035361886024475098e-01
-9.255497157573699951e-02
-8.178157210350036621e-01
-1.158344149589538574e+00
1.841984838247299194e-01
3.705782294273376465e-01
4.714909009635448456e-03
1.110844135284423828e+00
-1.817984431982040405e-01
-9.612340331077575684e-01
-1.690038442611694336e+00
-1.411403417587280273e-01
4.974515438079833984e-01
1.340778708457946777e+00
-3.948855698108673096e-01
1.219191923737525940e-01
1.051275730133056641e+00
3.144859671592712402e-01
3.210346400737762451e-01
-5.275073647499084473e-01
-1.008632302284240723e+00
1.299696207046508789e+00
-6.427386403083801270e-01
1.332304239273071289e+00
9.950774312019348145e-01
2.451046407222747803e-01
-5.457236766815185547e-01
2.655504345893859863e-01
-5.519055128097534180e-01
1.381910294294357300e-01
-4.277523756027221680e-01
1.193176388740539551e+00
1.052860260009765625e+00
-1.785865783691406250e+00
-2.476080358028411865e-01
2.109618663787841797e+00
6.386357359588146210e-03
7.730843424797058105e-01
-8.309425115585327148e-01
-1.023618102073669434e+00
-8.904728293418884277e-01
-5.280947089195251465e-01
4.073377549648284912e-01
4.383480548858642578e-01
3.497957885265350342e-01
1.359999775886535645e+00
8.280193209648132324e-01
1.526717782020568848e+00
-7.846043705940246582e-01
1.462498605251312256e-01
-1.495864540338516235e-01
1.357019901275634766e+00
-2.010265588760375977e-01
5.835312008857727051e-01
9.739216566085815430e-01
-1.701482176780700684e+00
1.126149415969848633e+00
1.309046387672424316e+00
3.611643910408020020e-01
-3.649367690086364746e-01
-3.033530712127685547e-01
-6.021315455436706543e-01
-6.583543419837951660e-01
-4.472888708114624023e-01
-8.802488446235656738e-01
2.097079038619995117e+00
-1.464788764715194702e-01
-1.370389103889465332e+00
1.158713340759277344e+00
2.797428965568542480e-01
7.071664333343505859e-01
3.290129080414772034e-02
-5.543856024742126465e-01
-1.083493828773498535e+00
-1.912704944610595703e+00
1.485957980155944824e+00
-1.645215414464473724e-02
-7.999315857887268066e-01
1.656922549009323120e-01
6.378729939460754395e-01
7.975828647613525391e-01
-1.582703232765197754e+00
8.427376300096511841e-02
9.135745167732238770e-01
8.346360325813293457e-01
2.153083086013793945e+00
3.362053632736206055e-01
-5.982329249382019043e-01
-4.430332183837890625e-01
-1.029016152024269104e-01
-7.332729697227478027e-01
