-4.211185276508331299e-01
-3.760747611522674561e-01
1.377645254135131836e+00
1.663698673248291016e+00
-5.856928825378417969e-01
-7.570895552635192871e-01
-1.107474341988563538e-01
1.246236205101013184e+00
2.162190675735473633e-01
-7.616208195686340332e-01
1.603118777275085449e+00
7.342981696128845215e-01
-1.522214859724044800e-01
5.736432075500488281e-01
7.590360045433044434e-01
6.086384654045104980e-01
-2.811796665191650391e-01
-9.287163019180297852e-01
-8.603914827108383179e-02
6.527305841445922852e-01
-5.714678168296813965e-01
-2.206704169511795044e-01
9.467523694038391113e-01
9.886736869812011719e-01
1.509884744882583618e-01
-1.045589447021484375e+00
-3.470099568367004395e-01
1.933849811553955078e+00
1.110343813896179199e+00
5.011633634567260742e-01
3.429717123508453369e-01
-2.023553550243377686e-01
-1.459064722061157227e+00
-2.061949968338012695e+00
1.634940743446350098e+00
-1.398346107453107834e-02
-9.818287491798400879e-01
-6.456474214792251587e-02
5.326435565948486328e-01
1.226021721959114075e-01
1.118721008300781250e+00
8.307924270629882812e-01
1.223787903785705566e+00
8.068572729825973511e-02
-1.529537558555603027e+00
6.946244239807128906e-01
-1.528020381927490234e+00
-1.528384208679199219e+00
4.734817147254943848e-01
3.051844239234924316e-01
2.847224660217761993e-02
4.273663461208343506e-01
3.340750336647033691e-01
-6.639575958251953125e-02
1.134455204010009766e+00
-1.225282788276672363e+00
-4.363798797130584717e-01
2.806326150894165039e-01
-1.748336553573608398e+00
-3.265733718872070312e-01
-3.932642936706542969e-02
3.757507205009460449e-01
3.120190501213073730e-01
1.212678998708724976e-01
1.384717524051666260e-01
-1.259693145751953125e+00
-6.774520277976989746e-01
8.049828410148620605e-01
1.178153038024902344e+00
-6.033838987350463867e-01
7.780935764312744141e-01
1.792527586221694946e-01
1.288763880729675293e+00
5.848290324211120605e-01
-4.757696092128753662e-01
1.267866373062133789e+00
1.520661115646362305e-01
1.953005433082580566e+00
2.670808434486389160e-01
7.392565608024597168e-01
3.224311769008636475e-01
-3.832112550735473633e-01
9.176119416952133179e-02
1.326522231101989746e+00
-6.235209107398986816e-01
3.649646937847137451e-01
-7.410635799169540405e-02
-1.885827630758285522e-01
1.681076288223266602e+00
2.155951410531997681e-01
-1.260168254375457764e-01
-2.770296931266784668e-01
1.703097939491271973e+00
8.523705601692199707e-02
-4.947672784328460693e-01
-1.359421730041503906e+00
4.826898872852325439e-01
5.517886951565742493e-03
1.135231971740722656e+00
3.745325803756713867e-01
-1.189203858375549316e+00
-6.977294385433197021e-02
5.088827013969421387e-02
-5.418637990951538086e-01
7.496756911277770996e-01
-1.112962603569030762e+00
-8.336223959922790527e-01
9.316852092742919922e-01
3.356576859951019287e-01
1.579787731170654297e-01
-1.272891014814376831e-01
-1.488176733255386353e-02
2.919310033321380615e-01
-1.926315575838088989e-01
4.025418162345886230e-01
1.623518466949462891e-01
-5.376959443092346191e-01
-1.784614801406860352e+00
6.487613320350646973e-01
-4.968939721584320068e-02
2.521020174026489258e-01
6.011381149291992188e-01
7.529283761978149414e-01
5.736856460571289062e-01
4.838491678237915039e-01
-1.036867380142211914e+00
-5.593267083168029785e-01
3.329191356897354126e-02
-1.727111078798770905e-02
-4.395330250263214111e-01
-1.846484780311584473e+00
6.861558556556701660e-02
-6.040021181106567383e-01
9.513802528381347656e-01
1.269159674644470215e+00
-7.425882220268249512e-01
-3.541596233844757080e-01
-3.245294988155364990e-01
5.105360746383666992e-01
-4.447186589241027832e-01
-2.410123348236083984e+00
-4.625050723552703857e-01
1.541205048561096191e+00
-7.762219905853271484e-01
-3.947767913341522217e-01
1.417912244796752930e+00
-8.430798649787902832e-01
-3.685229718685150146e-01
8.829652070999145508e-01
-7.977438569068908691e-01
9.854965209960937500e-01
7.105771303176879883e-01
1.718195080757141113e+00
4.867594838142395020e-01
-5.187412500381469727e-01
-4.069591164588928223e-01
-6.965709328651428223e-01
-1.937271595001220703e+00
-2.464009225368499756e-01
-4.777339398860931396e-01
-1.317668199539184570e+00
1.004689335823059082e+00
1.698477149009704590e+00
-2.010365873575210571e-01
1.226522207260131836e+00
1.899300068616867065e-01
2.764986269176006317e-02
1.482111215591430664e+00
-3.329083323478698730e-01
-8.720941543579101562e-01
3.201901912689208984e-02
9.447227120399475098e-01
-5.524428561329841614e-03
-2.185891568660736084e-01
1.796639412641525269e-01
3.203802704811096191e-01
2.675401270389556885e-01
2.495107203722000122e-01
-1.268121480941772461e+00
4.110627770423889160e-01
1.219520941376686096e-01
-9.968995451927185059e-01
1.484402716159820557e-01
3.565538227558135986e-01
-2.201184928417205811e-01
8.401893824338912964e-02
-1.543719291687011719e+00
-3.052533388137817383e+00
-1.808555275201797485e-01
6.838335394859313965e-01
-6.142192482948303223e-01
8.288834095001220703e-01
-1.154312252998352051e+00
1.701298654079437256e-01
9.634564071893692017e-02
3.123737871646881104e-01
-8.415743112564086914e-01
-1.334376573562622070e+00
-1.127294078469276428e-01
-3.183563649654388428e-01
-4.194410145282745361e-01
-1.618937015533447266e+00
1.064277514815330505e-01
-1.257841706275939941e+00
7.145885229110717773e-01
1.099612832069396973e+00
-4.052326679229736328e-01
-2.854781746864318848e-01
2.145645380020141602e+00
-1.075261086225509644e-01
8.101839423179626465e-01
9.036098420619964600e-02
-4.855331778526306152e-01
3.020168468356132507e-02
-8.217461109161376953e-01
-1.618488550186157227e+00
-1.419209718704223633e+00
-8.360066264867782593e-02
3.559840917587280273e-01
-1.287068247795104980e+00
-6.997593045234680176e-01
-3.095979690551757812e-01
-1.389015316963195801e-01
-1.179709196090698242e+00
-1.481191039085388184e+00
-1.383766531944274902e+00
1.467402577400207520e-01
-7.346262335777282715e-01
1.423142403364181519e-01
-7.292858958244323730e-01
-6.927821040153503418e-01
2.896144688129425049e-01
3.983949124813079834e-01
2.966949939727783203e-01
-5.323712229728698730e-01
-1.250154972076416016e-01
6.667101979255676270e-01
3.990646004676818848e-01
-9.804515838623046875e-01
-5.111759305000305176e-01
1.183106303215026855e+00
7.238259911537170410e-01
5.328847169876098633e-01
-7.238768339157104492e-01
-1.166259050369262695e+00
-3.104226887226104736e-01
-1.586388707160949707e+00
-4.237005710601806641e-01
7.460426092147827148e-01
-2.709028124809265137e-01
1.014182090759277344e+00
9.222187399864196777e-01
3.755148649215698242e-01
-3.276570141315460205e-01
5.464078783988952637e-01
-4.917113482952117920e-01
-4.423060119152069092e-01
4.164690077304840088e-01
-1.134266495704650879e+00
4.337700083851814270e-02
6.447172760963439941e-01
-2.844823002815246582e-01
-1.321438670158386230e+00
-1.304293751716613770e+00
1.117659449577331543e+00
-7.546010613441467285e-02
1.318389534950256348e+00
-1.533089876174926758e+00
-2.353318780660629272e-01
4.944950640201568604e-01
-1.168628334999084473e-01
3.800486680120229721e-03
2.103622198104858398e+00
1.516702622175216675e-01
2.159117460250854492e+00
9.989680051803588867e-01
-1.617415994405746460e-02
8.550961017608642578e-01
-3.483317792415618896e-01
-2.754434049129486084e-01
1.406184136867523193e-01
1.142882928252220154e-01
-8.264375329017639160e-01
1.294900417327880859e+00
-2.009333968162536621e-01
3.897999525070190430e-01
-3.117225170135498047e-01
1.017582491040229797e-01
-2.317024618387222290e-01
1.415052413940429688e+00
6.988238692283630371e-01
-9.354549050331115723e-01
7.225518822669982910e-01
-4.977638423442840576e-01
1.061663553118705750e-01
6.939653754234313965e-01
1.461390107870101929e-01
7.070313096046447754e-01
-4.623022675514221191e-01
-1.016890406608581543e-01
7.177990078926086426e-01
1.309456110000610352e+00
-7.861148715019226074e-01
2.208750098943710327e-01
-5.061843991279602051e-01
-1.470149993896484375e+00
-4.603808000683784485e-02
1.242304563522338867e+00
3.946872949600219727e-01
-1.581015586853027344e-01
-2.800842821598052979e-01
1.971297264099121094e-01
7.062361389398574829e-02
-1.516856789588928223e+00
5.236231684684753418e-01
-4.822051227092742920e-01
-1.208906993269920349e-01
-3.151823878288269043e-01
-6.779980659484863281e-01
2.962533831596374512e-01
8.762623071670532227e-01
-4.072106480598449707e-01
7.042394876480102539e-01
-6.675872951745986938e-02
-8.882799744606018066e-02
1.520850300788879395e+00
2.116273403167724609e+00
4.220813140273094177e-02
1.591622680425643921e-01
-5.835044384002685547e-01
-5.346204042434692383e-01
9.036773443222045898e-02
3.422560989856719971e-01
-6.706021428108215332e-01
-2.904275953769683838e-01
1.424137592315673828e+00
-5.793465375900268555e-01
1.535134166479110718e-01
2.073458909988403320e+00
-7.493296861648559570e-01
2.811540663242340088e-01
-6.198183298110961914e-01
-5.757288932800292969e-01
-4.514164626598358154e-01
-4.596615433692932129e-01
1.290736943483352661e-01
-4.481134712696075439e-01
-3.022998571395874023e-01
-9.467870593070983887e-01
3.152104914188385010e-01
6.913416385650634766e-01
4.009020328521728516e-01
3.670854568481445312e-01
8.764886856079101562e-01
-3.183660805225372314e-01
1.014114141464233398e+00
1.558289885520935059e+00
-1.005095481872558594e+00
2.704769670963287354e-01
-9.779384136199951172e-01
-5.657843947410583496e-01
-1.106967590749263763e-02
-3.623265326023101807e-01
-5.285940170288085938e-01
-7.595384120941162109e-01
1.209657430648803711e+00
-1.879432350397109985e-01
-1.098318696022033691e+00
8.504014015197753906e-01
1.857606053352355957e+00
8.800336718559265137e-01
2.340203970670700073e-01
-1.081718206405639648e+00
-9.248273968696594238e-01
3.439212962985038757e-02
1.165362834930419922e+00
-1.689251422882080078e+00
4.807053208351135254e-01
6.512358784675598145e-01
-1.379252195358276367e+00
-1.212900057435035706e-01
1.036507725715637207e+00
-1.471111178398132324e-01
-7.581630349159240723e-01
5.233855843544006348e-01
2.919567227363586426e-01
-1.546512097120285034e-01
-4.463816285133361816e-01
2.433521747589111328e-01
2.636207640171051025e-01
9.712372422218322754e-01
6.773083209991455078e-01
-1.806141972541809082e+00
-7.144494652748107910e-01
-3.301907181739807129e-01
-3.180945217609405518e-01
7.661211490631103516e-01
3.299754858016967773e-01
9.216716885566711426e-01
2.593804359436035156e+00
-6.120880246162414551e-01
-1.975454449653625488e+00
9.684368968009948730e-03
-6.009522676467895508e-01
-1.419950008392333984e+00
-6.342845559120178223e-01
-1.256835222244262695e+00
1.952662765979766846e-01
6.271672844886779785e-01
-2.884236872196197510e-01
6.710190773010253906e-01
-1.315528512001037598e+00
-6.992220282554626465e-01
4.808184206485748291e-01
-1.057410240173339844e+00
-1.379500269889831543e+00
8.602488636970520020e-01
1.746437549591064453e-01
7.457663416862487793e-01
2.617847919464111328e-02
-2.466083765029907227e-01
2.975493073463439941e-01
-2.965652942657470703e-01
-1.071217060089111328e+00
-1.396236181259155273e+00
-4.023100733757019043e-01
4.589778184890747070e-02
6.786684691905975342e-02
-1.354390025138854980e+00
9.102534651756286621e-01
4.200618267059326172e-01
2.421268224716186523e+00
-3.512760698795318604e-01
1.942081302404403687e-01
2.933485507965087891e-01
-1.595264196395874023e+00
-5.438702702522277832e-01
1.357947945594787598e+00
-5.914805531501770020e-01
9.462135434150695801e-01
-1.133341550827026367e+00
5.244228839874267578e-01
-1.994600743055343628e-01
-4.324063956737518311e-01
-7.673537135124206543e-01
1.299050331115722656e+00
9.612978100776672363e-01
3.597132563591003418e-01
-4.310257732868194580e-01
-2.828987240791320801e-01
4.600398540496826172e-01
-1.075511097908020020e+00
-8.917036652565002441e-02
2.488875985145568848e-01
1.095690846443176270e+00
5.941280126571655273e-01
-6.484596133232116699e-01
-1.493026256561279297e+00
-6.247811317443847656e-01
-1.480485200881958008e-01
-1.566182971000671387e+00
-4.063346087932586670e-01
-5.598812103271484375e-01
-8.666341304779052734e-01
6.740481853485107422e-01
-1.497982591390609741e-01
1.928327381610870361e-01
1.023593425750732422e+00
1.299088746309280396e-01
1.747281312942504883e+00
3.690896630287170410e-01
-1.157164692878723145e+00
-2.103671804070472717e-02
3.196378052234649658e-02
1.898380070924758911e-01
-4.747497141361236572e-01
-1.509278178215026855e+00
1.170826911926269531e+00
5.876407027244567871e-01
-8.681889772415161133e-01
-1.858048558235168457e+00
-5.901507735252380371e-01
5.029098391532897949e-01
9.082365036010742188e-01
3.765071332454681396e-01
4.440961182117462158e-01
-7.868717610836029053e-02
-3.956800401210784912e-01
1.576387286186218262e+00
6.701157689094543457e-01
-1.474326372146606445e+00
-7.581191062927246094e-01
-8.339002132415771484e-01
-4.466094076633453369e-01
-1.149544000625610352e+00
-1.070308327674865723e+00
5.782075524330139160e-01
-2.292752712965011597e-01
-4.085787513758987188e-04
5.331299304962158203e-01
-5.850355625152587891e-01
-4.635190963745117188e-01
8.205323815345764160e-01
7.334695458412170410e-01
4.032441675662994385e-01
1.960738778114318848e+00
-7.987698316574096680e-01
7.828934192657470703e-01
-2.385200411081314087e-01
-5.933663845062255859e-01
1.470431685447692871e+00
-1.553539276123046875e+00
-4.308934509754180908e-01
-2.064088106155395508e+00
9.395683407783508301e-01
7.206645607948303223e-01
-1.567526698112487793e+00
6.635980010032653809e-01
-1.208709478378295898e+00
-7.897603511810302734e-01
5.810726284980773926e-01
-1.745432257652282715e+00
-6.721629947423934937e-02
1.177384972572326660e+00
-2.363024711608886719e+00
-3.067791759967803955e-01
-1.210918799042701721e-01
-1.602865219116210938e+00
-9.690501540899276733e-02
-1.598860919475555420e-01
-2.706642389297485352e+00
-8.594914078712463379e-01
-8.212947249412536621e-01
-1.306097805500030518e-01
7.185421139001846313e-02
-1.097932338714599609e+00
-3.442042768001556396e-01
-5.356762409210205078e-01
1.095804452896118164e+00
6.073832511901855469e-02
5.909221172332763672e-01
-2.030182629823684692e-02
1.027707576751708984e+00
1.434553861618041992e+00
-9.571526646614074707e-01
-8.471133708953857422e-01
7.626470327377319336e-01
-4.198865890502929688e-01
-5.095917731523513794e-02
6.068538874387741089e-02
9.171255230903625488e-01
-1.388151407241821289e+00
2.179157257080078125e+00
-1.095817685127258301e+00
1.053612828254699707e+00
1.365587830543518066e+00
4.284646827727556229e-03
-2.450815141201019287e-01
-3.055995702743530273e-01
-9.824180603027343750e-01
-1.217531859874725342e-01
6.272040009498596191e-01
-1.075891017913818359e+00
3.985373675823211670e-01
3.451690673828125000e-01
4.510218203067779541e-01
4.182201623916625977e-02
8.176621198654174805e-01
-1.569982051849365234e+00
-1.901107579469680786e-01
7.548053562641143799e-02
6.447768211364746094e-01
1.480510979890823364e-01
1.360139697790145874e-01
8.831826969981193542e-03
3.533011674880981445e-02
1.418025642633438110e-01
7.216333150863647461e-01
-1.544766277074813843e-01
-5.956737399101257324e-01
-2.603866159915924072e-01
-8.706976771354675293e-01
-5.309159159660339355e-01
3.315561115741729736e-01
3.319410681724548340e-01
-2.636114656925201416e-01
-8.765745908021926880e-02
-6.267030239105224609e-01
-4.618666768074035645e-01
-1.651444196701049805e+00
3.185895085334777832e-01
-1.551301121711730957e+00
-1.792970001697540283e-01
5.774310976266860962e-02
-1.090875267982482910e+00
-2.659113407135009766e+00
-1.968767940998077393e-01
-1.439117491245269775e-01
-2.481372356414794922e-01
1.179117560386657715e+00
-1.038238883018493652e+00
-1.338596940040588379e+00
-5.568464994430541992e-01
5.223625898361206055e-01
-3.254451453685760498e-01
-5.796375274658203125e-01
2.903377711772918701e-01
1.800235986709594727e+00
-3.563310801982879639e-01
-3.050998449325561523e-01
2.031572908163070679e-01
5.924193933606147766e-02
3.822498917579650879e-01
2.868262678384780884e-02
-5.924757719039916992e-01
-5.466665029525756836e-01
-9.533571600914001465e-01
-2.817364931106567383e-01
1.039925456047058105e+00
-4.917967915534973145e-01
5.029702186584472656e-01
-1.009169816970825195e+00
-6.418963074684143066e-01
-2.489759683609008789e+00
-3.395455777645111084e-01
-9.885130524635314941e-01
-7.915170490741729736e-02
1.167809441685676575e-01
5.439119935035705566e-01
3.553729951381683350e-01
8.038684129714965820e-01
2.510137796401977539e+00
-3.145882189273834229e-01
-8.213321566581726074e-01
1.207861006259918213e-01
-7.193260192871093750e-01
-5.463809967041015625e-01
-1.829401403665542603e-01
-5.481548905372619629e-01
1.156818151473999023e+00
-4.347477853298187256e-01
-1.174556761980056763e-01
-1.304996490478515625e+00
-2.320224761962890625e+00
-3.060840964317321777e-01
-4.700481891632080078e-03
3.107599914073944092e-01
-1.096462249755859375e+00
-7.664946317672729492e-01
5.350325107574462891e-01
-5.847554802894592285e-01
1.771052837371826172e+00
5.591894984245300293e-01
-4.007896184921264648e-01
-4.752684533596038818e-01
1.270758509635925293e+00
-3.248732164502143860e-02
1.148620605468750000e+00
1.011333227157592773e+00
-6.631636023521423340e-01
2.616055309772491455e-01
2.152650803327560425e-01
-4.234748184680938721e-01
-1.365914344787597656e+00
-7.315512895584106445e-01
-2.432880550622940063e-01
6.927043795585632324e-01
-2.423814386129379272e-01
-2.075874358415603638e-01
6.665965169668197632e-02
-5.047032833099365234e-01
-2.596755921840667725e-01
1.776272654533386230e+00
2.947947084903717041e-01
1.559112310409545898e+00
6.350743770599365234e-01
-9.297719001770019531e-01
1.017041578888893127e-01
-3.242022544145584106e-02
-3.498387336730957031e-01
-1.431228756904602051e+00
-1.757002472877502441e-01
1.940976381301879883e+00
3.351555764675140381e-01
7.463381886482238770e-01
7.975101470947265625e-01
-5.429567694664001465e-01
1.215501070022583008e+00
1.687624812126159668e+00
-1.829974055290222168e-01
-2.161361873149871826e-01
-4.158399701118469238e-01
-9.541794657707214355e-01
1.154464602470397949e+00
-5.934905409812927246e-01
2.472138851881027222e-01
-5.361661314964294434e-01
-3.865316212177276611e-01
9.442753195762634277e-01
-1.065988183021545410e+00
-7.631374001502990723e-01
6.448934674263000488e-01
-5.780550241470336914e-01
-1.587954163551330566e-01
4.457765221595764160e-01
7.319009304046630859e-01
1.085072636604309082e+00
-9.999312460422515869e-02
1.332715034484863281e+00
8.418282270431518555e-01
-8.566088676452636719e-01
2.884866110980510712e-02
1.090590715408325195e+00
-1.035590022802352905e-01
1.770973801612854004e-01
7.436154782772064209e-02
-1.839960694313049316e+00
-6.504680514335632324e-01
-3.476177901029586792e-02
1.103826522827148438e+00
1.075339317321777344e+00
4.713662266731262207e-01
2.340072691440582275e-01
1.274556756019592285e+00
4.236711859703063965e-01
-1.200118064880371094e+00
-3.623243570327758789e-01
4.209296032786369324e-02
1.509804844856262207e+00
3.004500567913055420e-01
-8.905333280563354492e-01
2.778163254261016846e-01
4.742547869682312012e-01
1.085135579109191895e+00
1.390588998794555664e+00
-8.819641917943954468e-02
3.888643980026245117e-01
-4.993701279163360596e-01
-6.315270662307739258e-01
-2.085074186325073242e-01
5.583883523941040039e-01
1.815403699874877930e-01
2.384290456771850586e+00
-5.149644017219543457e-01
7.648267149925231934e-01
2.379591464996337891e+00
-1.189304351806640625e+00
7.814715504646301270e-01
1.812758743762969971e-01
-1.523773431777954102e+00
-9.484207034111022949e-01
-1.000395774841308594e+00
9.958484172821044922e-01
2.195547074079513550e-01
-6.972901821136474609e-01
2.524063289165496826e-01
1.682713031768798828e-01
1.189593076705932617e+00
-1.009865403175354004e+00
3.429520130157470703e-02
-1.083848327398300171e-01
1.504563689231872559e+00
2.027894258499145508e-01
-3.862020969390869141e-01
4.572442770004272461e-01
3.525445163249969482e-01
9.288333058357238770e-01
-6.034959554672241211e-01
