1.181196421384811401e-01
-3.687312304973602295e-01
-1.981798326596617699e-03
4.284781813621520996e-01
6.118013858795166016e-01
-1.195049405097961426e+00
1.794151514768600464e-01
1.390177488327026367e+00
1.073337316513061523e+00
8.691377937793731689e-02
1.199799418449401855e+00
7.365344762802124023e-01
-5.661772489547729492e-01
5.078006386756896973e-01
-3.578989803791046143e-01
-2.713466063141822815e-02
1.057487279176712036e-01
-1.856992542743682861e-01
-2.997838854789733887e-01
3.271732926368713379e-01
3.820515573024749756e-01
1.742135547101497650e-02
1.299303770065307617e+00
1.091835461556911469e-02
1.137405753135681152e+00
-6.733322739601135254e-01
-1.910375058650970459e-01
1.078600168228149414e+00
8.332855701446533203e-01
-3.738425672054290771e-01
1.667909622192382812e+00
-6.653503775596618652e-01
-1.213215067982673645e-01
-2.205958604812622070e+00
2.303962707519531250e-01
-3.477035462856292725e-02
-8.400279879570007324e-01
-4.346302151679992676e-01
8.304821848869323730e-01
-6.574046611785888672e-01
6.135947108268737793e-01
1.349078893661499023e+00
-2.832657396793365479e-01
-3.296710550785064697e-01
-2.975182533264160156e-01
1.017006754875183105e+00
2.215341925621032715e-01
-1.741739273071289062e+00
-7.282897830009460449e-01
1.547111392021179199e+00
2.225920557975769043e-02
-3.163082301616668701e-01
-3.979817330837249756e-01
-5.059167146682739258e-01
5.068331360816955566e-01
-1.857928514480590820e+00
7.075256705284118652e-01
-2.557921409606933594e-01
-9.979190826416015625e-01
-2.071838267147541046e-02
9.320742487907409668e-01
-4.821146428585052490e-01
4.691574275493621826e-01
1.489527940750122070e+00
-7.944481372833251953e-01
-1.065956503152847290e-01
-2.713662862777709961e+00
1.520140767097473145e-01
2.811938226222991943e-01
1.029914259910583496e+00
-2.301390655338764191e-02
5.537378191947937012e-01
1.336688101291656494e-01
7.563362717628479004e-01
-3.753587305545806885e-01
2.099947482347488403e-01
9.129191040992736816e-01
2.025943279266357422e+00
-1.171268105506896973e+00
4.326061010360717773e-01
2.786243855953216553e-01
2.709269821643829346e-01
-9.600733518600463867e-01
6.995744109153747559e-01
1.569596976041793823e-01
-6.148785352706909180e-01
-6.221017614006996155e-02
1.407766789197921753e-01
2.834623098373413086e+00
4.910945892333984375e-01
1.516664773225784302e-01
-1.625285029411315918e+00
5.672513842582702637e-01
8.524562716484069824e-01
1.112916588783264160e+00
5.791804566979408264e-02
-6.797448992729187012e-01
4.865860641002655029e-01
-1.711376458406448364e-01
3.179797828197479248e-01
-2.796813659369945526e-02
-9.278151392936706543e-01
1.370770573616027832e+00
1.496824502944946289e+00
1.126958489418029785e+00
-1.532117247581481934e+00
8.780435919761657715e-01
6.342919468879699707e-01
4.913938939571380615e-01
9.685478806495666504e-01
-2.790646553039550781e-01
-1.068827748298645020e+00
-3.087370470166206360e-02
-4.447694420814514160e-01
-6.324179768562316895e-01
-3.934561908245086670e-01
-2.055826038122177124e-01
1.997136473655700684e-01
-4.499753713607788086e-01
3.590077161788940430e-01
7.615982741117477417e-02
2.598407268524169922e+00
5.829001311212778091e-03
-4.912235140800476074e-01
-6.516967415809631348e-01
-1.225252628326416016e+00
2.548304498195648193e-01
2.863450050354003906e-01
6.972617506980895996e-01
-2.942421138286590576e-01
-1.951703429222106934e+00
2.841564416885375977e-01
-4.539537727832794189e-01
3.997271358966827393e-01
1.959907174110412598e+00
-1.385398268699645996e+00
-3.953349590301513672e-01
-1.433985114097595215e+00
-4.843086004257202148e-01
-5.136892795562744141e-01
-7.307048439979553223e-01
-7.887838482856750488e-01
1.086534380912780762e+00
-1.046146964654326439e-03
-2.293896526098251343e-01
-9.559509158134460449e-01
1.364437937736511230e+00
1.526358604431152344e+00
4.007700085639953613e-01
-4.525138437747955322e-01
1.171252965927124023e+00
1.124024868011474609e+00
3.111366331577301025e-01
9.386677145957946777e-01
-1.367271691560745239e-01
4.449982568621635437e-02
-4.431420564651489258e-01
-1.885248780250549316e+00
-6.063119769096374512e-01
-3.824026286602020264e-01
-5.225582718849182129e-01
2.024502277374267578e+00
7.925496250391006470e-02
-1.869040578603744507e-01
9.592318534851074219e-01
1.809815615415573120e-01
6.948634982109069824e-01
2.867668569087982178e-01
-5.550518166273832321e-03
-7.909436225891113281e-01
3.511258959770202637e-02
1.960501194000244141e+00
6.219395250082015991e-02
6.860600113868713379e-01
5.167984366416931152e-01
-4.983971714973449707e-01
1.088355541229248047e+00
-8.360960483551025391e-01
-2.132707118988037109e+00
-3.548744022846221924e-01
-4.504772126674652100e-01
-6.904430985450744629e-01
3.735799193382263184e-01
-3.180696070194244385e-01
1.172526717185974121e+00
-9.869439005851745605e-01
-1.098283886909484863e+00
-3.201110363006591797e+00
-5.265262126922607422e-01
7.438567280769348145e-01
2.262891530990600586e-01
3.930544555187225342e-01
-3.521430790424346924e-01
1.599357128143310547e+00
-3.273596614599227905e-02
1.954371035099029541e-01
-8.687527179718017578e-01
-6.997978687286376953e-01
-1.705700993537902832e+00
-4.261253476142883301e-01
-1.481134057044982910e+00
4.296764433383941650e-01
5.587076544761657715e-01
-5.429865121841430664e-01
4.959792643785476685e-02
-1.366273611783981323e-01
-6.820609569549560547e-01
-1.250991463661193848e+00
4.204759895801544189e-01
1.022574901580810547e-01
1.236809730529785156e+00
6.342688202857971191e-01
6.233354210853576660e-01
-3.814972937107086182e-01
6.165279150009155273e-01
-6.555616855621337891e-01
8.707861602306365967e-02
-4.874315261840820312e-01
9.146469831466674805e-01
-4.321363270282745361e-01
-1.042405843734741211e+00
7.984201908111572266e-01
6.200379729270935059e-01
-2.892767786979675293e-01
-8.490561246871948242e-01
-5.264649987220764160e-01
-1.492708086967468262e+00
9.276710152626037598e-01
-3.848101198673248291e-01
1.317988336086273193e-01
7.397093772888183594e-01
-7.320229411125183105e-01
1.602686047554016113e+00
-3.157051205635070801e-01
-2.542153000831604004e-01
-7.335948348045349121e-01
1.704121679067611694e-01
4.165665209293365479e-01
-1.376861095428466797e+00
7.943099737167358398e-01
1.570691347122192383e+00
2.043560981750488281e+00
-4.097215533256530762e-01
5.081298351287841797e-01
-1.198466777801513672e+00
-2.954222559928894043e-01
-7.988282442092895508e-01
-7.855404019355773926e-01
9.208523631095886230e-01
-8.217747211456298828e-01
-5.254846811294555664e-02
-4.317170381546020508e-01
6.958132386207580566e-01
-4.190324544906616211e-01
3.584628701210021973e-01
2.319539785385131836e-01
-2.994447052478790283e-01
1.779688000679016113e-01
1.268494427204132080e-01
-1.191883161664009094e-01
3.136167824268341064e-01
1.021766662597656250e+00
-7.904084324836730957e-01
-1.811268091201782227e+00
1.134547352790832520e+00
4.232839867472648621e-02
4.467434883117675781e-01
-3.841822743415832520e-01
-1.531535506248474121e+00
1.906508058309555054e-01
-2.260710150003433228e-01
-3.700937926769256592e-01
1.217071533203125000e+00
2.670381069183349609e-01
1.302873730659484863e+00
5.799429416656494141e-01
1.157866120338439941e+00
2.442113310098648071e-01
-1.035910725593566895e+00
-4.300419986248016357e-01
-9.737941622734069824e-01
-5.695695802569389343e-02
-6.819264292716979980e-01
4.159555137157440186e-01
-1.153366446495056152e+00
-3.510626554489135742e-01
7.509816884994506836e-01
-6.811199188232421875e-01
4.540524631738662720e-02
9.566617012023925781e-01
2.595094442367553711e-01
-1.316311955451965332e-01
-1.624147524125874043e-03
8.477043509483337402e-01
6.845546364784240723e-01
6.604423522949218750e-01
9.206963777542114258e-01
-1.042084932327270508e+00
1.895774900913238525e-02
-3.493148386478424072e-01
-1.041254773736000061e-01
-3.260967787355184555e-03
2.745627462863922119e-01
-4.661811888217926025e-01
4.211676120758056641e-01
-9.081350564956665039e-01
-1.871109485626220703e+00
1.595147371292114258e+00
1.048237919807434082e+00
1.677033454179763794e-01
-1.094244241714477539e+00
1.677154749631881714e-01
1.625929623842239380e-01
-1.866662740707397461e+00
1.957424450665712357e-03
8.183780908584594727e-01
-1.202416718006134033e-01
-2.793194353580474854e-01
-4.879680573940277100e-01
-1.062484741210937500e+00
8.298729062080383301e-01
-9.203849434852600098e-01
1.242821216583251953e+00
1.012538149952888489e-01
-4.883595407009124756e-01
-2.199873477220535278e-01
-2.769632339477539062e-01
-6.122259497642517090e-01
5.159810185432434082e-01
-7.639124244451522827e-02
-1.473920345306396484e+00
-1.641496777534484863e+00
2.821711003780364990e-01
-8.111109137535095215e-01
-1.717152446508407593e-01
4.273773431777954102e-01
-1.223650217056274414e+00
5.223284959793090820e-01
-4.372741654515266418e-02
-7.585983872413635254e-01
-2.855342030525207520e-01
-1.801006555557250977e+00
1.914281725883483887e+00
3.488986790180206299e-01
3.982142806053161621e-01
-5.590608716011047363e-01
5.356259346008300781e-01
5.334351211786270142e-02
1.251521229743957520e+00
-7.450080513954162598e-01
1.627009510993957520e-01
-9.155719876289367676e-01
5.435124635696411133e-01
-1.339151263236999512e+00
-4.737852513790130615e-01
-2.163436263799667358e-01
7.018643021583557129e-01
7.374650835990905762e-01
-3.110267817974090576e-01
-6.024650931358337402e-01
1.382048279047012329e-01
-1.656983494758605957e+00
1.521137714385986328e+00
3.739585876464843750e-01
-1.272796034812927246e+00
-1.415939480066299438e-01
-1.760367304086685181e-01
-2.125948816537857056e-01
-2.193414121866226196e-01
1.707408905029296875e+00
5.909034013748168945e-01
3.539689481258392334e-01
1.595917940139770508e-01
-1.471104770898818970e-01
1.946472078561782837e-01
7.368239164352416992e-01
-8.525165915489196777e-01
3.414296805858612061e-01
8.708009719848632812e-01
-7.744280099868774414e-01
-9.228930473327636719e-01
4.526460468769073486e-01
-1.470406353473663330e-01
-6.993151307106018066e-01
8.473070859909057617e-01
1.530802249908447266e+00
5.354258418083190918e-01
-7.720620632171630859e-01
-6.611528396606445312e-01
2.691358625888824463e-01
1.941453456878662109e+00
3.069621697068214417e-02
-7.074558734893798828e-01
5.059814453125000000e-01
5.383493304252624512e-01
-7.160849571228027344e-01
-5.099679827690124512e-01
1.119557693600654602e-01
1.175429206341505051e-02
6.893076896667480469e-01
-1.235271453857421875e+00
-6.528747677803039551e-01
8.025331497192382812e-01
-4.623375236988067627e-01
8.000711798667907715e-01
-9.395039677619934082e-01
-1.008848905563354492e+00
1.016338348388671875e+00
3.234170675277709961e-01
6.138433218002319336e-01
3.579263687133789062e-01
-2.931159496307373047e+00
-6.859271526336669922e-01
-1.039287924766540527e+00
-9.982920289039611816e-01
-8.478691577911376953e-01
3.731897473335266113e-02
1.522881627082824707e+00
1.385641813278198242e+00
7.658578753471374512e-01
5.611366033554077148e-01
-8.787526488304138184e-01
-1.731907963752746582e+00
-2.354121685028076172e+00
-5.566264986991882324e-01
-6.772790551185607910e-01
-6.517205238342285156e-01
-1.278971284627914429e-01
4.437876343727111816e-01
1.296055316925048828e+00
2.709652483463287354e-02
1.192926645278930664e+00
-3.123378455638885498e-01
6.143429875373840332e-01
9.060542583465576172e-01
2.604593038558959961e-01
8.184425830841064453e-01
-6.239911913871765137e-01
-7.476276159286499023e-01
3.727419674396514893e-01
-1.457437276840209961e+00
-7.328045964241027832e-01
-2.614822983741760254e-01
-3.646371662616729736e-01
-8.697775006294250488e-02
6.496954560279846191e-01
-1.367449402809143066e+00
1.182908296585083008e+00
-9.639580845832824707e-01
3.003689646720886230e-01
-6.611166000366210938e-01
1.700828969478607178e-01
-7.131907939910888672e-01
1.167917728424072266e+00
1.440168470144271851e-01
3.714221119880676270e-01
-8.655272126197814941e-01
-5.311852097511291504e-01
1.091634869575500488e+00
1.002082586288452148e+00
-8.648498356342315674e-02
-5.706627368927001953e-01
-4.852301180362701416e-01
3.056068420410156250e-01
-2.943445742130279541e-01
-2.205507010221481323e-01
-3.279478251934051514e-01
2.187059223651885986e-01
9.927352666854858398e-01
3.770339768379926682e-03
-5.811976194381713867e-01
-1.772948026657104492e+00
5.914371609687805176e-01
-1.131582185626029968e-01
-8.019138574600219727e-01
-1.695911735296249390e-01
-1.159188389778137207e+00
2.909174919128417969e+00
6.570520401000976562e-01
5.125728845596313477e-01
-8.333527445793151855e-01
-1.643535494804382324e-01
-1.558018326759338379e+00
1.385357379913330078e+00
-7.122730016708374023e-01
4.817907810211181641e-01
1.094056248664855957e+00
7.149193882942199707e-01
-9.608110189437866211e-01
-1.922253705561161041e-02
-7.287541031837463379e-01
3.893884122371673584e-01
-2.502093613147735596e-01
2.721284627914428711e-01
-1.113994717597961426e+00
9.959790110588073730e-02
1.184190034866333008e+00
-5.954875946044921875e-01
5.381780266761779785e-01
4.172799885272979736e-01
-6.387082338333129883e-01
7.485536485910415649e-02
1.759131908416748047e+00
6.824799180030822754e-01
8.497242331504821777e-01
1.034826517105102539e+00
-8.788334131240844727e-01
-1.427960991859436035e-01
-5.458691716194152832e-01
-1.456923723220825195e+00
-1.465790420770645142e-01
-2.274563550949096680e+00
-9.838730096817016602e-01
-1.496474891901016235e-01
8.466595411300659180e-01
5.357822179794311523e-01
-1.509983420372009277e+00
-3.426088392734527588e-01
-3.492043614387512207e-01
1.217852756381034851e-01
1.443826913833618164e+00
-8.098192811012268066e-01
-2.074548453092575073e-01
9.427499771118164062e-02
-2.772290468215942383e+00
5.602007508277893066e-01
1.932020068168640137e+00
4.299063086509704590e-01
2.062181711196899414e+00
-1.440188050270080566e+00
-8.588241338729858398e-01
-5.488268733024597168e-01
-3.445240259170532227e-01
6.550916433334350586e-01
-9.881264567375183105e-01
-1.353740096092224121e+00
-5.892924070358276367e-01
1.606223881244659424e-01
8.100543022155761719e-01
5.007537603378295898e-01
1.439800858497619629e+00
1.251440048217773438e+00
7.502981424331665039e-01
1.035031676292419434e+00
-1.158507943153381348e+00
-1.001811981201171875e+00
7.273554205894470215e-01
2.366698533296585083e-01
1.243242502212524414e+00
8.634612560272216797e-01
-1.159250855445861816e+00
-5.103420019149780273e-01
-3.352113440632820129e-02
1.333449035882949829e-01
7.776324748992919922e-01
-9.691715240478515625e-02
-3.282562196254730225e-01
3.518787920475006104e-01
-3.788815736770629883e-01
-1.312032580375671387e+00
-5.475298035889863968e-03
-1.934996098279953003e-01
-1.256628036499023438e+00
5.929546952247619629e-01
7.146747410297393799e-02
2.564336061477661133e-01
-3.598836362361907959e-01
1.193844914436340332e+00
-8.689845204353332520e-01
-9.026780724525451660e-01
-3.722647130489349365e-01
-1.112276554107666016e+00
3.109676539897918701e-01
7.445946335792541504e-02
8.595159053802490234e-01
2.206919044256210327e-01
-9.621975421905517578e-01
4.952200129628181458e-02
6.280322670936584473e-01
-1.335149854421615601e-01
3.737984299659729004e-01
-2.837267816066741943e-01
6.255241483449935913e-02
-1.781474232673645020e+00
7.281801849603652954e-02
1.919407606124877930e+00
-5.597734451293945312e-01
-9.441053122282028198e-02
-1.040913820266723633e+00
-2.563116788864135742e+00
-2.295451015233993530e-01
-6.197373196482658386e-02
1.929488331079483032e-01
-7.692089676856994629e-01
-4.165629148483276367e-01
-1.970492243766784668e+00
-1.370705962181091309e-01
6.801974028348922729e-02
-1.347609281539916992e+00
-9.843239188194274902e-02
-1.500985741615295410e+00
4.793617427349090576e-01
-2.012136936187744141e+00
2.698944807052612305e-01
-6.838718652725219727e-01
-7.817641496658325195e-01
-7.010204792022705078e-01
1.035675764083862305e+00
-4.941482841968536377e-01
-3.828288018703460693e-01
3.376423418521881104e-01
-7.019266486167907715e-01
-3.966776281595230103e-02
1.342764735221862793e+00
1.130255497992038727e-02
2.422862797975540161e-01
3.030498884618282318e-02
-5.442435741424560547e-01
1.959349028766155243e-02
4.743266105651855469e-01
8.546788692474365234e-01
-1.375644803047180176e+00
-4.789359271526336670e-01
-1.397837877273559570e+00
-2.767589688301086426e-01
-5.400921702384948730e-01
-2.696991264820098877e-01
9.249044060707092285e-01
-1.094458937644958496e+00
6.597633957862854004e-01
-4.363062083721160889e-01
1.472183465957641602e+00
-6.405781954526901245e-02
-7.509886026382446289e-01
-4.322786629199981689e-01
4.319397807121276855e-01
1.195756047964096069e-01
-1.713869124650955200e-01
5.100728273391723633e-01
1.674498558044433594e+00
-1.052300572395324707e+00
3.129517734050750732e-01
-7.818757295608520508e-01
-1.213213682174682617e+00
3.719060122966766357e-01
2.688171267509460449e-01
-1.436379998922348022e-01
-6.852028965950012207e-01
8.627228140830993652e-01
1.276743769645690918e+00
1.708821296691894531e+00
1.333590507507324219e+00
3.954525887966156006e-01
3.902662694454193115e-01
-2.276182025671005249e-01
-3.296771347522735596e-01
6.158534884452819824e-01
4.518126547336578369e-01
-3.015426695346832275e-01
-1.081649541854858398e+00
-5.870837569236755371e-01
-1.625547856092453003e-01
-5.976179242134094238e-01
-5.693058371543884277e-01
-4.273362755775451660e-01
-2.292397171258926392e-01
3.555222973227500916e-02
-2.043311446905136108e-01
9.859170019626617432e-02
-6.504565477371215820e-01
-2.589231133460998535e-01
6.049908995628356934e-01
1.122796773910522461e+00
3.859769999980926514e-01
-6.368261575698852539e-01
-2.732692360877990723e-01
-9.748592972755432129e-01
4.825535416603088379e-01
-3.053791448473930359e-02
-1.086679339408874512e+00
-2.925754189491271973e-01
-3.812868595123291016e-01
1.035590410232543945e+00
-2.139374017715454102e-01
1.383370876312255859e+00
-2.857126295566558838e-01
-6.583365201950073242e-01
-1.571019172668457031e+00
5.778474211692810059e-01
1.042571961879730225e-01
1.446502923965454102e+00
-2.033651024103164673e-01
-2.895494401454925537e-01
2.346995353698730469e+00
2.198090702295303345e-01
5.955951213836669922e-01
1.856187582015991211e-01
-8.007858991622924805e-01
1.139469265937805176e+00
-7.907333374023437500e-01
1.142006874084472656e+00
1.526123881340026855e-01
3.985039889812469482e-01
-3.482907116413116455e-01
4.697785973548889160e-01
3.727756142616271973e-01
6.146841645240783691e-01
1.350643038749694824e-01
2.527137517929077148e+00
-1.054551079869270325e-01
1.055023074150085449e+00
-3.608675003051757812e-01
1.366829514503479004e+00
-1.095827579498291016e+00
2.737466692924499512e-01
3.096047639846801758e-01
-1.078399419784545898e+00
-4.879009127616882324e-01
9.411006569862365723e-01
-4.774445891380310059e-01
4.243992865085601807e-01
3.391365706920623779e-01
3.821095228195190430e-01
3.705944716930389404e-01
-4.481526911258697510e-01
-1.392233252525329590e+00
-1.900025457143783569e-02
-4.701186120510101318e-01
1.489210367202758789e+00
-1.195995956659317017e-01
-7.686890959739685059e-01
1.396240949630737305e+00
-8.042139410972595215e-01
2.729636132717132568e-01
8.579692244529724121e-01
6.506216712296009064e-03
-7.980601787567138672e-01
2.972108423709869385e-01
5.237127542495727539e-01
-9.717597961425781250e-01
1.769016087055206299e-01
6.451285630464553833e-02
1.285379171371459961e+00
-1.313060760498046875e+00
-6.562013030052185059e-01
8.570505380630493164e-01
-4.865883588790893555e-01
1.075884938240051270e+00
8.680933713912963867e-01
-1.002139568328857422e+00
-4.175625741481781006e-01
-1.805146694183349609e+00
6.627681255340576172e-01
1.621956005692481995e-02
-4.120041429996490479e-01
6.375452876091003418e-01
1.230591177940368652e+00
4.858217239379882812e-01
-1.446727275848388672e+00
8.658484555780887604e-03
1.600261211395263672e+00
6.210117414593696594e-02
1.283581137657165527e+00
5.901858806610107422e-01
-1.148691058158874512e+00
-2.467653602361679077e-01
2.883399128913879395e-01
-2.142612218856811523e+00
