-1.877906918525695801e-01
-1.337773203849792480e+00
5.898157954216003418e-01
1.252127170562744141e+00
1.313699603080749512e+00
-1.865745186805725098e+00
-7.847638130187988281e-01
1.076878428459167480e+00
-4.892477095127105713e-01
-2.378427982330322266e-02
7.620851993560791016e-01
2.350076287984848022e-01
8.822121471166610718e-02
6.174102053046226501e-02
8.865261673927307129e-01
-4.724397659301757812e-01
4.090422689914703369e-01
-1.038866639137268066e+00
-4.146721959114074707e-01
3.701885044574737549e-01
-3.438307344913482666e-01
-2.303812354803085327e-01
8.826786875724792480e-01
8.588788658380508423e-02
-2.344080358743667603e-01
-1.043623566627502441e+00
-2.550104260444641113e-01
1.664947748184204102e+00
4.347473084926605225e-01
6.087819933891296387e-01
9.142535328865051270e-01
-6.050353646278381348e-01
1.106161028146743774e-01
-1.535242497920989990e-01
9.733744263648986816e-01
5.080522894859313965e-01
-3.446074724197387695e-01
-1.089546203613281250e+00
2.230281829833984375e+00
-4.205088913440704346e-01
4.810700416564941406e-01
-1.341808438301086426e+00
-3.840103745460510254e-01
2.578336000442504883e+00
-1.253569871187210083e-01
1.829750895500183105e+00
-1.007521390914916992e+00
-1.637836575508117676e+00
-1.113409757614135742e+00
2.685226678848266602e+00
-7.163772583007812500e-01
-2.657855860888957977e-02
-4.746648371219635010e-01
-6.921222209930419922e-01
-2.338179945945739746e-01
-1.285095572471618652e+00
3.848918974399566650e-01
-3.606665730476379395e-01
-5.736659765243530273e-01
1.007915973663330078e+00
3.477086126804351807e-01
-6.913406848907470703e-01
4.321382641792297363e-01
1.304845452308654785e+00
-1.086959838867187500e+00
-1.168426513671875000e+00
-1.076719164848327637e+00
8.164834976196289062e-01
4.396450519561767578e-01
1.957712471485137939e-01
-6.821311116218566895e-01
6.716416031122207642e-02
8.324398994445800781e-01
8.729033470153808594e-01
9.322348833084106445e-01
5.952566862106323242e-01
4.928469955921173096e-01
1.096431732177734375e+00
2.632826864719390869e-01
1.216443777084350586e-01
-6.632625460624694824e-01
-3.868940472602844238e-01
-4.659986197948455811e-01
-2.350952029228210449e-01
4.999145865440368652e-01
-7.807786464691162109e-01
1.146085932850837708e-01
-5.619814991950988770e-01
2.855609416961669922e+00
6.362622976303100586e-01
1.760378479957580566e-01
-6.638914942741394043e-01
-1.667407393455505371e+00
-1.299154162406921387e+00
8.283545970916748047e-01
-5.239492058753967285e-01
-7.477394938468933105e-01
4.110278785228729248e-01
-9.573635458946228027e-01
6.754412055015563965e-01
-8.038554191589355469e-01
-4.328840076923370361e-01
-3.843889534473419189e-01
3.705470860004425049e-01
7.512709498405456543e-01
-1.298642344772815704e-02
1.574680507183074951e-01
-4.024767875671386719e-01
-6.801227331161499023e-01
1.360284805297851562e+00
-8.023882508277893066e-01
6.842393279075622559e-01
-6.865444779396057129e-01
1.906595192849636078e-02
-1.584591746330261230e+00
8.281279206275939941e-01
3.018122315406799316e-01
1.088226079940795898e+00
-3.663162589073181152e-01
1.304467678070068359e+00
-1.370338678359985352e+00
1.163178443908691406e+00
5.250746756792068481e-02
8.431946039199829102e-01
2.540596961975097656e+00
-1.558397293090820312e+00
1.284584999084472656e+00
2.043791860342025757e-01
8.702866435050964355e-01
5.213500857353210449e-01
2.587988674640655518e-01
1.007571935653686523e+00
-8.126802444458007812e-01
-1.313520431518554688e+00
1.445483088493347168e+00
-3.629013299942016602e-01
-3.248670324683189392e-02
-5.769780278205871582e-01
4.075267016887664795e-01
1.673474311828613281e+00
9.463330507278442383e-01
1.355724334716796875e-01
-6.552043557167053223e-01
4.816525578498840332e-01
-2.158311009407043457e-01
1.081506252288818359e+00
1.401406764984130859e+00
7.667225599288940430e-02
8.873289227485656738e-01
-7.965764999389648438e-01
1.478510618209838867e+00
9.359381198883056641e-01
-5.886653661727905273e-01
-6.886133551597595215e-01
6.504663825035095215e-01
-9.846851229667663574e-02
7.295560091733932495e-02
-1.934701919555664062e+00
-6.625822186470031738e-02
-9.302693605422973633e-01
-1.876507639884948730e+00
3.416721820831298828e-01
-3.194374144077301025e-01
-1.429822742938995361e-01
9.091697931289672852e-01
-2.031813859939575195e+00
8.232399076223373413e-02
4.420309364795684814e-01
4.280155003070831299e-01
-3.844993591308593750e+00
4.096122086048126221e-01
2.372127532958984375e+00
1.221070364117622375e-01
-6.244413852691650391e-01
8.107957243919372559e-01
3.610738813877105713e-01
6.154571771621704102e-01
8.637482523918151855e-01
-8.974560499191284180e-01
-9.685096144676208496e-01
8.328816294670104980e-01
-1.421791166067123413e-01
1.279405713081359863e+00
-5.865439176559448242e-01
-1.340223699808120728e-01
-9.690515398979187012e-01
-3.097648024559020996e-01
-2.458848476409912109e+00
3.333058953285217285e-01
4.260512292385101318e-01
7.316133975982666016e-01
-2.891155481338500977e-01
-2.558777034282684326e-01
2.145652532577514648e+00
1.420560479164123535e+00
6.913740187883377075e-02
-4.117309153079986572e-01
7.730111479759216309e-02
-1.223618149757385254e+00
-8.038448095321655273e-01
-3.054482698440551758e+00
-1.546869724988937378e-01
1.904940962791442871e+00
5.157799124717712402e-01
-3.368582427501678467e-01
-1.437675952911376953e-01
-4.997344017028808594e-01
-8.998103141784667969e-01
1.398064732551574707e+00
4.805837869644165039e-01
6.919111609458923340e-01
-3.626827895641326904e-01
1.409205049276351929e-01
-2.470525205135345459e-01
1.617729067802429199e-01
-1.842921137809753418e+00
-3.281665742397308350e-01
-1.119447574019432068e-01
1.551534533500671387e+00
-6.961444020271301270e-01
-1.347168326377868652e+00
2.332518808543682098e-02
-2.216738760471343994e-01
-4.846003651618957520e-01
-8.007690310478210449e-02
-8.909752368927001953e-01
-9.216262102127075195e-01
1.095247030258178711e+00
1.305301308631896973e+00
-1.311283469200134277e+00
-1.394209861755371094e+00
-6.184603571891784668e-01
5.910643339157104492e-01
-9.338150024414062500e-01
-1.450041532516479492e+00
-2.567085027694702148e-01
7.785678505897521973e-01
2.464868426322937012e-01
1.902809590101242065e-01
-2.092681527137756348e-01
1.119575738906860352e+00
1.364518642425537109e+00
-5.937082171440124512e-01
1.310572504997253418e+00
7.708455324172973633e-01
-1.795006394386291504e-01
-4.155431687831878662e-01
1.130859136581420898e+00
7.138124704360961914e-01
-2.047308444976806641e+00
5.898030400276184082e-01
1.257216185331344604e-01
7.831594944000244141e-01
8.464710116386413574e-01
4.483542144298553467e-01
2.992654442787170410e-01
-1.088289260864257812e+00
-7.751471996307373047e-01
1.063169613480567932e-01
7.415099740028381348e-01
7.447113394737243652e-01
-1.270887553691864014e-01
-6.637257337570190430e-01
-7.349378615617752075e-02
-4.133464992046356201e-01
1.156928241252899170e-01
1.637125760316848755e-01
4.156999886035919189e-01
-1.611487388610839844e+00
-5.017986893653869629e-01
-8.325782418251037598e-01
-7.306880354881286621e-01
6.046647951006889343e-02
1.260922253131866455e-01
-2.117511332035064697e-01
1.469126820564270020e+00
1.018358588218688965e+00
-2.271830588579177856e-01
-2.211924076080322266e+00
3.381655514240264893e-01
-1.772027760744094849e-01
4.761692285537719727e-01
-4.762540161609649658e-01
-9.435746669769287109e-01
-6.437959074974060059e-01
5.938556790351867676e-01
5.087729096412658691e-01
-6.222200393676757812e-01
6.305494904518127441e-01
-4.513336420059204102e-01
3.026506304740905762e-01
-4.097524583339691162e-01
-2.144654095172882080e-02
-2.414377480745315552e-01
2.513617277145385742e-01
1.045384183526039124e-01
1.227392435073852539e+00
-4.077931642532348633e-01
-2.743738293647766113e-01
-1.947758316993713379e+00
-6.231943368911743164e-01
-4.378622472286224365e-01
8.156858682632446289e-01
-1.569942943751811981e-02
-8.081625103950500488e-01
7.669951021671295166e-02
-5.246014147996902466e-02
3.577394485473632812e+00
7.529001235961914062e-01
-2.956548146903514862e-02
-2.086545705795288086e+00
2.811717987060546875e-01
6.183828115463256836e-01
-1.115015029907226562e+00
-1.073714792728424072e-01
-6.239322423934936523e-01
-1.550460308790206909e-01
-4.140318632125854492e-01
-1.847058534622192383e+00
7.617385685443878174e-02
-7.915334701538085938e-01
2.912118136882781982e-01
1.830293059349060059e+00
-8.298264145851135254e-01
-2.179257392883300781e+00
3.813240230083465576e-01
6.957064270973205566e-01
2.700265347957611084e-01
7.034851908683776855e-01
1.822390198707580566e+00
-1.084210157394409180e+00
7.453694343566894531e-01
-6.534781306982040405e-02
2.085912078619003296e-01
-6.481749415397644043e-01
1.712218880653381348e+00
-1.280860155820846558e-01
6.091861724853515625e-01
-4.391473531723022461e-01
-8.990998566150665283e-02
-6.273080110549926758e-01
-7.319632917642593384e-02
-8.529166579246520996e-01
-4.407996311783790588e-02
-4.228939488530158997e-02
2.069194912910461426e-01
-6.903902888298034668e-01
6.691244840621948242e-01
1.133861303329467773e+00
3.947637081146240234e-01
2.527686953544616699e-01
7.144655585289001465e-01
5.793624520301818848e-01
-5.386204719543457031e-01
-4.778826236724853516e-01
1.171074748039245605e+00
-1.297955811023712158e-01
4.075073823332786560e-02
-2.578680813312530518e-01
1.646885871887207031e-01
-9.113755226135253906e-01
-1.955185651779174805e+00
8.476923108100891113e-01
3.552322983741760254e-01
-9.463914036750793457e-01
-4.584567844867706299e-01
-3.841303288936614990e-01
-4.604881703853607178e-01
9.909618645906448364e-02
9.460068345069885254e-01
-2.125444889068603516e+00
4.881229102611541748e-01
-2.565300166606903076e-01
9.807154536247253418e-01
1.561824679374694824e-01
-4.574334621429443359e-01
-6.519858539104461670e-02
-6.343251466751098633e-01
1.611155748367309570e+00
-1.269739031791687012e+00
-1.019451975822448730e+00
3.704053461551666260e-01
-1.690367162227630615e-01
-4.742486178874969482e-01
9.183577299118041992e-01
-4.142582789063453674e-02
7.072725892066955566e-01
2.405047267675399780e-01
4.306437671184539795e-01
1.821569800376892090e-01
1.105394482612609863e+00
-1.386628627777099609e+00
-7.647694945335388184e-01
1.494689702987670898e+00
8.842839002609252930e-01
-9.321190118789672852e-01
1.786134392023086548e-01
-2.423444539308547974e-01
-7.188559174537658691e-01
7.074860930442810059e-01
-2.194284796714782715e-01
-1.187095046043395996e+00
8.208665996789932251e-02
-1.507406234741210938e-01
-6.424246430397033691e-01
9.683203101158142090e-01
-3.680927753448486328e-01
1.111664772033691406e+00
5.141091346740722656e-01
5.657433867454528809e-01
3.654868304729461670e-01
-2.061845779418945312e+00
3.525342047214508057e-01
-9.539209604263305664e-01
-2.666688859462738037e-01
6.376066207885742188e-01
-5.792410969734191895e-01
9.137031435966491699e-01
-1.383760571479797363e+00
-3.591412603855133057e-01
-5.639446377754211426e-01
-1.891079068183898926e+00
1.151336953043937683e-01
-2.117680549621582031e+00
-4.377907514572143555e-01
4.784689843654632568e-01
-1.165622249245643616e-01
-7.319996356964111328e-01
-1.001474738121032715e+00
1.328764557838439941e+00
-6.657324433326721191e-01
5.810752511024475098e-01
-4.705805480480194092e-01
3.357661962509155273e-01
-2.654303908348083496e-01
6.095519661903381348e-01
2.361139655113220215e-01
-2.699362039566040039e-01
-1.105631947517395020e+00
7.411723136901855469e-01
-1.417344093322753906e+00
-1.350027680397033691e+00
-4.878540039062500000e-01
1.409621477127075195e+00
-3.696110844612121582e-01
1.016351342201232910e+00
1.096689462661743164e+00
-6.292160153388977051e-01
-2.993846870958805084e-02
-4.583044946193695068e-01
-8.500927686691284180e-01
-1.371454834938049316e+00
-1.301459789276123047e+00
5.596690773963928223e-01
-1.209476590156555176e+00
1.962753057479858398e+00
-1.277113199234008789e+00
-9.926373362541198730e-01
1.029606699943542480e+00
1.287395119667053223e+00
2.211099714040756226e-01
4.877184033393859863e-01
-8.109495639801025391e-01
-4.953089728951454163e-02
-6.156287789344787598e-01
-1.443675160408020020e+00
-1.546850502490997314e-01
7.467283010482788086e-01
6.249694824218750000e-01
7.020607590675354004e-01
-3.640330731868743896e-01
-2.410024166107177734e+00
1.653413891792297363e+00
-1.806164741516113281e+00
3.701049089431762695e-01
4.858815371990203857e-01
-8.661735057830810547e-01
-4.816141128540039062e-01
-1.025153517723083496e+00
-2.052206546068191528e-01
-1.147191524505615234e+00
-3.685990571975708008e-01
-1.447415947914123535e+00
1.297142744064331055e+00
-8.251645565032958984e-01
-7.441678047180175781e-01
-2.077446281909942627e-01
1.402362704277038574e+00
-1.010215282440185547e+00
-3.418740034103393555e-01
1.550907045602798462e-01
7.463862895965576172e-01
-1.079049825668334961e+00
-1.175313711166381836e+00
-2.450739383697509766e+00
4.133797883987426758e-01
5.685777664184570312e-01
-1.066736698150634766e+00
4.847530424594879150e-01
7.658201456069946289e-01
1.210545182228088379e+00
8.289842009544372559e-01
9.390628933906555176e-01
9.560637474060058594e-01
3.553485274314880371e-01
1.114926263689994812e-01
-1.205874681472778320e+00
-2.161650359630584717e-01
3.403542339801788330e-01
-8.738574981689453125e-01
6.507692933082580566e-01
1.557045578956604004e-01
-8.830105066299438477e-01
-1.429934501647949219e+00
1.112248539924621582e+00
1.336715221405029297e-01
-2.102013111114501953e+00
9.840043187141418457e-01
-4.812546074390411377e-02
-4.029468595981597900e-01
-1.631191968917846680e-01
1.096096355468034744e-03
5.742444396018981934e-01
2.632506191730499268e-01
-9.709462523460388184e-01
-1.503029763698577881e-01
1.107743024826049805e+00
5.269246697425842285e-01
1.278093457221984863e+00
-1.295111060142517090e+00
-3.118791244924068451e-02
5.950934886932373047e-01
-4.681355655193328857e-01
1.387109041213989258e+00
-3.318143486976623535e-01
1.693846940994262695e+00
-2.285323292016983032e-01
-7.735042572021484375e-01
2.042932510375976562e+00
-2.347924560308456421e-01
7.995930314064025879e-01
1.037639021873474121e+00
-2.240489125251770020e-01
2.955688536167144775e-01
-1.573877811431884766e+00
-1.433553576469421387e+00
5.165724158287048340e-01
2.017967104911804199e-01
2.897455692291259766e-01
-5.905414223670959473e-01
4.051539674401283264e-02
-2.908127009868621826e-02
4.197998642921447754e-01
7.601901143789291382e-02
1.423984646797180176e+00
-5.742845535278320312e-01
-1.522866338491439819e-01
1.009697794914245605e+00
-1.965717524290084839e-01
-9.191202521324157715e-01
-2.626599967479705811e-01
-6.691684722900390625e-01
7.983721792697906494e-03
1.803331971168518066e-01
2.201865434646606445e+00
1.104234978556632996e-01
-6.719826161861419678e-02
5.479782819747924805e-01
-1.450200080871582031e+00
-1.044180989265441895e+00
-3.721738755702972412e-01
-2.741582691669464111e-01
-3.826449811458587646e-02
-1.284426450729370117e+00
2.923749983310699463e-01
1.053186580538749695e-01
-7.996399402618408203e-01
1.255323290824890137e+00
3.404861688613891602e-01
3.240848183631896973e-01
-9.108529686927795410e-01
8.929556608200073242e-01
3.322297334671020508e-02
-3.993459343910217285e-01
5.430349707603454590e-01
6.373233199119567871e-01
-4.816520512104034424e-01
-4.179929792881011963e-01
-4.375973641872406006e-01
-9.060223698616027832e-01
-1.666046828031539917e-01
-7.749582529067993164e-01
8.311189413070678711e-01
8.365407586097717285e-02
-1.750745475292205811e-01
-2.324104547500610352e+00
-6.580188870429992676e-01
-2.448155358433723450e-02
2.818591296672821045e-01
-3.775535523891448975e-02
-1.889543294906616211e+00
8.789714574813842773e-01
2.605850100517272949e-01
9.642597287893295288e-02
8.825356489978730679e-04
4.914725422859191895e-01
-4.913951456546783447e-01
-5.092850923538208008e-01
-3.674820065498352051e-01
-1.081228494644165039e+00
4.892253875732421875e-01
-9.503126740455627441e-01
3.884111940860748291e-01
8.365242481231689453e-01
7.862672805786132812e-01
-8.575320988893508911e-02
-6.673453450202941895e-01
-2.401788085699081421e-01
-3.185505270957946777e-01
3.344923555850982666e-01
1.387202262878417969e+00
-6.365338563919067383e-01
-6.958839297294616699e-01
-1.622221231460571289e+00
-1.470053553581237793e+00
-5.248143672943115234e-01
-9.702878594398498535e-01
-2.665329277515411377e-01
-3.868415355682373047e-01
1.779075622558593750e+00
3.068363070487976074e-01
2.097733259201049805e+00
7.388801574707031250e-01
1.235673427581787109e+00
-1.227643117308616638e-01
1.914648175239562988e+00
7.013214826583862305e-01
-3.211532160639762878e-02
1.462176144123077393e-01
-5.495388060808181763e-02
-6.801077723503112793e-01
4.022956788539886475e-01
-1.205793768167495728e-01
-1.778690218925476074e+00
-1.411160469055175781e+00
2.858112379908561707e-02
-4.247680604457855225e-01
-9.983490109443664551e-01
-3.057169355452060699e-02
1.317681312561035156e+00
1.382167577743530273e+00
5.081328153610229492e-01
-4.298402667045593262e-01
3.081455230712890625e-01
-1.110584139823913574e+00
-2.642670273780822754e-01
1.205343231558799744e-01
6.136587262153625488e-01
-1.000891327857971191e-01
-5.320506095886230469e-01
6.587554812431335449e-01
1.064737439155578613e+00
2.326923012733459473e-01
-8.578100204467773438e-01
-7.711006402969360352e-01
1.082318186759948730e+00
1.304422616958618164e-01
1.220418453216552734e+00
-1.187428385019302368e-01
-6.673296689987182617e-01
2.908429205417633057e-01
9.785480499267578125e-01
9.726836681365966797e-01
-1.126975059509277344e+00
-2.836470007896423340e-01
6.647769808769226074e-01
-8.524011075496673584e-02
-7.316546887159347534e-02
-9.382160007953643799e-02
3.669935464859008789e-01
-6.673335433006286621e-01
1.370090991258621216e-01
9.442813694477081299e-02
-1.176858663558959961e+00
9.823656082153320312e-01
-5.474423170089721680e-01
-4.038949906826019287e-01
-9.842845201492309570e-01
-5.040777325630187988e-01
9.845779538154602051e-01
9.740188717842102051e-01
-1.405285149812698364e-01
2.165962308645248413e-01
1.834280371665954590e+00
-4.447823166847229004e-01
2.650245428085327148e-01
-5.108368396759033203e-01
-1.057122707366943359e+00
1.134817525744438171e-01
-9.983342885971069336e-01
2.986386790871620178e-02
1.457308232784271240e-01
-1.744237422943115234e+00
7.954943776130676270e-01
7.382250577211380005e-02
-9.573781490325927734e-01
2.955513894557952881e-01
-3.168655633926391602e-01
2.052621364593505859e+00
1.167783617973327637e+00
7.425364255905151367e-01
-4.082911610603332520e-01
2.854636907577514648e+00
-1.875718310475349426e-02
8.081144690513610840e-01
1.150677651166915894e-01
-1.663279891014099121e+00
-8.568918108940124512e-01
-5.569266676902770996e-01
4.752104878425598145e-01
4.453843832015991211e-01
8.147959113121032715e-01
2.315296888351440430e+00
-9.405373930931091309e-01
4.295288920402526855e-01
-1.031987547874450684e+00
5.566785931587219238e-01
-5.223295092582702637e-01
1.723450183868408203e+00
-1.047691345214843750e+00
9.028376340866088867e-01
9.595164656639099121e-01
-2.071386814117431641e+00
-1.638763099908828735e-01
1.518474817276000977e+00
9.791821241378784180e-01
-1.010670661926269531e+00
9.177368134260177612e-02
-3.035364747047424316e-01
-8.850613236427307129e-02
-1.009042859077453613e+00
-1.646081686019897461e+00
3.018234252929687500e+00
-3.740892410278320312e-01
1.330281645059585571e-01
-9.967626929283142090e-01
-5.632127523422241211e-01
3.981831073760986328e-01
8.407377451658248901e-02
-2.115650177001953125e+00
-5.219092369079589844e-01
-1.336521983146667480e+00
3.410016000270843506e-01
-3.679667040705680847e-02
-6.314868927001953125e-01
-5.165865421295166016e-01
2.979010581970214844e+00
-2.006569206714630127e-01
-1.023056149482727051e+00
1.460606008768081665e-01
-5.934187769889831543e-01
2.271027565002441406e-01
4.453329741954803467e-01
3.695240318775177002e-01
-2.933494448661804199e-01
3.102688193321228027e-01
4.890118539333343506e-01
-5.851528644561767578e-01
