3.069518208503723145e-01
1.269744187593460083e-01
3.783417940139770508e-01
5.635040625929832458e-02
3.829957544803619385e-01
-1.556595921516418457e+00
3.095029294490814209e-01
1.594392776489257812e+00
1.255915999412536621e+00
-1.189682446420192719e-02
8.709002137184143066e-01
5.506049394607543945e-01
-1.338756799697875977e+00
5.075664725154638290e-03
-4.442774951457977295e-01
-7.442116737365722656e-02
7.104402780532836914e-01
2.975481189787387848e-02
-4.580863416194915771e-01
8.636963367462158203e-01
2.732858955860137939e-01
5.176845192909240723e-01
1.171200871467590332e+00
-1.726576089859008789e-01
1.345530867576599121e+00
-7.223443388938903809e-01
-7.037882208824157715e-01
8.728071451187133789e-01
4.881021678447723389e-01
-7.326224446296691895e-01
1.928874254226684570e+00
-1.122219800949096680e+00
-3.558792173862457275e-01
-2.385978221893310547e+00
-1.445030868053436279e-01
-1.156464591622352600e-01
-8.214154839515686035e-01
-2.063184976577758789e-01
5.756505131721496582e-01
-4.951404929161071777e-01
7.149839997291564941e-01
1.140497088432312012e+00
-4.343228638172149658e-01
-4.437924921512603760e-01
-1.396759003400802612e-01
1.754791975021362305e+00
-4.036797583103179932e-02
-1.484158873558044434e+00
-4.795279800891876221e-01
2.065752267837524414e+00
-1.039547994732856750e-01
-6.007619500160217285e-01
-2.226688526570796967e-02
-1.124855995178222656e+00
7.876147031784057617e-01
-1.950521588325500488e+00
3.194093406200408936e-01
-3.273375630378723145e-01
-1.009292125701904297e+00
1.817357838153839111e-01
8.528228402137756348e-01
-1.115181684494018555e+00
3.780232965946197510e-01
1.224377393722534180e+00
-8.301012516021728516e-01
1.428805589675903320e-01
-1.908704519271850586e+00
4.978507459163665771e-01
5.524645447731018066e-01
1.058030962944030762e+00
2.531069815158843994e-01
4.310800433158874512e-01
-1.484865508973598480e-02
1.037902474403381348e+00
-5.018587708473205566e-01
3.161761164665222168e-02
4.502854943275451660e-01
1.339791178703308105e+00
-7.619700431823730469e-01
8.274973034858703613e-01
2.731066197156906128e-02
-2.874792814254760742e-01
-1.097548127174377441e+00
1.080798745155334473e+00
2.638849616050720215e-01
-1.003862023353576660e-01
-3.712414950132369995e-02
-3.313624486327171326e-02
2.831216812133789062e+00
8.053784966468811035e-01
2.662618160247802734e-01
-1.914246320724487305e+00
2.679265141487121582e-01
8.419111371040344238e-01
1.252218604087829590e+00
4.132436215877532959e-01
-1.154408574104309082e+00
3.758578896522521973e-01
5.796837061643600464e-02
4.903316795825958252e-01
3.919085022062063217e-03
-7.783489823341369629e-01
1.141033768653869629e+00
2.076807737350463867e+00
8.335038423538208008e-01
-8.965190052986145020e-01
7.865054011344909668e-01
5.638940334320068359e-01
4.594190716743469238e-01
4.726610481739044189e-01
-8.114523887634277344e-01
-1.190016627311706543e+00
-1.453608423471450806e-01
-8.548232167959213257e-02
-9.192959666252136230e-01
1.334244012832641602e-02
3.348868712782859802e-02
2.242674678564071655e-01
-8.603522777557373047e-01
9.778935462236404419e-02
7.666959166526794434e-01
2.533461093902587891e+00
7.708200067281723022e-02
-6.912806034088134766e-01
-1.339367777109146118e-02
-1.688989758491516113e+00
1.917613744735717773e-01
5.163742303848266602e-01
8.932256102561950684e-01
-6.931924223899841309e-01
-2.088823080062866211e+00
2.717547118663787842e-01
-6.178835034370422363e-01
1.177708745002746582e+00
1.883611559867858887e+00
-6.542389392852783203e-01
-7.616524696350097656e-01
-9.277013540267944336e-01
-8.688410520553588867e-01
-1.497505903244018555e+00
-7.826648354530334473e-01
-3.058306574821472168e-01
1.293201684951782227e+00
1.968297660350799561e-01
1.275830715894699097e-01
-6.231366991996765137e-01
6.041548848152160645e-01
1.479672670364379883e+00
-1.531632691621780396e-01
7.536933571100234985e-02
1.225222349166870117e+00
1.292152166366577148e+00
6.136331558227539062e-01
8.775830864906311035e-01
-5.247565507888793945e-01
2.206951528787612915e-01
-5.871035456657409668e-01
-2.026912212371826172e+00
-1.009032487869262695e+00
-7.326381802558898926e-01
-4.321401417255401611e-01
2.593386888504028320e+00
-3.183754384517669678e-01
-1.387010663747787476e-01
9.088734984397888184e-01
2.997682094573974609e-01
1.665890514850616455e-01
-1.737881898880004883e-01
1.907576471567153931e-01
-7.530023455619812012e-01
-8.191171288490295410e-02
1.901358008384704590e+00
9.886159002780914307e-02
3.071329295635223389e-01
4.680331349372863770e-01
-6.128707528114318848e-01
1.104223251342773438e+00
-1.316784262657165527e+00
-2.260079860687255859e+00
-2.703648805618286133e-01
-3.202944099903106689e-01
-8.150180578231811523e-01
1.094514429569244385e-01
-3.711543679237365723e-01
1.353893399238586426e+00
-1.032359480857849121e+00
-9.735758304595947266e-01
-3.168753623962402344e+00
-3.409043252468109131e-01
4.505892097949981689e-01
2.669251561164855957e-01
2.113432995975017548e-02
-1.824406683444976807e-01
2.009751081466674805e+00
5.492148920893669128e-03
-2.235421538352966309e-01
-2.434215247631072998e-01
2.692431211471557617e-01
-2.096934318542480469e+00
-3.632164895534515381e-01
-1.706271052360534668e+00
-3.471099734306335449e-01
5.183656215667724609e-01
-5.076455473899841309e-01
2.623592019081115723e-01
-7.150946259498596191e-01
-1.102862358093261719e+00
-1.394742965698242188e+00
9.524277448654174805e-01
3.971059247851371765e-02
1.120416641235351562e+00
7.408040761947631836e-01
5.219389796257019043e-01
-2.133186608552932739e-01
5.354626178741455078e-01
-7.141010761260986328e-01
3.674423396587371826e-01
-6.498908400535583496e-01
6.988802552223205566e-01
-2.611830532550811768e-01
-1.175418257713317871e+00
9.495535492897033691e-01
5.949687957763671875e-01
-2.687946856021881104e-01
-7.635194063186645508e-01
-2.442121058702468872e-01
-1.355722784996032715e+00
9.973611831665039062e-01
-5.097526907920837402e-01
-1.173072904348373413e-01
7.953380942344665527e-01
-7.584470510482788086e-01
1.348464965820312500e+00
-2.717969417572021484e-01
5.938097834587097168e-02
-6.398677825927734375e-01
-1.431264579296112061e-01
9.800426363945007324e-01
-1.527560710906982422e+00
7.791187167167663574e-01
1.668950200080871582e+00
1.701491832733154297e+00
-7.650185823440551758e-01
1.025234386324882507e-01
-7.298466563224792480e-01
-4.182449877262115479e-01
-1.136400103569030762e+00
-7.639495730400085449e-01
1.301391005516052246e+00
-1.099696874618530273e+00
3.148927390575408936e-01
-8.817873597145080566e-01
6.482625007629394531e-01
-2.337520718574523926e-01
4.476414918899536133e-01
2.682995498180389404e-01
-1.428781002759933472e-01
5.753128528594970703e-01
5.965770483016967773e-01
5.473361164331436157e-02
1.053884863853454590e+00
7.718961238861083984e-01
-1.059082865715026855e+00
-1.857897639274597168e+00
8.596968650817871094e-01
5.533246397972106934e-01
1.714147925376892090e-01
-2.520174980163574219e-01
-1.285760641098022461e+00
6.854645013809204102e-01
-6.084167361259460449e-01
-4.809257090091705322e-01
6.946198940277099609e-01
4.175481498241424561e-01
1.003233671188354492e+00
8.450766801834106445e-01
5.956805944442749023e-01
1.390113774687051773e-02
-3.203394114971160889e-01
-8.166221380233764648e-01
-1.029868006706237793e+00
-1.848159730434417725e-01
-1.185109615325927734e+00
2.946099936962127686e-01
-5.496965050697326660e-01
-7.734443992376327515e-02
6.295300126075744629e-01
-4.092732965946197510e-01
1.989216059446334839e-01
1.017803549766540527e+00
8.129555732011795044e-02
-1.318093240261077881e-01
-2.808536291122436523e-01
5.473128557205200195e-01
8.004154264926910400e-02
8.599094152450561523e-01
9.389470219612121582e-01
-1.171115994453430176e+00
6.521636992692947388e-02
-6.404798626899719238e-01
-1.841204590164124966e-03
4.364443570375442505e-02
9.665659070014953613e-02
-1.845574229955673218e-01
2.391558885574340820e-01
-6.730922460556030273e-01
-1.656423687934875488e+00
1.326284170150756836e+00
1.155273318290710449e+00
5.849027633666992188e-01
-7.873468399047851562e-01
1.917468756437301636e-01
3.008569180965423584e-01
-1.813423633575439453e+00
1.260912418365478516e-01
3.555299639701843262e-01
-1.283115893602371216e-01
-1.793394535779953003e-01
-1.032790899276733398e+00
-1.630782246589660645e+00
4.023768305778503418e-01
-1.258747458457946777e+00
6.713804602622985840e-01
6.718261241912841797e-01
-4.339176714420318604e-01
-9.886083602905273438e-01
1.569874212145805359e-02
-1.006921291351318359e+00
3.011069893836975098e-01
-3.103445470333099365e-01
-1.227108597755432129e+00
-1.318471550941467285e+00
8.590135574340820312e-01
-9.749979376792907715e-01
-2.323724776506423950e-01
3.521695435047149658e-01
-9.878981113433837891e-01
4.846520125865936279e-01
3.183003365993499756e-01
-6.251526474952697754e-01
-1.751339584589004517e-01
-9.929875135421752930e-01
1.118933081626892090e+00
-2.544039189815521240e-01
8.497771620750427246e-01
-1.705256253480911255e-01
1.024658754467964172e-01
8.660648018121719360e-02
1.160232067108154297e+00
-7.249210476875305176e-01
4.990091025829315186e-01
-4.367996454238891602e-01
3.798319101333618164e-01
-8.224496245384216309e-01
-1.263648152351379395e+00
1.791936755180358887e-01
1.082620620727539062e+00
1.062984347343444824e+00
-7.903789281845092773e-01
-8.132314682006835938e-01
-7.440398931503295898e-01
-1.556989073753356934e+00
4.702183306217193604e-01
2.805676162242889404e-01
-1.220788717269897461e+00
-4.010081887245178223e-01
-2.715555727481842041e-01
4.258618503808975220e-02
1.442313343286514282e-01
1.519880056381225586e+00
1.009819626808166504e+00
8.153248578310012817e-02
-4.960555955767631531e-02
1.153406500816345215e-01
6.430317759513854980e-01
9.407579302787780762e-01
2.618367969989776611e-02
1.794957667589187622e-01
4.577459990978240967e-01
-8.484162688255310059e-01
-7.926412224769592285e-01
-2.667888998985290527e-02
-1.500681489706039429e-01
-8.379108309745788574e-01
1.125833153724670410e+00
1.711476922035217285e+00
1.636065542697906494e-01
-8.735903501510620117e-01
-4.122949838638305664e-01
9.814073331654071808e-03
2.095774888992309570e+00
-1.821601241827011108e-01
-8.848364949226379395e-01
9.420471787452697754e-01
5.949854254722595215e-01
-9.283494353294372559e-01
-7.310259938240051270e-01
2.157916724681854248e-01
6.102096289396286011e-03
1.137124776840209961e+00
-1.512663245201110840e+00
-7.433941364288330078e-01
6.780924201011657715e-01
4.747311398386955261e-02
5.880777239799499512e-01
-9.320216178894042969e-01
-1.060052394866943359e+00
7.636895775794982910e-01
2.335161566734313965e-01
1.286783576011657715e+00
5.562927126884460449e-01
-2.272850751876831055e+00
-4.693517684936523438e-01
-8.469476699829101562e-01
-1.078162670135498047e+00
-1.007153153419494629e+00
-3.932197391986846924e-01
1.470629572868347168e+00
1.338839530944824219e+00
1.126803755760192871e+00
9.272902011871337891e-01
-3.813661038875579834e-01
-9.244034290313720703e-01
-2.249141693115234375e+00
-5.250234529376029968e-02
-1.242712497711181641e+00
-7.326533794403076172e-01
-1.975880712270736694e-01
3.694684505462646484e-01
1.404574155807495117e+00
-1.585331857204437256e-01
7.306402921676635742e-01
2.204720675945281982e-01
3.399384319782257080e-01
1.471598029136657715e+00
5.450989007949829102e-01
8.782752156257629395e-01
-4.135071635246276855e-01
-1.020724654197692871e+00
3.405420482158660889e-01
-1.122786402702331543e+00
-8.812350034713745117e-01
-3.008998930454254150e-01
-4.747962355613708496e-01
-9.377040714025497437e-02
3.314829468727111816e-01
-1.516914248466491699e+00
9.392971396446228027e-01
-7.730136513710021973e-01
3.283785581588745117e-01
-8.994407653808593750e-01
3.428095579147338867e-01
-1.366090625524520874e-01
8.091329336166381836e-01
2.097530514001846313e-01
8.214718103408813477e-01
-6.934096217155456543e-01
-4.831466972827911377e-01
1.103474140167236328e+00
1.500224828720092773e+00
-5.063997507095336914e-01
-9.020543694496154785e-01
-6.606415510177612305e-01
-5.664923414587974548e-02
-7.388758659362792969e-01
-7.646279782056808472e-02
-1.348143666982650757e-01
6.025942564010620117e-01
4.581074416637420654e-01
-6.862668693065643311e-02
-2.920281291007995605e-01
-1.885915875434875488e+00
5.656772851943969727e-01
2.133171409368515015e-01
-7.131391763687133789e-01
-4.308645054697990417e-02
-1.039047241210937500e+00
2.719376564025878906e+00
1.054296016693115234e+00
4.877792894840240479e-01
-1.179889798164367676e+00
-8.190973401069641113e-01
-1.087346792221069336e+00
1.147380948066711426e+00
-7.275564670562744141e-01
-1.041000336408615112e-01
8.125518560409545898e-01
7.739314436912536621e-01
-1.150054335594177246e+00
1.211691275238990784e-01
-7.209859490394592285e-01
-8.171596378087997437e-02
-4.755235314369201660e-01
-3.095164895057678223e-01
-1.076179862022399902e+00
7.634212374687194824e-01
8.543044924736022949e-01
-6.310638189315795898e-01
3.405019938945770264e-01
4.601106643676757812e-01
-5.544992685317993164e-01
3.305516839027404785e-01
1.772391319274902344e+00
8.460954427719116211e-01
4.559059441089630127e-01
1.500835776329040527e+00
-6.832023859024047852e-01
-3.500090241432189941e-01
-8.149823546409606934e-01
-1.026241898536682129e+00
2.740347087383270264e-01
-1.890426993370056152e+00
-8.984494209289550781e-01
-4.666247665882110596e-01
2.271591871976852417e-02
3.899468481540679932e-01
-2.161298036575317383e+00
-4.881182610988616943e-01
-1.601935247890651226e-03
-2.317493557929992676e-01
1.037788748741149902e+00
-8.254180550575256348e-01
-2.631391286849975586e-01
5.150372385978698730e-01
-2.846606731414794922e+00
3.915390670299530029e-01
2.331103324890136719e+00
5.163596272468566895e-01
2.231874704360961914e+00
-1.263383746147155762e+00
-4.912062287330627441e-01
-3.841971457004547119e-01
-9.097056388854980469e-01
5.614755153656005859e-01
-7.526124715805053711e-01
-1.160054206848144531e+00
-5.870054364204406738e-01
-1.823095530271530151e-01
8.627510070800781250e-01
5.181558728218078613e-01
1.393912911415100098e+00
9.950003027915954590e-01
1.012379407882690430e+00
1.038873910903930664e+00
-9.180032014846801758e-01
-6.133136749267578125e-01
9.800731539726257324e-01
1.486312299966812134e-01
9.782543182373046875e-01
7.148827910423278809e-01
-7.160813808441162109e-01
-4.394876360893249512e-01
2.485181689262390137e-01
-2.189747989177703857e-01
1.180535197257995605e+00
-3.583634793758392334e-01
-5.025698542594909668e-01
7.146808505058288574e-01
-7.625743150711059570e-01
-1.588677644729614258e+00
2.034359872341156006e-01
-1.185726188123226166e-02
-7.790665626525878906e-01
-1.954615674912929535e-02
-3.437191247940063477e-01
3.621866106986999512e-01
-2.224018983542919159e-02
1.202156186103820801e+00
-1.119153022766113281e+00
-4.400036036968231201e-01
-5.063419938087463379e-01
-5.732742547988891602e-01
2.534629404544830322e-01
1.318130642175674438e-01
9.145801067352294922e-01
-1.022014021873474121e-01
-1.301022529602050781e+00
-5.953469872474670410e-01
7.518134117126464844e-01
2.398919314146041870e-01
-1.563608944416046143e-01
-9.473832696676254272e-02
4.571593403816223145e-01
-1.662130236625671387e+00
-1.318922340869903564e-01
1.684197425842285156e+00
-2.969432175159454346e-01
-5.221787095069885254e-01
-7.026506066322326660e-01
-2.660434007644653320e+00
-4.976268485188484192e-02
-4.061266481876373291e-01
-5.339850112795829773e-02
-7.303848266601562500e-01
8.007545769214630127e-02
-1.921232819557189941e+00
-8.860850334167480469e-02
4.844704270362854004e-01
-1.447808384895324707e+00
-6.417912840843200684e-01
-1.458066463470458984e+00
3.297660946846008301e-01
-1.563348412513732910e+00
4.855113327503204346e-01
-5.381334424018859863e-01
-1.222989678382873535e+00
-7.192394137382507324e-01
8.391151428222656250e-01
-3.421342372894287109e-01
-4.535834193229675293e-01
-1.854245662689208984e-01
-4.345884621143341064e-01
-4.785260930657386780e-02
1.153341412544250488e+00
2.476050704717636108e-01
2.891472280025482178e-01
6.854515522718429565e-02
-1.116824820637702942e-01
4.033796787261962891e-01
8.616811037063598633e-01
1.096857905387878418e+00
-2.148975372314453125e+00
-5.392839312553405762e-01
-1.622748732566833496e+00
-8.303079009056091309e-01
-2.806019484996795654e-01
-3.427004814147949219e-01
9.296954274177551270e-01
-9.850460886955261230e-01
6.937786340713500977e-01
-5.112735927104949951e-02
1.320838212966918945e+00
6.974468231201171875e-01
-1.587862133979797363e+00
1.314782351255416870e-01
4.084643423557281494e-01
9.522470831871032715e-02
3.807542100548744202e-02
1.684675179421901703e-02
1.211632251739501953e+00
-1.552511811256408691e+00
1.365974247455596924e-01
-1.894527971744537354e-01
-1.446733474731445312e+00
-2.484105154871940613e-02
6.291482448577880859e-01
-3.045693635940551758e-01
-5.000172853469848633e-01
5.954321026802062988e-01
1.142579793930053711e+00
1.318315148353576660e+00
1.591504454612731934e+00
1.523157656192779541e-01
-1.445952057838439941e-01
-3.419628143310546875e-01
-7.442772984504699707e-01
1.980953812599182129e-01
4.974159300327301025e-01
-9.326908737421035767e-02
-8.615489006042480469e-01
-5.374097824096679688e-01
-2.234653085470199585e-01
-4.993162751197814941e-01
-8.305643200874328613e-01
-3.052306473255157471e-01
1.237768456339836121e-01
6.116709113121032715e-01
4.337264597415924072e-01
-1.549681872129440308e-01
-5.231926441192626953e-01
-1.080562174320220947e-01
6.541321277618408203e-01
1.141586661338806152e+00
4.682291746139526367e-01
-6.698071956634521484e-01
-2.791327536106109619e-01
-6.492362022399902344e-01
2.134621888399124146e-01
-5.437745153903961182e-02
-3.671483397483825684e-01
-2.836116552352905273e-01
-4.258913695812225342e-01
7.799350619316101074e-01
-5.015895962715148926e-01
1.541730642318725586e+00
-5.851533412933349609e-01
-2.576115727424621582e-01
-1.463064074516296387e+00
1.224017858505249023e+00
-2.682950347661972046e-02
1.360042452812194824e+00
-9.621145576238632202e-02
-7.008863687515258789e-01
1.537719011306762695e+00
-1.621102392673492432e-01
8.795771598815917969e-01
4.269480407238006592e-01
-9.229611158370971680e-01
5.351413488388061523e-01
-7.376735806465148926e-01
1.041397094726562500e+00
3.773695603013038635e-02
-1.077187359333038330e-01
-7.769336104393005371e-01
3.190126419067382812e-01
3.005061447620391846e-01
2.188472449779510498e-01
4.893373847007751465e-01
2.685049772262573242e+00
3.886642456054687500e-01
1.533488988876342773e+00
1.665536761283874512e-01
1.021628022193908691e+00
-6.312351822853088379e-01
1.134885773062705994e-01
4.932076036930084229e-01
-9.264283776283264160e-01
-7.502952218055725098e-01
1.277850389480590820e+00
-3.112944066524505615e-01
3.078981637954711914e-01
1.146453693509101868e-01
1.599478125572204590e-01
7.721604108810424805e-01
-5.884384512901306152e-01
-1.494374632835388184e+00
-9.280912578105926514e-02
-7.055786848068237305e-01
1.173580050468444824e+00
-7.975382208824157715e-01
-1.146194219589233398e+00
1.881269931793212891e+00
-6.313183307647705078e-01
3.439365327358245850e-01
1.170240998268127441e+00
2.131119370460510254e-01
-7.710000872611999512e-01
4.372171461582183838e-01
4.038010835647583008e-01
-6.522933244705200195e-01
6.678425073623657227e-01
3.406786322593688965e-01
1.718555450439453125e+00
-1.035385489463806152e+00
-1.293998599052429199e+00
1.481276512145996094e+00
-2.395744621753692627e-01
1.317857980728149414e+00
4.286025464534759521e-01
-6.384567022323608398e-01
-5.227558016777038574e-01
-1.532917380332946777e+00
4.318177103996276855e-01
-2.847543954849243164e-01
-5.605532974004745483e-02
9.908784627914428711e-01
1.479467868804931641e+00
5.606122612953186035e-01
-6.459665298461914062e-01
2.573178149759769440e-02
1.538014650344848633e+00
-3.494008257985115051e-02
1.254760384559631348e+00
6.415051817893981934e-01
-1.812953233718872070e+00
1.430266350507736206e-01
9.714832901954650879e-01
-2.138239145278930664e+00
