1.350191235542297363e-01
-4.541813135147094727e-01
2.294348180294036865e-01
-1.935007423162460327e-01
4.671370089054107666e-01
-1.118126392364501953e+00
-2.486926466226577759e-01
1.912873148918151855e+00
1.315771222114562988e+00
1.283992171287536621e+00
1.918176710605621338e-01
1.481708765029907227e+00
-1.556697785854339600e-01
1.293988585472106934e+00
-4.355237185955047607e-01
-7.912434637546539307e-02
4.580537676811218262e-01
2.798046469688415527e-01
-1.452417850494384766e+00
8.279141783714294434e-01
-4.098249971866607666e-01
-1.849146932363510132e-01
6.142894029617309570e-01
2.219791561365127563e-01
1.423486232757568359e+00
-1.889754384756088257e-01
-2.643064558506011963e-01
4.262235760688781738e-01
7.063708305358886719e-01
-3.888457715511322021e-01
1.192398667335510254e+00
-7.860381007194519043e-01
-2.283747792243957520e-01
-1.204330563545227051e+00
-2.202886193990707397e-01
-2.141863852739334106e-01
8.375982940196990967e-02
-1.163977503776550293e+00
5.761925578117370605e-01
-9.714007973670959473e-01
2.102456092834472656e+00
3.274315893650054932e-01
-6.533762812614440918e-01
9.648479521274566650e-02
-1.184172630310058594e-01
1.011841893196105957e+00
-2.575009465217590332e-01
-1.529563188552856445e+00
6.214033961296081543e-01
8.916983008384704590e-01
-9.351701289415359497e-02
-4.909034669399261475e-01
-2.503308355808258057e-01
-8.109954595565795898e-01
7.305360436439514160e-01
-1.402097463607788086e+00
5.873379111289978027e-01
-3.510305881500244141e-01
-1.619427651166915894e-01
3.049663007259368896e-01
9.100865125656127930e-01
-8.763569593429565430e-01
7.828069925308227539e-01
1.478955864906311035e+00
-1.179766178131103516e+00
-2.342078238725662231e-01
-2.215764760971069336e+00
-3.424530029296875000e-01
3.377897143363952637e-01
1.317532777786254883e+00
-4.337788522243499756e-01
6.642339229583740234e-01
6.164962649345397949e-01
5.446133613586425781e-01
3.510385751724243164e-02
3.440536558628082275e-01
-3.707249760627746582e-01
3.651730120182037354e-01
-7.401298880577087402e-01
-1.160736456513404846e-01
7.327851057052612305e-01
7.032899856567382812e-01
3.187782317399978638e-02
-3.021675944328308105e-01
7.381248474121093750e-01
-8.887328505516052246e-01
-5.231369286775588989e-02
3.505592644214630127e-01
3.211722850799560547e+00
2.721581161022186279e-01
-2.712494730949401855e-01
-1.796486496925354004e+00
5.942679643630981445e-01
1.433547735214233398e+00
1.300142168998718262e+00
2.468451261520385742e-01
-7.509177923202514648e-01
2.280928194522857666e-01
3.045409023761749268e-01
5.966905951499938965e-01
-1.069920778274536133e+00
-1.395769596099853516e+00
5.792382359504699707e-01
1.175754547119140625e+00
7.945408672094345093e-02
-8.078858256340026855e-01
1.742174386978149414e+00
1.027853012084960938e+00
4.671263098716735840e-01
-4.372629895806312561e-02
-7.516214251518249512e-01
-4.255533814430236816e-01
-7.763502597808837891e-01
-1.293900460004806519e-01
-5.594139695167541504e-01
-4.503428041934967041e-01
2.788198888301849365e-01
3.580559194087982178e-01
-1.618021428585052490e-01
5.670279264450073242e-01
-2.023204714059829712e-01
8.437030315399169922e-01
-7.615135312080383301e-01
2.265886813402175903e-01
3.656913638114929199e-01
-3.187969028949737549e-01
1.288265705108642578e+00
1.048434972763061523e-01
4.589022994041442871e-01
-4.330029487609863281e-01
-1.794987082481384277e+00
-7.616446167230606079e-02
2.246789634227752686e-01
-4.911300539970397949e-02
1.581399917602539062e+00
-1.690407395362854004e+00
9.530122280120849609e-01
-1.081372261047363281e+00
-1.101789832115173340e+00
-6.145927906036376953e-01
-2.294198870658874512e-01
-2.422806806862354279e-02
-5.131761431694030762e-01
1.374324798583984375e+00
-1.945236027240753174e-01
-1.615496128797531128e-01
9.759512543678283691e-01
8.233783841133117676e-01
-2.194115221500396729e-01
-1.764138042926788330e-01
1.554933905601501465e+00
8.045007586479187012e-01
1.739470171742141247e-03
7.466222643852233887e-01
5.376732349395751953e-01
6.344425082206726074e-01
-6.733872890472412109e-01
-1.554624319076538086e+00
-2.304948270320892334e-01
8.179885894060134888e-02
-2.819203436374664307e-01
1.124927878379821777e+00
-5.489188432693481445e-01
-5.893622636795043945e-01
9.675667285919189453e-01
2.793898582458496094e-01
8.872464299201965332e-01
2.595094963908195496e-02
-1.231500059366226196e-01
-1.633272767066955566e+00
3.281604349613189697e-01
1.732973217964172363e+00
8.458741754293441772e-02
4.825522303581237793e-01
3.608828186988830566e-01
-9.316313862800598145e-01
-3.273829519748687744e-01
-3.179284036159515381e-01
-2.300058841705322266e+00
-8.039036393165588379e-01
7.053462266921997070e-01
-6.968417167663574219e-01
1.494317799806594849e-01
-8.698319792747497559e-01
4.802663922309875488e-01
-1.021887660026550293e+00
-1.190994262695312500e+00
-3.700673580169677734e+00
-1.254045218229293823e-01
6.003115177154541016e-01
3.919228017330169678e-01
-3.740187287330627441e-01
-9.848554730415344238e-01
2.323661327362060547e+00
4.769626557826995850e-01
2.307764254510402679e-02
-5.127605795860290527e-01
-5.896319746971130371e-01
-8.188016414642333984e-01
-5.882149934768676758e-01
-1.770115971565246582e+00
1.532945036888122559e+00
2.202251702547073364e-01
-3.233504295349121094e-01
9.069373458623886108e-02
-3.301047906279563904e-02
-1.181587696075439453e+00
-1.622866868972778320e+00
3.234120309352874756e-01
-9.253998845815658569e-02
1.028937816619873047e+00
9.872457981109619141e-01
2.579171061515808105e-01
-6.394841670989990234e-01
1.140012025833129883e+00
-6.412727832794189453e-01
-3.235107958316802979e-01
-1.027995944023132324e+00
-6.557215452194213867e-01
-5.167297124862670898e-01
-6.526014804840087891e-01
-7.386022061109542847e-02
2.876342535018920898e-01
-4.080899655818939209e-01
-2.461207099258899689e-02
-1.345667871646583080e-03
-8.174811005592346191e-01
-1.408038735389709473e-01
2.493158280849456787e-01
1.268492490053176880e-01
5.702991485595703125e-01
-1.267501235008239746e+00
5.766918063163757324e-01
2.087009847164154053e-01
-1.502457022666931152e+00
-9.635030627250671387e-01
4.429560899734497070e-01
1.682191491127014160e-01
-1.181242704391479492e+00
3.069424331188201904e-01
1.250872731208801270e+00
2.161380290985107422e+00
4.523457884788513184e-01
-1.761997938156127930e-01
-1.483724355697631836e+00
-1.928694695234298706e-01
-5.507528781890869141e-01
-2.713702917098999023e-01
1.452164769172668457e+00
-9.463568329811096191e-01
1.281597465276718140e-01
-5.972402170300483704e-02
7.138991951942443848e-01
2.587717175483703613e-01
1.052831530570983887e+00
1.328948736190795898e-01
-4.342308640480041504e-01
4.875336289405822754e-01
1.892372667789459229e-01
1.706635206937789917e-01
7.272664308547973633e-01
5.642478466033935547e-01
1.839344054460525513e-01
-2.764545083045959473e-01
4.642370939254760742e-01
1.608514040708541870e-01
2.102831602096557617e-01
-8.118923902511596680e-01
-1.292866945266723633e+00
-3.260031640529632568e-01
-3.367441296577453613e-01
-1.103249073028564453e+00
7.668905258178710938e-01
-5.823935195803642273e-02
7.613692879676818848e-01
9.835897684097290039e-01
1.103841543197631836e+00
-5.840666126459836960e-03
-1.370751142501831055e+00
-2.499921172857284546e-01
-3.313849568367004395e-01
1.956919133663177490e-01
1.440902501344680786e-01
-1.750401109457015991e-01
-7.785125374794006348e-01
-1.515916436910629272e-01
5.089032053947448730e-01
-3.271619081497192383e-01
-2.886823713779449463e-01
9.012420773506164551e-01
2.136271893978118896e-01
-2.204115390777587891e-01
-1.016242623329162598e+00
3.273982405662536621e-01
-2.548372372984886169e-02
1.001150488853454590e+00
1.678928494453430176e+00
-1.446577906608581543e-01
-2.964184880256652832e-01
-2.381963282823562622e-01
-6.646476984024047852e-01
2.435510903596878052e-01
7.852258086204528809e-01
-1.928082257509231567e-01
-2.585617303848266602e-01
-4.627683460712432861e-01
-1.707916855812072754e+00
1.738001704216003418e+00
1.325813174247741699e+00
-4.899712502956390381e-01
-7.918540835380554199e-01
2.068333327770233154e-02
4.386707544326782227e-01
-2.036670446395874023e+00
-7.710244059562683105e-01
5.859705805778503418e-01
-1.232726126909255981e-01
-1.271178007125854492e+00
-3.841535151004791260e-01
-3.493387997150421143e-01
-6.733428239822387695e-01
-8.643640279769897461e-01
1.159198760986328125e+00
5.548465847969055176e-01
-9.965420365333557129e-01
3.351728618144989014e-01
-4.045451283454895020e-01
-2.527841627597808838e-01
7.228231430053710938e-01
-6.374736428260803223e-01
-1.475675463676452637e+00
-8.420320153236389160e-01
1.086979746818542480e+00
-8.843047618865966797e-01
-8.178652524948120117e-01
1.642488986253738403e-01
-1.330254316329956055e+00
6.716629266738891602e-01
3.074063360691070557e-01
-5.114950537681579590e-01
-4.585348069667816162e-02
-2.948001027107238770e-01
5.029197335243225098e-01
4.067259132862091064e-01
8.933264017105102539e-01
-7.722052931785583496e-02
-1.940117627382278442e-01
-7.145463228225708008e-01
1.062913060188293457e+00
-1.305553078651428223e+00
5.636890605092048645e-02
-1.384914040565490723e+00
2.093629539012908936e-01
-1.117335796356201172e+00
-4.308624863624572754e-01
8.008644580841064453e-01
1.156830430030822754e+00
8.378931879997253418e-01
1.258725076913833618e-01
-2.494700402021408081e-01
-9.907298684120178223e-01
-1.931432843208312988e+00
1.229653596878051758e+00
-2.441550940275192261e-01
-1.189631462097167969e+00
-6.265825778245925903e-02
-4.350112080574035645e-01
7.370672225952148438e-01
4.480574727058410645e-01
4.595336019992828369e-01
5.869663357734680176e-01
-8.731580525636672974e-02
3.795799911022186279e-01
1.186495497822761536e-01
8.606330752372741699e-01
1.587156653404235840e-01
1.664420664310455322e-01
2.294346541166305542e-01
7.011906504631042480e-01
-5.891512036323547363e-01
-7.562750577926635742e-01
-1.691603064537048340e-01
-1.457478702068328857e-01
2.545067854225635529e-02
3.911713957786560059e-01
1.182778239250183105e+00
-5.605588555335998535e-01
-4.220672845840454102e-01
-4.512945935130119324e-02
1.733551174402236938e-01
1.068641662597656250e+00
2.295198440551757812e-01
-8.497100472450256348e-01
1.142300605773925781e+00
4.061686396598815918e-01
-1.305186390876770020e+00
2.824046611785888672e-01
3.743002712726593018e-01
-1.613995805382728577e-02
-1.714189648628234863e-01
-6.566714048385620117e-01
-3.154970407485961914e-01
9.480649828910827637e-01
-1.342083573341369629e+00
1.184414267539978027e+00
-9.716724157333374023e-01
1.740851253271102905e-01
6.536204218864440918e-01
1.096284389495849609e-01
4.625192284584045410e-01
-7.091812491416931152e-01
-2.342572212219238281e+00
-4.056234359741210938e-01
-1.388235449790954590e+00
-5.129341483116149902e-01
-4.546862542629241943e-01
1.638254284858703613e+00
2.190272808074951172e+00
1.465580105781555176e+00
1.461774408817291260e-01
4.178459644317626953e-01
-4.596469104290008545e-01
-9.698325395584106445e-01
-2.438845396041870117e+00
2.710278630256652832e-01
-5.507743954658508301e-01
-8.469213247299194336e-01
-2.076898217201232910e-01
-5.141276866197586060e-02
1.880222856998443604e-01
6.343438029289245605e-01
1.850192070007324219e+00
-3.838040828704833984e-01
4.507779777050018311e-01
1.729265809059143066e+00
-3.143271505832672119e-01
6.364266276359558105e-01
-7.671473026275634766e-01
-9.091950058937072754e-01
-1.866977214813232422e-01
-2.406099796295166016e+00
-1.272949934005737305e+00
2.117246091365814209e-01
-1.357488334178924561e-01
-3.203831315040588379e-01
-3.305068612098693848e-01
-4.378698766231536865e-01
7.733454108238220215e-01
-4.935484230518341064e-01
4.856516793370246887e-02
-4.508303403854370117e-01
-9.791070818901062012e-01
-4.590775966644287109e-01
7.397501468658447266e-01
-9.152745008468627930e-01
1.403638362884521484e+00
-1.075398325920104980e+00
-5.929940342903137207e-01
1.347831368446350098e+00
9.617182016372680664e-01
-1.058970093727111816e+00
2.315372079610824585e-01
1.209790036082267761e-01
2.777408361434936523e-01
-9.333731532096862793e-01
-8.356322050094604492e-01
-6.064609885215759277e-01
1.628719717264175415e-01
5.757456421852111816e-01
8.378958702087402344e-01
-4.284290075302124023e-01
-2.525660276412963867e+00
8.869225978851318359e-01
-6.705000400543212891e-01
-8.559893369674682617e-01
-1.491308808326721191e-01
-5.528453588485717773e-01
9.794171452522277832e-01
5.357669591903686523e-01
2.589290440082550049e-01
-1.069223999977111816e+00
-2.869306504726409912e-01
-1.993561506271362305e+00
1.302966117858886719e+00
-1.257876396179199219e+00
-2.499429136514663696e-01
1.813945055007934570e+00
-4.327187687158584595e-02
-1.201562762260437012e+00
4.864182323217391968e-02
-8.708484172821044922e-01
1.892636269330978394e-01
9.841240942478179932e-02
4.366679117083549500e-02
-1.150672197341918945e+00
1.283693909645080566e-01
9.871891736984252930e-01
-3.420767486095428467e-01
-5.291298031806945801e-03
4.247364401817321777e-01
-8.790698051452636719e-01
1.221722513437271118e-01
1.331038475036621094e+00
9.176831245422363281e-01
7.580842971801757812e-01
9.553606510162353516e-01
-8.918252587318420410e-01
-6.603317707777023315e-02
-1.478221654891967773e+00
-1.310762524604797363e+00
8.822976946830749512e-01
-2.152854919433593750e+00
-1.113062620162963867e+00
9.158098697662353516e-02
5.224768519401550293e-01
8.634834289550781250e-01
-1.350721478462219238e+00
-1.338932275772094727e+00
1.086628213524818420e-01
-2.977829240262508392e-02
1.361673474311828613e+00
-1.923682391643524170e-01
-2.965631783008575439e-01
-8.748247027397155762e-01
-2.761174201965332031e+00
1.981289535760879517e-01
2.656167745590209961e+00
4.885380268096923828e-01
2.177728176116943359e+00
-1.261212825775146484e+00
-3.006954491138458252e-01
5.136342644691467285e-01
-1.012859582901000977e+00
6.758804917335510254e-01
-1.118003606796264648e+00
-1.089348793029785156e+00
-6.550622582435607910e-01
7.369476556777954102e-02
5.262931585311889648e-01
-1.657362096011638641e-03
1.113216638565063477e+00
9.601781964302062988e-01
1.172497987747192383e+00
1.307882070541381836e+00
-8.510614633560180664e-01
-4.389286041259765625e-01
7.364848852157592773e-01
-4.721339941024780273e-01
1.568883538246154785e+00
-4.957662224769592285e-01
-7.207988500595092773e-01
-1.320279240608215332e+00
1.756062917411327362e-02
-9.077221751213073730e-01
5.801892280578613281e-02
1.682402789592742920e-01
1.474093943834304810e-01
1.069380640983581543e+00
-3.618277013301849365e-01
-7.373538017272949219e-01
-3.730507194995880127e-01
-2.319929599761962891e-01
-1.264915347099304199e+00
-3.368216156959533691e-01
2.057822793722152710e-01
1.092542260885238647e-01
-1.129553467035293579e-01
1.264433264732360840e+00
-7.289711385965347290e-02
-8.999530673027038574e-01
6.073307991027832031e-01
-2.071552515029907227e+00
-3.600165545940399170e-01
3.508244082331657410e-02
1.318449229001998901e-01
1.169775649905204773e-01
-1.135185003280639648e+00
-6.147463321685791016e-01
9.677543491125106812e-02
4.172260463237762451e-01
2.617637217044830322e-01
-4.128235280513763428e-01
-5.980253964662551880e-02
-1.800279915332794189e-01
-7.610722184181213379e-01
1.917417645454406738e+00
1.394524127244949341e-01
1.676403135061264038e-01
-1.185620307922363281e+00
-1.672444105148315430e+00
8.672449588775634766e-01
-1.068942904472351074e+00
1.825205385684967041e-01
-5.910767987370491028e-02
6.173904538154602051e-01
-9.016582965850830078e-01
-3.335538804531097412e-01
9.173203110694885254e-01
-1.585760354995727539e+00
-2.547238171100616455e-01
-8.041676282882690430e-01
2.212639451026916504e-01
-1.927303552627563477e+00
-2.431000582873821259e-02
-4.827377200126647949e-01
3.206894695758819580e-01
-1.023635864257812500e+00
4.406967759132385254e-01
-9.203135967254638672e-03
-4.649924337863922119e-01
2.061520814895629883e-01
-1.274407505989074707e+00
3.918606638908386230e-01
1.412705063819885254e+00
1.658728122711181641e-01
5.436634421348571777e-01
3.940005898475646973e-01
-3.849916458129882812e-01
2.598775625228881836e-01
9.109070301055908203e-01
6.595652103424072266e-01
-1.699463248252868652e+00
-2.266490310430526733e-01
-2.397624030709266663e-02
-6.903505921363830566e-01
-1.563498675823211670e-01
-2.311730086803436279e-01
1.491306543350219727e+00
-1.340703725814819336e+00
1.145150661468505859e+00
2.123382538557052612e-01
1.073207020759582520e+00
-1.672703623771667480e-01
3.250363767147064209e-01
3.176136910915374756e-01
3.337512910366058350e-01
-1.179415732622146606e-01
-7.748759817332029343e-03
4.279893934726715088e-01
-9.650667011737823486e-02
-8.014578223228454590e-01
-5.176619887351989746e-01
-8.597440272569656372e-02
-1.121844053268432617e-01
3.902817964553833008e-01
-1.581619232892990112e-01
-5.343428254127502441e-01
1.001232042908668518e-01
1.173690676689147949e+00
1.463403940200805664e+00
1.967942595481872559e+00
5.723441839218139648e-01
-1.007324978709220886e-01
-4.041246771812438965e-01
1.736686229705810547e-01
-5.203263163566589355e-01
6.810649037361145020e-01
1.049773573875427246e+00
-8.043864965438842773e-01
-8.818348050117492676e-01
-6.644443273544311523e-01
3.800676465034484863e-01
-1.723920255899429321e-01
-9.348401427268981934e-01
-1.281271696090698242e+00
4.603496789932250977e-01
-1.956260502338409424e-01
8.757721185684204102e-01
3.633288443088531494e-01
-3.845272958278656006e-01
-8.645939081907272339e-02
-4.440734907984733582e-02
1.062502026557922363e+00
-5.812913775444030762e-01
-2.149976938962936401e-01
-2.675897181034088135e-01
-8.652653098106384277e-01
6.297873854637145996e-01
-2.969784662127494812e-02
-3.254948854446411133e-01
-8.896868228912353516e-01
9.200955629348754883e-01
4.539605379104614258e-01
1.898882538080215454e-01
1.330262303352355957e+00
3.371849954128265381e-01
-1.818423867225646973e-01
-1.852037906646728516e+00
6.058630347251892090e-01
4.516571760177612305e-01
7.532770037651062012e-01
-8.438947796821594238e-02
-2.675324976444244385e-01
3.265947103500366211e+00
-2.330798506736755371e-01
-1.129925437271595001e-02
-1.133160829544067383e+00
-1.425788879394531250e+00
1.443937540054321289e+00
-9.874257445335388184e-01
1.359918594360351562e+00
1.646990478038787842e-01
-3.499849736690521240e-01
-1.106431245803833008e+00
1.295781850814819336e+00
-6.648520231246948242e-01
8.531125187873840332e-01
6.256513595581054688e-01
1.798715114593505859e+00
-1.370391249656677246e-01
1.431460380554199219e+00
-2.330389767885208130e-01
1.972261667251586914e+00
-7.732497453689575195e-01
7.223077118396759033e-02
1.643411815166473389e-02
-6.159852147102355957e-01
-1.062644004821777344e+00
6.778233051300048828e-01
-3.649868369102478027e-01
-2.332357913255691528e-01
4.653127491474151611e-01
8.238267898559570312e-01
2.609950304031372070e-01
4.563113749027252197e-01
-6.039884090423583984e-01
-4.047413170337677002e-01
5.846149325370788574e-01
1.228285193443298340e+00
3.070030510425567627e-01
-1.782999485731124878e-01
1.215348362922668457e+00
-8.797350525856018066e-01
6.837177276611328125e-01
6.553950905799865723e-01
1.319250166416168213e-01
-4.114480316638946533e-01
1.810972243547439575e-01
7.364990115165710449e-01
-6.321715116500854492e-01
2.383805364370346069e-01
-9.172599315643310547e-01
2.345218896865844727e+00
-4.217247068881988525e-01
-4.294225573539733887e-01
1.223359942436218262e+00
1.347336173057556152e-01
1.089931607246398926e+00
1.606773972511291504e+00
-8.805068135261535645e-01
-1.621643304824829102e+00
-1.447510957717895508e+00
5.092905759811401367e-01
-1.707965284585952759e-01
-4.652014970779418945e-01
-1.079543144442141056e-03
1.430737972259521484e+00
7.882943749427795410e-01
-1.222374081611633301e+00
2.475047856569290161e-02
1.561422348022460938e+00
-1.158637166023254395e+00
2.107155323028564453e+00
4.054249823093414307e-01
-9.343929290771484375e-01
6.133374571800231934e-01
2.512982189655303955e-01
-1.775714039802551270e+00
