-3.591979146003723145e-01
2.153017073869705200e-01
7.107707262039184570e-01
1.823612749576568604e-01
-3.725972399115562439e-02
2.073525451123714447e-02
1.233619213104248047e+00
4.985876679420471191e-01
-6.265730857849121094e-01
-1.161581948399543762e-01
1.945191383361816406e+00
2.501274108886718750e+00
-4.614798128604888916e-01
-1.260573029518127441e+00
-7.209874391555786133e-01
-8.177247047424316406e-01
-1.999828731641173363e-03
-1.695344895124435425e-01
-4.000765979290008545e-01
1.373296260833740234e+00
1.892180591821670532e-01
1.091630160808563232e-01
1.894748568534851074e+00
-4.520952105522155762e-01
2.768899798393249512e-01
-4.358226954936981201e-01
-7.213947772979736328e-01
1.346693873405456543e+00
1.657193660736083984e+00
-6.727225780487060547e-01
5.562469363212585449e-01
-9.692175984382629395e-01
2.428756840527057648e-02
-1.966936737298965454e-01
-6.968517303466796875e-01
1.173810586333274841e-01
1.428404599428176880e-01
-1.330973982810974121e+00
-8.622872829437255859e-01
-1.019968986511230469e+00
1.022908091545104980e+00
1.997588992118835449e+00
1.501966476440429688e+00
-1.120449185371398926e+00
-8.805988430976867676e-01
1.428839206695556641e+00
-8.269108533859252930e-01
-7.207424640655517578e-01
-2.779318392276763916e-01
-3.659314811229705811e-01
1.166019216179847717e-01
-1.321132540702819824e+00
-4.678504765033721924e-01
-1.211880683898925781e+00
1.058820366859436035e+00
-1.010612368583679199e+00
-2.042935937643051147e-01
-1.023882508277893066e+00
-5.902872681617736816e-01
-7.303751260042190552e-02
9.906958043575286865e-02
3.119657933712005615e-01
5.602166056632995605e-01
1.324839353561401367e+00
-1.417970657348632812e+00
5.259712934494018555e-01
-1.561453223228454590e+00
-2.440721839666366577e-01
7.218137383460998535e-01
2.546340525150299072e-01
-1.801568865776062012e+00
4.549750983715057373e-01
8.688815236091613770e-01
-1.440427154302597046e-01
4.296439886093139648e-01
1.445477604866027832e+00
2.451229244470596313e-01
1.414928197860717773e+00
-1.467977404594421387e+00
5.014314055442810059e-01
8.735890984535217285e-01
2.225600630044937134e-01
-1.202024817466735840e+00
8.629974722862243652e-01
-3.609793186187744141e-01
4.621322453022003174e-01
1.483713239431381226e-01
-6.635191291570663452e-02
1.796453475952148438e+00
3.129718899726867676e-01
8.079329729080200195e-01
-4.410233199596405029e-01
5.707034468650817871e-01
4.750172197818756104e-01
3.698130548000335693e-01
-5.697810649871826172e-01
-1.072938203811645508e+00
1.015689224004745483e-01
-5.106496810913085938e-01
1.049838066101074219e+00
-6.231860443949699402e-02
-5.751329064369201660e-01
8.554340600967407227e-01
2.042892456054687500e+00
3.609004974365234375e+00
3.658862113952636719e-01
2.145674824714660645e-01
2.157029211521148682e-01
-9.142094850540161133e-02
-8.259791135787963867e-01
7.699720561504364014e-02
4.937696158885955811e-01
-6.549735069274902344e-01
-9.207044839859008789e-01
-4.570874273777008057e-01
3.538622260093688965e-01
-2.560626864433288574e-01
-1.275252643972635269e-02
3.494479060173034668e-01
1.746027730405330658e-02
-9.292146563529968262e-01
2.006822109222412109e+00
1.902605414390563965e+00
-4.230263233184814453e-01
7.025443315505981445e-01
-2.433827966451644897e-01
-7.551825046539306641e-01
3.664110004901885986e-01
4.592918753623962402e-01
4.679709970951080322e-01
-1.052383780479431152e+00
6.768761277198791504e-01
-8.163625597953796387e-01
6.743642687797546387e-01
2.297170877456665039e+00
-7.425986975431442261e-02
-8.306717872619628906e-01
-6.828331351280212402e-01
-7.788422703742980957e-01
-3.431168496608734131e-01
-2.086332142353057861e-01
-7.784258127212524414e-01
1.291564404964447021e-01
-5.155453681945800781e-01
1.172751307487487793e+00
-1.451765656471252441e+00
3.946879208087921143e-01
1.151404976844787598e+00
-2.301738858222961426e-01
6.393587589263916016e-01
2.589280605316162109e+00
1.594625949859619141e+00
5.509617924690246582e-01
1.041537523269653320e+00
-1.111324310302734375e+00
-5.972020030021667480e-01
2.962460815906524658e-01
-1.223025679588317871e+00
-9.737458229064941406e-01
-2.992089986801147461e-01
5.675485134124755859e-01
8.936581015586853027e-01
6.992162466049194336e-01
3.748468458652496338e-01
-7.300047874450683594e-01
-5.412553548812866211e-01
3.066385686397552490e-01
8.582171201705932617e-01
2.547474205493927002e-01
-1.008738398551940918e+00
1.355294436216354370e-01
1.653948545455932617e+00
-3.024569451808929443e-01
1.402743816375732422e+00
1.776665598154067993e-01
4.140313863754272461e-01
5.847120285034179688e-01
-2.665857374668121338e-01
-2.286674022674560547e+00
-5.650234818458557129e-01
6.670685112476348877e-02
-1.851665496826171875e+00
1.060924053192138672e+00
-1.223616480827331543e+00
1.311849117279052734e+00
3.552849590778350830e-02
-3.511374294757843018e-01
-1.034354567527770996e+00
-9.779890179634094238e-01
6.297877430915832520e-01
-7.334153056144714355e-01
6.799306273460388184e-01
-2.525725364685058594e-01
4.472494721412658691e-01
2.210890501737594604e-01
-1.231209114193916321e-01
-8.348727226257324219e-01
2.349670231342315674e-01
-1.074922800064086914e+00
3.071201741695404053e-01
-2.682394742965698242e+00
2.947984337806701660e-01
-5.318721532821655273e-01
8.949844241142272949e-01
-1.095222607254981995e-01
-4.054780602455139160e-01
-1.155067443847656250e+00
-1.325144886970520020e+00
2.459576874971389771e-01
-8.633039593696594238e-01
6.077730059623718262e-01
1.209036111831665039e+00
-8.094714879989624023e-01
-2.504070848226547241e-02
-2.270130068063735962e-01
-6.100569367408752441e-01
-3.830321431159973145e-01
-5.078465938568115234e-01
8.012119680643081665e-02
8.688650131225585938e-01
-1.268247604370117188e+00
-7.334524393081665039e-02
1.481564342975616455e-01
-4.141996502876281738e-01
-1.657091379165649414e+00
7.474622726440429688e-01
-5.159717798233032227e-01
-1.434123069047927856e-01
-8.632345199584960938e-01
-9.986909627914428711e-01
3.423489630222320557e-01
-2.340012937784194946e-01
1.411767750978469849e-01
-6.793489456176757812e-01
6.059015989303588867e-01
1.277824640274047852e-01
4.159765839576721191e-01
8.449335098266601562e-01
-1.445722699165344238e+00
2.046446129679679871e-02
1.462972640991210938e+00
1.097850799560546875e+00
-2.119245678186416626e-01
3.193825781345367432e-01
-7.622204422950744629e-01
-1.849773824214935303e-01
3.054195083677768707e-02
-1.247694969177246094e+00
4.309013485908508301e-01
-1.210106015205383301e+00
7.466780543327331543e-01
-7.650622129440307617e-01
2.360338926315307617e+00
9.057015180587768555e-01
1.462610840797424316e+00
-4.248817265033721924e-02
3.373267948627471924e-01
4.846877753734588623e-01
-1.112242817878723145e+00
5.717588663101196289e-01
1.594111800193786621e+00
9.718480110168457031e-01
6.700749993324279785e-01
-1.043935298919677734e+00
4.709802865982055664e-01
2.360760979354381561e-02
1.024919033050537109e+00
-2.481421381235122681e-01
-1.386763691902160645e+00
1.175927400588989258e+00
5.451555922627449036e-02
7.942687869071960449e-01
7.316293120384216309e-01
-2.751149237155914307e-01
4.537708759307861328e-01
6.878975033760070801e-01
8.868571519851684570e-01
3.364974260330200195e-01
-9.416397809982299805e-01
1.162124991416931152e+00
-1.318898916244506836e+00
3.693928942084312439e-02
-6.373066902160644531e-01
6.846159696578979492e-01
-6.469228267669677734e-01
-5.369648933410644531e-01
-9.864566326141357422e-01
-3.718159496784210205e-01
6.567481160163879395e-01
6.984125971794128418e-01
-6.365044116973876953e-01
-5.009047389030456543e-01
5.851768851280212402e-01
1.139426708221435547e+00
8.552164435386657715e-01
2.783208191394805908e-01
1.605720877647399902e+00
-3.353762030601501465e-01
-1.834108233451843262e-01
-3.561663925647735596e-01
-1.965501457452774048e-01
3.619953989982604980e-02
-3.287343084812164307e-01
-9.272512793540954590e-01
8.766169548034667969e-01
1.357372105121612549e-01
-1.303050279617309570e+00
3.171918630599975586e+00
1.354512453079223633e+00
1.407289266586303711e+00
8.586584776639938354e-02
-1.570306420326232910e-01
4.778975620865821838e-02
-1.918846487998962402e+00
-1.041089415550231934e+00
-1.654406189918518066e-01
-1.534054875373840332e-01
-1.763760596513748169e-01
-2.129663676023483276e-01
-1.084325313568115234e+00
-8.924321532249450684e-01
-1.540216207504272461e+00
9.483794569969177246e-01
-1.097706794738769531e+00
1.493410915136337280e-01
5.894967317581176758e-01
9.622501730918884277e-01
3.417410552501678467e-01
-1.920611858367919922e-01
-4.470197856426239014e-02
-3.635210394859313965e-01
-9.205758571624755859e-01
-1.527267813682556152e+00
-8.662861585617065430e-01
-1.052323460578918457e+00
2.489573694765567780e-02
-7.865596413612365723e-01
-5.850251913070678711e-01
1.298951506614685059e+00
-1.685682177543640137e+00
-1.006782174110412598e+00
-3.207820415496826172e+00
1.613447070121765137e+00
-9.486190080642700195e-01
3.089893460273742676e-01
-8.718117475509643555e-01
1.525573730468750000e+00
1.892108172178268433e-01
4.513668119907379150e-01
-4.083419591188430786e-02
2.355266958475112915e-01
1.764814704656600952e-01
5.326111614704132080e-02
-9.438425898551940918e-01
-5.490106344223022461e-01
7.517511248588562012e-01
-8.923082947731018066e-01
1.763906598091125488e+00
-4.445419609546661377e-01
-7.964599728584289551e-01
-1.561613082885742188e+00
-2.094968080520629883e+00
5.558270812034606934e-01
-7.710411548614501953e-01
-2.556554973125457764e-01
5.507431626319885254e-01
-4.591302573680877686e-01
-4.832835402339696884e-03
-4.448029212653636932e-04
1.744921565055847168e+00
-4.045367836952209473e-01
4.374233186244964600e-01
9.638872146606445312e-01
1.511710230261087418e-03
3.918324708938598633e-01
-1.446579694747924805e-01
-6.366333365440368652e-01
-1.237073838710784912e-01
1.073745250701904297e+00
-1.682395040988922119e-01
-2.369685649871826172e+00
1.148194909095764160e+00
-1.670258194208145142e-01
-9.527272582054138184e-01
1.991493105888366699e+00
3.004275262355804443e-03
6.848661303520202637e-01
-2.766581475734710693e-01
-3.010705709457397461e-01
1.464884161949157715e+00
1.187694072723388672e+00
2.208069115877151489e-01
-7.411531209945678711e-01
8.748914003372192383e-01
1.571094617247581482e-02
-1.019613623619079590e+00
1.685178637504577637e+00
3.294184803962707520e-01
-6.697331666946411133e-01
2.176694631576538086e+00
-1.857805997133255005e-01
-2.297501713037490845e-01
-1.416530489921569824e+00
-1.422139048576354980e+00
-4.899739027023315430e-01
1.026979684829711914e+00
-8.840638399124145508e-01
1.619193404912948608e-01
4.388233125209808350e-01
4.940653443336486816e-01
-1.027087122201919556e-01
-2.952506542205810547e+00
-5.596952140331268311e-02
-1.127789169549942017e-01
1.047677174210548401e-02
5.476397275924682617e-02
-2.522787749767303467e-01
1.248265624046325684e+00
3.069128990173339844e-01
6.877567768096923828e-01
1.991760283708572388e-01
-1.654541492462158203e+00
-4.575821161270141602e-01
-8.071687817573547363e-01
2.876788675785064697e-01
-8.413031697273254395e-01
-1.401789546012878418e+00
1.420035064220428467e-01
3.035352230072021484e-01
1.624729514122009277e+00
-4.380227625370025635e-01
7.818017601966857910e-01
6.955832839012145996e-01
1.528984665870666504e+00
7.283686399459838867e-01
-5.616300702095031738e-01
1.066624760627746582e+00
-5.449773073196411133e-01
5.939793586730957031e-01
1.460147500038146973e+00
-1.468542218208312988e+00
6.770375967025756836e-01
-1.176685452461242676e+00
-1.174194931983947754e+00
-7.043338418006896973e-01
-4.821779206395149231e-02
-1.404728770256042480e+00
1.379181623458862305e+00
-6.670684814453125000e-01
-8.276728391647338867e-01
3.803055882453918457e-01
1.027259603142738342e-01
5.557277798652648926e-01
1.022041678428649902e+00
7.381489872932434082e-01
3.566107749938964844e-01
-2.943561971187591553e-01
-1.092887520790100098e+00
9.494579434394836426e-01
2.228489890694618225e-02
-4.169921278953552246e-01
-8.529255986213684082e-01
-1.378672599792480469e+00
-1.527044892311096191e+00
-3.511983156204223633e-01
1.405251502990722656e+00
-7.534126639366149902e-01
5.954871177673339844e-01
2.213244736194610596e-01
-4.282080233097076416e-01
-5.644770860671997070e-01
1.038530349731445312e+00
-1.698399782180786133e-01
4.798481985926628113e-02
4.308961927890777588e-01
1.686303615570068359e-01
-5.982371568679809570e-01
2.057613134384155273e+00
1.202060461044311523e+00
-8.553938865661621094e-01
3.139991760253906250e-01
-2.071786165237426758e+00
-1.975369811058044434e+00
1.125728964805603027e+00
1.988824009895324707e+00
-2.409173361957073212e-02
-9.273901581764221191e-02
-3.478835523128509521e-02
-1.398977637290954590e+00
4.043986499309539795e-01
-2.508445739746093750e+00
-1.003919601440429688e+00
3.664224147796630859e-01
1.819952018558979034e-02
-1.654464125633239746e+00
-1.323499679565429688e-01
-5.646138787269592285e-01
-9.196192026138305664e-01
1.642173677682876587e-01
3.833136558532714844e-01
-8.068461418151855469e-01
-7.762909531593322754e-01
1.107131600379943848e+00
1.494236469268798828e+00
3.918904364109039307e-01
8.898552656173706055e-01
-1.857310891151428223e+00
-1.347832560539245605e+00
-3.718083724379539490e-03
-1.317814111709594727e+00
-1.291989326477050781e+00
-1.186178684234619141e+00
-1.354139208793640137e+00
-1.659721851348876953e+00
2.503716200590133667e-02
-1.606985032558441162e-01
-9.702177047729492188e-01
1.704489290714263916e-01
-1.301440894603729248e-01
-5.663135647773742676e-01
7.610041499137878418e-01
-4.597803950309753418e-01
-1.174155950546264648e+00
7.373422384262084961e-01
-2.268138647079467773e+00
2.010016143321990967e-01
1.353531479835510254e+00
-1.037254214286804199e+00
2.198989152908325195e+00
-8.763920068740844727e-01
-1.192584395408630371e+00
-4.753413796424865723e-01
-4.660148918628692627e-01
1.805516839027404785e+00
-1.305025339126586914e+00
1.107579231262207031e+00
-6.965582370758056641e-01
-1.058650612831115723e+00
6.618720889091491699e-01
-8.383927941322326660e-01
6.968743354082107544e-02
1.405201435089111328e+00
1.415619969367980957e+00
-4.881401360034942627e-01
-1.497487187385559082e+00
-1.212242245674133301e+00
5.351556539535522461e-01
1.728528141975402832e+00
1.124350547790527344e+00
1.746309399604797363e-01
5.218495726585388184e-01
-4.136978983879089355e-01
-1.643613129854202271e-01
-6.165577769279479980e-01
4.819102585315704346e-01
-9.266383051872253418e-01
-1.014783754944801331e-01
1.086511760950088501e-01
-2.580541372299194336e-01
-2.186646223068237305e+00
-5.186900496482849121e-01
2.658224999904632568e-01
6.579096317291259766e-01
-3.810058534145355225e-01
-7.031015753746032715e-01
-3.327043652534484863e-01
8.636010885238647461e-01
1.602373003959655762e+00
-6.348844766616821289e-01
-5.657891035079956055e-01
-6.636160612106323242e-02
-5.928280297666788101e-03
4.480088055133819580e-01
8.752148598432540894e-02
-2.938159741461277008e-02
-5.872847884893417358e-02
9.497359991073608398e-01
-1.061871886253356934e+00
9.067866802215576172e-01
-2.163151204586029053e-01
1.505827903747558594e+00
-5.548889636993408203e-01
1.704447746276855469e+00
-1.338673233985900879e+00
1.714437156915664673e-01
1.163132429122924805e+00
7.357275485992431641e-02
1.494017541408538818e-01
-5.308265686035156250e-01
-5.735398530960083008e-01
-4.497638046741485596e-01
1.157788634300231934e+00
-3.328463137149810791e-01
-1.374362587928771973e+00
-6.408743858337402344e-01
-1.872638583183288574e+00
-9.195655584335327148e-01
1.249520033597946167e-01
4.375260472297668457e-01
1.870233938097953796e-02
-1.124055087566375732e-01
1.382678508758544922e+00
-2.158471792936325073e-01
3.761674761772155762e-01
-4.316112101078033447e-01
-2.882575690746307373e-01
4.298042356967926025e-01
9.230728149414062500e-01
-4.142193794250488281e-01
-2.637037038803100586e-01
-5.706828236579895020e-01
-6.376758217811584473e-01
9.095941185951232910e-01
9.063133597373962402e-01
-4.111899733543395996e-01
-3.712961077690124512e-01
-2.455141991376876831e-01
1.602568745613098145e+00
-1.139619424939155579e-01
2.181405872106552124e-01
5.961467623710632324e-01
-1.594609171152114868e-01
1.843130588531494141e-01
-1.119529366493225098e+00
-8.421700596809387207e-01
5.248551443219184875e-02
-1.079200625419616699e+00
2.119994401931762695e+00
-1.635811328887939453e-01
1.519684307277202606e-02
-1.383638262748718262e+00
1.931221246719360352e+00
-2.420120537281036377e-01
7.676702141761779785e-01
1.917915791273117065e-01
2.468190640211105347e-01
-6.714332699775695801e-01
-6.645789146423339844e-01
-7.361293584108352661e-02
8.681034445762634277e-01
-7.971267104148864746e-01
2.271787375211715698e-01
8.343479596078395844e-03
-6.676805019378662109e-02
-8.494580537080764771e-02
-4.255446493625640869e-01
3.404321670532226562e-01
4.458554387092590332e-01
1.358164429664611816e+00
1.282039046287536621e+00
4.160400629043579102e-01
1.784587055444717407e-01
-7.496056705713272095e-02
-1.131621718406677246e+00
-1.134096384048461914e+00
-5.665771961212158203e-01
1.021008372306823730e+00
-2.538253962993621826e-01
1.435162127017974854e-01
-1.402232408523559570e+00
-7.659050822257995605e-01
-7.057187706232070923e-02
-4.104698300361633301e-01
-7.317857146263122559e-01
-9.934482574462890625e-01
-1.969017833471298218e-01
1.237567424774169922e+00
7.322450280189514160e-01
2.137955129146575928e-01
-1.152554631233215332e+00
4.065925180912017822e-01
1.171353578567504883e+00
3.332127332687377930e-01
-4.268220067024230957e-02
-4.711682498455047607e-01
6.294202804565429688e-01
2.908580601215362549e-01
-9.331222176551818848e-01
-1.214522048830986023e-01
1.279549300670623779e-02
-1.152429223060607910e+00
9.583503603935241699e-01
6.776509881019592285e-01
-1.515936702489852905e-01
1.816400408744812012e+00
-3.596382439136505127e-01
-1.068728923797607422e+00
-1.657196879386901855e+00
-6.902649998664855957e-01
-3.827121555805206299e-01
1.896859705448150635e-01
-8.080381751060485840e-01
-1.284648060798645020e+00
-2.175527065992355347e-01
-3.031772673130035400e-01
2.304210364818572998e-01
-3.422204852104187012e-01
-1.978196024894714355e+00
4.832195341587066650e-01
-1.284901261329650879e+00
1.368880629539489746e+00
1.271746307611465454e-01
8.156570792198181152e-01
5.603835582733154297e-01
7.658032178878784180e-01
-6.794717311859130859e-01
3.920608460903167725e-01
9.678442031145095825e-02
2.225384712219238281e+00
3.670706450939178467e-01
1.325483083724975586e+00
4.985998272895812988e-01
8.395020961761474609e-01
-7.430933713912963867e-01
-4.232541024684906006e-01
1.251424551010131836e-01
-1.683729171752929688e+00
-9.664940834045410156e-01
8.090362548828125000e-01
4.425943493843078613e-01
1.107931137084960938e+00
1.781227290630340576e-01
1.527701616287231445e-01
7.226275801658630371e-01
7.710797339677810669e-02
-1.369576334953308105e+00
8.988342881202697754e-01
4.138065278530120850e-01
7.433160543441772461e-01
-5.645477175712585449e-01
-8.355932831764221191e-01
1.358188033103942871e+00
-4.658158421516418457e-01
8.541184663772583008e-01
4.003156423568725586e-01
4.159891977906227112e-04
2.278198599815368652e-01
3.872676938772201538e-02
1.271021515130996704e-01
-9.537350535392761230e-01
-1.380542278289794922e+00
1.140094995498657227e+00
4.181319177150726318e-01
-7.818162441253662109e-01
3.298038840293884277e-01
1.256357192993164062e+00
3.895282745361328125e-01
1.579671978950500488e+00
9.990501403808593750e-01
-3.348711133003234863e-01
-2.389480829238891602e+00
-2.164793014526367188e+00
5.487366914749145508e-01
1.078000217676162720e-01
-1.333512663841247559e+00
-3.146823942661285400e-01
1.619042396545410156e+00
-1.127204596996307373e-01
-2.208310365676879883e+00
1.414166539907455444e-01
2.224053144454956055e+00
2.901535034179687500e-01
1.585803031921386719e+00
6.794319748878479004e-01
-7.311214804649353027e-01
5.842315554618835449e-01
1.648034900426864624e-01
-9.924681782722473145e-01
