7.319277524948120117e-01
2.584391534328460693e-01
4.660984873771667480e-01
-2.889933288097381592e-01
6.874043494462966919e-02
-3.025840036571025848e-02
2.826774716377258301e-01
1.380860209465026855e+00
4.917431473731994629e-01
1.183435559272766113e+00
4.895851314067840576e-01
1.813914537429809570e+00
-1.043789744377136230e+00
3.129364252090454102e-01
-5.096263885498046875e-01
-2.325084656476974487e-01
5.949001908302307129e-01
2.787836194038391113e-01
-7.574687600135803223e-01
1.128181695938110352e+00
3.241293132305145264e-01
4.895990490913391113e-01
1.442224621772766113e+00
-1.482541859149932861e-01
1.268449425697326660e+00
9.736204147338867188e-02
-6.285181045532226562e-01
4.595410525798797607e-01
6.729657649993896484e-01
-7.111791968345642090e-01
1.320539832115173340e+00
-1.238626003265380859e+00
-5.924462080001831055e-01
-1.130762219429016113e+00
6.459905505180358887e-01
-1.763920933008193970e-01
-4.302728176116943359e-01
-1.652735829353332520e+00
1.779766231775283813e-01
-1.053303360939025879e+00
1.322187662124633789e+00
7.286722660064697266e-01
4.081132262945175171e-02
-3.682072088122367859e-02
1.976498663425445557e-01
9.289058446884155273e-01
-1.356071382761001587e-01
-2.223433732986450195e+00
-3.049251809716224670e-02
9.872237443923950195e-01
1.241038665175437927e-01
-6.218673586845397949e-01
-3.191452026367187500e-01
-1.202816724777221680e+00
3.717856705188751221e-01
-1.921176791191101074e+00
1.181792855262756348e+00
3.029113709926605225e-01
-5.536800026893615723e-01
-1.517070680856704712e-01
3.543096780776977539e-01
-1.865031421184539795e-01
1.282060861587524414e+00
1.423468947410583496e+00
-9.957031607627868652e-01
7.198921591043472290e-02
-3.013582229614257812e+00
2.058891505002975464e-01
1.567195355892181396e-01
9.234951734542846680e-01
-4.038738012313842773e-01
3.681553602218627930e-01
3.377975821495056152e-01
7.437604069709777832e-01
-1.581422090530395508e-01
9.307214617729187012e-01
2.940305769443511963e-01
5.717405080795288086e-01
-8.196858763694763184e-01
3.942891955375671387e-01
2.632869780063629150e-01
-3.338082432746887207e-01
-1.297833204269409180e+00
-2.295319586992263794e-01
1.777275931090116501e-03
-9.832476973533630371e-01
-4.023930057883262634e-02
-6.093736886978149414e-01
2.629260063171386719e+00
2.191324532032012939e-01
-2.366133481264114380e-01
-1.732861042022705078e+00
1.411632657051086426e+00
1.419493079185485840e+00
-6.544411182403564453e-02
1.091609373688697815e-01
-1.043045759201049805e+00
3.400083482265472412e-01
2.694532275199890137e-01
2.222813069820404053e-01
-2.226826399564743042e-01
-8.784332871437072754e-01
8.246600627899169922e-01
1.584456205368041992e+00
8.171699047088623047e-01
-1.259584903717041016e+00
1.151825785636901855e+00
1.224719285964965820e+00
7.223815917968750000e-01
3.056526184082031250e-01
-7.918032407760620117e-01
-1.348009586334228516e+00
-1.802504807710647583e-02
-1.609320282936096191e+00
-7.928874492645263672e-01
-6.796664595603942871e-01
2.817489504814147949e-01
1.942269206047058105e-01
-3.449279665946960449e-01
3.824423253536224365e-01
4.078210890293121338e-01
1.921987771987915039e+00
-8.132145404815673828e-01
-4.881437122821807861e-01
4.145077168941497803e-01
-1.624567031860351562e+00
7.887856364250183105e-01
2.027207911014556885e-01
9.677667021751403809e-01
-8.021250367164611816e-01
-2.475712060928344727e+00
3.329628109931945801e-01
-4.960680902004241943e-01
2.168632298707962036e-01
1.946426033973693848e+00
-6.287641525268554688e-01
2.933262288570404053e-01
-1.299225926399230957e+00
-1.064939498901367188e+00
-9.789436459541320801e-01
-5.866966247558593750e-01
2.719874382019042969e-01
1.564649820327758789e+00
1.088885903358459473e+00
1.552927792072296143e-01
-3.001052439212799072e-01
8.601652979850769043e-01
1.701436758041381836e+00
3.302606642246246338e-01
-1.903932243585586548e-01
8.180247545242309570e-01
1.786194086074829102e+00
-4.361459910869598389e-01
5.665885806083679199e-01
1.024623587727546692e-01
1.110708490014076233e-01
-2.831918001174926758e-01
-1.459425210952758789e+00
-1.335810899734497070e+00
-8.177082538604736328e-01
2.091465443372726440e-01
1.609832406044006348e+00
-1.317517042160034180e+00
-3.564849197864532471e-01
1.296206474304199219e+00
5.215087532997131348e-01
4.532624483108520508e-01
-3.377628624439239502e-01
1.226701810956001282e-01
-7.068399190902709961e-01
4.331098794937133789e-01
2.250812292098999023e+00
2.115053832530975342e-01
3.373295441269874573e-02
9.428909420967102051e-01
-4.453319311141967773e-01
9.134648442268371582e-01
-7.689281702041625977e-01
-2.142481327056884766e+00
-1.181280374526977539e+00
3.811073303222656250e-02
-9.618702530860900879e-01
-4.072198271751403809e-01
-4.473247230052947998e-01
1.168989539146423340e+00
-7.861077189445495605e-01
-1.342562556266784668e+00
-3.688123941421508789e+00
-4.059852361679077148e-01
-3.548878431320190430e-02
2.233511358499526978e-01
5.933050513267517090e-01
-1.000369563698768616e-01
1.914381027221679688e+00
1.398085802793502808e-01
-3.281443417072296143e-01
-2.329925894737243652e-01
-2.321444898843765259e-01
-1.548022747039794922e+00
-8.122112751007080078e-01
-1.003426790237426758e+00
7.965315580368041992e-01
8.888338804244995117e-01
-5.525072813034057617e-01
1.593949198722839355e-01
-9.634302556514739990e-02
-1.199420690536499023e+00
-1.565362811088562012e+00
2.616016939282417297e-02
3.628983795642852783e-01
1.302240967750549316e+00
6.529717445373535156e-01
-9.612391889095306396e-02
-5.787768959999084473e-01
1.006654500961303711e+00
-4.349277913570404053e-01
3.340031206607818604e-01
4.785558879375457764e-01
-6.757231950759887695e-01
2.767569720745086670e-01
-8.250224590301513672e-01
3.399223387241363525e-01
3.491477668285369873e-01
1.245603710412979126e-01
-5.354402065277099609e-01
9.186144173145294189e-02
-9.262009859085083008e-01
3.982328474521636963e-01
5.856208130717277527e-02
-1.838081181049346924e-01
9.789972901344299316e-01
-6.498280763626098633e-01
6.764846444129943848e-01
-5.497379302978515625e-01
-9.506701827049255371e-01
-5.900264382362365723e-01
6.014331579208374023e-01
3.532107174396514893e-01
-1.079101800918579102e+00
5.344838500022888184e-01
1.968618512153625488e+00
1.722661852836608887e+00
-1.739323288202285767e-01
-2.255854755640029907e-01
-2.754618227481842041e-01
-7.211875915527343750e-02
-8.121148943901062012e-01
-9.392997622489929199e-01
1.352435231208801270e+00
-6.702753901481628418e-01
5.138279199600219727e-01
-5.306701064109802246e-01
1.536179661750793457e+00
-4.786710441112518311e-01
8.099398612976074219e-01
2.352006882429122925e-01
-4.041205048561096191e-01
4.955870211124420166e-01
2.228887565433979034e-02
3.304672241210937500e-01
1.073501229286193848e+00
2.708019018173217773e-01
-1.886398345232009888e-01
-1.310574293136596680e+00
1.274834156036376953e+00
-8.435276895761489868e-02
-1.232591341249644756e-03
-8.713850975036621094e-01
-7.394166588783264160e-01
6.818187832832336426e-01
-3.778401017189025879e-01
-1.111318990588188171e-01
2.264044135808944702e-01
3.942719101905822754e-02
7.136867195367813110e-02
1.347923040390014648e+00
1.533097624778747559e+00
-3.916660323739051819e-02
-1.287850141525268555e+00
-5.894867181777954102e-01
-8.820866346359252930e-01
1.155945211648941040e-01
-4.184755086898803711e-01
-4.191347956657409668e-01
-8.095017671585083008e-01
-1.067097261548042297e-01
5.399305224418640137e-01
-4.588117003440856934e-01
-2.181604951620101929e-01
7.054700851440429688e-01
2.044152915477752686e-01
-1.142017394304275513e-01
-6.347453594207763672e-01
2.627191543579101562e-01
1.096939295530319214e-01
1.249637722969055176e+00
1.394086122512817383e+00
2.590691745281219482e-01
-4.966266751289367676e-01
-7.513051629066467285e-01
-9.927442073822021484e-01
-2.712436914443969727e-01
1.078336119651794434e+00
2.108613401651382446e-02
5.907163396477699280e-02
-7.064824700355529785e-01
-1.714052200317382812e+00
2.685428857803344727e+00
1.111218214035034180e+00
4.910619258880615234e-01
-1.207073807716369629e+00
7.587885260581970215e-01
-1.192435622215270996e-01
-2.462476015090942383e+00
-8.193304538726806641e-01
8.912211656570434570e-01
-1.245965212583541870e-01
-1.240089058876037598e+00
-8.809530138969421387e-01
-9.954493045806884766e-01
-8.352798223495483398e-01
-1.322385311126708984e+00
1.477769255638122559e+00
6.229758262634277344e-02
-3.170782029628753662e-01
-7.234200239181518555e-01
-1.351235210895538330e-01
-9.473609328269958496e-01
7.844733595848083496e-01
-4.696794319897890091e-03
-5.897743701934814453e-01
-1.054419159889221191e+00
1.127885103225708008e+00
-9.946575164794921875e-01
-8.074087500572204590e-01
6.418619155883789062e-01
-8.253037929534912109e-01
7.695309817790985107e-02
4.934464693069458008e-01
-9.488595128059387207e-01
1.520040333271026611e-01
-8.552193641662597656e-01
1.194507598876953125e+00
-1.231542080640792847e-01
7.945593595504760742e-01
1.090118288993835449e-01
7.926141619682312012e-01
-2.246576547622680664e-01
1.374586820602416992e+00
-3.640527725219726562e-01
7.139241099357604980e-01
-5.949349403381347656e-01
5.598424077033996582e-01
-1.604560494422912598e+00
-5.925661325454711914e-01
1.485005021095275879e-01
2.791535854339599609e-01
1.332756996154785156e+00
3.574579209089279175e-02
-2.644853591918945312e-01
-8.543240427970886230e-01
-1.211525440216064453e+00
1.403984546661376953e+00
-6.886080652475357056e-02
-4.879917204380035400e-01
-2.254932932555675507e-02
1.002681016921997070e+00
9.604427218437194824e-02
-3.638681396842002869e-02
8.249272704124450684e-01
1.047531843185424805e+00
-4.190363287925720215e-01
-7.416455447673797607e-02
-1.671788543462753296e-01
8.644291758537292480e-01
6.796601414680480957e-01
-1.844270676374435425e-01
-9.108897298574447632e-02
1.000745296478271484e+00
-1.334136128425598145e+00
-1.414765000343322754e+00
2.984105348587036133e-01
-1.500721275806427002e-01
-3.960946500301361084e-01
1.303184509277343750e+00
1.456672072410583496e+00
-3.709048032760620117e-02
-5.426278114318847656e-01
-4.200983643531799316e-01
3.340153992176055908e-01
1.199654817581176758e+00
-3.197613358497619629e-01
-1.414342880249023438e+00
7.978434562683105469e-01
3.441506028175354004e-01
-1.164338588714599609e+00
-5.744947195053100586e-01
3.451305031776428223e-01
-2.382617592811584473e-01
7.061710953712463379e-02
-1.220532655715942383e+00
-5.985547304153442383e-01
1.945695132017135620e-01
-2.757474482059478760e-01
5.471153855323791504e-01
-7.980828285217285156e-01
-7.099820375442504883e-01
7.763045430183410645e-01
1.893536932766437531e-02
1.031681060791015625e+00
-2.995121181011199951e-01
-2.195458650588989258e+00
-6.943479180335998535e-02
-5.786194205284118652e-01
4.509534537792205811e-01
-1.078292012214660645e+00
4.628370106220245361e-01
9.814306497573852539e-01
1.889566779136657715e+00
3.600819706916809082e-01
6.089869141578674316e-01
-8.630365133285522461e-01
-1.054827213287353516e+00
-1.882008314132690430e+00
-3.470911383628845215e-01
-8.918374776840209961e-01
-6.723374128341674805e-01
-6.404976248741149902e-01
-5.113395452499389648e-01
1.490524888038635254e+00
-4.426816105842590332e-01
1.948514580726623535e+00
-3.645558655261993408e-01
6.801078468561172485e-02
1.443367242813110352e+00
3.458705246448516846e-01
1.478830575942993164e+00
-4.985360205173492432e-01
-6.484056711196899414e-01
7.967291474342346191e-01
-2.137190580368041992e+00
-4.068441390991210938e-01
-2.483940310776233673e-02
-1.970658600330352783e-01
-3.378928005695343018e-01
1.968254894018173218e-01
-8.690528273582458496e-01
5.100091099739074707e-01
-3.696708679199218750e-01
1.784236542880535126e-02
-2.799693942070007324e-01
-6.575581431388854980e-01
-7.288535237312316895e-01
6.295506954193115234e-01
-1.112171053886413574e+00
8.755961805582046509e-02
-1.399090290069580078e+00
-3.142853975296020508e-01
9.254376292228698730e-01
7.399684190750122070e-01
-7.206437587738037109e-01
-5.893019493669271469e-03
3.647683653980493546e-03
-1.939976811408996582e-01
-5.112974047660827637e-01
-8.475921750068664551e-01
-9.271119534969329834e-02
9.061860442161560059e-01
4.191790819168090820e-01
4.026016592979431152e-01
-3.331364095211029053e-01
-1.082908511161804199e+00
2.558808028697967529e-01
1.681501604616641998e-02
-1.060277223587036133e+00
5.029916167259216309e-01
-1.315997838973999023e+00
2.302751779556274414e+00
1.018217682838439941e+00
3.264510333538055420e-01
-1.165485620498657227e+00
2.333420366048812866e-01
-1.387633442878723145e+00
1.329695701599121094e+00
-5.263070464134216309e-01
-4.038740396499633789e-01
2.854678928852081299e-01
1.199436426162719727e+00
-1.114663481712341309e+00
4.626190960407257080e-01
-9.689866304397583008e-01
3.647076785564422607e-01
-2.117218524217605591e-01
-1.946389228105545044e-01
-1.290576219558715820e+00
4.526748955249786377e-01
9.618942737579345703e-01
-8.305162191390991211e-01
6.236702799797058105e-01
5.351106524467468262e-01
-5.946328639984130859e-01
-1.715709222480654716e-03
2.038762569427490234e+00
1.207126259803771973e+00
1.559484899044036865e-01
1.226909041404724121e+00
-6.984317302703857422e-01
-4.956294968724250793e-02
-1.110771059989929199e+00
-1.768632411956787109e+00
-7.333107590675354004e-01
-2.274261474609375000e+00
-9.852418303489685059e-01
-2.278231978416442871e-01
2.552395500242710114e-02
8.363765478134155273e-01
-1.510803937911987305e+00
-1.596032083034515381e-02
6.319009661674499512e-01
-7.871152162551879883e-01
3.764214217662811279e-01
-5.603725910186767578e-01
-4.785580933094024658e-01
-5.492867827415466309e-01
-3.608966350555419922e+00
1.153081953525543213e-01
2.067089319229125977e+00
-1.500745415687561035e-01
2.033997297286987305e+00
-8.966064453125000000e-01
-2.157144993543624878e-02
4.465753734111785889e-01
-5.594782233238220215e-01
1.086677551269531250e+00
-9.443542957305908203e-01
-1.404381155967712402e+00
-8.081416487693786621e-01
-5.420790314674377441e-01
2.666202783584594727e-01
-1.921822279691696167e-01
1.311716198921203613e+00
7.702220082283020020e-01
1.646654844284057617e+00
7.084529399871826172e-01
-1.040837407112121582e+00
-1.919799149036407471e-01
7.993329763412475586e-01
9.952787309885025024e-02
6.805199384689331055e-01
7.508164644241333008e-01
-1.005904674530029297e+00
-8.824029564857482910e-01
1.007658243179321289e+00
-1.232769846916198730e+00
1.483328342437744141e-01
5.284916758537292480e-01
-2.347655594348907471e-01
5.508658885955810547e-01
-3.125827014446258545e-01
-9.777851700782775879e-01
-1.569609344005584717e-01
-3.024728894233703613e-01
-1.902167558670043945e+00
4.485849738121032715e-01
-3.327759355306625366e-02
2.329474240541458130e-01
-1.916659176349639893e-01
1.074762821197509766e+00
-3.203898370265960693e-01
-4.851067662239074707e-01
-4.107224047183990479e-01
-1.290793299674987793e+00
-7.327075600624084473e-01
-2.491502761840820312e-01
5.519489645957946777e-01
-9.987238794565200806e-02
-4.028426706790924072e-01
-3.638402223587036133e-01
1.284685581922531128e-01
4.725664556026458740e-01
1.728193908929824829e-01
-3.257186710834503174e-01
6.828447580337524414e-01
-6.168323755264282227e-01
-3.075773119926452637e-01
1.310834646224975586e+00
3.096725940704345703e-01
8.235697448253631592e-02
-1.271810173988342285e+00
-1.702865481376647949e+00
5.572825074195861816e-01
-1.682313084602355957e-01
7.482794672250747681e-02
-8.170120716094970703e-01
2.313251644372940063e-01
-1.738339662551879883e+00
-1.061794683337211609e-01
7.267624139785766602e-01
-1.131001949310302734e+00
-1.967800408601760864e-02
-1.483388662338256836e+00
5.373728275299072266e-01
-1.384284377098083496e+00
-1.623674184083938599e-01
-6.337846517562866211e-01
-1.093370914459228516e+00
-1.350509881973266602e+00
9.057183861732482910e-01
1.533320993185043335e-01
1.274720877408981323e-01
5.497385859489440918e-01
-1.479553341865539551e+00
-6.274508684873580933e-02
9.231567382812500000e-01
7.050620913505554199e-01
4.463931918144226074e-01
4.511782228946685791e-01
-5.860149860382080078e-01
6.325811147689819336e-01
5.709854960441589355e-01
7.373768091201782227e-01
-1.443551540374755859e+00
2.110708206892013550e-01
-1.381205916404724121e+00
-1.215550661087036133e+00
2.398492693901062012e-01
-2.326187640428543091e-01
1.154294729232788086e+00
-1.124632060527801514e-01
6.856709122657775879e-01
-5.706349015235900879e-01
1.406751394271850586e+00
3.570153117179870605e-01
-3.902087211608886719e-01
-4.644741117954254150e-01
1.030552625656127930e+00
-2.200701683759689331e-01
-2.634042501449584961e-01
-4.475902020931243896e-01
2.192298620939254761e-01
-6.286267638206481934e-01
-1.355667263269424438e-01
1.872276514768600464e-01
-6.118314862251281738e-01
1.628171950578689575e-01
3.247711956501007080e-01
-4.271735250949859619e-01
-4.172683060169219971e-01
7.069455385208129883e-01
4.381561279296875000e-01
2.199097633361816406e+00
1.135567069053649902e+00
9.950829744338989258e-01
-7.073786258697509766e-01
-5.204253792762756348e-01
-7.457353472709655762e-01
1.361810117959976196e-01
-8.633166551589965820e-02
-2.703171372413635254e-01
-1.382757306098937988e+00
-7.389550805091857910e-01
6.095063686370849609e-01
-2.846147119998931885e-01
-1.048431158065795898e+00
-6.043666005134582520e-01
3.251420855522155762e-01
1.869091838598251343e-01
-7.076429575681686401e-02
2.557357847690582275e-01
-7.946815490722656250e-01
-1.988332867622375488e-01
2.689136564731597900e-01
1.620252966880798340e+00
1.556218117475509644e-01
-2.850711345672607422e-01
2.618110775947570801e-01
-3.847482204437255859e-01
-9.121454358100891113e-01
-5.960664898157119751e-02
-1.740551888942718506e-01
-7.532830834388732910e-01
-7.045017182826995850e-02
1.022784829139709473e+00
-6.112882122397422791e-02
1.198570847511291504e+00
-2.270940542221069336e-01
-1.074900403618812561e-01
-1.174921512603759766e+00
1.200718641281127930e+00
-2.629804015159606934e-01
7.530349493026733398e-01
1.094462117180228233e-03
-5.473670959472656250e-01
2.173194885253906250e+00
2.036804519593715668e-02
7.616987824440002441e-01
-9.940143823623657227e-01
-1.136117458343505859e+00
1.318858742713928223e+00
-6.745974421501159668e-01
1.003861784934997559e+00
-4.259699881076812744e-01
1.563672274351119995e-01
-1.271581053733825684e-01
7.634787559509277344e-01
-6.607400178909301758e-01
1.007809042930603027e+00
5.433827638626098633e-01
2.328987121582031250e+00
1.147850036621093750e+00
1.097780704498291016e+00
-3.664481341838836670e-01
9.029961228370666504e-01
-1.908700227737426758e+00
4.379081130027770996e-01
2.318751215934753418e-01
-9.348254203796386719e-01
-8.788775801658630371e-01
9.592275023460388184e-01
-2.101920843124389648e-01
1.123520657420158386e-01
3.966872394084930420e-01
-1.238911822438240051e-01
3.920091688632965088e-01
6.844351291656494141e-01
-7.481946945190429688e-01
-3.369188010692596436e-01
3.199355006217956543e-01
9.012633562088012695e-01
-1.164256930351257324e-01
-3.796747028827667236e-01
1.602966666221618652e+00
-1.150408625602722168e+00
5.134508609771728516e-01
1.351615667343139648e+00
1.016700640320777893e-01
-4.900775551795959473e-01
9.908747076988220215e-01
6.075977087020874023e-01
-3.206820487976074219e-01
1.259923130273818970e-01
-8.743874728679656982e-02
2.096640348434448242e+00
-4.128204286098480225e-01
-4.773932099342346191e-01
1.702540040016174316e+00
1.060350298881530762e+00
1.096051812171936035e+00
9.714509248733520508e-01
-5.789116024971008301e-01
-1.737569451332092285e+00
-1.720858335494995117e+00
6.263926625251770020e-01
6.360595822334289551e-01
-5.711686015129089355e-01
3.625468909740447998e-01
1.064562320709228516e+00
9.641627967357635498e-02
-2.201179742813110352e+00
2.817059867084026337e-02
1.547111153602600098e+00
-5.204207897186279297e-01
1.126141667366027832e+00
6.417274475097656250e-01
-1.030117154121398926e+00
-1.195547133684158325e-01
4.485383629798889160e-01
-1.632985234260559082e+00
