4.983610287308692932e-02
5.804702043533325195e-01
1.053671717643737793e+00
9.026443958282470703e-01
-1.076345611363649368e-02
-1.124352097511291504e+00
-4.747135639190673828e-01
1.161703228950500488e+00
1.520557850599288940e-01
-4.804185926914215088e-01
1.437435030937194824e+00
1.341579675674438477e+00
1.426203250885009766e-01
-5.772347375750541687e-02
3.825944066047668457e-01
1.125417709350585938e+00
8.176585435867309570e-01
-1.605546832084655762e+00
4.848155677318572998e-01
-5.472718551754951477e-02
-7.088590413331985474e-02
-2.081261128187179565e-01
3.660921752452850342e-01
3.768053054809570312e-01
-1.813623309135437012e-02
-1.254439830780029297e+00
-1.751793771982192993e-01
1.156962275505065918e+00
1.067003369331359863e+00
-3.934278190135955811e-01
8.128518462181091309e-01
-3.494698703289031982e-01
-7.604137659072875977e-01
-1.552135944366455078e+00
1.412286162376403809e+00
-3.275787234306335449e-01
-9.119905829429626465e-01
1.082848906517028809e+00
3.146412968635559082e-01
-7.793396711349487305e-01
1.248276710510253906e+00
1.707832574844360352e+00
8.002140522003173828e-01
-8.180997371673583984e-01
-3.906235098838806152e-01
8.352274298667907715e-01
-1.147671461105346680e+00
-1.797208547592163086e+00
2.060916572809219360e-01
6.464810967445373535e-01
-1.165788173675537109e+00
3.862544298171997070e-01
-3.150569796562194824e-01
-7.349435985088348389e-02
8.896569013595581055e-01
-1.521092653274536133e+00
8.759779483079910278e-02
2.760529518127441406e-01
-8.400665521621704102e-01
-2.159548252820968628e-01
-6.742602586746215820e-02
2.399456650018692017e-01
-2.576602064073085785e-02
-4.264801144599914551e-01
8.878637850284576416e-02
-1.696102857589721680e+00
-9.657610654830932617e-01
5.932668447494506836e-01
1.161037445068359375e+00
5.821704864501953125e-01
-3.470464646816253662e-01
-3.641287684440612793e-01
7.034851610660552979e-02
1.284032911062240601e-01
-1.367013901472091675e-01
1.305202722549438477e+00
-1.713470369577407837e-01
1.275732398033142090e+00
3.013100028038024902e-01
6.870256662368774414e-01
4.360997676849365234e-01
-1.145738959312438965e+00
4.664033353328704834e-01
5.581083297729492188e-01
4.520380124449729919e-02
2.920746803283691406e-01
-1.310580223798751831e-01
8.298630714416503906e-01
2.940707921981811523e+00
-9.308554232120513916e-03
-7.886363565921783447e-02
-1.043597817420959473e+00
9.868215918540954590e-01
-2.817181050777435303e-01
-3.442894220352172852e-01
-4.816541671752929688e-01
-3.588125407695770264e-01
-1.241626292467117310e-01
1.733077168464660645e+00
4.121071472764015198e-02
-1.575768470764160156e+00
-1.835120469331741333e-01
9.013196453452110291e-03
1.075798630714416504e+00
6.166722178459167480e-01
3.307768702507019043e-01
-6.225088834762573242e-01
-2.561340034008026123e-01
3.418882489204406738e-01
-3.920428454875946045e-01
-1.102740839123725891e-01
1.461996585130691528e-01
-2.167868018150329590e-01
-4.608336687088012695e-01
1.785407066345214844e-01
2.552770376205444336e-01
9.526832401752471924e-02
-1.254295110702514648e+00
8.330123424530029297e-01
5.298101902008056641e-01
2.668560743331909180e-01
8.168826103210449219e-01
1.004057049751281738e+00
9.476333856582641602e-01
5.632079839706420898e-01
-1.225119948387145996e+00
-3.783838450908660889e-01
5.757795572280883789e-01
-6.302112340927124023e-01
-1.249696731567382812e+00
-1.923480987548828125e+00
-9.778074175119400024e-02
-2.585298120975494385e-01
1.014682054519653320e+00
1.050834655761718750e+00
-5.271918177604675293e-01
-4.240088462829589844e-01
-3.209632039070129395e-01
3.570663183927536011e-02
-1.635112911462783813e-01
-9.487939476966857910e-01
-9.550068974494934082e-01
2.713461160659790039e+00
-3.176656663417816162e-01
2.996085025370121002e-02
1.658066272735595703e+00
-5.854235887527465820e-01
4.505666494369506836e-01
4.427463710308074951e-01
-1.738464117050170898e+00
2.275826185941696167e-01
2.551218569278717041e-01
1.259268760681152344e+00
-3.133231103420257568e-01
-1.923072040081024170e-01
-1.194992423057556152e+00
-1.455204635858535767e-01
-5.256660580635070801e-01
-2.551272138953208923e-02
-7.664284110069274902e-01
-9.007437825202941895e-01
1.051982641220092773e+00
3.159718513488769531e-01
-4.343544840812683105e-01
1.057435393333435059e+00
-2.054467983543872833e-02
2.014487683773040771e-01
1.860992670059204102e+00
1.036321997642517090e+00
-1.594016432762145996e+00
2.035832256078720093e-01
1.252474904060363770e+00
-5.114466547966003418e-01
-5.564413666725158691e-01
-1.932974904775619507e-01
-4.091402888298034668e-01
1.227205991744995117e+00
-3.896635174751281738e-01
-1.618732094764709473e+00
6.092020124197006226e-02
-2.975167632102966309e-01
-6.340933442115783691e-01
1.101091876626014709e-01
3.896991014480590820e-01
3.213313221931457520e-01
9.225082993507385254e-01
-8.502695560455322266e-01
-3.481859445571899414e+00
3.183574378490447998e-01
1.122146129608154297e+00
-1.015390455722808838e-01
5.849002599716186523e-01
-1.281322836875915527e+00
1.167873382568359375e+00
-1.121864914894104004e+00
8.580710291862487793e-01
-1.016581892967224121e+00
-1.401967406272888184e+00
-1.431934714317321777e+00
-3.055968582630157471e-01
-4.581472873687744141e-01
-1.242991805076599121e+00
6.479447335004806519e-02
-5.106521844863891602e-01
7.103147506713867188e-01
5.240876078605651855e-01
-7.849583029747009277e-02
-1.468753665685653687e-01
1.534754276275634766e+00
-4.687634110450744629e-01
8.897960186004638672e-02
2.770139873027801514e-01
-5.938354134559631348e-01
3.571393787860870361e-01
-2.144374102354049683e-01
-4.159463047981262207e-01
-1.163382291793823242e+00
4.078657627105712891e-01
-5.270951390266418457e-01
-9.772700071334838867e-01
-9.795578569173812866e-02
3.269434720277786255e-02
-8.195216208696365356e-02
-1.106682658195495605e+00
-1.365677833557128906e+00
-1.377938091754913330e-01
2.394408881664276123e-01
2.866662442684173584e-01
4.417886137962341309e-01
-2.988182306289672852e-01
3.520558476448059082e-01
1.522181928157806396e-01
6.475250720977783203e-01
9.721850752830505371e-01
-9.057654738426208496e-01
-7.232164740562438965e-01
1.260079294443130493e-01
1.636875271797180176e-01
-7.971675395965576172e-01
-3.743335008621215820e-01
6.401838064193725586e-01
7.650406360626220703e-01
3.732177615165710449e-02
1.086427643895149231e-01
-1.291789174079895020e+00
-8.299984782934188843e-02
-9.280899167060852051e-01
-5.782517790794372559e-01
1.007880568504333496e+00
-4.511661827564239502e-01
9.467286467552185059e-01
-3.275508061051368713e-02
7.843204140663146973e-01
7.747003436088562012e-02
1.807294636964797974e-01
7.450357079505920410e-01
-6.796054244041442871e-01
5.409218668937683105e-01
-9.428350627422332764e-02
5.035724639892578125e-01
1.909849792718887329e-01
2.494166493415832520e-01
-1.149930581450462341e-01
-1.268910169601440430e+00
1.433892011642456055e+00
-1.913840174674987793e-01
9.289285540580749512e-01
-1.181595921516418457e+00
3.182133138179779053e-01
4.771784543991088867e-01
-4.505976140499114990e-01
-4.711524248123168945e-01
7.490026354789733887e-01
-5.461402535438537598e-01
2.089061260223388672e+00
5.880979895591735840e-01
4.852173104882240295e-02
3.022923469543457031e-01
-6.911488771438598633e-01
-5.545861721038818359e-01
-4.147865772247314453e-01
-3.618605434894561768e-01
-6.093696951866149902e-01
1.327257305383682251e-01
-6.799988746643066406e-01
5.886710286140441895e-01
1.676408946514129639e-02
2.765777520835399628e-03
-2.766027152538299561e-01
7.720620036125183105e-01
5.595747232437133789e-01
-1.350176572799682617e+00
9.152412414550781250e-01
-3.291294276714324951e-01
1.891061514616012573e-01
5.370022058486938477e-01
3.454293310642242432e-01
5.735160112380981445e-01
3.541984260082244873e-01
6.580213904380798340e-01
4.393150806427001953e-01
1.222032189369201660e+00
-6.636119484901428223e-01
8.827795088291168213e-02
-1.078851819038391113e+00
-1.529210925102233887e+00
-6.815446168184280396e-02
1.975449323654174805e+00
1.349804848432540894e-01
2.377684265375137329e-01
6.332378368824720383e-03
3.144634962081909180e-01
4.984850287437438965e-01
-3.089217245578765869e-01
-1.691408604383468628e-01
-2.204990386962890625e-01
-1.115880087018013000e-01
-1.221096634864807129e+00
-4.092616736888885498e-01
5.834719538688659668e-01
1.029788851737976074e+00
-9.792651236057281494e-02
1.103964328765869141e+00
-6.865413188934326172e-01
-1.379870921373367310e-01
7.447457313537597656e-01
1.496333360671997070e+00
-9.569439888000488281e-01
6.611629724502563477e-01
-4.112097918987274170e-01
-6.231966614723205566e-01
2.393369674682617188e-01
1.068710759282112122e-01
-1.111251354217529297e+00
-1.528347283601760864e-01
5.555427074432373047e-01
-3.927256464958190918e-01
9.405171275138854980e-01
2.014157056808471680e+00
-1.568214595317840576e-01
-1.308716600760817528e-03
-1.496510386466979980e+00
-5.189815759658813477e-01
-6.693036556243896484e-01
-4.935508370399475098e-01
1.397372186183929443e-01
-3.383692502975463867e-01
1.120529770851135254e+00
-9.089548587799072266e-01
9.466395974159240723e-01
9.689798951148986816e-01
3.256277441978454590e-01
1.058565020561218262e+00
7.787289619445800781e-01
-7.612338662147521973e-01
7.945647239685058594e-01
1.746323585510253906e+00
-8.464583009481430054e-02
5.051973462104797363e-01
-1.435995936393737793e+00
-4.415547847747802734e-01
-1.427878022193908691e+00
4.415792524814605713e-01
-6.699013113975524902e-01
-1.009101346135139465e-01
-3.905896842479705811e-01
-1.082278728485107422e+00
-1.232089400291442871e-01
1.471108913421630859e+00
1.692466139793395996e+00
2.682573795318603516e-01
-3.716202825307846069e-02
-4.164141416549682617e-01
-7.077264785766601562e-01
6.168564558029174805e-01
1.932631731033325195e-01
-4.762975275516510010e-01
6.091717481613159180e-01
4.118346869945526123e-01
-8.295925855636596680e-01
3.527579605579376221e-01
7.674944400787353516e-01
-1.384677439928054810e-01
-9.638276696205139160e-01
7.160439491271972656e-01
-8.630428463220596313e-02
-2.940476834774017334e-01
4.879031479358673096e-01
5.127875804901123047e-01
1.320690155029296875e+00
1.017796874046325684e+00
8.290385603904724121e-01
-1.653425097465515137e+00
-5.772635936737060547e-01
-5.403218269348144531e-01
-3.677546232938766479e-02
1.065375208854675293e+00
-3.440724611282348633e-01
8.106700778007507324e-01
1.501220107078552246e+00
-1.205695748329162598e+00
-1.085583448410034180e+00
-7.093324512243270874e-02
-2.148039937019348145e-01
-1.068875074386596680e+00
-1.018543124198913574e+00
-1.447344183921813965e+00
9.045218825340270996e-01
3.064788281917572021e-01
-5.572825074195861816e-01
2.913864254951477051e-01
-2.407256126403808594e+00
-8.913998603820800781e-01
4.022244215011596680e-01
-3.390595018863677979e-01
-1.105659484863281250e+00
1.636119723320007324e+00
-4.245120584964752197e-01
1.091854453086853027e+00
2.213267832994461060e-01
8.717744350433349609e-01
-1.591418981552124023e-01
1.011896282434463501e-01
-8.152040243148803711e-01
-8.658180832862854004e-01
5.705015659332275391e-01
2.762844860553741455e-01
-3.986682593822479248e-01
-1.267197847366333008e+00
7.093421816825866699e-01
5.615739226341247559e-01
2.064977169036865234e+00
-2.266406714916229248e-01
-8.636555820703506470e-02
-3.994607329368591309e-01
-1.442803859710693359e+00
-9.098471999168395996e-01
6.246098279953002930e-01
-6.564550846815109253e-02
8.691423535346984863e-01
-2.169550180435180664e+00
3.802163302898406982e-01
-1.819530725479125977e-01
9.907898902893066406e-01
-1.361353874206542969e+00
5.866370797157287598e-01
5.125591158866882324e-01
2.533464133739471436e-01
-1.234087422490119934e-01
-6.270746588706970215e-01
3.003979325294494629e-01
-1.093734622001647949e+00
2.071297615766525269e-01
3.618779778480529785e-01
-9.641904383897781372e-02
5.226913690567016602e-01
-6.646218895912170410e-01
-3.082672655582427979e-01
2.402606904506683350e-01
-3.504450619220733643e-02
-7.574673891067504883e-01
-5.162138342857360840e-01
-1.539541631937026978e-01
-3.392311632633209229e-01
4.244570136070251465e-01
-4.558538794517517090e-01
8.245065212249755859e-01
8.894785046577453613e-01
-1.160930156707763672e+00
1.860652565956115723e+00
4.375507831573486328e-01
-1.036204099655151367e+00
-1.105620265007019043e+00
-6.827088594436645508e-01
-1.968401074409484863e-01
3.499138057231903076e-01
-1.416149735450744629e+00
9.834265112876892090e-01
4.329937994480133057e-01
-4.163022637367248535e-01
-2.143921136856079102e+00
-4.564402401447296143e-01
6.057840585708618164e-01
1.618552684783935547e+00
1.291490197181701660e+00
2.694184780120849609e-01
3.247394561767578125e-01
-1.368120193481445312e+00
8.581039309501647949e-01
7.776885479688644409e-02
-4.271849393844604492e-01
-5.234148502349853516e-01
-8.132912516593933105e-01
-2.679243683815002441e-01
-7.059569954872131348e-01
-1.265002727508544922e+00
9.561260938644409180e-01
-3.112089335918426514e-01
1.629416048526763916e-01
8.187338113784790039e-01
2.418201267719268799e-01
5.295130610466003418e-01
1.507949948310852051e+00
3.150842785835266113e-01
3.579714894294738770e-01
1.690642714500427246e+00
-1.121918916702270508e+00
5.327387452125549316e-01
-7.271996140480041504e-01
-9.335361719131469727e-01
1.245251178741455078e+00
-7.106553912162780762e-01
-3.620279729366302490e-01
-1.808838367462158203e+00
1.369572520256042480e+00
1.756644845008850098e-01
-1.406813502311706543e+00
7.343827486038208008e-01
-5.620372295379638672e-01
1.819049715995788574e-01
-1.820826977491378784e-01
-1.577557444572448730e+00
8.812429904937744141e-01
1.184973359107971191e+00
-2.350457668304443359e+00
-1.139634326100349426e-01
3.368663191795349121e-01
-1.944589018821716309e+00
2.432406842708587646e-01
-3.213354051113128662e-01
-1.517502188682556152e+00
-1.284034013748168945e+00
-7.613461613655090332e-01
2.383196800947189331e-01
-1.335027366876602173e-01
-4.921232759952545166e-01
3.703988194465637207e-01
6.928457617759704590e-01
7.896190285682678223e-01
-4.418426007032394409e-02
1.057740926742553711e+00
3.321137726306915283e-01
1.133800506591796875e+00
-6.278197765350341797e-01
1.633062958717346191e-02
-1.565031111240386963e-01
4.631316289305686951e-02
-1.375157386064529419e-01
2.665749490261077881e-01
-5.580577254295349121e-01
5.713625550270080566e-01
-1.063173651695251465e+00
5.022437572479248047e-01
5.600619316101074219e-01
1.542683839797973633e+00
1.089622497558593750e+00
-9.352614283561706543e-01
-3.788683116436004639e-01
-6.606571674346923828e-01
-1.625511884689331055e+00
1.795901358127593994e-01
-5.547013282775878906e-01
-9.069535732269287109e-01
4.923392832279205322e-01
6.683623790740966797e-01
-4.430277943611145020e-01
6.071405410766601562e-01
1.130167841911315918e+00
-3.864239454269409180e-01
-8.799045085906982422e-01
6.858555227518081665e-02
4.459777474403381348e-01
-3.926587402820587158e-01
2.287966758012771606e-01
7.025272846221923828e-01
2.834789156913757324e-01
1.809534728527069092e-01
3.463650867342948914e-02
4.478169679641723633e-01
-6.327029466629028320e-01
-3.696285784244537354e-01
2.345882803201675415e-01
-7.656433582305908203e-01
-8.726073801517486572e-02
3.256595134735107422e-01
-5.344887971878051758e-01
5.200188159942626953e-01
-5.334022045135498047e-01
2.184711545705795288e-01
-1.248651385307312012e+00
7.453428115695714951e-03
-1.811869740486145020e+00
2.967413067817687988e-01
8.610314130783081055e-02
-1.193988561630249023e+00
-2.693805217742919922e+00
-5.494193434715270996e-01
2.884662151336669922e-01
-2.122611552476882935e-01
8.983957767486572266e-01
-1.468459606170654297e+00
-4.728606045246124268e-01
-7.500278353691101074e-01
6.221249699592590332e-01
-4.955086708068847656e-01
-1.030200600624084473e+00
-3.612830936908721924e-01
1.019369721412658691e+00
-5.075086951255798340e-01
-8.773949146270751953e-01
-1.002152562141418457e-01
-1.590500175952911377e-01
2.025932520627975464e-01
-2.102651745080947876e-01
6.297557353973388672e-01
-6.893895268440246582e-01
-1.744603514671325684e+00
-1.054112553596496582e+00
7.048581838607788086e-01
-5.660132765769958496e-01
1.264609217643737793e+00
-1.242133736610412598e+00
-6.327851414680480957e-01
-2.895623445510864258e+00
3.837630748748779297e-01
-6.443074941635131836e-01
-1.974225044250488281e-01
-2.898853644728660583e-02
7.862051725387573242e-01
5.064055323600769043e-01
1.467396974563598633e+00
2.205084562301635742e+00
-2.580946385860443115e-01
-1.496318221092224121e+00
-1.476086139678955078e+00
-3.082533180713653564e-02
-1.464040428400039673e-01
-3.091865181922912598e-01
-8.239080905914306641e-01
9.250880479812622070e-01
1.363102495670318604e-01
-8.494944572448730469e-01
-1.086280941963195801e+00
-1.239821195602416992e+00
-1.188442468643188477e+00
-1.094660386443138123e-01
4.461892545223236084e-01
-1.442428827285766602e+00
-4.362281858921051025e-01
7.474436759948730469e-01
1.499696522951126099e-01
1.983456373214721680e+00
6.098277568817138672e-01
-4.037640988826751709e-01
4.001316130161285400e-01
1.921839267015457153e-01
-9.165222197771072388e-02
1.442634820938110352e+00
-3.788829147815704346e-01
-6.901621222496032715e-01
3.091344237327575684e-01
3.394719064235687256e-01
-4.424928501248359680e-02
-1.014466166496276855e+00
-1.622058272361755371e+00
-3.695855736732482910e-01
-7.365359663963317871e-01
-6.851511597633361816e-01
9.683936834335327148e-01
-2.439294010400772095e-01
2.125337254256010056e-03
-2.672567963600158691e-01
2.146011352539062500e+00
4.172612130641937256e-01
4.755628705024719238e-01
6.858201026916503906e-01
-1.216874122619628906e+00
1.872992515563964844e-01
-2.701174467802047729e-02
4.474639892578125000e-01
-6.387946605682373047e-01
-3.314214050769805908e-01
1.980540275573730469e+00
-3.299474716186523438e-01
7.743161916732788086e-01
5.472080707550048828e-01
7.915783673524856567e-02
1.944331377744674683e-01
1.203614115715026855e+00
-9.955942034721374512e-01
-5.399588122963905334e-02
-6.033319234848022461e-01
-1.346518516540527344e+00
2.218151092529296875e+00
-4.860447347164154053e-01
-1.891814917325973511e-01
4.076086282730102539e-01
-5.332697629928588867e-01
5.641725659370422363e-01
-9.379502534866333008e-01
-7.469822168350219727e-01
8.118136525154113770e-01
-7.850092053413391113e-01
-3.584420979022979736e-01
1.174567103385925293e+00
1.497665606439113617e-02
3.524850308895111084e-01
2.134385854005813599e-01
1.638533234596252441e+00
1.704609274864196777e+00
-7.056356668472290039e-01
-1.510357409715652466e-01
1.240555047988891602e+00
-4.556771516799926758e-01
-2.134587019681930542e-01
-4.003379940986633301e-01
-7.488075494766235352e-01
-1.211894035339355469e+00
-1.198863744735717773e+00
6.383925080299377441e-01
8.104430437088012695e-01
1.620377540588378906e+00
-1.460581868886947632e-01
1.455813407897949219e+00
3.452421724796295166e-02
-1.592351913452148438e+00
-6.135238409042358398e-01
-4.372918605804443359e-01
1.078758597373962402e+00
-5.291076302528381348e-01
-6.495809555053710938e-01
7.858167290687561035e-01
1.096677258610725403e-01
5.397558808326721191e-01
1.389175415039062500e+00
-6.466859579086303711e-01
3.355932831764221191e-01
3.524242341518402100e-01
-4.248545169830322266e-01
-6.170395016670227051e-02
4.243694543838500977e-01
-5.985937267541885376e-02
1.491995096206665039e+00
-7.909905314445495605e-01
-1.819069124758243561e-02
2.378939390182495117e+00
5.752174928784370422e-02
6.320298910140991211e-01
5.604728683829307556e-02
-6.002026796340942383e-01
-1.148380041122436523e+00
-1.225574254989624023e+00
3.524922728538513184e-01
5.930500030517578125e-01
-4.881235957145690918e-01
1.218550577759742737e-01
-1.016655005514621735e-02
1.293118596076965332e+00
-1.216479897499084473e+00
-6.494301836937665939e-03
-8.507921695709228516e-01
1.221632003784179688e+00
-2.125879079103469849e-01
-7.369115352630615234e-01
-6.185200214385986328e-01
-5.322274565696716309e-01
2.479932159185409546e-01
-1.002382516860961914e+00
