-4.413667023181915283e-01
3.131869435310363770e-01
-4.890375435352325439e-01
8.611608743667602539e-01
1.422428011894226074e+00
-1.307363271713256836e+00
1.851360197179019451e-03
3.595472276210784912e-01
5.107465013861656189e-02
-6.976000070571899414e-01
-1.405114978551864624e-01
1.089845895767211914e+00
-4.838784039020538330e-01
-1.559702157974243164e+00
3.621300160884857178e-01
-1.065777778625488281e+00
2.659302353858947754e-01
-9.355205297470092773e-02
1.616163253784179688e-01
8.060511946678161621e-01
-7.888945341110229492e-01
1.122742295265197754e+00
1.309255123138427734e+00
-6.786148250102996826e-02
3.877924382686614990e-01
4.043180495500564575e-02
5.319024324417114258e-01
4.157823026180267334e-01
7.044371366500854492e-01
-7.092010229825973511e-02
5.417847260832786560e-02
-2.238923311233520508e+00
-5.765029191970825195e-01
1.389706283807754517e-01
8.126450181007385254e-01
-9.099471569061279297e-02
-7.251515239477157593e-02
2.217440903186798096e-01
2.263280600309371948e-01
-1.505403041839599609e+00
1.630617499351501465e+00
4.371036291122436523e-01
1.999908328056335449e+00
-1.761588454246520996e+00
-1.225396037101745605e+00
-5.055248737335205078e-01
-9.416011571884155273e-01
-1.749166011810302734e+00
-8.200083374977111816e-01
2.747508883476257324e-01
5.314563512802124023e-01
-1.394457817077636719e-01
-2.286411076784133911e-01
-5.897951722145080566e-01
2.754161059856414795e-01
-1.560087203979492188e+00
-8.297543525695800781e-01
-4.974782466888427734e-01
3.119503259658813477e-01
-4.260903000831604004e-01
-1.089854761958122253e-01
-6.260892748832702637e-01
-7.936997413635253906e-01
-8.736252784729003906e-01
-4.113161265850067139e-01
-1.128275632858276367e+00
7.220683097839355469e-01
8.611083030700683594e-01
-3.475803434848785400e-01
2.353186309337615967e-01
-2.764629721641540527e-01
-5.365067720413208008e-01
2.139644324779510498e-01
-2.379167377948760986e-01
-2.750367298722267151e-02
-1.941920816898345947e-02
1.357227563858032227e-01
2.988742113113403320e+00
-2.901646792888641357e-01
6.563340425491333008e-01
4.827437996864318848e-01
-8.564212322235107422e-01
6.844863295555114746e-01
1.398838758468627930e-01
2.548887729644775391e-01
1.191788166761398315e-01
-5.906857550144195557e-02
-6.979497075080871582e-01
2.395941972732543945e+00
8.310721516609191895e-01
7.602154612541198730e-01
6.549345850944519043e-01
3.770931363105773926e-01
-9.954300522804260254e-02
-5.971030592918395996e-01
-5.034666135907173157e-02
-4.842175841331481934e-01
1.006947517395019531e+00
9.299261122941970825e-02
8.725366592407226562e-01
-4.439551234245300293e-01
1.197044830769300461e-02
2.971988404169678688e-03
1.545788168907165527e+00
1.196025729179382324e+00
7.385665178298950195e-01
4.789630174636840820e-01
-8.029279708862304688e-01
1.548158973455429077e-01
-7.948390841484069824e-01
-5.758846998214721680e-01
-2.324988394975662231e-01
1.570480614900588989e-01
4.580874741077423096e-01
5.212070941925048828e-01
5.080505013465881348e-01
-1.909444928169250488e+00
8.047686517238616943e-02
1.298234820365905762e+00
-1.685174405574798584e-01
-7.365975975990295410e-01
2.427614927291870117e+00
1.177515625953674316e+00
-8.123193979263305664e-01
1.165280304849147797e-02
-4.150795936584472656e-01
7.155647873878479004e-01
-9.721063375473022461e-01
-3.302107453346252441e-01
-3.212741911411285400e-01
-2.469487428665161133e+00
4.663811326026916504e-01
-1.537411808967590332e-01
3.652467727661132812e-01
4.502472579479217529e-01
3.751555681228637695e-01
-5.065972208976745605e-01
-7.226656079292297363e-01
-5.414561033248901367e-01
-4.129427373409271240e-01
-7.840771675109863281e-01
3.228135406970977783e-01
3.611470758914947510e-01
7.295694351196289062e-01
1.372658729553222656e+00
-9.743113517761230469e-01
5.415181070566177368e-02
8.757817149162292480e-01
2.493611723184585571e-01
-2.901835739612579346e-01
1.488243937492370605e+00
9.962012767791748047e-01
9.510566294193267822e-02
6.596575379371643066e-01
-5.277516245841979980e-01
-1.194343209266662598e+00
-5.476913452148437500e-01
-7.555097937583923340e-01
-8.731221556663513184e-01
5.323758125305175781e-01
-3.023908734321594238e-01
1.843473434448242188e+00
6.332873106002807617e-01
-5.793628096580505371e-01
-3.496088981628417969e-01
1.631766706705093384e-01
8.070051670074462891e-02
-1.213957667350769043e-01
6.878148913383483887e-01
-6.395165920257568359e-01
1.612626761198043823e-01
2.310751378536224365e-01
-8.258092403411865234e-01
-7.262394428253173828e-01
-1.481328457593917847e-01
-1.339571952819824219e+00
1.374275445938110352e+00
-8.551098108291625977e-01
-6.019148230552673340e-01
-1.347326040267944336e-01
-9.055683016777038574e-02
-1.156203746795654297e+00
1.388367295265197754e+00
-5.607577562332153320e-01
1.412083029747009277e+00
7.999975085258483887e-01
-1.370510935783386230e+00
-2.581567049026489258e+00
6.223829984664916992e-01
7.701719403266906738e-01
4.097188413143157959e-01
9.560219645500183105e-01
1.189894080162048340e-01
6.079010367393493652e-01
1.103744581341743469e-01
3.723057731986045837e-02
-4.074644744396209717e-01
1.210250973701477051e+00
-7.631946206092834473e-01
-5.468993186950683594e-01
-1.613699316978454590e+00
-1.245909556746482849e-01
-8.452359437942504883e-01
-1.232460141181945801e-01
-6.102018952369689941e-01
5.183209180831909180e-01
-1.820622831583023071e-01
-4.912262558937072754e-01
2.133807167410850525e-03
5.404762029647827148e-01
1.021718978881835938e-01
9.227731227874755859e-01
-1.059316158294677734e+00
-4.626832902431488037e-01
5.828288942575454712e-02
-5.968686938285827637e-01
-4.609456062316894531e-01
-7.369402050971984863e-02
5.264241099357604980e-01
-9.037812352180480957e-01
6.635377407073974609e-01
3.937907218933105469e-01
2.028637193143367767e-02
9.799052476882934570e-01
-2.897084653377532959e-01
1.333483606576919556e-01
-7.469923496246337891e-01
1.513909101486206055e+00
8.069625496864318848e-02
-4.517441987991333008e-01
-1.069082140922546387e+00
9.997453689575195312e-01
9.300770759582519531e-01
-6.044497713446617126e-02
-8.616496324539184570e-01
3.510888516902923584e-01
-1.455278843641281128e-01
-2.512625753879547119e-01
-1.116158485412597656e+00
7.434659600257873535e-01
1.663717746734619141e+00
1.433531761169433594e+00
3.571277558803558350e-01
-2.179076895117759705e-02
-8.594627380371093750e-01
-3.331390619277954102e-01
3.827310502529144287e-01
-6.503973007202148438e-01
4.253242611885070801e-01
7.611728310585021973e-01
7.415675371885299683e-02
8.352115750312805176e-01
1.688369035720825195e+00
4.157314002513885498e-01
7.849674224853515625e-01
4.003277122974395752e-01
-3.522267341613769531e-01
2.956599593162536621e-01
2.735001444816589355e-01
7.626366615295410156e-01
6.824113428592681885e-02
9.940307140350341797e-01
-1.285849511623382568e-01
-1.917740345001220703e+00
1.244145035743713379e+00
6.835067868232727051e-01
5.206288695335388184e-01
1.103670477867126465e+00
-7.838478088378906250e-01
7.480673789978027344e-01
6.395947933197021484e-01
-7.269038558006286621e-01
1.244422435760498047e+00
-2.420124262571334839e-01
1.208486914634704590e+00
2.139956317842006683e-02
1.212228462100028992e-01
-7.403190732002258301e-01
7.837887108325958252e-02
-2.989810407161712646e-01
-1.138647556304931641e+00
-4.960885047912597656e-01
-7.041345238685607910e-01
1.131087541580200195e+00
9.163436889648437500e-01
-6.871852874755859375e-01
-7.244027256965637207e-01
1.079633831977844238e+00
4.728789329528808594e-01
1.685137629508972168e+00
4.717093333601951599e-02
-5.122119188308715820e-01
-5.427626967430114746e-01
1.748357653617858887e+00
-1.138374507427215576e-01
-3.163447976112365723e-01
1.519012689590454102e+00
-1.765326976776123047e+00
-4.699437320232391357e-01
-1.413629412651062012e+00
-9.665027856826782227e-01
9.126636385917663574e-01
9.498563408851623535e-01
-1.130535960197448730e+00
-2.402096390724182129e-01
-5.494354963302612305e-01
-1.124313101172447205e-01
9.515442848205566406e-01
-2.645106911659240723e-01
3.895788788795471191e-01
-1.238554477691650391e+00
2.644575238227844238e-01
1.227870821952819824e+00
-1.212090730667114258e+00
-7.352177500724792480e-01
2.521100044250488281e-01
-1.161700040102005005e-01
4.168827831745147705e-01
-1.250354886054992676e+00
-6.768398880958557129e-01
5.724012255668640137e-01
-4.534347653388977051e-01
1.082692861557006836e+00
-3.428149819374084473e-01
-4.044524133205413818e-01
-8.370701074600219727e-01
1.865423917770385742e+00
1.288428425788879395e+00
-5.155363082885742188e-01
-4.296853542327880859e-01
2.149130851030349731e-01
-1.187833920121192932e-01
-9.859136939048767090e-01
-1.251969099044799805e+00
-1.317616254091262817e-01
-6.614474654197692871e-01
5.520600080490112305e-01
-5.567861199378967285e-01
3.299455940723419189e-01
-8.111209273338317871e-01
-3.411913812160491943e-01
-7.568868398666381836e-01
9.020285010337829590e-01
-1.295055508613586426e+00
2.894796133041381836e-01
3.792144060134887695e-01
6.559321880340576172e-01
1.529737859964370728e-01
5.288167595863342285e-01
-1.088087797164916992e+00
-1.643269807100296021e-01
-7.722489237785339355e-01
1.619704216718673706e-01
-2.444681376218795776e-01
-1.341199398040771484e+00
-2.796408236026763916e-01
2.001586556434631348e-02
1.475441083312034607e-02
-5.100381970405578613e-01
-1.252249479293823242e+00
-6.161799430847167969e-01
-1.253441572189331055e+00
9.735749959945678711e-01
2.151112556457519531e-01
6.689509153366088867e-01
-5.623947381973266602e-01
-9.050472080707550049e-02
-2.080703675746917725e-01
-4.559338092803955078e-01
7.962192893028259277e-01
2.027065753936767578e-01
7.487935423851013184e-01
-1.151593402028083801e-01
1.803085505962371826e-01
1.469132781028747559e+00
-4.509083181619644165e-02
-1.711057901382446289e+00
-3.783994540572166443e-02
8.855867385864257812e-01
-5.237116217613220215e-01
-4.323339760303497314e-01
5.113618373870849609e-01
-1.460903286933898926e-01
-1.797446608543395996e+00
1.429746866226196289e+00
9.344820976257324219e-01
5.093402862548828125e-01
-2.609370946884155273e-01
-1.315176367759704590e+00
1.698521852493286133e+00
2.393583208322525024e-01
5.720292683690786362e-03
-1.987541198730468750e+00
2.176787555217742920e-01
-1.748444288969039917e-01
5.160869359970092773e-01
1.527450323104858398e+00
2.139632850885391235e-01
5.566788315773010254e-01
1.492383718490600586e+00
-1.941667914390563965e+00
-1.671874761581420898e+00
-7.665497660636901855e-01
-1.017482519149780273e+00
-3.793345093727111816e-01
7.490093708038330078e-01
-9.945889115333557129e-01
-4.813248515129089355e-01
8.774111270904541016e-01
2.792671680450439453e+00
-8.440124392509460449e-01
-1.670216202735900879e+00
-1.176077723503112793e+00
3.942058086395263672e-01
2.344231307506561279e-01
-8.136795163154602051e-01
2.912905216217041016e+00
-6.002122759819030762e-01
6.338132619857788086e-01
2.236668616533279419e-01
3.700896799564361572e-01
-3.462098166346549988e-02
2.551206350326538086e-01
-1.390879988670349121e+00
-4.193647205829620361e-01
-9.835550785064697266e-01
-9.587739706039428711e-01
-3.155623376369476318e-01
1.119127273559570312e+00
8.664191365242004395e-01
-1.456941366195678711e+00
7.366797327995300293e-01
2.200593709945678711e+00
5.963780879974365234e-01
1.300708949565887451e-01
-2.730828523635864258e-01
9.995871782302856445e-01
-5.085340738296508789e-01
-7.522668689489364624e-02
4.678940773010253906e-01
-1.746390461921691895e+00
3.393359482288360596e-01
-1.131194382905960083e-01
-1.565174698829650879e+00
-1.120983362197875977e+00
7.831921577453613281e-01
-1.019709229469299316e+00
6.357933878898620605e-01
1.716245114803314209e-01
-6.523458361625671387e-01
6.413857340812683105e-01
5.684714913368225098e-01
6.780323386192321777e-01
-8.349792361259460449e-01
1.388716340065002441e+00
7.559528350830078125e-01
-3.649701550602912903e-02
-2.222872078418731689e-01
1.585210919380187988e+00
3.073882311582565308e-02
-9.517155885696411133e-01
2.284191846847534180e-01
-9.426222443580627441e-01
6.196475625038146973e-01
-7.077962756156921387e-01
-3.444718718528747559e-01
1.472287476062774658e-01
-1.314162135124206543e+00
-6.646860837936401367e-01
1.040062606334686279e-01
9.099735021591186523e-01
5.338214039802551270e-01
2.058872133493423462e-01
1.476995944976806641e+00
6.547303795814514160e-01
2.426660656929016113e-01
-4.821827113628387451e-01
1.185876131057739258e+00
1.531821846961975098e+00
-4.618861973285675049e-01
-7.758949995040893555e-01
3.743675351142883301e-01
-9.957231879234313965e-01
-6.521348655223846436e-02
-6.556342244148254395e-01
3.450015485286712646e-01
-3.793959915637969971e-01
-8.113888651132583618e-02
4.342747330665588379e-01
2.023606300354003906e+00
-9.096524715423583984e-01
-5.112545192241668701e-02
-8.792136907577514648e-01
-2.066958904266357422e+00
1.263792216777801514e-01
8.865945339202880859e-01
1.036957025527954102e+00
-1.061877131462097168e+00
-1.053939834237098694e-01
2.411167621612548828e-01
-6.568161398172378540e-02
2.916292846202850342e-01
3.618687391281127930e-01
1.064886331558227539e+00
1.445826888084411621e+00
8.975900411605834961e-01
2.777050733566284180e-01
-4.008468687534332275e-01
-1.272619217634201050e-01
-1.011547446250915527e+00
-1.511029958724975586e+00
-5.383562445640563965e-01
-3.329550921916961670e-01
-1.758484840393066406e+00
-1.121345981955528259e-01
-1.090276002883911133e+00
2.632108628749847412e-01
3.533326983451843262e-01
-1.105793043971061707e-01
-4.001272022724151611e-01
-6.842248886823654175e-02
-8.806546330451965332e-01
2.554868161678314209e-01
9.681115150451660156e-01
-6.167955398559570312e-01
1.001930117607116699e+00
5.681002140045166016e-01
1.131063699722290039e+00
9.707107543945312500e-01
-1.078021645545959473e+00
-1.332611203193664551e+00
-7.589035034179687500e-01
-7.080132365226745605e-01
1.078666567802429199e+00
-1.119384527206420898e+00
-1.374935388565063477e+00
-7.276167273521423340e-01
6.825873851776123047e-01
8.011313080787658691e-01
3.249168097972869873e-01
-3.621519804000854492e-01
-5.309790968894958496e-01
1.001515746116638184e+00
3.211340606212615967e-01
8.570163846015930176e-01
-1.381610035896301270e+00
-4.379832744598388672e-01
1.798254400491714478e-01
6.408771276473999023e-01
1.721214413642883301e+00
3.275350332260131836e-01
4.847709834575653076e-01
-1.214450970292091370e-01
-8.855013251304626465e-01
3.967387080192565918e-01
-2.054405927658081055e+00
4.974660649895668030e-02
2.187151461839675903e-02
-1.273170471191406250e+00
-1.820999979972839355e+00
-1.214821696281433105e+00
-1.184018731117248535e+00
4.217219650745391846e-01
1.067203760147094727e+00
1.827767491340637207e-01
-7.860581874847412109e-01
2.755881547927856445e-01
4.379631280899047852e-01
-1.335923671722412109e+00
-2.604651153087615967e-01
-1.722412347793579102e+00
-5.873200297355651855e-01
6.082210540771484375e-01
8.012777566909790039e-01
5.418228507041931152e-01
5.367097258567810059e-01
-3.690725266933441162e-01
4.913144707679748535e-01
3.730000257492065430e-01
-1.801622867584228516e+00
1.920036738738417625e-03
-3.805879652500152588e-01
1.007625460624694824e+00
5.681285858154296875e-01
5.758727788925170898e-01
1.570873022079467773e+00
-9.110239148139953613e-01
1.123092293739318848e+00
-8.960562199354171753e-02
-2.065146207809448242e+00
-8.489737510681152344e-01
-1.108403921127319336e+00
-2.037766575813293457e-01
-7.958956956863403320e-01
-1.307624578475952148e+00
-1.948679327964782715e+00
-3.185721933841705322e-01
-1.618773341178894043e-01
-9.216055870056152344e-01
6.965942978858947754e-01
-7.128465771675109863e-01
-5.766479372978210449e-01
-7.932090759277343750e-01
1.121260523796081543e+00
1.400732547044754028e-01
-2.371455878019332886e-01
-1.038895368576049805e+00
-4.050000905990600586e-01
-1.089624643325805664e+00
1.807935833930969238e-01
-5.777757242321968079e-02
1.479038000106811523e-01
-1.552013874053955078e+00
1.341978669166564941e+00
-5.429754853248596191e-01
-5.417423844337463379e-01
-4.272520244121551514e-01
6.406252980232238770e-01
8.495619893074035645e-02
2.939642667770385742e-01
2.051007747650146484e-01
-4.116999208927154541e-01
1.506374925374984741e-01
-4.403987526893615723e-01
-6.079574227333068848e-01
-2.072717905044555664e+00
-6.120852231979370117e-01
3.539956808090209961e-01
8.715829253196716309e-01
-5.788438916206359863e-01
1.643786728382110596e-01
2.497813224792480469e+00
4.813094735145568848e-01
7.122351527214050293e-01
-1.185252591967582703e-01
-1.401211738586425781e+00
1.246880650520324707e+00
-1.108906626701354980e+00
-4.819436371326446533e-01
1.699100971221923828e+00
-1.231117963790893555e+00
-7.744071483612060547e-01
-9.472476243972778320e-01
-6.981949210166931152e-01
-1.053193092346191406e+00
-1.049460053443908691e+00
7.525582313537597656e-01
-6.079862713813781738e-01
5.612857341766357422e-01
9.055982530117034912e-02
2.793115079402923584e-01
4.561383128166198730e-01
1.153406858444213867e+00
3.200872242450714111e-01
-1.074899062514305115e-01
1.153594613075256348e+00
2.028682641685009003e-02
-1.663328856229782104e-01
-3.925672471523284912e-01
1.573079377412796021e-01
-6.121760606765747070e-01
-5.127809047698974609e-01
-4.527259171009063721e-01
1.106010898947715759e-01
3.460403084754943848e-01
7.103915214538574219e-01
2.436898350715637207e-01
8.268557786941528320e-01
-1.421048402786254883e+00
-4.846629202365875244e-01
-7.646203637123107910e-01
1.708302199840545654e-01
1.360137939453125000e+00
-1.156579032540321350e-01
-2.591491043567657471e-01
2.036590725183486938e-01
2.932449877262115479e-01
-9.882823824882507324e-01
-1.581063121557235718e-02
1.855659782886505127e-01
-2.053404301404953003e-01
-1.119803071022033691e+00
1.147323608398437500e+00
-1.185976624488830566e+00
1.903799176216125488e+00
-4.116567224264144897e-02
-3.407639861106872559e-01
-1.792486459016799927e-01
-7.043949961662292480e-01
1.112603470683097839e-01
6.686217188835144043e-01
-1.048469185829162598e+00
-1.185729265213012695e+00
1.329492330551147461e+00
-9.286381602287292480e-01
-2.068496197462081909e-01
1.610732078552246094e+00
1.702431738376617432e-01
-9.715839475393295288e-02
4.436578154563903809e-01
-9.341986775398254395e-01
1.321466207504272461e+00
-1.787272864021360874e-03
2.116995602846145630e-01
2.582567036151885986e-01
-8.725302815437316895e-01
-8.341112732887268066e-01
-4.444182813167572021e-01
2.360979318618774414e+00
9.683043360710144043e-01
1.972446888685226440e-01
1.240972995758056641e+00
-3.187531232833862305e-01
1.178753018379211426e+00
-7.809713482856750488e-01
-1.587900966405868530e-01
-1.698955655097961426e+00
3.604267835617065430e-01
-6.995750591158866882e-03
-2.949611544609069824e-01
1.194237247109413147e-01
1.253181993961334229e-01
-2.268266975879669189e-01
1.599944080226123333e-03
-1.495768688619136810e-02
-1.471717596054077148e+00
8.516216278076171875e-01
2.830055058002471924e-01
1.855302691459655762e+00
-9.013661742210388184e-01
7.547401785850524902e-01
2.144539833068847656e+00
-1.491162657737731934e+00
1.471823334693908691e+00
-1.358591169118881226e-01
6.901124119758605957e-01
-1.156710147857666016e+00
-5.104518681764602661e-02
7.468235492706298828e-02
-1.181975603103637695e+00
3.845236003398895264e-01
1.844196081161499023e+00
-9.436279535293579102e-02
-8.434535861015319824e-01
6.542065143585205078e-01
7.910996079444885254e-01
-2.361521422863006592e-01
2.188460528850555420e-02
-1.565404683351516724e-01
-9.916852712631225586e-01
-6.298342347145080566e-01
-9.901130199432373047e-01
7.640030980110168457e-01
-8.904298543930053711e-01
-1.104004383087158203e+00
-5.712184589356184006e-03
9.009370207786560059e-01
2.618111073970794678e-01
9.410542845726013184e-01
2.293096110224723816e-02
7.229015231132507324e-01
1.144996404647827148e+00
2.208585023880004883e+00
-6.296995878219604492e-01
2.861659228801727295e-01
2.856179475784301758e-01
4.561746492981910706e-02
-1.204373836517333984e+00
