2.564191222190856934e-01
-1.968627274036407471e-01
7.076137065887451172e-01
8.833780884742736816e-01
-3.311742544174194336e-01
-4.245956242084503174e-01
5.171213746070861816e-01
1.282913923263549805e+00
7.904850840568542480e-01
-7.465437054634094238e-01
1.207934737205505371e+00
5.422956347465515137e-01
3.061026334762573242e-01
-7.888838648796081543e-01
1.170789718627929688e+00
2.118242233991622925e-01
2.426937371492385864e-01
-4.904990494251251221e-01
1.149194389581680298e-01
-2.041923850774765015e-01
-4.380110800266265869e-01
2.317666858434677124e-01
9.216539263725280762e-01
4.007713794708251953e-01
2.322132140398025513e-01
-9.689382314682006836e-01
4.329732805490493774e-02
1.309458136558532715e+00
9.255549311637878418e-01
7.555310726165771484e-01
1.333876967430114746e+00
-5.043101683259010315e-02
-4.020614624023437500e-01
-1.425308346748352051e+00
1.683143854141235352e+00
3.298864960670471191e-01
-8.908345699310302734e-01
3.138303756713867188e-01
-6.517108082771301270e-01
-2.334857732057571411e-01
1.530693292617797852e+00
-6.117943301796913147e-02
9.218614697456359863e-01
-4.494552314281463623e-01
-1.797421813011169434e+00
2.456044256687164307e-01
-1.194184422492980957e+00
-1.048601031303405762e+00
-3.129166066646575928e-01
9.592952728271484375e-01
-2.325057834386825562e-01
5.197305083274841309e-01
-7.111990451812744141e-02
-6.698977351188659668e-01
3.715660572052001953e-01
-1.507863521575927734e+00
1.698132753372192383e-01
-7.308121770620346069e-02
-1.094433903694152832e+00
-1.670876443386077881e-01
1.860614418983459473e-01
4.503444433212280273e-01
-8.952973037958145142e-02
5.885636210441589355e-01
-7.706870883703231812e-02
-1.333232283592224121e+00
-1.423786520957946777e+00
1.390360832214355469e+00
1.477553725242614746e+00
2.934322953224182129e-01
8.088682293891906738e-01
-5.364536643028259277e-01
7.101070880889892578e-01
2.023003529757261276e-03
-4.073475301265716553e-01
7.192210853099822998e-02
4.944754242897033691e-01
9.075800776481628418e-01
-6.059480309486389160e-01
1.021958589553833008e+00
1.656711548566818237e-01
-6.505424976348876953e-01
6.342290341854095459e-02
5.202819705009460449e-01
-8.249571323394775391e-01
1.472992002964019775e-01
-6.756277382373809814e-02
8.092446923255920410e-01
2.293785333633422852e+00
4.442627727985382080e-01
3.604836165904998779e-01
-1.780732035636901855e+00
5.065805315971374512e-01
-3.998658359050750732e-01
-7.053171098232269287e-02
-4.558744430541992188e-01
-8.646706938743591309e-01
-2.428073734045028687e-01
1.438032865524291992e+00
5.385534167289733887e-01
-8.087387084960937500e-01
-8.589308261871337891e-01
-6.146910786628723145e-01
1.953897923231124878e-01
1.366565346717834473e+00
-8.809392452239990234e-01
1.220720559358596802e-01
9.009510278701782227e-01
8.478438854217529297e-02
1.748040169477462769e-01
8.910313248634338379e-02
-2.807565331459045410e-01
4.483508765697479248e-01
-2.449374198913574219e-01
-2.557123005390167236e-01
-4.301290512084960938e-01
-2.295270115137100220e-01
-1.088394761085510254e+00
7.325609922409057617e-01
4.640259742736816406e-01
4.087595939636230469e-01
1.294420242309570312e+00
1.192049682140350342e-01
-5.718026161193847656e-01
8.554649949073791504e-01
4.797007143497467041e-02
5.931005254387855530e-02
1.084412455558776855e+00
-4.387758076190948486e-01
-1.687513709068298340e+00
-1.977233290672302246e+00
5.053849220275878906e-01
-4.837758466601371765e-02
8.958759903907775879e-01
4.040054380893707275e-01
-2.801019847393035889e-01
-8.031381368637084961e-01
-1.027289748191833496e+00
8.266937136650085449e-01
-1.090070724487304688e+00
-1.514027357101440430e+00
-1.350852370262145996e+00
2.266963958740234375e+00
2.100810557603836060e-01
5.024044513702392578e-01
1.632288545370101929e-01
-4.019200205802917480e-01
2.465505003929138184e-01
6.486827731132507324e-01
-1.047486662864685059e+00
7.479356527328491211e-01
1.020371913909912109e+00
1.418169021606445312e+00
5.510615706443786621e-01
4.017383977770805359e-02
-3.535309731960296631e-01
-5.095492601394653320e-01
-1.204011440277099609e+00
1.555066406726837158e-01
-5.177631378173828125e-01
-1.091872096061706543e+00
2.259353160858154297e+00
4.521370530128479004e-01
-7.882407307624816895e-01
1.319114089012145996e+00
6.753866076469421387e-01
1.637861281633377075e-01
1.179176926612854004e+00
6.229212880134582520e-01
-9.322047233581542969e-01
-1.777192956069484353e-04
2.132006883621215820e+00
-4.144790470600128174e-01
1.163958534598350525e-01
1.135093331336975098e+00
-2.074898332357406616e-01
1.763121843338012695e+00
-4.942658245563507080e-01
-1.848723888397216797e+00
-3.415697813034057617e-01
3.223708271980285645e-01
-9.180997610092163086e-01
3.578611910343170166e-01
1.785474568605422974e-01
-1.886379569768905640e-01
8.710249066352844238e-01
-1.583122730255126953e+00
-3.220759391784667969e+00
2.082987725734710693e-01
1.946135610342025757e-01
-2.015745788812637329e-01
1.587015986442565918e+00
-5.249685645103454590e-01
7.477500438690185547e-01
-9.219820499420166016e-01
4.573347978293895721e-03
-1.037249326705932617e+00
-1.422392606735229492e+00
-4.967712759971618652e-01
-1.717266999185085297e-02
-5.421543121337890625e-01
-3.584659993648529053e-01
4.486746490001678467e-01
-3.686281442642211914e-01
-4.360347241163253784e-02
3.655698299407958984e-01
2.861448824405670166e-01
-3.830271661281585693e-01
1.811313867568969727e+00
-2.228214293718338013e-01
6.340239644050598145e-01
1.597949981689453125e+00
-6.909841895103454590e-01
1.643243730068206787e-01
-4.435853660106658936e-01
-8.362153768539428711e-01
-1.343212842941284180e+00
6.324317455291748047e-01
-4.070255963597446680e-04
6.383406370878219604e-02
-1.607172340154647827e-01
1.418691724538803101e-01
9.809696674346923828e-01
-1.313125062733888626e-02
-1.741624712944030762e+00
-3.915262520313262939e-01
-4.667534530162811279e-01
-4.036450386047363281e-01
-2.311725318431854248e-01
-4.848552942276000977e-01
1.732853800058364868e-01
-7.833610288798809052e-03
1.411535620689392090e+00
4.052046835422515869e-01
-9.780467152595520020e-01
-9.952394366264343262e-01
2.010553479194641113e-01
2.456904500722885132e-01
-6.275590062141418457e-01
-3.878874480724334717e-01
1.696317195892333984e+00
1.922912597656250000e+00
6.300894618034362793e-01
-3.977223336696624756e-01
-1.401854395866394043e+00
-2.211168408393859863e-01
-1.287844061851501465e+00
-1.015008211135864258e+00
1.161581873893737793e+00
-6.972663402557373047e-01
1.040874361991882324e+00
3.645775616168975830e-01
3.918569087982177734e-01
-3.222757875919342041e-01
9.501071572303771973e-01
-8.310036063194274902e-01
-4.439666867256164551e-01
1.566765159368515015e-01
2.059888839721679688e-01
-1.114123389124870300e-01
8.504981398582458496e-01
-3.114463090896606445e-01
-1.370613217353820801e+00
-2.665794610977172852e+00
1.275129437446594238e+00
8.620775341987609863e-01
1.172416210174560547e+00
-4.282012283802032471e-01
-8.254311233758926392e-02
-1.829855842515826225e-03
-3.633676841855049133e-02
-2.237540185451507568e-01
2.337255924940109253e-01
-2.272289842367172241e-01
1.683074474334716797e+00
-4.333912730216979980e-01
4.188696742057800293e-01
7.316261529922485352e-01
-1.041403532028198242e+00
-1.087690591812133789e+00
-7.558208703994750977e-01
4.946876168251037598e-01
-5.513342022895812988e-01
5.349338650703430176e-01
-1.438246369361877441e+00
7.397132515907287598e-01
2.631955742835998535e-01
-4.199356734752655029e-01
-2.960876822471618652e-01
9.610805511474609375e-01
9.393180012702941895e-01
-7.435699105262756348e-01
1.702703684568405151e-01
-2.028519064188003540e-01
3.030359447002410889e-01
7.286848425865173340e-01
1.043248698115348816e-01
8.779768943786621094e-01
-1.063869744539260864e-01
-7.322643995285034180e-01
1.241797208786010742e-01
1.338556766510009766e+00
-4.611597359180450439e-01
8.888199329376220703e-01
-8.896451592445373535e-01
-1.046887874603271484e+00
-4.178777635097503662e-01
6.976863741874694824e-01
1.226260289549827576e-01
5.628983974456787109e-01
2.383210211992263794e-01
3.296866416931152344e-01
7.007352709770202637e-01
-1.143844366073608398e+00
2.915091812610626221e-01
-7.244446873664855957e-02
-1.146183162927627563e-01
-5.176081061363220215e-01
-1.003284215927124023e+00
2.218037694692611694e-01
8.689265847206115723e-01
-3.113652169704437256e-01
4.655505418777465820e-01
-3.795806169509887695e-01
3.023892045021057129e-01
1.244158625602722168e+00
1.694729804992675781e+00
-6.594339609146118164e-01
1.999676078557968140e-01
-8.411787748336791992e-01
-4.177754223346710205e-01
-8.764946460723876953e-02
2.605778872966766357e-01
-1.250159740447998047e+00
-2.818670272827148438e-01
1.783769130706787109e-01
2.499815970659255981e-01
1.137732625007629395e+00
1.242532491683959961e+00
-6.265299320220947266e-01
-5.435661077499389648e-01
-1.424996018409729004e+00
-1.032574415206909180e+00
3.341175019741058350e-01
3.632642030715942383e-01
1.214514493942260742e+00
5.024713873863220215e-01
3.023433685302734375e-01
-6.925317645072937012e-01
2.258868664503097534e-01
7.435487508773803711e-01
5.809404253959655762e-01
1.294110178947448730e+00
9.238747358322143555e-01
-5.566282272338867188e-01
8.250620365142822266e-01
6.998045444488525391e-01
-1.983495801687240601e-01
4.395507574081420898e-01
-6.950060725212097168e-01
-5.307143330574035645e-01
-1.342063069343566895e+00
-1.194670721888542175e-01
-2.875859737396240234e-01
-3.008061945438385010e-01
-1.342435777187347412e-01
-6.007179617881774902e-02
-1.019299983978271484e+00
1.428987741470336914e+00
1.000925660133361816e+00
-6.548438221216201782e-02
5.802691578865051270e-01
-7.031221985816955566e-01
-9.034511446952819824e-01
-3.216973841190338135e-01
3.335995078086853027e-01
-1.304256916046142578e+00
-2.107009440660476685e-01
1.358206629753112793e+00
-3.309692144393920898e-01
-4.054939150810241699e-01
1.116415739059448242e+00
-1.431177556514739990e-01
-8.567934036254882812e-01
8.460600972175598145e-01
6.025227904319763184e-01
1.713145524263381958e-01
-1.355617791414260864e-01
3.059925138950347900e-01
2.359574735164642334e-01
1.480625122785568237e-01
1.062270760536193848e+00
-2.454563856124877930e+00
-4.453970193862915039e-01
-7.032941579818725586e-01
1.122738942503929138e-01
2.761492133140563965e-01
3.269804120063781738e-01
6.683339476585388184e-01
1.140484571456909180e+00
-1.589827895164489746e+00
-1.613174796104431152e+00
5.938920378684997559e-01
-6.994113326072692871e-01
-1.069860458374023438e+00
-6.877338290214538574e-01
-8.920046091079711914e-01
-1.101092696189880371e-01
3.354810178279876709e-01
-1.382134947925806046e-02
7.793269753456115723e-01
-2.071965694427490234e+00
-2.632291018962860107e-01
-2.260219007730484009e-01
-3.173030912876129150e-01
-5.858830213546752930e-01
-1.406581103801727295e-01
4.326175451278686523e-01
-2.043119817972183228e-01
-1.853324323892593384e-01
3.658786714076995850e-01
-8.300084471702575684e-01
-7.561828494071960449e-01
-1.362479090690612793e+00
-8.911042213439941406e-01
-6.651916503906250000e-01
3.123395703732967377e-02
-2.346975058317184448e-01
-1.562609910964965820e+00
1.344680547714233398e+00
3.778653442859649658e-01
1.674371957778930664e+00
-1.143600225448608398e+00
3.214907050132751465e-01
4.907889664173126221e-01
-9.143025279045104980e-01
-1.172080859541893005e-01
1.917653977870941162e-01
-3.187538087368011475e-01
7.669370174407958984e-01
-1.708141922950744629e+00
1.019495353102684021e-01
-6.166704893112182617e-01
-2.108182013034820557e-02
-1.214422225952148438e+00
5.146040916442871094e-01
8.688585162162780762e-01
3.194569647312164307e-01
-2.295102775096893311e-01
-1.082408189773559570e+00
-1.323575228452682495e-01
-5.672488808631896973e-01
1.525259464979171753e-01
-7.214471101760864258e-01
-2.888021171092987061e-01
4.160942435264587402e-01
-6.383186578750610352e-01
-9.397992491722106934e-01
7.871437668800354004e-01
1.001470804214477539e+00
-1.258210062980651855e+00
1.812074482440948486e-01
-1.676024675369262695e+00
-1.053407311439514160e+00
1.057612776756286621e+00
-3.042012751102447510e-01
4.495154917240142822e-01
7.181391716003417969e-01
5.574930906295776367e-01
2.343220233917236328e+00
3.425478003919124603e-03
-5.037771463394165039e-01
-8.725305795669555664e-01
3.709529638290405273e-01
4.721159934997558594e-01
4.093099832534790039e-01
-1.317493319511413574e+00
8.527909517288208008e-01
8.165002465248107910e-01
-1.270523428916931152e+00
-2.291814088821411133e+00
-9.273743629455566406e-01
2.324746251106262207e-01
1.286414980888366699e+00
1.533122181892395020e+00
-1.365542113780975342e-01
1.106512397527694702e-01
-1.003501057624816895e+00
1.205915689468383789e+00
-7.369336485862731934e-01
-1.531998991966247559e+00
-1.364959836006164551e+00
-3.489294052124023438e-01
-6.182540655136108398e-01
-1.324285984039306641e+00
-1.207562923431396484e+00
8.531959056854248047e-01
-1.205129146575927734e+00
-5.911269411444664001e-02
6.803218722343444824e-01
6.514535099267959595e-02
2.390282750129699707e-01
1.535262107849121094e+00
5.739630460739135742e-01
1.007023334503173828e+00
1.788872241973876953e+00
-6.994574666023254395e-01
6.662769317626953125e-01
1.820192486047744751e-02
-1.391083240509033203e+00
7.019802927970886230e-01
-1.983169674873352051e+00
-1.282525211572647095e-01
-1.553852796554565430e+00
9.126197099685668945e-01
7.128294110298156738e-01
-2.887224912643432617e+00
8.301694691181182861e-02
-1.741700470447540283e-01
-3.663290143013000488e-01
-3.232533633708953857e-01
-1.135676741600036621e+00
6.073249578475952148e-01
1.081279039382934570e+00
-1.636733174324035645e+00
1.217617541551589966e-01
1.253514885902404785e+00
-7.876874804496765137e-01
1.118436932563781738e+00
1.905202269554138184e-01
-2.357574462890625000e+00
-1.660794854164123535e+00
-9.726861119270324707e-01
1.951103657484054565e-01
-3.776384294033050537e-01
-9.383644163608551025e-02
-1.732950806617736816e+00
-1.554532051086425781e-01
1.447374224662780762e+00
-3.546243160963058472e-02
7.636336684226989746e-01
3.080968558788299561e-01
1.349390447139739990e-01
3.813734054565429688e-01
2.151037752628326416e-01
-5.215438008308410645e-01
1.015184640884399414e+00
6.810742020606994629e-01
6.142015457153320312e-01
-1.533309578895568848e+00
1.196536064147949219e+00
-5.296078920364379883e-01
1.160656809806823730e+00
-3.741322457790374756e-01
1.404183745384216309e+00
2.439359128475189209e-01
3.989648222923278809e-01
-1.419597566127777100e-01
-5.830466151237487793e-01
-1.293020606040954590e+00
-7.868750393390655518e-02
-1.822448074817657471e-01
-1.275162696838378906e+00
2.933396697044372559e-01
8.764608502388000488e-01
5.449258089065551758e-01
-4.947534799575805664e-01
5.943389534950256348e-01
-1.495796442031860352e+00
-9.269561767578125000e-01
-2.824167907238006592e-01
2.202701121568679810e-01
3.829181790351867676e-01
-1.471502631902694702e-01
7.298845052719116211e-01
6.550233364105224609e-01
4.445817321538925171e-02
4.851029217243194580e-01
-1.472313553094863892e-01
-3.632133901119232178e-01
2.453722655773162842e-01
1.547539979219436646e-01
-6.945170760154724121e-01
-7.669365406036376953e-01
6.487584710121154785e-01
5.518288612365722656e-01
3.390885889530181885e-01
-1.376925826072692871e+00
2.086512148380279541e-01
-1.945326566696166992e+00
1.400060355663299561e-01
-1.120180487632751465e+00
6.558145284652709961e-01
-4.686958491802215576e-01
-3.305743634700775146e-01
-2.126865625381469727e+00
2.141712903976440430e-01
-6.752461791038513184e-01
2.338663190603256226e-01
1.070372343063354492e+00
-5.794724225997924805e-01
9.374654851853847504e-03
3.101805970072746277e-02
4.550549089908599854e-01
-6.215487122535705566e-01
1.690465807914733887e-01
7.834137231111526489e-02
1.316224932670593262e+00
1.934064924716949463e-01
-4.078410863876342773e-01
-2.092197686433792114e-01
2.174232900142669678e-01
8.573226332664489746e-01
-9.998599290847778320e-01
1.584128141403198242e-01
3.884533047676086426e-01
-1.168292045593261719e+00
-9.925211220979690552e-02
3.587891347706317902e-03
-4.703814685344696045e-01
8.955518007278442383e-01
-1.238173961639404297e+00
-2.519111037254333496e-01
-2.200965642929077148e+00
-9.140171110630035400e-02
-9.301565885543823242e-01
1.769322454929351807e-01
9.047008156776428223e-01
-4.595948755741119385e-02
-3.324060738086700439e-01
1.109745740890502930e+00
2.532899141311645508e+00
4.314474388957023621e-02
-1.248925566673278809e+00
-1.865901947021484375e+00
-2.191781252622604370e-01
4.648582637310028076e-02
-3.970521092414855957e-01
-2.077786922454833984e-01
6.347246766090393066e-01
-1.033899933099746704e-01
-1.270473897457122803e-01
-5.171404480934143066e-01
-2.149035453796386719e+00
-9.110412597656250000e-01
9.338145852088928223e-01
3.535442650318145752e-01
-1.439996004104614258e+00
-2.806986272335052490e-01
4.255373477935791016e-01
-9.302178025245666504e-02
1.808964490890502930e+00
3.520514070987701416e-01
-1.996835768222808838e-01
-5.270992517471313477e-01
8.635010719299316406e-01
-3.742107376456260681e-02
1.527051180601119995e-01
1.522973626852035522e-01
-2.587969303131103516e-01
8.440323173999786377e-02
-3.603300154209136963e-01
-9.262110590934753418e-01
-1.117309689521789551e+00
-1.464336276054382324e+00
-2.921020984649658203e-01
6.654770374298095703e-01
-6.436486244201660156e-01
-3.890992328524589539e-02
7.195785641670227051e-01
-8.645593374967575073e-02
-4.052356630563735962e-02
8.256811499595642090e-01
5.075117945671081543e-01
6.820596754550933838e-02
7.388961315155029297e-01
-1.196792721748352051e+00
-4.073106050491333008e-01
-2.709664590656757355e-02
-6.489506363868713379e-01
-1.532611012458801270e+00
-1.276589274406433105e+00
1.630096673965454102e+00
-6.177846789360046387e-01
5.584381222724914551e-01
8.730065822601318359e-02
-9.178634881973266602e-01
-5.188994109630584717e-02
1.157977804541587830e-01
-1.564145684242248535e-01
-9.348335862159729004e-02
-8.050689101219177246e-01
-1.462214231491088867e+00
1.426758170127868652e+00
-7.142853140830993652e-01
3.256713598966598511e-02
3.043343424797058105e-01
1.219129785895347595e-01
6.654427051544189453e-01
-1.130489945411682129e+00
-8.052933812141418457e-01
9.913532733917236328e-01
-1.868646740913391113e-01
-1.821698844432830811e-01
3.442534804344177246e-01
5.097469091415405273e-01
2.814320027828216553e-01
-4.314032495021820068e-01
3.201719522476196289e-01
6.407998800277709961e-01
-1.999850749969482422e+00
-2.814349532127380371e-01
1.468442559242248535e+00
-6.939579844474792480e-01
1.310518104583024979e-02
1.356504857540130615e-01
-1.496044397354125977e+00
-2.782268226146697998e-01
4.355143606662750244e-01
7.672959566116333008e-01
1.368785977363586426e+00
1.045582294464111328e+00
-4.196335673332214355e-01
1.120609045028686523e+00
1.021300435066223145e+00
-1.016701459884643555e+00
-3.158755004405975342e-01
-3.307654857635498047e-01
8.205311894416809082e-01
5.401324033737182617e-01
-1.383437871932983398e+00
7.662048935890197754e-01
6.146305799484252930e-01
8.361030220985412598e-01
1.031583189964294434e+00
-9.525986015796661377e-02
4.510913789272308350e-01
1.369082182645797729e-01
-4.051625132560729980e-01
-7.193969190120697021e-02
1.196936607360839844e+00
9.028503894805908203e-01
2.534038543701171875e+00
-7.764908075332641602e-01
1.924820542335510254e-01
3.520384311676025391e+00
2.669329941272735596e-01
1.113001331686973572e-01
3.333520889282226562e-02
-1.084824085235595703e+00
-3.380999863147735596e-01
-1.243431329727172852e+00
1.860500454902648926e+00
8.152092993259429932e-02
-7.494974136352539062e-01
-1.537056714296340942e-01
-1.863306313753128052e-01
8.770577907562255859e-01
-1.277164220809936523e+00
7.146915595512837172e-05
-7.951769828796386719e-01
7.356953620910644531e-01
1.056995272636413574e+00
5.341711640357971191e-01
-6.049690246582031250e-01
-5.440041422843933105e-01
5.018587708473205566e-01
-1.226422667503356934e+00
