-1.737682819366455078e-01
6.354269385337829590e-02
-1.152464076876640320e-01
-9.521883726119995117e-01
-6.242889761924743652e-01
1.013533711433410645e+00
-8.004304766654968262e-01
9.401146769523620605e-01
-1.980613350868225098e+00
1.185384392738342285e+00
-1.163214802742004395e+00
1.209675788879394531e+00
1.899349093437194824e-01
-8.056133985519409180e-01
1.540632843971252441e+00
-2.815712988376617432e-01
9.434688091278076172e-01
4.218975901603698730e-01
-1.965534687042236328e+00
1.293068647384643555e+00
-1.805249810218811035e+00
-3.447303473949432373e-01
-8.214938044548034668e-01
4.234708030708134174e-04
1.054730057716369629e+00
1.410027503967285156e+00
2.160928100347518921e-01
-5.640375018119812012e-01
2.436728477478027344e-01
2.646815776824951172e-01
2.385147064924240112e-01
-5.367696285247802734e-01
-1.317108869552612305e+00
1.381838321685791016e+00
1.766315698623657227e+00
-1.086911633610725403e-01
6.296851634979248047e-01
-6.882649660110473633e-01
-6.524921655654907227e-01
-7.800630331039428711e-01
1.351073861122131348e+00
4.562058150768280029e-01
1.261061429977416992e+00
1.302167892456054688e+00
3.550275266170501709e-01
2.993183434009552002e-01
-1.078924536705017090e+00
-7.203356176614761353e-02
4.046490788459777832e-01
-8.468919396400451660e-01
3.220482766628265381e-01
3.191617727279663086e-01
6.334860920906066895e-01
3.225161731243133545e-01
6.765168309211730957e-01
-4.774601757526397705e-02
1.074194535613059998e-01
5.477162003517150879e-01
1.020883798599243164e+00
-1.245927214622497559e-01
-1.723691463470458984e+00
3.374648392200469971e-01
5.505294725298881531e-02
1.002397418022155762e+00
-4.714252650737762451e-01
7.590042948722839355e-01
6.487295776605606079e-02
-6.359910368919372559e-01
1.974436342716217041e-01
1.434542331844568253e-02
-7.582589983940124512e-01
-8.497250676155090332e-01
4.839355126023292542e-02
1.220319509506225586e+00
2.637882828712463379e-01
2.098299264907836914e+00
-1.881738543510437012e+00
-1.452844977378845215e+00
-6.536777019500732422e-01
7.618340253829956055e-01
5.995062738656997681e-02
9.576073288917541504e-01
-8.415009975433349609e-01
9.540584087371826172e-01
8.673406243324279785e-01
-2.050472348928451538e-01
5.780243780463933945e-03
1.633623391389846802e-01
1.537881255149841309e+00
7.179420907050371170e-03
-7.169772982597351074e-01
4.668943881988525391e-01
6.607337594032287598e-01
1.058313131332397461e+00
-8.792613446712493896e-02
8.537467718124389648e-01
1.029571294784545898e+00
2.802237272262573242e-01
-4.208098649978637695e-01
4.349486157298088074e-02
-1.145075559616088867e+00
-1.678801625967025757e-01
-8.778143674135208130e-02
1.925902247428894043e+00
-1.056740164756774902e+00
1.224603652954101562e+00
-4.819022715091705322e-01
-6.499545574188232422e-01
1.424212813377380371e+00
-1.341575980186462402e-01
-1.358194589614868164e+00
-2.722716331481933594e-01
-1.049657464027404785e-01
-1.362780332565307617e+00
-1.253761649131774902e+00
-1.524330496788024902e+00
2.259985804557800293e-01
1.360469937324523926e+00
1.335296273231506348e+00
-3.902061581611633301e-01
-2.547514438629150391e-02
1.638531088829040527e-01
6.726384758949279785e-01
1.144019126892089844e+00
6.225008964538574219e-01
-1.154591321945190430e+00
-1.782890081405639648e+00
1.237394571304321289e+00
1.005896806716918945e+00
-7.770269513130187988e-01
-2.748316764831542969e+00
-6.472805738449096680e-01
-1.014143586158752441e+00
2.473124265670776367e+00
2.246384859085083008e+00
1.495661020278930664e+00
-1.626691460609436035e+00
4.208980202674865723e-01
-3.233184337615966797e+00
-1.634220331907272339e-01
6.259464025497436523e-01
-6.807091832160949707e-02
6.029953956604003906e-01
2.678976655006408691e-01
-8.226433396339416504e-01
-8.398303389549255371e-01
8.325800299644470215e-02
2.225303947925567627e-01
1.674239039421081543e+00
1.117731537669897079e-02
-2.113211154937744141e-01
2.322537899017333984e+00
-8.052180409431457520e-01
-5.955069065093994141e-01
-6.249204277992248535e-01
6.594188213348388672e-01
-6.841455698013305664e-01
1.298718005418777466e-01
-1.138086080551147461e+00
-7.165047526359558105e-01
-2.439274311065673828e+00
3.884762525558471680e-01
-9.036509394645690918e-01
-4.578495025634765625e-01
-1.073114573955535889e-01
-7.240940928459167480e-01
-3.479131162166595459e-01
5.421697497367858887e-01
-9.562063217163085938e-01
2.165946066379547119e-01
5.067456960678100586e-01
-5.094652622938156128e-02
8.798630535602569580e-02
3.139676526188850403e-02
-9.199167490005493164e-01
-3.721483647823333740e-01
6.989079713821411133e-01
4.887038767337799072e-01
3.687866926193237305e-01
8.291811347007751465e-01
-1.483624339103698730e+00
-9.586743712425231934e-01
2.537779510021209717e-01
-7.511081695556640625e-01
-2.906684875488281250e-01
-2.361167073249816895e-01
1.037338495254516602e+00
-2.284277439117431641e+00
-9.037618637084960938e-01
-1.077393054962158203e+00
-9.256091117858886719e-01
5.960960984230041504e-01
1.511082202196121216e-01
1.810634851455688477e+00
5.828807353973388672e-01
5.532899498939514160e-01
-1.886763721704483032e-01
-3.527754843235015869e-01
-4.164801239967346191e-01
2.076242864131927490e-01
-9.328579902648925781e-01
6.823512166738510132e-02
1.119118452072143555e+00
-5.260930657386779785e-01
8.373203277587890625e-01
-4.969205241650342941e-03
-1.307133674621582031e+00
8.505872488021850586e-01
3.544199764728546143e-01
8.925047516822814941e-01
6.691394448280334473e-01
4.591931700706481934e-01
-3.173027932643890381e-01
-1.678213104605674744e-02
6.995355486869812012e-01
-6.917533278465270996e-01
-6.798585057258605957e-01
-1.387474536895751953e+00
-3.098853528499603271e-01
5.657300353050231934e-01
-1.205872535705566406e+00
-8.846343755722045898e-01
7.602970004081726074e-01
2.149955034255981445e+00
-1.703431159257888794e-01
4.441910609602928162e-02
2.362775057554244995e-01
-7.222319841384887695e-01
-6.609982252120971680e-01
1.490823626518249512e+00
1.272522956132888794e-01
3.317831754684448242e-01
1.388112455606460571e-01
-2.127766370773315430e+00
8.570899963378906250e-01
-2.180673837661743164e+00
7.991032004356384277e-01
-2.370043992996215820e-01
-4.981567263603210449e-01
7.124946713447570801e-01
1.471365094184875488e+00
2.493132799863815308e-01
6.430895328521728516e-01
-7.099612355232238770e-01
2.177964925765991211e+00
5.051683187484741211e-01
3.929366767406463623e-01
-3.183756172657012939e-01
-3.522657752037048340e-01
5.079146623611450195e-01
4.415906369686126709e-01
9.482571482658386230e-01
4.267041385173797607e-01
1.840036362409591675e-01
-3.816449642181396484e-01
9.786942005157470703e-01
-3.098046965897083282e-02
1.012933135032653809e+00
-1.052665829658508301e+00
-1.239180490374565125e-01
3.333966135978698730e-01
-2.212669253349304199e-01
6.846656799316406250e-01
-8.847507834434509277e-01
3.513083755970001221e-01
-1.982134461402893066e+00
7.770002484321594238e-01
-1.460643559694290161e-01
-8.844684362411499023e-01
2.043731510639190674e-01
-2.192771881818771362e-01
-4.743847995996475220e-02
-3.638696298003196716e-02
1.027799174189567566e-01
-3.238149285316467285e-01
-1.432688236236572266e+00
-2.313770949840545654e-01
-3.270874917507171631e-01
-4.972639977931976318e-01
-2.442654848098754883e+00
-2.594155073165893555e-01
4.382342994213104248e-01
-5.907475948333740234e-01
-2.349056154489517212e-01
4.997398853302001953e-01
2.580519579350948334e-02
-4.677509665489196777e-01
-2.327079474925994873e-01
-7.939142584800720215e-01
1.756230592727661133e+00
-1.012166738510131836e+00
7.503613829612731934e-01
-9.363631904125213623e-02
1.066318392753601074e+00
3.339715898036956787e-01
8.016376942396163940e-02
1.638679951429367065e-01
4.814628660678863525e-01
-4.648438990116119385e-01
1.546729207038879395e+00
-1.269071698188781738e+00
2.453706599771976471e-02
1.687362313270568848e+00
-1.143409609794616699e+00
-6.511885523796081543e-01
-3.715214133262634277e-01
2.244062721729278564e-01
-5.153563022613525391e-01
1.339911669492721558e-01
5.163894891738891602e-01
4.500141739845275879e-01
4.707286134362220764e-02
1.922240734100341797e+00
-2.408258199691772461e+00
6.684148311614990234e-01
1.693985611200332642e-01
-1.332612782716751099e-01
-1.616568207740783691e+00
5.211077332496643066e-01
3.439876139163970947e-01
4.418157041072845459e-01
-1.119629144668579102e+00
6.537719964981079102e-01
7.712165713310241699e-01
1.194989204406738281e+00
-1.395049393177032471e-01
-5.463948249816894531e-01
-4.769356250762939453e-01
1.561617732048034668e+00
-2.685035467147827148e-01
1.318235158920288086e+00
1.118981689214706421e-01
-1.312313556671142578e+00
2.351504564285278320e-01
9.255478978157043457e-01
-6.338464021682739258e-01
-3.376879692077636719e-01
2.645109295845031738e-01
1.568893194198608398e+00
5.299714803695678711e-01
-5.007819533348083496e-01
-2.723169326782226562e-01
7.178764343261718750e-01
-5.117855668067932129e-01
-7.500662207603454590e-01
-1.653929501771926880e-01
5.164752528071403503e-02
7.768279910087585449e-01
2.177133560180664062e+00
6.515412926673889160e-01
-5.919798612594604492e-01
-1.403325945138931274e-01
-1.111944675445556641e+00
-8.897137641906738281e-01
6.764151901006698608e-02
-6.884940713644027710e-02
1.899913400411605835e-01
7.709722965955734253e-02
3.299866244196891785e-02
-9.632233381271362305e-01
-1.923921823501586914e+00
-8.935960531234741211e-01
-2.870706915855407715e-01
-4.026337713003158569e-02
1.452717065811157227e+00
2.689363658428192139e-01
3.268539309501647949e-01
6.971781253814697266e-01
4.972727000713348389e-01
1.168057799339294434e+00
-9.351532459259033203e-01
-1.175400733947753906e+00
-2.047477006912231445e+00
-6.420167684555053711e-01
-5.754684209823608398e-01
5.909610986709594727e-01
-6.669882535934448242e-01
-3.277934789657592773e-01
2.043210566043853760e-01
-2.636829763650894165e-02
-1.239701583981513977e-01
1.850028634071350098e+00
-1.543375253677368164e-01
8.268422484397888184e-01
7.047787308692932129e-01
1.605041742324829102e+00
4.616146683692932129e-01
-2.058847807347774506e-02
-2.756927609443664551e-01
1.043807268142700195e+00
-3.665717840194702148e-01
-1.810679435729980469e+00
5.615279078483581543e-01
2.663616180419921875e+00
1.642935723066329956e-01
-5.188666582107543945e-01
-7.839725166559219360e-02
-6.035094261169433594e-01
-3.910765647888183594e-01
-5.825315117835998535e-01
-1.868116497993469238e+00
5.799978971481323242e-01
-3.585388660430908203e-01
4.847659766674041748e-01
-4.591303467750549316e-01
-1.127646088600158691e+00
-1.969228088855743408e-01
-5.094123482704162598e-01
-9.402842521667480469e-01
1.805293083190917969e+00
-1.095916152000427246e+00
2.978870570659637451e-01
5.736775994300842285e-01
6.404780745506286621e-01
-3.271700739860534668e-01
-8.298630714416503906e-01
2.599168121814727783e-01
9.246873855590820312e-02
1.011779189109802246e+00
2.124080955982208252e-01
1.251553654670715332e+00
-4.273494780063629150e-01
1.498734205961227417e-01
-7.630626559257507324e-01
1.004748821258544922e+00
-5.177981257438659668e-01
2.664222382009029388e-02
-5.410767197608947754e-01
-4.596937000751495361e-01
9.699279069900512695e-01
-5.322599411010742188e-01
1.540134698152542114e-01
2.495035231113433838e-01
1.933588273823261261e-02
4.044736027717590332e-01
8.527979254722595215e-01
8.321481347084045410e-01
2.017299532890319824e-01
1.239441633224487305e+00
-8.648229837417602539e-01
-1.292197585105895996e+00
-7.538330554962158203e-01
1.017882943153381348e+00
-1.490763872861862183e-01
7.105810642242431641e-01
2.464647591114044189e-01
-8.377791047096252441e-01
-6.617023944854736328e-01
-2.144189924001693726e-01
7.579141855239868164e-01
7.599803209304809570e-01
2.101864576339721680e+00
9.226733446121215820e-01
-2.935397922992706299e-01
-1.256012916564941406e+00
-8.397533297538757324e-01
8.485924005508422852e-01
8.500640094280242920e-02
-8.315773606300354004e-01
-3.228748217225074768e-02
1.377030134201049805e+00
6.714104413986206055e-01
-1.285102486610412598e+00
-4.629772901535034180e-01
-1.993995070457458496e+00
-9.141698479652404785e-01
7.868083715438842773e-01
8.280080556869506836e-01
-5.731593817472457886e-02
-1.752045392990112305e+00
-1.041082501411437988e+00
-9.933936595916748047e-01
-5.577151775360107422e-01
2.008825689554214478e-01
-5.171754956245422363e-01
-1.729366034269332886e-01
-2.088251709938049316e-01
1.155757784843444824e+00
4.033842384815216064e-01
-8.105549216270446777e-01
-1.355869889259338379e+00
-1.597068071365356445e+00
3.583730757236480713e-01
2.179117351770401001e-01
1.059301614761352539e+00
-8.432769179344177246e-01
-4.435866177082061768e-01
-3.300068974494934082e-01
-1.413609862327575684e+00
-8.734714984893798828e-01
-1.554481863975524902e+00
-8.737274408340454102e-01
-1.754769802093505859e+00
-1.085520982742309570e+00
-1.058375358581542969e+00
-5.979101061820983887e-01
7.581928968429565430e-01
9.467254877090454102e-01
-7.457992434501647949e-01
-1.484389752149581909e-01
-1.135349795222282410e-01
5.461151003837585449e-01
1.016403675079345703e+00
2.797760248184204102e+00
2.269047498703002930e-01
2.737824916839599609e-01
4.265585541725158691e-01
-1.875505298376083374e-01
9.567647427320480347e-02
-3.191988468170166016e-01
-2.406331062316894531e+00
-3.238956928253173828e-01
-2.017179131507873535e-01
-1.693739056587219238e+00
-9.101850390434265137e-01
-2.694004476070404053e-01
7.175698280334472656e-01
7.066758871078491211e-01
4.366483092308044434e-01
-2.001320838928222656e+00
-6.256970167160034180e-01
-2.167485654354095459e-01
-5.031327009201049805e-01
-4.391240328550338745e-02
-2.309323787689208984e+00
5.987259745597839355e-01
1.156745910644531250e+00
-2.993531897664070129e-02
2.657260894775390625e+00
2.901753038167953491e-02
-1.355394363403320312e+00
6.767886281013488770e-01
-1.716750115156173706e-01
7.467811554670333862e-02
6.442587077617645264e-02
-1.399291157722473145e+00
3.076813519001007080e-01
3.796870410442352295e-01
-2.753014862537384033e-02
-3.886689543724060059e-01
2.696592509746551514e-01
1.359073638916015625e+00
4.187975823879241943e-01
2.767824530601501465e-01
-7.511138319969177246e-01
1.939543008804321289e+00
1.308223247528076172e+00
5.671118497848510742e-01
5.397681593894958496e-01
2.044028997421264648e+00
-4.102715551853179932e-01
-1.101456284523010254e+00
-5.671011209487915039e-01
-1.392295807600021362e-01
1.798427253961563110e-01
-1.291253685951232910e+00
-6.874689459800720215e-01
-8.350062370300292969e-01
8.822855949401855469e-01
-1.626217603683471680e+00
-2.074395418167114258e-01
1.388831853866577148e+00
-5.854998230934143066e-01
-3.571650385856628418e-01
-2.038609236478805542e-01
2.344946712255477905e-01
-6.337497830390930176e-01
4.283766150474548340e-01
-4.391289651393890381e-01
-1.157260298728942871e+00
-6.444180607795715332e-01
2.137205004692077637e-01
4.286633133888244629e-01
2.349379509687423706e-01
-4.985303282737731934e-01
-8.783797966316342354e-04
5.364173054695129395e-01
3.511309623718261719e-01
-1.891846060752868652e+00
-1.404059052467346191e+00
-3.084831833839416504e-01
7.098490744829177856e-02
5.948137044906616211e-01
-6.659525632858276367e-01
3.279867172241210938e-01
3.463303744792938232e-01
4.425609111785888672e-01
1.818141460418701172e+00
1.026488393545150757e-01
1.007349729537963867e+00
-7.164686322212219238e-01
-1.799328178167343140e-01
-1.461277808994054794e-02
8.572642207145690918e-01
3.344803154468536377e-01
-2.848314046859741211e+00
-5.233617424964904785e-01
2.294802814722061157e-01
-4.199019968509674072e-01
-2.644018530845642090e-01
-1.493808150291442871e+00
-1.626881062984466553e-01
2.096457719802856445e+00
3.702211380004882812e-01
2.144592851400375366e-01
-6.412742137908935547e-01
-6.162758469581604004e-01
-5.052299499511718750e-01
7.565149068832397461e-01
-3.360066711902618408e-01
-2.231560945510864258e-01
1.967046707868576050e-01
1.279112100601196289e-01
9.852595329284667969e-01
-3.590173721313476562e-01
-1.399380683898925781e+00
2.127090692520141602e-01
-3.714250922203063965e-01
-1.266220510005950928e-01
2.584294378757476807e-01
6.576206088066101074e-01
-1.365337491035461426e+00
-2.129509150981903076e-01
-9.794225096702575684e-01
-6.647838354110717773e-01
9.460110962390899658e-02
4.834764301776885986e-01
2.564024925231933594e-01
-1.501432538032531738e+00
-6.553487777709960938e-01
-9.509050846099853516e-01
1.608351469039916992e+00
-3.109123110771179199e-01
-8.327178955078125000e-01
-5.862553138285875320e-03
8.834821581840515137e-01
-4.478702694177627563e-02
-9.404431283473968506e-02
-1.886674165725708008e+00
1.145873427391052246e+00
-1.004923582077026367e+00
1.512551009654998779e-01
4.936771988868713379e-01
-4.895518422126770020e-01
1.474348306655883789e+00
5.764715075492858887e-01
2.698001265525817871e-01
-2.163949310779571533e-01
-9.021945595741271973e-01
-7.534071803092956543e-01
9.280810952186584473e-01
1.756194114685058594e+00
-8.722020387649536133e-01
-9.229336977005004883e-01
3.818009197711944580e-01
-8.127448558807373047e-01
-2.416313737630844116e-01
-7.654810547828674316e-01
2.095594555139541626e-01
-7.556021809577941895e-01
-6.392829865217208862e-02
1.145153343677520752e-01
7.482487559318542480e-01
7.514005526900291443e-03
-9.436045885086059570e-01
6.228082776069641113e-01
4.184388518333435059e-01
8.363556265830993652e-01
3.902859240770339966e-02
-1.507842987775802612e-01
-7.732769250869750977e-01
8.031508922576904297e-01
-3.296737670898437500e-01
7.417730689048767090e-01
-6.480986475944519043e-01
2.654354870319366455e-01
-9.839961528778076172e-01
-1.029405832290649414e+00
-4.643036425113677979e-02
-1.850242763757705688e-01
2.839707136154174805e-01
-7.378363013267517090e-01
7.275538444519042969e-01
-8.140475749969482422e-01
4.073947295546531677e-02
1.849737048149108887e+00
1.354068517684936523e+00
-5.314166545867919922e-01
1.043871343135833740e-01
7.384688854217529297e-01
-2.779080271720886230e-01
-2.815512716770172119e-01
-7.155169844627380371e-01
1.215793132781982422e+00
-8.468469381332397461e-01
2.864964306354522705e-01
-1.170363426208496094e+00
1.157142743468284607e-01
-1.020596861839294434e+00
5.206585526466369629e-01
4.419117569923400879e-01
-1.978766560554504395e+00
-8.383213281631469727e-01
-9.516663849353790283e-02
-6.248642206192016602e-01
-1.062557458877563477e+00
-9.463523626327514648e-01
8.185035586357116699e-01
9.870190024375915527e-01
1.836423397064208984e+00
7.089710235595703125e-01
9.290112257003784180e-01
-6.302918195724487305e-01
-3.869555592536926270e-01
-2.029063850641250610e-01
5.677763819694519043e-01
-1.051000356674194336e+00
-1.164459511637687683e-01
-4.061060249805450439e-01
-4.891053140163421631e-01
6.971271634101867676e-01
4.828870594501495361e-01
5.583316087722778320e-01
-2.056426405906677246e-01
-8.329413533210754395e-01
5.573258399963378906e-01
6.078820303082466125e-02
1.391675710678100586e+00
2.952573597431182861e-01
-1.186867833137512207e+00
8.774497509002685547e-01
1.109975576400756836e+00
-3.464978188276290894e-02
9.069431424140930176e-01
5.758024454116821289e-01
2.961929440498352051e-01
-1.409992694854736328e+00
1.375533461570739746e+00
1.246784161776304245e-02
3.289447426795959473e-01
1.310840547084808350e-01
-9.894900321960449219e-01
-1.840042620897293091e-01
7.583718895912170410e-01
7.616434097290039062e-01
-1.353228688240051270e+00
-7.976829409599304199e-01
-8.108183741569519043e-01
-7.394405603408813477e-01
1.488078832626342773e-01
-3.229709267616271973e-01
8.527082800865173340e-01
4.363001137971878052e-02
1.131063818931579590e+00
4.905612766742706299e-01
1.207433819770812988e+00
-2.566186152398586273e-02
-9.075149297714233398e-01
-1.982518881559371948e-01
6.671524792909622192e-02
-2.328250855207443237e-01
2.660476863384246826e-01
-1.212861895561218262e+00
-2.375062927603721619e-02
-6.072831749916076660e-01
-4.513378441333770752e-01
2.389420419931411743e-01
1.026556849479675293e+00
