-1.429121792316436768e-01
1.836636066436767578e-01
7.236652374267578125e-01
4.271500110626220703e-01
5.395419001579284668e-01
-1.439728260040283203e+00
8.370862156152725220e-02
1.013303995132446289e+00
-2.329741418361663818e-01
-1.479488849639892578e+00
1.997688293457031250e+00
2.813386023044586182e-01
-1.054430529475212097e-01
-9.864533543586730957e-01
9.772410243749618530e-02
8.548852801322937012e-01
1.095317721366882324e+00
-1.679010033607482910e+00
6.776949763298034668e-01
6.600900292396545410e-01
3.909352421760559082e-02
3.201625049114227295e-01
4.383081793785095215e-01
1.775187104940414429e-01
9.603659622371196747e-03
-9.422641992568969727e-01
-3.287453204393386841e-02
8.342663645744323730e-01
1.026221513748168945e+00
1.050192564725875854e-01
1.510464787483215332e+00
-7.619814872741699219e-01
-4.203283488750457764e-01
-1.757280230522155762e+00
1.298470497131347656e+00
2.734648287296295166e-01
-3.604935109615325928e-01
6.794479489326477051e-01
5.304549336433410645e-01
-3.835138082504272461e-01
9.421057701110839844e-01
1.021164894104003906e+00
3.066740334033966064e-01
-4.563382267951965332e-01
-8.943152427673339844e-01
2.176546603441238403e-01
-3.098451197147369385e-01
-2.238357067108154297e+00
-1.022292599081993103e-01
1.454614162445068359e+00
7.991652190685272217e-02
4.974925220012664795e-01
-3.969432711601257324e-01
-2.454556077718734741e-01
5.968441367149353027e-01
-1.568385004997253418e+00
3.751834332942962646e-01
5.289298295974731445e-01
-5.978806018829345703e-01
-2.529286444187164307e-01
7.874163985252380371e-01
-4.434353858232498169e-02
6.710940003395080566e-01
-4.278868436813354492e-01
-2.728942334651947021e-01
-7.125410437583923340e-01
5.706319212913513184e-01
1.279814600944519043e+00
8.640449047088623047e-01
7.092323303222656250e-01
4.314675033092498779e-01
-1.045909896492958069e-01
4.112142920494079590e-01
6.896746158599853516e-01
7.478761672973632812e-01
-5.693627893924713135e-02
1.171419501304626465e+00
1.852337956428527832e+00
4.863190352916717529e-01
6.324039697647094727e-01
6.810242533683776855e-01
2.209574729204177856e-02
4.771948158740997314e-01
-8.790566027164459229e-02
-3.789158165454864502e-01
-2.164561450481414795e-01
-8.844554424285888672e-02
6.920184493064880371e-01
2.232316493988037109e+00
2.955852150917053223e-01
1.098648160696029663e-01
-1.065828323364257812e+00
8.048188090324401855e-01
-2.129575237631797791e-02
6.396683454513549805e-01
-5.341159701347351074e-01
-5.263049602508544922e-01
2.038397341966629028e-01
9.703184366226196289e-01
6.850699782371520996e-01
-1.776451706886291504e+00
-8.535204082727432251e-02
1.479268074035644531e-02
1.195288777351379395e+00
6.648393869400024414e-01
-5.082912445068359375e-01
1.365248858928680420e-01
8.687066286802291870e-02
-2.136613428592681885e-01
-1.150200590491294861e-01
-2.957365214824676514e-01
4.391278028488159180e-01
2.691904902458190918e-01
1.707317680120468140e-01
3.939746320247650146e-02
-5.196538567543029785e-01
-5.610378384590148926e-01
-9.375410079956054688e-01
1.591095328330993652e-01
-3.552007675170898438e-01
1.901668459177017212e-01
2.229546070098876953e+00
3.023388087749481201e-01
4.741559028625488281e-01
-6.510998308658599854e-02
-2.015841484069824219e+00
-4.413910210132598877e-01
2.720007002353668213e-01
-3.788265213370323181e-02
-1.530884385108947754e+00
-1.760661244392395020e+00
-2.623323798179626465e-01
-3.881630003452301025e-01
7.237796187400817871e-01
1.181762695312500000e+00
3.286086916923522949e-01
-3.362477421760559082e-01
-3.446960151195526123e-01
-2.585177421569824219e-01
4.259433150291442871e-01
-4.355944693088531494e-01
-9.485816955566406250e-01
2.103079319000244141e+00
-3.706162571907043457e-01
4.100790023803710938e-01
2.786159515380859375e-01
4.536117613315582275e-01
1.776679158210754395e-01
4.605125188827514648e-01
-1.847523570060729980e+00
1.265008211135864258e+00
9.283284544944763184e-01
1.042845249176025391e+00
3.950468599796295166e-01
-2.739315330982208252e-01
-2.855828702449798584e-01
-7.779675126075744629e-01
-5.216774344444274902e-01
-3.310535252094268799e-01
-1.021326541900634766e+00
-2.364856958389282227e+00
1.198632478713989258e+00
1.204091191291809082e+00
-1.391330122947692871e+00
1.356611013412475586e+00
-4.537625908851623535e-01
-2.127950787544250488e-01
1.627339243888854980e+00
9.665037393569946289e-01
-1.287455916404724121e+00
8.385618329048156738e-01
1.571264386177062988e+00
-4.397543072700500488e-01
7.145222425460815430e-01
6.102936714887619019e-02
-4.957710802555084229e-01
1.058035969734191895e+00
-4.369594454765319824e-01
-1.532484054565429688e+00
-5.030527114868164062e-01
-3.899005055427551270e-01
-1.155736327171325684e+00
9.862595796585083008e-01
5.171823501586914062e-01
5.069497227668762207e-01
8.335210680961608887e-01
-8.030982017517089844e-01
-2.760403156280517578e+00
2.120977826416492462e-02
1.132254123687744141e+00
1.072482347488403320e+00
1.488404750823974609e+00
-7.851977348327636719e-01
1.310255289077758789e+00
-4.733465015888214111e-01
7.443375587463378906e-01
-1.630527615547180176e+00
-4.855219125747680664e-01
-5.053446292877197266e-01
5.310423206537961960e-03
-1.207188487052917480e+00
-8.770115971565246582e-01
-4.115829467773437500e-01
-5.793790221214294434e-01
-1.648649871349334717e-01
1.227989867329597473e-01
2.116200476884841919e-01
-2.475943863391876221e-01
1.018646955490112305e+00
2.162939608097076416e-01
-1.967677474021911621e-01
1.269198656082153320e+00
-1.049449890851974487e-01
1.370080839842557907e-02
-9.793422371149063110e-02
-1.078813299536705017e-01
-7.740032076835632324e-01
1.754884272813796997e-01
-4.050906598567962646e-01
-1.039571881294250488e+00
-5.885425806045532227e-01
1.881047487258911133e-01
6.597997546195983887e-01
-1.000112414360046387e+00
-6.799439191818237305e-01
9.497939795255661011e-02
-1.131614327430725098e+00
1.406670808792114258e+00
-4.236172735691070557e-01
3.459998667240142822e-01
1.773355454206466675e-01
-3.620457947254180908e-01
4.963883757591247559e-01
-5.022120475769042969e-01
-3.072461783885955811e-01
2.048835307359695435e-01
-3.184025883674621582e-01
1.929397284984588623e-01
-7.609333395957946777e-01
-1.633434742689132690e-01
7.392275929450988770e-01
1.171108126640319824e+00
4.177697896957397461e-01
2.013434320688247681e-01
-1.430511832237243652e+00
-8.278127312660217285e-01
-1.090575814247131348e+00
-9.659548997879028320e-01
1.543484449386596680e+00
-5.473528504371643066e-01
4.213078022003173828e-01
-4.386137127876281738e-01
2.427359074354171753e-01
-4.646716415882110596e-01
4.445560276508331299e-01
4.897581040859222412e-01
-5.573482513427734375e-01
-3.972795903682708740e-01
2.074742019176483154e-01
1.764634698629379272e-01
2.529995739459991455e-01
3.570567071437835693e-01
-7.291053533554077148e-01
-2.004956007003784180e+00
6.520022451877593994e-02
-2.659385502338409424e-01
5.158630013465881348e-01
-1.192342042922973633e+00
-1.106452584266662598e+00
4.253582358360290527e-01
-3.583436310291290283e-01
-8.178194165229797363e-01
9.336579442024230957e-01
-4.825226664543151855e-01
2.510441303253173828e+00
4.013255238533020020e-01
7.810996174812316895e-01
5.663360953330993652e-01
2.206103801727294922e-01
-1.104188203811645508e+00
-6.704242825508117676e-01
-1.584807485342025757e-01
-8.486508727073669434e-01
1.442401707172393799e-01
-1.059273004531860352e+00
5.831917524337768555e-01
4.788459539413452148e-01
-2.298142015933990479e-01
6.684128195047378540e-02
8.094466328620910645e-01
1.112664461135864258e+00
-2.410096168518066406e+00
5.642537027597427368e-02
1.374921388924121857e-02
3.984479904174804688e-01
6.615104079246520996e-01
5.319281816482543945e-01
-2.556492984294891357e-01
5.456944461911916733e-03
-4.114961922168731689e-01
-9.430129081010818481e-02
8.403569459915161133e-01
-6.108695268630981445e-01
-1.544937342405319214e-01
-7.026646137237548828e-01
-9.428556561470031738e-01
2.148708552122116089e-01
3.836074173450469971e-01
-4.478790462017059326e-01
-2.858147583901882172e-02
-9.124000370502471924e-02
1.517943441867828369e-01
1.075859308242797852e+00
-1.043233513832092285e+00
-2.088537067174911499e-01
-4.826279878616333008e-01
-1.121240407228469849e-01
-8.199801445007324219e-01
-1.274297237396240234e+00
5.375980734825134277e-01
7.905100584030151367e-01
-2.011412531137466431e-01
1.353199124336242676e+00
5.281593799591064453e-01
-4.145142436027526855e-01
1.338191509246826172e+00
1.587976574897766113e+00
-3.405584394931793213e-01
2.071769982576370239e-01
4.391143023967742920e-01
-7.480024546384811401e-02
-3.908562362194061279e-01
-2.815673649311065674e-01
-3.018431598320603371e-03
6.270355731248855591e-02
4.950036406517028809e-01
6.979467868804931641e-01
1.399635434150695801e+00
8.102216720581054688e-01
-1.003006458282470703e+00
3.369423151016235352e-01
-2.064716339111328125e+00
-2.612219154834747314e-01
-9.172888398170471191e-01
4.966840893030166626e-02
2.834684252738952637e-01
-9.225837588310241699e-01
4.763004183769226074e-01
-1.376220822334289551e+00
1.883061975240707397e-01
3.369024991989135742e-01
-8.982263505458831787e-02
7.831954956054687500e-01
2.467987537384033203e-01
-1.013003706932067871e+00
3.769709169864654541e-01
1.508241057395935059e+00
-6.707100272178649902e-01
-2.365529239177703857e-01
-1.280070304870605469e+00
-5.567690730094909668e-01
-1.262085676193237305e+00
3.491837978363037109e-01
-5.756455063819885254e-01
1.991514712572097778e-01
9.621207602322101593e-03
3.726362287998199463e-01
-7.317007780075073242e-01
9.820913076400756836e-01
1.812584400177001953e+00
3.763133883476257324e-01
3.321897685527801514e-01
-1.123533487319946289e+00
-9.134272933006286621e-01
1.110505104064941406e+00
4.178880155086517334e-02
-1.834271907806396484e+00
3.014760315418243408e-01
1.097267866134643555e+00
-6.979281306266784668e-01
-6.353007256984710693e-02
1.405949711799621582e+00
-1.407856196165084839e-01
-5.716269612312316895e-01
2.656281888484954834e-01
-1.009907424449920654e-01
-5.312613248825073242e-01
2.774177789688110352e-01
-3.044201433658599854e-01
9.728145003318786621e-01
4.430917799472808838e-01
-1.999782025814056396e-01
-1.754783034324645996e+00
-1.069681763648986816e+00
-2.450434714555740356e-01
-3.282553330063819885e-02
6.503584384918212891e-01
-1.933844983577728271e-01
4.262700080871582031e-01
1.842736601829528809e+00
-1.596089720726013184e+00
-1.124603033065795898e+00
2.114986628293991089e-01
8.409738540649414062e-01
-9.538064002990722656e-01
-2.824107706546783447e-01
-1.146439075469970703e+00
4.518584609031677246e-01
-1.707008928060531616e-01
6.088769435882568359e-01
6.568815112113952637e-01
-2.128313779830932617e+00
-6.580824255943298340e-01
3.680212423205375671e-02
-8.747909963130950928e-02
-9.171453714370727539e-01
1.292664408683776855e+00
-8.917303681373596191e-01
4.605115950107574463e-01
-2.656986713409423828e-01
1.137049555778503418e+00
-1.764016002416610718e-01
6.824837923049926758e-01
-1.485482454299926758e+00
-4.771521091461181641e-01
8.327574469149112701e-03
-3.050738573074340820e-01
-1.000731945037841797e+00
-7.259614467620849609e-01
8.817835450172424316e-01
2.627127170562744141e-01
1.313736677169799805e+00
6.793903112411499023e-01
1.776203066110610962e-01
-3.803607821464538574e-01
-1.209063172340393066e+00
-5.263301730155944824e-01
-2.278340160846710205e-01
-5.366058349609375000e-01
3.093352913856506348e-01
-1.071849226951599121e+00
-1.190132349729537964e-01
-1.117115736007690430e+00
2.829563915729522705e-01
-1.609777331352233887e+00
9.330090284347534180e-01
5.318066477775573730e-01
1.541888475418090820e+00
-2.372752726078033447e-01
-5.814988017082214355e-01
1.935623437166213989e-01
-9.786499142646789551e-01
-2.667322456836700439e-01
-4.626145958900451660e-01
9.352570027112960815e-02
4.301246106624603271e-01
-5.788077712059020996e-01
-1.146129131317138672e+00
5.599946379661560059e-01
-2.612380385398864746e-01
-1.044360637664794922e+00
-1.969771385192871094e-01
-3.438735008239746094e-01
-8.064795732498168945e-01
5.415592193603515625e-01
9.707930684089660645e-01
8.396021127700805664e-01
-7.159975171089172363e-01
-4.793857932090759277e-01
7.083032727241516113e-01
-4.404916763305664062e-01
-6.526803970336914062e-01
-1.968373954296112061e-01
-7.246490120887756348e-01
6.661660969257354736e-02
-2.257366850972175598e-02
-1.111884593963623047e+00
1.543805956840515137e+00
1.233147859573364258e+00
7.806001305580139160e-01
-1.053747773170471191e+00
-4.957390725612640381e-01
1.215689927339553833e-01
1.476146578788757324e+00
3.274913132190704346e-01
1.427970290184020996e+00
1.599692106246948242e-01
-5.106080174446105957e-01
1.647878289222717285e-01
2.080434001982212067e-02
-1.089268803596496582e+00
-8.488689661026000977e-01
-8.704594373703002930e-01
-5.681675672531127930e-01
-1.668935179710388184e+00
-4.324950277805328369e-01
1.456108212471008301e+00
-9.002263545989990234e-01
1.262000650167465210e-01
6.934823989868164062e-01
1.060576915740966797e+00
4.419755041599273682e-01
1.068643808364868164e+00
5.871043801307678223e-01
1.034255698323249817e-01
1.263508319854736328e+00
-1.144888401031494141e+00
2.829562723636627197e-01
-3.129383027553558350e-01
-1.144265651702880859e+00
-2.958935499191284180e-01
-1.117985367774963379e+00
-2.970377504825592041e-01
-2.180141687393188477e+00
7.315855026245117188e-01
-1.084933578968048096e-01
-1.378533601760864258e+00
1.167134165763854980e+00
-8.461881428956985474e-02
2.189716398715972900e-01
4.109898507595062256e-01
-1.232297301292419434e+00
1.570479154586791992e+00
1.162764430046081543e+00
-1.720316171646118164e+00
-4.298873245716094971e-01
5.245924592018127441e-01
-1.590355515480041504e+00
6.511883139610290527e-01
-6.706423759460449219e-01
-1.924180030822753906e+00
-2.197669267654418945e+00
-1.044142365455627441e+00
2.471330463886260986e-01
-9.209656715393066406e-02
-1.139849901199340820e+00
-8.630492091178894043e-01
-3.753645718097686768e-01
2.174084186553955078e+00
4.812723696231842041e-01
1.016080737113952637e+00
-2.631781101226806641e-01
-1.191486239433288574e+00
-1.634094715118408203e-01
-1.083217263221740723e-01
-6.754338741302490234e-01
5.064172744750976562e-01
-8.738237619400024414e-02
5.443210601806640625e-01
6.249925494194030762e-01
-1.505651921033859253e-01
-5.664666295051574707e-01
4.239531755447387695e-01
-9.815501570701599121e-01
1.109514117240905762e+00
1.054418087005615234e+00
-1.158292770385742188e+00
3.035679459571838379e-01
-1.680218219757080078e+00
-1.342121124267578125e+00
2.321108430624008179e-01
-9.669225811958312988e-01
9.779430925846099854e-02
3.241586387157440186e-01
7.707141637802124023e-01
2.465342879295349121e-01
5.787729024887084961e-01
1.545889496803283691e+00
-6.641795039176940918e-01
-8.149998784065246582e-01
-1.433634638786315918e+00
-1.870366632938385010e-01
6.733756065368652344e-01
-1.884898543357849121e-02
9.241325259208679199e-01
4.584815204143524170e-01
5.203539133071899414e-01
1.258593678474426270e+00
7.884606719017028809e-01
-1.492450594902038574e+00
-2.354947179555892944e-01
-1.909421384334564209e-01
-9.577667713165283203e-01
-3.167524337768554688e-01
8.246068954467773438e-01
3.647683262825012207e-01
-9.640062600374221802e-02
4.073536098003387451e-01
1.138228297233581543e+00
-2.515452623367309570e+00
6.850876212120056152e-01
-1.850945591926574707e+00
1.060440063476562500e+00
-3.605536222457885742e-01
-6.378974914550781250e-01
-2.345137596130371094e+00
-2.473672032356262207e-01
8.920993804931640625e-01
-1.591884195804595947e-01
1.156694054603576660e+00
-2.126888275146484375e+00
-3.689683675765991211e-01
2.409831248223781586e-02
5.695819854736328125e-01
-6.317814588546752930e-01
-1.169432640075683594e+00
-1.970060355961322784e-02
4.900824129581451416e-01
-5.780190229415893555e-01
-2.676650881767272949e-01
1.074037402868270874e-01
-3.825451135635375977e-01
-1.851827502250671387e-01
-2.456581890583038330e-01
4.701094031333923340e-01
-1.937281936407089233e-01
-2.452484130859375000e+00
-4.888962507247924805e-01
3.176438808441162109e-01
-6.606544852256774902e-01
7.349995970726013184e-01
-2.188755124807357788e-01
-6.287378072738647461e-01
-2.349702835083007812e+00
-8.944893479347229004e-01
-9.612945318222045898e-01
-1.614588201045989990e-01
1.070118770003318787e-01
-1.091306135058403015e-01
-7.460781186819076538e-02
1.071333169937133789e+00
2.280057907104492188e+00
-2.364901751279830933e-01
-6.910238862037658691e-01
-3.981187045574188232e-01
2.037790119647979736e-01
-3.998325765132904053e-01
-8.772916197776794434e-01
-1.389459073543548584e-01
7.963582873344421387e-01
2.639312446117401123e-01
-8.178690671920776367e-01
-1.198674321174621582e+00
-2.130781859159469604e-01
-8.065728545188903809e-01
5.979725122451782227e-01
3.388947844505310059e-01
-1.055714964866638184e+00
-1.012613415718078613e+00
1.115011334419250488e+00
4.436653852462768555e-01
1.150188207626342773e+00
1.075092196464538574e+00
2.416910976171493530e-01
3.372472524642944336e-01
5.725184679031372070e-01
4.112652838230133057e-01
1.277724623680114746e+00
3.826816007494926453e-02
1.187289878726005554e-02
-2.628612518310546875e-01
-8.899211883544921875e-02
7.035931199789047241e-02
-4.690583348274230957e-01
5.479318276047706604e-02
-1.817711591720581055e-01
-1.597494333982467651e-01
-1.242125928401947021e-01
-5.707868337631225586e-01
4.788170754909515381e-01
-3.562390506267547607e-01
8.728199452161788940e-02
1.624113678932189941e+00
4.976222813129425049e-01
1.719728112220764160e-02
3.883422613143920898e-01
-6.349291801452636719e-01
1.192497685551643372e-01
2.465350180864334106e-02
3.543705642223358154e-01
-1.275668025016784668e+00
-1.199386954307556152e+00
1.784759283065795898e+00
-3.631655871868133545e-01
1.202443122863769531e+00
1.306368827819824219e+00
-1.232593178749084473e+00
-6.710235476493835449e-01
1.012385338544845581e-01
-2.939459681510925293e-01
-6.587659716606140137e-01
-8.192645311355590820e-01
-7.186546325683593750e-01
1.561969876289367676e+00
-7.285544872283935547e-01
6.085961461067199707e-01
1.062666177749633789e+00
-2.184652090072631836e-01
6.798781752586364746e-01
-9.647235274314880371e-01
-7.391257882118225098e-01
1.223546862602233887e+00
-4.172391593456268311e-01
-4.757429286837577820e-02
8.000407218933105469e-01
2.886729240417480469e-01
2.704684138298034668e-01
-2.470636367797851562e-01
1.745247364044189453e+00
2.695528268814086914e-01
-6.038912534713745117e-01
2.602236568927764893e-01
9.573376774787902832e-01
2.694838941097259521e-01
-9.037401527166366577e-02
-8.110792040824890137e-01
-1.287374377250671387e+00
-8.076817393302917480e-01
-4.452696144580841064e-01
3.075700700283050537e-01
9.071533083915710449e-01
1.019978761672973633e+00
4.204125702381134033e-01
1.058471202850341797e+00
6.963508576154708862e-02
-1.584135055541992188e+00
-3.340709805488586426e-01
-9.985324144363403320e-01
8.954921364784240723e-01
-2.219584956765174866e-02
-3.697073161602020264e-01
1.336306810379028320e+00
-6.760889291763305664e-01
9.420855641365051270e-01
7.600820660591125488e-01
-1.167306303977966309e+00
5.367226600646972656e-01
4.945457279682159424e-01
-3.906995952129364014e-01
7.452426105737686157e-02
3.729586899280548096e-01
4.723895490169525146e-01
1.796142220497131348e+00
-1.155544877052307129e+00
4.508039355278015137e-01
1.648345232009887695e+00
9.988665580749511719e-01
2.103050053119659424e-01
5.379117727279663086e-01
-4.475456774234771729e-01
-8.588705062866210938e-01
-1.614366531372070312e+00
6.193816661834716797e-01
2.031250447034835815e-01
-7.853758931159973145e-01
-5.715321302413940430e-01
5.319273471832275391e-01
5.893510580062866211e-01
-2.622207105159759521e-01
-1.608555437996983528e-03
2.503197193145751953e-01
1.435063242912292480e+00
9.976302981376647949e-01
-4.023733362555503845e-02
-1.219933867454528809e+00
-1.023931264877319336e+00
6.845433115959167480e-01
-6.021406650543212891e-01
