-1.001587152481079102e+00
7.550833821296691895e-01
1.602666616439819336e+00
1.112213730812072754e+00
4.145501554012298584e-01
-1.023424029350280762e+00
4.387175142765045166e-01
4.880713522434234619e-01
-4.469788372516632080e-01
-5.212779641151428223e-01
8.328830003738403320e-01
7.160362005233764648e-01
-5.967913269996643066e-01
-7.620451450347900391e-01
-4.634484052658081055e-01
8.890898823738098145e-01
1.309306383132934570e+00
-5.251098871231079102e-01
3.975142836570739746e-01
4.581296741962432861e-01
1.627921760082244873e-01
1.697255671024322510e-01
2.169439345598220825e-01
1.643549561500549316e+00
-5.281795263290405273e-01
-1.512573003768920898e+00
1.051011309027671814e-02
1.157543540000915527e+00
4.801425635814666748e-01
1.764757633209228516e-01
6.521759629249572754e-01
-1.431943178176879883e+00
2.771628201007843018e-01
-6.886441707611083984e-01
9.929603934288024902e-01
4.127101600170135498e-01
-5.748270452022552490e-02
-1.004104502499103546e-02
2.890028059482574463e-01
2.629010975360870361e-01
1.405574083328247070e+00
5.879672765731811523e-01
-1.343941837549209595e-01
-1.297499537467956543e+00
-1.568818449974060059e+00
-5.750660300254821777e-01
-4.429153800010681152e-01
-1.836687207221984863e+00
-2.897570729255676270e-01
1.460921287536621094e+00
-4.998106956481933594e-01
-1.080664247274398804e-01
-3.597393035888671875e-01
-7.652922868728637695e-01
4.126955866813659668e-01
-1.549237608909606934e+00
3.964739292860031128e-02
6.219301819801330566e-01
-1.173606872558593750e+00
-2.970589138567447662e-02
1.597392559051513672e+00
-1.034989953041076660e+00
-3.542117476463317871e-01
-2.752530276775360107e-01
-8.107484579086303711e-01
-1.726023674011230469e+00
-2.561458647251129150e-01
8.142651915550231934e-01
1.085209131240844727e+00
1.721272766590118408e-01
9.289845824241638184e-01
2.921319603919982910e-01
-2.603146433830261230e-01
6.367701292037963867e-01
3.524420857429504395e-01
-1.040849089622497559e+00
5.685787796974182129e-01
1.671602249145507812e+00
1.962192654609680176e-01
6.642145514488220215e-01
2.737454771995544434e-01
5.942466109991073608e-02
1.343625426292419434e+00
4.408290088176727295e-01
-1.023474574089050293e+00
-7.437051832675933838e-02
-3.393177688121795654e-02
8.155136555433273315e-02
2.400656700134277344e+00
-2.279317677021026611e-01
7.722392678260803223e-01
-1.229170680046081543e+00
4.001034498214721680e-01
-4.534203410148620605e-01
5.615088623017072678e-03
-2.459746003150939941e-01
-1.092800855636596680e+00
5.189521908760070801e-01
1.045796871185302734e+00
2.161583155393600464e-01
-1.148216605186462402e+00
4.403751790523529053e-01
7.450376451015472412e-02
1.028771162033081055e+00
1.030126094818115234e+00
-1.127800345420837402e+00
1.637524962425231934e-01
6.508551836013793945e-01
-1.944119632244110107e-01
-1.097772598266601562e+00
-5.298431962728500366e-03
-1.056148707866668701e-01
-3.408790379762649536e-02
-1.029510647058486938e-01
-5.548849105834960938e-01
-8.257972598075866699e-01
-6.501163840293884277e-01
-7.143485546112060547e-01
1.468596905469894409e-01
8.970935940742492676e-01
-7.028681784868240356e-02
2.114629507064819336e+00
-1.936303377151489258e-01
-1.401681780815124512e+00
6.477690935134887695e-01
-3.613591790199279785e-01
-1.167299509048461914e+00
1.164227008819580078e+00
-3.152588009834289551e-01
-1.449993401765823364e-01
-3.640178442001342773e-01
-3.703111708164215088e-01
4.181730151176452637e-01
4.266109764575958252e-01
1.074437618255615234e+00
-2.528917789459228516e-01
4.095518887042999268e-01
-4.420466423034667969e-01
-4.033393263816833496e-01
-3.755445182323455811e-01
-1.462978482246398926e+00
-5.929384231567382812e-01
1.299026250839233398e+00
-4.037931561470031738e-02
4.125328660011291504e-01
-6.976635009050369263e-02
-2.682485878467559814e-01
2.828774750232696533e-01
3.489357531070709229e-01
-1.324602484703063965e+00
2.124238252639770508e+00
1.471840381622314453e+00
1.306085824966430664e+00
1.461394548416137695e+00
-2.271386533975601196e-01
1.577288806438446045e-01
-1.280988693237304688e+00
-1.499187469482421875e+00
-3.859339952468872070e-01
-2.913416028022766113e-01
-1.045280337333679199e+00
1.447800159454345703e+00
2.514455616474151611e-01
-6.927679181098937988e-01
1.281484961509704590e+00
-7.253717184066772461e-01
-3.347809314727783203e-01
1.534382343292236328e+00
8.425605297088623047e-01
-9.272531867027282715e-01
-1.996075510978698730e-01
1.416314363479614258e+00
-1.108570583164691925e-02
4.342999458312988281e-01
7.220256924629211426e-01
1.169082615524530411e-02
6.307142376899719238e-01
-1.233198046684265137e-01
-1.553940534591674805e+00
-7.835695743560791016e-01
2.165799289941787720e-01
-1.024752974510192871e+00
3.520087003707885742e-01
3.299980163574218750e-01
5.366266965866088867e-01
3.082422316074371338e-01
-6.554985046386718750e-01
-2.886927604675292969e+00
7.539736628532409668e-01
-1.472857892513275146e-01
1.605853796005249023e+00
3.255435228347778320e-01
-5.290879607200622559e-01
2.460054159164428711e-01
2.689188122749328613e-01
1.604068875312805176e-01
-9.358611702919006348e-01
2.250285595655441284e-01
-2.327583879232406616e-01
-1.472469419240951538e-01
-1.191414952278137207e+00
9.248672127723693848e-01
-4.426719248294830322e-01
-6.825429201126098633e-01
-2.996490001678466797e-01
-4.618717432022094727e-01
-4.683634936809539795e-01
7.584123313426971436e-02
6.462801694869995117e-01
-6.946715712547302246e-01
1.131795763969421387e+00
1.655283927917480469e+00
1.872918009757995605e-01
-5.537680536508560181e-02
-1.122841596603393555e+00
-6.683996915817260742e-01
-4.783530533313751221e-02
-6.634168624877929688e-01
-1.085024476051330566e-01
-7.692382335662841797e-01
-1.030000299215316772e-01
5.156710743904113770e-01
8.713473081588745117e-01
4.718601107597351074e-01
-1.131550312042236328e+00
-8.899323344230651855e-01
-9.947679042816162109e-01
1.550620198249816895e+00
-2.429680228233337402e-01
5.862628221511840820e-01
-7.934539318084716797e-01
-1.804504841566085815e-01
7.726681232452392578e-01
-1.243536844849586487e-01
-1.028527975082397461e+00
-9.807682037353515625e-01
1.295461654663085938e-01
-2.949276268482208252e-01
-1.923876255750656128e-01
-6.967051625251770020e-01
1.454584479331970215e+00
9.389919042587280273e-01
-6.155889630317687988e-01
4.954730868339538574e-01
-1.411276698112487793e+00
-4.683569818735122681e-02
-9.060879796743392944e-02
-8.948902487754821777e-01
2.110117435455322266e+00
-9.225600361824035645e-01
1.293039083480834961e+00
-4.689434468746185303e-01
1.069630503654479980e+00
-1.428679674863815308e-01
8.800498843193054199e-01
2.296417951583862305e-01
-4.294807557016611099e-03
8.670331835746765137e-01
4.985275268554687500e-01
2.663936316967010498e-01
5.148650407791137695e-01
1.561954170465469360e-01
-1.265357017517089844e+00
-3.008139848709106445e+00
2.973261177539825439e-01
9.242814183235168457e-01
1.156008601188659668e+00
-7.159219384193420410e-01
-1.110161304473876953e+00
2.855780124664306641e-01
5.435312390327453613e-01
-1.166308522224426270e+00
1.135950207710266113e+00
4.118465185165405273e-01
1.425007462501525879e+00
5.204162001609802246e-01
5.399315357208251953e-01
1.129456982016563416e-01
-7.917851209640502930e-01
-1.101775020360946655e-01
-5.899209380149841309e-01
2.232870832085609436e-02
-1.416674494743347168e+00
-4.725345671176910400e-01
-6.961979269981384277e-01
-2.770532667636871338e-01
9.670171737670898438e-01
-3.060848116874694824e-01
-3.946067094802856445e-01
3.965162038803100586e-01
8.496038317680358887e-01
-1.814532399177551270e+00
5.817968845367431641e-01
4.225054010748863220e-02
1.313660502433776855e+00
2.032337486743927002e-01
6.442694067955017090e-01
5.571411177515983582e-02
3.633427917957305908e-01
-1.329511165618896484e+00
-9.527243673801422119e-02
4.973407983779907227e-01
-1.414477825164794922e+00
-3.838593885302543640e-02
-7.880158424377441406e-01
-1.194022297859191895e+00
9.112150967121124268e-02
1.867976427078247070e+00
5.664337873458862305e-01
5.641378164291381836e-01
-4.688390493392944336e-01
-1.429105252027511597e-01
1.219030618667602539e+00
-1.843662977218627930e+00
-7.510781884193420410e-01
-2.441704422235488892e-01
-1.204836443066596985e-01
2.549467682838439941e-01
-6.851906180381774902e-01
9.853428006172180176e-01
-1.062635183334350586e-01
-7.377703189849853516e-01
1.060860395431518555e+00
5.444485545158386230e-01
-5.004515871405601501e-03
9.437361359596252441e-01
1.805757641792297363e+00
1.483620703220367432e-01
-2.798527479171752930e-01
5.069233775138854980e-01
-5.246191620826721191e-01
7.218524217605590820e-01
2.940355241298675537e-01
3.968919515609741211e-01
-5.050312876701354980e-01
-1.026991605758666992e-01
3.180569112300872803e-01
8.029556870460510254e-01
6.081084609031677246e-01
-1.382922768592834473e+00
3.804357051849365234e-01
-1.452563166618347168e+00
-1.445890426635742188e+00
-1.501666456460952759e-01
-4.512922465801239014e-01
9.938647150993347168e-01
-8.704752922058105469e-01
-1.774272620677947998e-01
-4.114346206188201904e-01
5.936366915702819824e-01
1.161286592483520508e+00
-5.276610255241394043e-01
8.924717307090759277e-01
-7.381120324134826660e-02
-6.794019341468811035e-01
2.066518962383270264e-01
2.379538267850875854e-01
3.025435507297515869e-01
-8.887955546379089355e-02
-9.732227772474288940e-03
-5.375536084175109863e-01
-1.637163877487182617e+00
1.078878164291381836e+00
2.073667943477630615e-01
1.049586176872253418e+00
-6.172587871551513672e-01
-6.830320358276367188e-01
-4.858816266059875488e-01
4.007011353969573975e-01
1.577112197875976562e+00
2.985301315784454346e-01
2.947729229927062988e-01
-5.006917119026184082e-01
-4.658293128013610840e-01
4.391397163271903992e-02
-3.413913771510124207e-02
-2.251370906829833984e+00
3.277005553245544434e-01
1.051778912544250488e+00
-9.057315587997436523e-01
-4.864037334918975830e-01
4.224330484867095947e-01
-1.444059610366821289e-01
-2.148946523666381836e+00
1.081175088882446289e+00
3.055069446563720703e-01
-2.031536549329757690e-01
2.341234683990478516e-01
-5.591040253639221191e-01
7.243293523788452148e-01
3.445928990840911865e-01
-1.865632459521293640e-02
-1.581345796585083008e+00
-3.067596256732940674e-01
-2.167518623173236847e-02
1.461562663316726685e-01
4.296928346157073975e-01
2.251288741827011108e-01
7.666447162628173828e-01
5.458471179008483887e-01
-7.375931739807128906e-02
-7.878027558326721191e-01
4.311097040772438049e-02
9.884017705917358398e-02
-5.513025522232055664e-01
-5.058341473340988159e-02
-1.634564399719238281e+00
-7.382417917251586914e-01
2.536998987197875977e-01
1.388145804405212402e+00
1.825781613588333130e-01
-2.002824544906616211e+00
-7.379795312881469727e-01
-1.024190559983253479e-01
-4.357506036758422852e-01
1.321067661046981812e-01
2.928052186965942383e+00
-2.423056066036224365e-01
3.390067815780639648e-01
-4.644383490085601807e-01
2.998706139624118805e-02
-3.133985400199890137e-01
1.053195595741271973e-01
-1.415477037429809570e+00
-1.244202613830566406e+00
-1.210005640983581543e+00
3.598578274250030518e-01
-7.909198403358459473e-01
-8.852088451385498047e-01
4.136849343776702881e-01
-9.208225011825561523e-01
8.288015127182006836e-01
3.340113162994384766e-01
1.000825285911560059e+00
1.441784203052520752e-01
-3.060574233531951904e-01
-4.700746759772300720e-02
-1.388458609580993652e-01
-5.968737006187438965e-01
8.187721371650695801e-01
-5.405325889587402344e-01
-5.379794239997863770e-01
-1.410321831703186035e+00
-6.259126663208007812e-01
-1.054729342460632324e+00
4.500460624694824219e-01
7.051608711481094360e-02
6.387552022933959961e-01
3.983206674456596375e-02
-1.246737837791442871e+00
-1.319791227579116821e-01
-3.962163627147674561e-02
-8.411259651184082031e-01
-4.807887971401214600e-01
2.121762275695800781e+00
-5.363089591264724731e-02
-1.000847339630126953e+00
-1.222093820571899414e+00
5.392574667930603027e-01
1.031796097755432129e+00
-1.918067336082458496e+00
2.846999168395996094e-01
-1.312140583992004395e+00
1.204942017793655396e-01
1.092748403549194336e+00
6.827206015586853027e-01
1.124723255634307861e-01
-1.127138137817382812e+00
5.430313199758529663e-02
1.745738267898559570e+00
1.015557527542114258e+00
-2.099569320678710938e+00
-6.813390851020812988e-01
-4.340440034866333008e-01
9.052687324583530426e-03
-6.067822873592376709e-02
-1.401561260223388672e+00
1.257653474807739258e+00
8.096789121627807617e-01
6.182850152254104614e-02
-1.058138132095336914e+00
7.775344848632812500e-01
-1.009356498718261719e+00
1.456619024276733398e+00
-2.854939401149749756e-01
6.476472616195678711e-01
5.334913730621337891e-01
-1.015491634607315063e-01
9.085509181022644043e-01
8.208870291709899902e-01
-5.041338205337524414e-01
-6.822432279586791992e-01
-2.446968257427215576e-01
-3.438262045383453369e-01
-1.287685990333557129e+00
1.621043086051940918e-01
1.145889043807983398e+00
-1.088073372840881348e+00
7.201035022735595703e-01
4.383414089679718018e-01
4.957005679607391357e-01
6.412394344806671143e-02
1.772456616163253784e-01
4.355875551700592041e-01
3.397848606109619141e-01
1.404629349708557129e+00
-1.640776038169860840e+00
1.283840060234069824e+00
2.849500477313995361e-01
-8.615360856056213379e-01
8.256333470344543457e-01
-7.820665240287780762e-01
-3.956154286861419678e-01
-1.330855011940002441e+00
1.110938072204589844e+00
4.943496584892272949e-01
-1.766701698303222656e+00
-4.659625291824340820e-01
-2.266065478324890137e-01
3.163771927356719971e-01
1.917295306921005249e-01
-1.720137596130371094e+00
3.502464294433593750e-01
9.127889871597290039e-01
-1.557227849960327148e+00
-1.196337044239044189e-01
4.497371613979339600e-01
-1.340474486351013184e+00
9.891331791877746582e-01
-7.770624756813049316e-01
-1.003062248229980469e+00
-1.539113998413085938e+00
-8.612880110740661621e-02
8.603346347808837891e-01
-1.836276888847351074e+00
-1.639171838760375977e+00
-8.628354668617248535e-01
9.861113876104354858e-02
2.421905279159545898e+00
-1.119883954524993896e-01
7.276536226272583008e-01
-5.745440721511840820e-01
1.119103074073791504e+00
4.640527367591857910e-01
-5.253329873085021973e-01
-6.467082500457763672e-01
3.222973644733428955e-01
4.168742895126342773e-02
-2.401837557554244995e-01
6.948951631784439087e-02
4.044657945632934570e-01
-1.041345819830894470e-01
1.582586765289306641e-01
-1.772853732109069824e+00
1.028357028961181641e+00
-8.432278782129287720e-02
-6.353574395179748535e-01
6.879883408546447754e-01
-1.003480434417724609e+00
-1.336862683296203613e+00
-3.557215258479118347e-02
-1.254331946372985840e+00
-2.518011927604675293e-01
1.716111451387405396e-01
1.060643553733825684e+00
-7.031799759715795517e-03
1.546606272459030151e-01
1.124972581863403320e+00
-2.430073738098144531e+00
-2.606827318668365479e-01
-1.776382088661193848e+00
2.271721512079238892e-01
1.198748469352722168e+00
3.526887595653533936e-01
6.946257948875427246e-01
-2.321954667568206787e-01
-5.386750102043151855e-01
1.276947259902954102e+00
1.915884315967559814e-01
-4.299378097057342529e-01
1.199229955673217773e+00
-1.484170109033584595e-01
-3.110088706016540527e-01
-4.599258303642272949e-01
5.908979773521423340e-01
2.975365221500396729e-01
9.983675181865692139e-02
-1.658796519041061401e-01
-2.701245546340942383e-01
-1.937193512916564941e+00
1.148569464683532715e+00
-1.976032018661499023e+00
9.010701179504394531e-01
-1.879577338695526123e-01
-1.694515943527221680e-01
-1.587624788284301758e+00
3.652644455432891846e-01
7.217203378677368164e-01
-2.189582139253616333e-01
8.128625154495239258e-01
-9.213590025901794434e-01
-4.700073897838592529e-01
-4.287810921669006348e-01
-3.188236355781555176e-01
-1.103125512599945068e-01
7.089196443557739258e-01
-6.509678959846496582e-01
1.075655743479728699e-01
-7.571192383766174316e-01
2.368962168693542480e-01
-7.138822227716445923e-02
1.619628816843032837e-01
4.981502890586853027e-01
-3.702805936336517334e-01
1.881941407918930054e-01
5.846021175384521484e-01
-1.615669488906860352e+00
-7.645248174667358398e-01
-1.967857778072357178e-01
1.149619817733764648e-01
5.433940887451171875e-01
-1.271590471267700195e+00
-2.001812495291233063e-02
-2.894706249237060547e+00
5.309271812438964844e-01
-1.340817689895629883e+00
-6.476417779922485352e-01
6.137970089912414551e-01
3.486116230487823486e-01
3.249649107456207275e-01
1.315521597862243652e+00
2.768231391906738281e+00
3.188552856445312500e-01
1.822363436222076416e-01
4.667104184627532959e-01
-3.490076363086700439e-01
3.291681408882141113e-01
-5.722189545631408691e-01
-2.429235279560089111e-01
1.175272345542907715e+00
-1.687710046768188477e+00
1.525318156927824020e-02
-9.145568013191223145e-01
-1.428332328796386719e+00
-1.662396907806396484e+00
2.865485846996307373e-01
3.183452785015106201e-01
-1.265249013900756836e+00
-7.548999786376953125e-02
1.591509938240051270e+00
-5.663637518882751465e-01
1.347486019134521484e+00
6.172848939895629883e-01
1.605460196733474731e-01
-2.996553480625152588e-01
-1.674141138792037964e-01
-5.476425886154174805e-01
1.118744850158691406e+00
-4.402849674224853516e-01
-4.012476205825805664e-01
-6.049527525901794434e-01
3.003993332386016846e-01
-3.630691021680831909e-02
-1.702965974807739258e+00
-8.579863905906677246e-01
5.683998465538024902e-01
4.941732585430145264e-01
3.144306316971778870e-02
-2.691405117511749268e-01
6.268399357795715332e-01
-8.863728046417236328e-01
-2.727511525154113770e-01
9.353026747703552246e-01
5.767331719398498535e-01
-2.402228266000747681e-01
1.455273181200027466e-01
-9.035834074020385742e-01
-3.869881927967071533e-01
2.186110243201255798e-02
3.072105944156646729e-01
-9.942042231559753418e-01
-7.768053412437438965e-01
1.959726452827453613e+00
-8.987398147583007812e-01
8.169218897819519043e-01
6.409383416175842285e-01
-1.316278338432312012e+00
-4.428692162036895752e-01
-4.600763916969299316e-01
5.093696117401123047e-01
-9.088416397571563721e-02
-3.540349602699279785e-01
-1.516311049461364746e+00
2.147158145904541016e+00
-5.344956517219543457e-01
8.625841736793518066e-01
4.633148610591888428e-01
6.862267255783081055e-01
-2.387291043996810913e-01
-6.554578542709350586e-01
-2.356768548488616943e-01
1.248273372650146484e+00
4.399453476071357727e-02
4.114481508731842041e-01
-6.068850755691528320e-01
-4.429181292653083801e-02
2.037911713123321533e-01
-1.740578413009643555e-01
1.473648786544799805e+00
3.310901820659637451e-01
3.595930337905883789e-01
-4.401917457580566406e-01
1.255063891410827637e+00
6.838191151618957520e-01
3.521755933761596680e-01
-6.594321131706237793e-01
-1.179559946060180664e+00
-4.432596266269683838e-01
-2.350673824548721313e-01
-1.233948767185211182e-01
1.566883921623229980e+00
1.159789681434631348e+00
5.084924697875976562e-01
2.639323659241199493e-02
-5.287868902087211609e-02
-6.426289081573486328e-01
-7.721716165542602539e-01
-8.503351807594299316e-01
1.918261528015136719e+00
-8.680821657180786133e-01
-1.001339435577392578e+00
1.729261279106140137e+00
-1.511345863342285156e+00
3.904936313629150391e-01
8.780428171157836914e-01
-5.157797932624816895e-01
2.256847023963928223e-01
-5.106258392333984375e-01
-5.375846102833747864e-02
-9.065892696380615234e-01
-1.882724314928054810e-01
-1.905764937400817871e-01
2.316995143890380859e+00
-1.241050481796264648e+00
8.125813603401184082e-01
1.935786485671997070e+00
5.471116900444030762e-01
7.422014325857162476e-02
1.164256632328033447e-01
-4.091950953006744385e-01
-5.979461073875427246e-01
-1.679633975028991699e+00
1.363900542259216309e+00
2.037218511104583740e-01
-6.565727591514587402e-01
-2.593769431114196777e-01
1.067195296287536621e+00
1.400243759155273438e+00
-7.658451795578002930e-01
2.030939050018787384e-02
1.463469386100769043e+00
1.080354094505310059e+00
1.256825923919677734e+00
7.928916811943054199e-01
-1.097633242607116699e+00
-9.851084351539611816e-01
1.075581789016723633e+00
-5.752737522125244141e-01
