8.004257678985595703e-01
4.953264296054840088e-01
8.571701049804687500e-01
8.700751066207885742e-01
-8.115632534027099609e-01
-5.665246844291687012e-01
-8.946155756711959839e-02
1.381038069725036621e+00
3.602565228939056396e-01
-2.087626606225967407e-01
7.228432297706604004e-01
1.049258828163146973e+00
-6.913598775863647461e-01
-4.291918575763702393e-01
2.825794816017150879e-01
1.512163132429122925e-01
1.425265312194824219e+00
-7.874613404273986816e-01
-6.865763068199157715e-01
5.381258949637413025e-02
-7.401800751686096191e-01
1.681779623031616211e-01
-2.709873318672180176e-01
5.650909543037414551e-01
-1.091441661119461060e-01
-4.816522002220153809e-01
-5.281287431716918945e-01
1.301564455032348633e+00
7.524611949920654297e-01
2.853591442108154297e-01
1.777943253517150879e+00
-7.740603685379028320e-01
-1.710912346839904785e+00
-1.074947953224182129e+00
1.862711668014526367e+00
-5.945692956447601318e-02
-3.336926102638244629e-01
5.782693028450012207e-01
-2.126207947731018066e-01
2.358841709792613983e-02
7.664744257926940918e-01
1.400707483291625977e+00
7.338979840278625488e-01
3.094773590564727783e-01
-1.052329659461975098e+00
9.433422088623046875e-01
-7.015818953514099121e-01
-8.636093139648437500e-01
1.777067184448242188e-01
1.375734210014343262e+00
-6.317620277404785156e-01
2.516896128654479980e-01
3.806021437048912048e-02
-4.658958613872528076e-01
4.691710174083709717e-01
-1.165073513984680176e+00
3.512732088565826416e-01
6.189714074134826660e-01
-4.189361035823822021e-01
-5.761185884475708008e-01
-4.612835943698883057e-01
9.563144445419311523e-01
9.984815120697021484e-02
-1.473957002162933350e-01
-1.993603706359863281e-01
-9.708274006843566895e-01
-1.513176321983337402e+00
7.948712706565856934e-01
1.037683606147766113e+00
1.034912541508674622e-01
-3.014473617076873779e-01
-6.494318842887878418e-01
6.975660324096679688e-01
1.179793238639831543e+00
1.515704393386840820e-01
9.390891194343566895e-01
-4.464349746704101562e-01
1.734092950820922852e+00
1.567069888114929199e-01
5.707157850265502930e-01
5.973608493804931641e-01
2.701454460620880127e-01
2.099309116601943970e-01
1.199672222137451172e+00
-7.526496648788452148e-01
1.325621753931045532e-01
-8.721437305212020874e-02
-9.686399251222610474e-03
2.373091459274291992e+00
3.893660008907318115e-01
8.436471819877624512e-01
1.313877999782562256e-01
1.629590749740600586e+00
-4.361921250820159912e-01
-6.237169504165649414e-01
1.205759681761264801e-02
7.267138361930847168e-01
-8.583749830722808838e-02
1.198068499565124512e+00
7.765364646911621094e-02
-1.242607116699218750e+00
1.213314309716224670e-01
-3.894906044006347656e-01
1.136442899703979492e+00
1.180355399847030640e-01
-3.399199843406677246e-01
-4.535623490810394287e-01
1.243414402008056641e+00
1.255954742431640625e+00
1.335870474576950073e-01
-1.069084167480468750e+00
-5.198226571083068848e-01
-7.382150888442993164e-01
-7.841663956642150879e-01
-1.941734850406646729e-01
4.069296270608901978e-02
8.510788530111312866e-02
-3.945558965206146240e-01
3.377149701118469238e-01
1.300557971000671387e+00
9.965639114379882812e-01
1.701848864555358887e+00
1.106727957725524902e+00
7.685686945915222168e-01
1.298670470714569092e-01
-1.940610527992248535e+00
-1.489421248435974121e+00
9.790076017379760742e-01
5.321279168128967285e-02
-8.787116408348083496e-01
-1.418749690055847168e+00
5.671123415231704712e-02
-1.417267441749572754e+00
1.414202809333801270e+00
1.463972806930541992e+00
-3.282332420349121094e-01
-9.796980023384094238e-01
1.778347939252853394e-01
-1.122070908546447754e+00
1.370608992874622345e-02
-8.620840311050415039e-01
-2.364856451749801636e-01
1.610735058784484863e+00
1.689733415842056274e-01
-2.980987727642059326e-01
7.464848160743713379e-01
-7.622305750846862793e-01
-5.438444018363952637e-01
9.856126904487609863e-01
-6.492058634757995605e-01
1.195043772459030151e-01
4.581024348735809326e-01
3.925217390060424805e-01
1.204777583479881287e-01
-2.299656122922897339e-01
-1.764254570007324219e-01
-2.136286646127700806e-01
-4.113548696041107178e-01
2.226085960865020752e-01
-3.385709524154663086e-01
-1.573429226875305176e+00
1.263824939727783203e+00
8.652327060699462891e-01
-4.954312145709991455e-01
-2.925262600183486938e-02
-2.229538708925247192e-01
-2.584713324904441833e-02
9.948735237121582031e-01
8.425601124763488770e-01
-9.780396223068237305e-01
5.630121007561683655e-02
1.946903109550476074e+00
4.825240373611450195e-01
3.305402994155883789e-01
5.549751520156860352e-01
-9.133020639419555664e-01
9.511371850967407227e-01
-3.737477660179138184e-01
-7.920652031898498535e-01
2.736347019672393799e-01
-2.626176774501800537e-01
-1.764689564704895020e+00
-2.819008827209472656e-01
3.296498656272888184e-01
-3.339601457118988037e-01
-7.743381708860397339e-02
-1.481444239616394043e-01
-2.967921733856201172e+00
4.574137553572654724e-02
-3.209995627403259277e-01
1.778293997049331665e-01
6.229640841484069824e-01
-7.681924700736999512e-01
1.031285047531127930e+00
-5.504158735275268555e-01
4.678262770175933838e-01
-9.469336271286010742e-01
-5.614659190177917480e-01
-5.452126860618591309e-01
-4.130430221557617188e-01
-2.490631937980651855e-01
-1.263111710548400879e+00
1.711069196462631226e-01
-1.053879499435424805e+00
1.789477765560150146e-01
7.086521983146667480e-01
2.221177816390991211e-01
1.402390718460083008e+00
2.047300338745117188e+00
2.140596061944961548e-01
1.526539802551269531e+00
1.169458746910095215e+00
-2.522452175617218018e-01
-2.569160759449005127e-01
3.664435446262359619e-02
-1.234809875488281250e+00
-1.676038980484008789e+00
-1.884095966815948486e-01
3.598910868167877197e-01
-8.270736336708068848e-01
3.198517858982086182e-01
2.821005880832672119e-01
-4.251931607723236084e-01
-8.402451872825622559e-01
-1.351128220558166504e+00
-1.307884603738784790e-01
1.399178951978683472e-01
1.058689579367637634e-01
1.975947767496109009e-01
3.460424840450286865e-01
-4.049879908561706543e-01
-5.879400372505187988e-01
8.371394872665405273e-02
-9.310052394866943359e-01
-9.811988472938537598e-01
-7.891181111335754395e-01
5.370554924011230469e-01
-1.492706984281539917e-01
-7.262615561485290527e-01
5.034124851226806641e-01
1.478377580642700195e+00
1.646216154098510742e+00
5.468409061431884766e-01
-9.195399284362792969e-01
-6.013500094413757324e-01
-2.191523835062980652e-02
-2.179711580276489258e+00
-1.097441554069519043e+00
1.277307748794555664e+00
-4.605962336063385010e-01
5.382113456726074219e-01
9.979492425918579102e-02
7.191492319107055664e-01
-3.009267747402191162e-01
5.869077518582344055e-02
1.417421847581863403e-01
1.395944803953170776e-01
-3.252807259559631348e-02
-2.872203588485717773e-01
4.574730694293975830e-01
3.210046291351318359e-01
2.037732303142547607e-01
-8.328421711921691895e-01
-1.703030228614807129e+00
1.780958771705627441e+00
-2.139285326004028320e+00
9.210585951805114746e-01
-2.105561733245849609e+00
7.096827775239944458e-02
1.140835508704185486e-01
-5.576570034027099609e-01
-1.187309145927429199e+00
1.332604885101318359e+00
-2.768557965755462646e-01
1.136875271797180176e+00
1.244836330413818359e+00
2.873377203941345215e-01
-1.763487756252288818e-01
-6.312758922576904297e-01
-7.666272521018981934e-01
-4.975582659244537354e-01
-4.248010367155075073e-02
3.199033439159393311e-01
7.239775657653808594e-01
-7.062610387802124023e-01
-9.052947163581848145e-02
-5.142776370048522949e-01
-1.039259910583496094e+00
4.576666951179504395e-01
1.417926430702209473e+00
1.995748728513717651e-01
-8.462973237037658691e-01
3.689934909343719482e-01
1.174666762351989746e+00
-2.193957194685935974e-02
1.105754375457763672e+00
8.545908927917480469e-01
6.287488341331481934e-01
1.649785339832305908e-01
8.681976199150085449e-01
3.915331959724426270e-01
1.446802616119384766e+00
1.891232281923294067e-01
2.661242485046386719e-01
-1.240804791450500488e+00
-1.540293574333190918e+00
-3.239368498325347900e-01
1.804058551788330078e+00
-1.198922544717788696e-01
3.756600916385650635e-01
5.171726346015930176e-01
1.112444400787353516e-01
1.497114658355712891e+00
-2.047215223312377930e+00
-2.829049825668334961e-01
-3.718014359474182129e-01
-1.150456890463829041e-01
-5.869103670120239258e-01
-7.963369488716125488e-01
-2.356096357107162476e-01
1.252993106842041016e+00
4.302289336919784546e-02
6.565416455268859863e-01
4.935592412948608398e-03
7.660242170095443726e-02
9.133594036102294922e-01
1.773005008697509766e+00
-6.220845580101013184e-01
1.190601348876953125e+00
5.687267184257507324e-01
2.125564664602279663e-01
7.880305647850036621e-01
-3.227999210357666016e-01
6.344636082649230957e-01
9.779492765665054321e-02
-2.943609952926635742e-01
-1.164387822151184082e+00
-6.122310087084770203e-02
2.382173538208007812e+00
-6.004520058631896973e-01
1.000144705176353455e-01
-1.370180130004882812e+00
2.169515788555145264e-01
-7.768871784210205078e-01
-1.323807239532470703e+00
5.068978071212768555e-01
-8.968240022659301758e-01
-5.661526322364807129e-02
-8.085335791110992432e-02
5.160965919494628906e-01
4.451037347316741943e-01
-3.348654136061668396e-02
6.005920171737670898e-01
2.526358962059020996e-01
-1.092647433280944824e+00
8.878063410520553589e-02
1.354539513587951660e+00
-6.774796247482299805e-01
3.674549981951713562e-02
-1.426397800445556641e+00
-1.578567028045654297e+00
-7.994937151670455933e-02
-1.246058568358421326e-01
-1.110963344573974609e+00
1.804498136043548584e-01
8.145155310630798340e-01
7.437750697135925293e-02
-5.041328668594360352e-01
1.047519564628601074e+00
1.170826315879821777e+00
-3.241777792572975159e-02
2.072654962539672852e-01
-3.309097588062286377e-01
-5.846406817436218262e-01
-6.867898702621459961e-01
4.640252888202667236e-01
-7.288480401039123535e-01
4.889301061630249023e-01
1.221164107322692871e+00
-1.442961812019348145e+00
-8.988350033760070801e-01
9.474366307258605957e-01
-1.412785947322845459e-01
9.628526866436004639e-02
9.892734289169311523e-01
3.419563472270965576e-01
5.037257671356201172e-01
4.913587272167205811e-01
6.015443205833435059e-01
7.157873511314392090e-01
7.130912542343139648e-01
4.870346188545227051e-01
-1.601114511489868164e+00
-6.648747920989990234e-01
-1.239742934703826904e-01
9.669765084981918335e-02
5.573352575302124023e-01
-2.442349195480346680e-01
6.178312301635742188e-01
2.097223997116088867e+00
-1.801744818687438965e+00
-9.203958511352539062e-01
4.524623975157737732e-02
5.131279230117797852e-01
-1.582484126091003418e+00
-1.506554245948791504e+00
-7.978158593177795410e-01
5.736517906188964844e-01
-9.005092084407806396e-02
8.104153871536254883e-01
5.498247146606445312e-01
-2.117308855056762695e+00
-6.013821363449096680e-01
4.790482297539710999e-02
-3.155449330806732178e-01
-6.563547253608703613e-01
-1.488614827394485474e-01
-3.948784172534942627e-01
1.054542660713195801e+00
6.049558520317077637e-01
1.049898982048034668e+00
-5.900028944015502930e-01
6.166468262672424316e-01
-7.519200444221496582e-01
-7.581488490104675293e-01
-1.360058337450027466e-01
-1.398157775402069092e-01
-1.309506416320800781e+00
-4.550392925739288330e-01
1.129630804061889648e+00
7.991079092025756836e-01
1.274892568588256836e+00
9.301312267780303955e-02
3.608357310295104980e-01
1.730094552040100098e-01
-8.089942336082458496e-01
-6.587562561035156250e-01
4.909168779850006104e-01
1.475601941347122192e-01
6.073499321937561035e-01
-2.690769910812377930e+00
-2.144406884908676147e-01
-8.525665998458862305e-01
6.491873264312744141e-01
-6.936379522085189819e-02
7.807493805885314941e-01
5.663895010948181152e-01
-1.360010914504528046e-02
-5.425415039062500000e-01
-6.650629043579101562e-01
1.147400259971618652e+00
-8.396781980991363525e-02
6.408972144126892090e-01
-1.934370100498199463e-01
6.981567740440368652e-01
-2.228013277053833008e-01
-9.153081178665161133e-01
-9.125416278839111328e-01
1.269210278987884521e-01
5.403283610939979553e-02
-1.931454688310623169e-01
-7.844416797161102295e-02
-1.007613182067871094e+00
-3.115987777709960938e-01
5.041940808296203613e-01
-1.309517502784729004e+00
8.960863947868347168e-01
-1.015991866588592529e-01
-1.281524151563644409e-01
1.149288892745971680e+00
-2.561905048787593842e-02
-2.602146863937377930e+00
8.782142400741577148e-01
-1.662549972534179688e-01
-4.982881844043731689e-01
-7.048008441925048828e-01
-1.344273447990417480e+00
2.528347969055175781e+00
4.134305417537689209e-01
-7.424724102020263672e-01
-2.042760610580444336e+00
-1.838322728872299194e-01
6.033838391304016113e-01
1.407441496849060059e+00
4.341068863868713379e-01
-7.697346061468124390e-02
4.644089043140411377e-01
-1.361162185668945312e+00
-1.061090752482414246e-01
-8.290097117424011230e-01
-1.843388080596923828e+00
-2.878691256046295166e-01
-1.077175378799438477e+00
-9.630155563354492188e-01
-4.680982828140258789e-01
-6.228756532073020935e-02
1.236312866210937500e+00
-1.386409550905227661e-01
-3.531956672668457031e-01
5.897398591041564941e-01
-2.512071132659912109e-01
2.664410769939422607e-01
8.415144085884094238e-01
6.916125416755676270e-01
-1.194099485874176025e-01
2.196991443634033203e+00
-7.062396407127380371e-01
2.938441932201385498e-01
5.048435926437377930e-01
-1.078218579292297363e+00
6.033535599708557129e-01
-6.699122786521911621e-01
-4.486594200134277344e-01
-2.495628833770751953e+00
7.339063882827758789e-01
4.114905297756195068e-01
-1.070800065994262695e+00
1.032948970794677734e+00
-8.616483211517333984e-01
-1.903994083404541016e+00
-9.561105966567993164e-01
-1.747008681297302246e+00
4.740644991397857666e-01
1.458737730979919434e+00
-2.023844003677368164e+00
-4.635554254055023193e-01
8.238308429718017578e-01
-1.239479541778564453e+00
1.374636650085449219e+00
-7.807328701019287109e-01
-1.757995367050170898e+00
-7.972036600112915039e-01
-3.001659512519836426e-01
-4.092060029506683350e-01
-7.848532795906066895e-01
-7.405683994293212891e-01
-5.544806122779846191e-01
6.949938535690307617e-01
2.251135349273681641e+00
3.064751625061035156e-01
1.397196888923645020e+00
3.298631608486175537e-01
1.898857951164245605e-01
1.158624440431594849e-01
-4.913913011550903320e-01
8.957370370626449585e-02
6.654897332191467285e-01
-3.468137979507446289e-01
1.012961864471435547e+00
6.706499457359313965e-01
-3.801783919334411621e-02
-1.218953967094421387e+00
8.619757890701293945e-01
-8.063081651926040649e-02
7.313593029975891113e-01
7.617346048355102539e-01
-4.177128672599792480e-01
-2.261050492525100708e-01
-8.478647470474243164e-02
-2.159870147705078125e+00
3.664674460887908936e-01
3.800924122333526611e-01
5.177383124828338623e-02
-4.590528309345245361e-01
4.965113103389739990e-02
5.233010053634643555e-01
-9.159888625144958496e-01
1.302376866340637207e+00
-1.162227749824523926e+00
-9.777983427047729492e-01
-5.272688269615173340e-01
2.727924287319183350e-01
3.095743358135223389e-01
-5.520106106996536255e-02
5.152191221714019775e-02
1.031149625778198242e+00
6.612366437911987305e-01
9.905371069908142090e-02
6.659489274024963379e-01
-1.335980772972106934e+00
-6.888881921768188477e-01
4.755029678344726562e-01
-1.196227312088012695e+00
-2.554502785205841064e-01
4.005587100982666016e-01
-1.400571409612894058e-02
2.072548680007457733e-02
-5.620301365852355957e-01
3.848413228988647461e-01
-1.924177050590515137e+00
2.130576819181442261e-01
-6.875619292259216309e-01
2.787476480007171631e-01
-3.326169848442077637e-01
-8.527625203132629395e-01
-2.789557456970214844e+00
-4.203092455863952637e-01
1.992204785346984863e-01
-1.089246869087219238e+00
7.318604588508605957e-01
-2.100052833557128906e+00
4.539606869220733643e-01
-4.555656909942626953e-01
1.254196763038635254e+00
-1.550495326519012451e-01
-1.407621860504150391e+00
1.523333191871643066e-01
1.220847249031066895e+00
5.643333122134208679e-02
-4.181309938430786133e-01
4.290536344051361084e-01
4.540706053376197815e-02
3.323856294155120850e-01
2.183852791786193848e-01
8.558402955532073975e-02
7.120607793331146240e-02
-6.723790168762207031e-01
-6.387636661529541016e-01
5.559126138687133789e-01
-4.698583185672760010e-01
2.623460888862609863e-01
-6.515956521034240723e-01
-1.742332801222801208e-02
-2.875509977340698242e+00
-2.187721282243728638e-01
-1.615415930747985840e+00
2.994430363178253174e-01
5.150955915451049805e-01
-1.635495126247406006e-01
7.817654013633728027e-01
-4.918920248746871948e-02
1.788782596588134766e+00
-2.048069238662719727e-01
-1.537325620651245117e+00
-6.623150110244750977e-01
-2.088632881641387939e-01
-8.109260201454162598e-01
-2.304596453905105591e-01
-7.249987721443176270e-01
6.014451980590820312e-01
-5.147432088851928711e-01
-3.924307525157928467e-01
-1.396265149116516113e+00
-1.382105350494384766e+00
-6.301137804985046387e-01
-3.561449050903320312e-02
-4.981479421257972717e-02
-1.552846312522888184e+00
-1.289306163787841797e+00
2.519654929637908936e-01
-5.651199221611022949e-01
2.283040761947631836e+00
1.033716440200805664e+00
2.859453670680522919e-02
-1.194044575095176697e-01
-2.643516361713409424e-01
-8.170434087514877319e-02
6.458430290222167969e-01
1.203984856605529785e+00
-6.794022321701049805e-01
-7.023002952337265015e-02
2.236299961805343628e-01
1.761791259050369263e-01
-9.154117107391357422e-01
-6.449390649795532227e-01
3.451930880546569824e-01
3.242462873458862305e-03
3.487522900104522705e-01
-7.077114582061767578e-01
3.176953196525573730e-01
3.001878783106803894e-02
4.403723403811454773e-02
1.721008777618408203e+00
4.878261983394622803e-01
4.002777040004730225e-01
5.068454146385192871e-01
-9.868769645690917969e-01
-2.341654598712921143e-01
-1.601431705057621002e-02
5.559560060501098633e-01
-2.701369812712073326e-03
-3.194305598735809326e-01
1.379394650459289551e+00
-9.501998424530029297e-01
7.859432101249694824e-01
6.113693714141845703e-01
-4.915678799152374268e-01
-6.725726127624511719e-01
3.239044845104217529e-01
1.344379186630249023e-01
-1.448554992675781250e-01
-5.656678080558776855e-01
-1.128033518791198730e+00
1.819178700447082520e+00
-6.380636692047119141e-01
2.731665670871734619e-01
1.265591755509376526e-02
-6.237609386444091797e-01
7.808949351310729980e-01
-7.842032909393310547e-01
-1.012391686439514160e+00
7.367569208145141602e-01
-8.924160003662109375e-01
-4.537636637687683105e-01
-1.971664279699325562e-01
1.816703975200653076e-01
-2.007458508014678955e-01
2.010911703109741211e-01
7.880893945693969727e-01
1.116178154945373535e+00
-5.477792620658874512e-01
-4.727914929389953613e-01
-4.194282293319702148e-01
-3.642683327198028564e-01
-3.841319978237152100e-01
-1.770746707916259766e-01
-1.780033111572265625e+00
-1.357488155364990234e+00
7.480826973915100098e-01
1.286169439554214478e-01
7.663689851760864258e-01
4.720151722431182861e-01
-5.366390943527221680e-01
1.000105500221252441e+00
6.761619448661804199e-01
-1.057416558265686035e+00
-1.118247985839843750e+00
-1.891114860773086548e-01
1.659670591354370117e+00
-1.335458829998970032e-02
-5.537382364273071289e-01
1.507344365119934082e+00
-5.200134515762329102e-01
1.270711064338684082e+00
1.005047321319580078e+00
-1.585857421159744263e-01
8.931683897972106934e-01
7.490456700325012207e-01
-8.986504375934600830e-02
-4.201743900775909424e-01
9.478687047958374023e-01
2.049017399549484253e-01
2.169244527816772461e+00
-5.527584552764892578e-01
9.650111943483352661e-02
9.475097656250000000e-01
-6.066516637802124023e-01
7.701949775218963623e-02
3.126423358917236328e-01
-4.702978134155273438e-01
-1.767610073089599609e+00
-1.326114416122436523e+00
8.044083714485168457e-01
5.993354320526123047e-01
-1.586216986179351807e-01
-1.298914253711700439e-01
6.319372057914733887e-01
1.564448356628417969e+00
-4.516470730304718018e-01
-1.631557010114192963e-03
-2.769194841384887695e-01
9.322291612625122070e-01
8.358365856111049652e-03
1.579855568706989288e-02
-6.823768019676208496e-01
-5.536676049232482910e-01
8.448064923286437988e-01
-4.260135293006896973e-01
