-8.730609416961669922e-01
3.880761265754699707e-01
8.926937580108642578e-01
-1.745939552783966064e-01
-5.551623702049255371e-01
6.005839705467224121e-01
7.249315381050109863e-01
1.141683578491210938e+00
-6.930200755596160889e-02
-1.219813823699951172e+00
4.088796675205230713e-01
4.296687543392181396e-01
-2.734755873680114746e-01
-4.446397125720977783e-01
-6.085441913455724716e-03
-4.890262186527252197e-01
7.105711698532104492e-01
-3.635773360729217529e-01
-7.384367585182189941e-01
4.940126836299896240e-01
1.635448634624481201e-01
4.656265079975128174e-01
3.475798666477203369e-01
1.593276381492614746e+00
-6.104635074734687805e-02
-1.294774860143661499e-01
-2.891226708889007568e-01
1.643076181411743164e+00
9.031934142112731934e-01
6.818332672119140625e-01
-9.996717423200607300e-02
-1.521048903465270996e+00
-9.976339340209960938e-01
-1.528532981872558594e+00
1.461440920829772949e+00
4.168993979692459106e-02
-5.028865113854408264e-02
-2.255407124757766724e-01
-3.341376781463623047e-01
1.502217411994934082e+00
6.162481904029846191e-01
3.103880584239959717e-01
1.987654209136962891e+00
-4.367419481277465820e-01
-1.752332091331481934e+00
-4.658053070306777954e-02
-7.893089652061462402e-01
-3.891125917434692383e-01
-3.499607145786285400e-01
2.304055929183959961e+00
-3.217187523841857910e-01
-2.317276224493980408e-02
-3.244720697402954102e-01
1.764413714408874512e-02
1.175902247428894043e+00
-6.555323004722595215e-01
8.168726563453674316e-01
7.457045912742614746e-01
-5.907227396965026855e-01
6.783438324928283691e-01
1.261853277683258057e-01
6.768124699592590332e-01
3.709493577480316162e-01
-8.414441943168640137e-01
-5.653669238090515137e-01
-1.384353280067443848e+00
2.077841013669967651e-02
1.118606805801391602e+00
1.360231041908264160e+00
-5.813597440719604492e-01
9.625194668769836426e-01
-4.584109187126159668e-01
-1.525744199752807617e-01
4.835219681262969971e-01
5.795759558677673340e-01
2.657492458820343018e-01
2.560157775878906250e-01
1.903836250305175781e+00
3.480153381824493408e-01
-3.966122865676879883e-03
6.674431562423706055e-01
-1.080173015594482422e+00
7.077272534370422363e-01
7.305931448936462402e-01
-8.524564653635025024e-02
1.913306415081024170e-01
7.767126709222793579e-02
3.387339413166046143e-02
2.359908342361450195e+00
1.166850924491882324e+00
7.715120315551757812e-01
-1.771565079689025879e-01
1.139209032058715820e+00
1.298123449087142944e-01
-9.324868321418762207e-01
-1.062394857406616211e+00
-4.053801596164703369e-01
4.874095022678375244e-01
9.681312441825866699e-01
-8.712982386350631714e-02
-1.852987766265869141e+00
6.155827045440673828e-01
1.312062591314315796e-01
1.243398427963256836e+00
3.926266133785247803e-01
-4.029887318611145020e-01
3.302020430564880371e-01
7.050777077674865723e-01
2.914455533027648926e-01
-1.093113660812377930e+00
-1.511775493621826172e+00
-6.776835769414901733e-02
-9.471327066421508789e-01
-6.191123127937316895e-01
-3.619802594184875488e-01
-6.258509159088134766e-01
1.074304461479187012e+00
-8.625938296318054199e-01
9.041737914085388184e-01
4.591643214225769043e-01
1.423748135566711426e+00
2.865605115890502930e+00
4.897303581237792969e-01
-1.026088744401931763e-01
1.199945092201232910e+00
-1.907749295234680176e+00
-1.776326537132263184e+00
1.239996552467346191e+00
-1.301877349615097046e-01
-2.369147092103958130e-01
-1.317067980766296387e+00
6.559176445007324219e-01
7.465988397598266602e-01
2.169568538665771484e+00
1.049375295639038086e+00
-5.517193675041198730e-01
-6.009404361248016357e-02
1.584046483039855957e-01
-1.643391698598861694e-01
2.276686485856771469e-03
-7.603288888931274414e-01
-7.143489718437194824e-01
1.745884299278259277e+00
-5.492126941680908203e-01
-6.015397235751152039e-02
1.384805679321289062e+00
-7.121012359857559204e-02
-6.988604664802551270e-01
1.250021696090698242e+00
-6.514251232147216797e-01
1.266303062438964844e+00
2.493645191192626953e+00
1.041701674461364746e+00
9.337995648384094238e-01
-9.113012254238128662e-02
-1.873552203178405762e-01
-1.344408392906188965e+00
-1.669687032699584961e+00
1.220129281282424927e-01
-7.803562879562377930e-01
-3.799527585506439209e-01
7.938353419303894043e-01
-5.542396306991577148e-01
2.067685574293136597e-01
-4.214385151863098145e-01
7.841616123914718628e-02
3.849873840808868408e-01
7.759079337120056152e-01
1.100746154785156250e+00
9.206958115100860596e-02
-2.317013740539550781e-01
8.329930901527404785e-01
-1.411306858062744141e-01
-7.225989699363708496e-01
5.562192574143409729e-02
-4.666537344455718994e-01
7.611976861953735352e-01
-2.053378373384475708e-01
-9.332702159881591797e-01
-2.819868624210357666e-01
8.531599640846252441e-01
-1.218657851219177246e+00
-9.762114286422729492e-02
7.082384228706359863e-01
7.177876830101013184e-01
2.896565198898315430e-01
-6.510434150695800781e-01
-1.196828007698059082e+00
-1.660101711750030518e-01
-4.750017821788787842e-01
-2.216709405183792114e-01
7.301822304725646973e-01
-4.835262596607208252e-01
1.403888687491416931e-02
-5.484560877084732056e-02
7.146155238151550293e-01
-8.001112937927246094e-01
-4.265541136264801025e-01
-6.010358333587646484e-01
-9.626255631446838379e-01
2.503846585750579834e-01
-4.789342880249023438e-01
-7.657401561737060547e-01
-1.369230866432189941e+00
-2.161578536033630371e-01
2.610206305980682373e-01
-8.478422462940216064e-02
-1.750187762081623077e-02
6.968829631805419922e-01
6.594122052192687988e-01
1.057453513145446777e+00
7.048256397247314453e-01
1.742223352193832397e-01
-3.733747899532318115e-01
-1.161651015281677246e+00
-1.021580934524536133e+00
-1.748993277549743652e+00
5.166136026382446289e-01
9.127425551414489746e-01
-5.261763334274291992e-01
3.207503259181976318e-01
3.605796769261360168e-02
1.806356310844421387e-01
3.997058272361755371e-01
-2.057788610458374023e+00
-8.919608592987060547e-01
-1.540287375450134277e+00
3.365740776062011719e-01
8.168135285377502441e-01
8.269019722938537598e-01
-6.391383707523345947e-02
-5.161002874374389648e-01
-3.957502841949462891e-01
-7.520604133605957031e-01
-1.713798284530639648e+00
-1.520646691322326660e+00
-1.903489083051681519e-01
-1.448368310928344727e+00
-6.048062443733215332e-01
-1.179049238562583923e-01
1.620331764221191406e+00
1.367851853370666504e+00
-5.199262499809265137e-01
-1.870788335800170898e-01
-1.336942315101623535e+00
-7.869588136672973633e-01
1.903985589742660522e-01
-4.574073851108551025e-01
7.263783812522888184e-01
-1.163993358612060547e+00
1.596257328987121582e+00
2.428670972585678101e-01
1.925490856170654297e+00
-8.058578968048095703e-01
5.654440522193908691e-01
5.446400046348571777e-01
-5.214710235595703125e-01
1.634859204292297363e+00
-9.182839393615722656e-01
3.692140877246856689e-01
1.207778096199035645e+00
-5.740681290626525879e-02
-1.922693401575088501e-01
-1.149152159690856934e+00
1.757286190986633301e+00
-1.220949813723564148e-01
1.454281527549028397e-02
-8.400501012802124023e-01
-1.098564028739929199e+00
4.099347628653049469e-03
8.752492070198059082e-01
-1.496155619621276855e+00
2.020376443862915039e+00
3.881296217441558838e-01
1.683627724647521973e+00
1.821899265050888062e-01
1.148287057876586914e+00
-4.468236863613128662e-01
-1.265932202339172363e+00
-4.881241321563720703e-01
7.807492613792419434e-01
-3.773050904273986816e-01
-1.024977803230285645e+00
3.027902841567993164e-01
-6.460134983062744141e-01
-1.685043275356292725e-01
5.690274238586425781e-01
-7.077854871749877930e-01
-1.913678646087646484e-01
2.061935186386108398e+00
7.811307907104492188e-01
-2.078167438507080078e+00
-2.487123459577560425e-01
9.641905426979064941e-01
-5.147718787193298340e-01
1.822598576545715332e-01
7.207167744636535645e-01
1.213118195533752441e+00
3.736545741558074951e-01
-2.850828170776367188e-01
-2.998876571655273438e-01
1.081290319561958313e-01
-1.354164123535156250e+00
2.380709797143936157e-01
-1.020938634872436523e+00
-1.316620111465454102e+00
-1.082976087927818298e-01
1.000250339508056641e+00
1.914295852184295654e-01
5.402892231941223145e-01
-8.302083015441894531e-01
4.641851782798767090e-01
1.910025119781494141e+00
-2.095231294631958008e+00
-8.897911310195922852e-01
-1.010368347167968750e+00
-1.490606516599655151e-01
-6.193591654300689697e-02
6.808936595916748047e-01
-1.723136305809020996e-01
1.584120988845825195e-01
-7.375867366790771484e-01
7.549886107444763184e-01
1.012910723686218262e+00
-8.970573544502258301e-01
5.887908861041069031e-03
1.978508949279785156e+00
-8.620010316371917725e-02
-3.118777275085449219e-01
-5.447812676429748535e-01
-4.533830285072326660e-02
1.227960467338562012e+00
-3.731161355972290039e-01
-2.797260582447052002e-01
-5.542708039283752441e-01
-1.737138479948043823e-01
5.023773014545440674e-02
-3.895925581455230713e-01
1.736415266990661621e+00
-1.152588367462158203e+00
6.418226361274719238e-01
-1.381088614463806152e+00
-1.347048759460449219e+00
5.537421703338623047e-01
-6.046828031539916992e-01
2.236655354499816895e-01
-1.715790271759033203e+00
-2.993806004524230957e-01
-6.956276297569274902e-01
1.376828432083129883e+00
3.667247295379638672e-01
-7.336425185203552246e-01
1.368634104728698730e+00
-3.648176193237304688e-01
-1.542714238166809082e+00
-4.798382520675659180e-01
1.336871832609176636e-01
-5.488587170839309692e-02
4.832911491394042969e-01
6.494810581207275391e-01
-1.125830173492431641e+00
-3.367220163345336914e-01
1.434480190277099609e+00
-1.508744060993194580e-01
7.525685429573059082e-01
2.949889563024044037e-02
5.322380661964416504e-01
5.873593036085367203e-03
7.160943746566772461e-01
1.451381683349609375e+00
-2.840648889541625977e-01
4.291528165340423584e-01
-5.301885008811950684e-01
-1.333107948303222656e+00
-9.151769280433654785e-01
1.298251509666442871e+00
-2.522164106369018555e+00
3.123371601104736328e-01
8.173598647117614746e-01
-2.158957242965698242e+00
-5.881359577178955078e-01
7.017044425010681152e-01
-1.611444205045700073e-01
-7.278178334236145020e-01
8.548652529716491699e-01
1.770807951688766479e-01
-1.013986229896545410e+00
4.939481914043426514e-01
-1.216692447662353516e+00
5.645650029182434082e-01
-9.252879768610000610e-02
-1.863395422697067261e-01
-4.689406752586364746e-01
-1.204590220004320145e-02
-2.697592675685882568e-01
-4.121176302433013916e-01
6.444332003593444824e-01
-2.772085070610046387e-01
5.482713580131530762e-01
1.642059087753295898e+00
-5.146734118461608887e-01
-1.018196105957031250e+00
6.076982021331787109e-01
-9.968305230140686035e-01
-3.910614252090454102e-01
-9.062971472740173340e-01
-1.653563261032104492e+00
-4.282072186470031738e-01
7.771767973899841309e-01
3.555829226970672607e-01
-6.582420319318771362e-02
-1.082796573638916016e+00
-6.214427351951599121e-01
1.297859787940979004e+00
-2.725409269332885742e-01
-9.999164938926696777e-01
-2.034943699836730957e-01
8.354821205139160156e-01
3.381230235099792480e-01
-4.866345319896936417e-03
9.019306302070617676e-01
1.049624904990196228e-01
7.014225721359252930e-01
-1.438731193542480469e+00
-1.102209612727165222e-01
-6.065722703933715820e-01
-1.087674856185913086e+00
-1.460017561912536621e+00
1.636529117822647095e-01
-9.758011996746063232e-02
2.593914605677127838e-02
6.475456953048706055e-01
-1.073634773492813110e-01
1.650547236204147339e-01
-9.652122855186462402e-03
7.799217849969863892e-02
-4.096291363239288330e-01
2.995989918708801270e-01
2.023691087961196899e-01
1.567608714103698730e+00
-1.498822450637817383e+00
-5.007982850074768066e-01
-1.382513880729675293e+00
-5.234985947608947754e-01
-5.291046500205993652e-01
1.728264570236206055e+00
1.366290330886840820e+00
5.536888241767883301e-01
2.272470295429229736e-01
-5.127304792404174805e-01
1.298446416854858398e+00
-2.951616048812866211e-02
-2.334564030170440674e-01
-1.031983122229576111e-01
-3.058361411094665527e-01
-2.193728208541870117e+00
-5.634766817092895508e-01
-8.257223963737487793e-01
6.355197429656982422e-01
-2.924149632453918457e-01
-1.492309093475341797e+00
1.194491028785705566e+00
-6.370018124580383301e-01
2.412389516830444336e-01
5.656235218048095703e-01
1.669052243232727051e-01
8.307835459709167480e-02
1.100868105888366699e+00
1.131872534751892090e-01
1.620394349098205566e+00
9.269550442695617676e-01
-2.052423954010009766e+00
1.619136035442352295e-01
-4.272745847702026367e-01
-7.696133852005004883e-01
-3.350123763084411621e-01
-1.439149141311645508e+00
3.093612492084503174e-01
1.011280655860900879e+00
6.688199043273925781e-01
-1.092083334922790527e+00
-5.636897087097167969e-01
-8.139557838439941406e-01
1.727448940277099609e+00
6.652182340621948242e-01
1.699835658073425293e+00
3.613147437572479248e-01
-4.266160130500793457e-01
7.883373498916625977e-01
-3.078052997589111328e-01
-1.334032773971557617e+00
-4.219807088375091553e-01
-7.005543112754821777e-01
-4.549146890640258789e-01
-9.075068831443786621e-01
-4.552706182003021240e-01
1.479292273521423340e+00
-1.467090129852294922e+00
6.451454758644104004e-01
5.196323990821838379e-02
-4.100710153579711914e-01
-8.174749612808227539e-01
-3.948027789592742920e-01
1.822311878204345703e+00
9.132515788078308105e-01
1.852106094360351562e+00
-5.083438754081726074e-01
3.377909064292907715e-01
-3.595881164073944092e-01
-5.611116290092468262e-01
9.655066728591918945e-01
-1.697237968444824219e+00
-6.378137469291687012e-01
-1.847055792808532715e+00
1.116000175476074219e+00
3.366065919399261475e-01
-2.724516868591308594e+00
3.137653172016143799e-01
-3.618767559528350830e-01
-8.646396398544311523e-01
7.759109139442443848e-01
-1.633419752120971680e+00
-2.906073331832885742e-01
5.188577771186828613e-01
-1.529805064201354980e+00
4.347028732299804688e-01
6.849681138992309570e-01
-8.025493025779724121e-01
1.175354346632957458e-01
-3.391507863998413086e-01
-1.306967377662658691e+00
-1.277371764183044434e+00
-4.924973249435424805e-01
-4.957660436630249023e-01
-1.326598644256591797e+00
6.850767135620117188e-01
-1.161226868629455566e+00
-2.084476202726364136e-01
7.958491444587707520e-01
-8.034908175468444824e-01
-1.103644251823425293e+00
-1.348301053047180176e+00
-4.002197086811065674e-02
3.817724287509918213e-01
-8.946802020072937012e-01
-1.064994096755981445e+00
5.782105922698974609e-01
-9.078765511512756348e-01
6.858731806278228760e-02
1.765569806098937988e+00
-3.340830504894256592e-01
1.425900310277938843e-01
3.236508667469024658e-01
-8.799932003021240234e-01
1.643621563911437988e+00
1.034579873085021973e+00
-6.891186237335205078e-01
-5.314289927482604980e-01
-6.036760210990905762e-01
-1.015957236289978027e+00
4.660596698522567749e-02
-1.501783370971679688e+00
9.130997657775878906e-01
9.758475422859191895e-02
1.348608613014221191e+00
7.720212340354919434e-01
-1.412816524505615234e+00
1.092759490013122559e+00
-1.387280464172363281e+00
-4.875768125057220459e-01
2.921867966651916504e-01
1.359472572803497314e-01
8.141102790832519531e-01
2.469193488359451294e-01
3.947481513023376465e-01
-1.299381405115127563e-01
-1.885722130537033081e-01
1.445680856704711914e+00
-1.931257545948028564e-01
-1.131102561950683594e+00
-3.397482037544250488e-01
4.211722910404205322e-01
1.022906526923179626e-01
7.814964056015014648e-01
1.165739297866821289e+00
-1.130329817533493042e-01
-3.618975579738616943e-01
-1.712716579437255859e+00
-1.287797093391418457e-01
-2.374793052673339844e+00
3.996125161647796631e-01
-9.570069313049316406e-01
5.779713988304138184e-01
1.085705012083053589e-01
-1.734806418418884277e+00
-8.825521469116210938e-01
-2.233842760324478149e-01
1.059881567955017090e+00
6.544485688209533691e-02
4.211891889572143555e-01
-1.951149463653564453e+00
-8.470409512519836426e-01
-5.971429347991943359e-01
-1.819336116313934326e-01
-8.760024607181549072e-02
1.996927559375762939e-01
-7.603856325149536133e-01
8.772584795951843262e-01
9.939640015363693237e-02
6.131097078323364258e-01
-5.292531847953796387e-01
6.221163868904113770e-01
3.489905297756195068e-01
-4.250361919403076172e-01
-3.452931046485900879e-01
6.162850856781005859e-01
-1.462448000907897949e+00
-2.139234095811843872e-01
2.742068655788898468e-02
-5.295289158821105957e-01
2.049734443426132202e-01
-3.999743163585662842e-01
-1.743311583995819092e-01
-2.298870325088500977e+00
4.306468665599822998e-01
-1.150542259216308594e+00
-1.119734644889831543e+00
4.584297239780426025e-01
1.309424489736557007e-01
1.354740500450134277e+00
7.097495794296264648e-01
1.569198012351989746e+00
-5.808106660842895508e-01
5.972772464156150818e-02
4.105185270309448242e-01
-6.900883316993713379e-01
-9.742779731750488281e-01
-3.577056527137756348e-01
-1.782957434654235840e+00
2.887651622295379639e-01
-1.355187416076660156e+00
2.176434993743896484e-01
-1.095210433006286621e+00
-1.687557578086853027e+00
-1.601347757969051600e-04
-6.954218149185180664e-01
3.790117800235748291e-01
-1.128352403640747070e+00
-5.192911624908447266e-01
-2.404899299144744873e-01
-1.274013757705688477e+00
-1.379871219396591187e-01
9.771612286567687988e-01
-1.357475161552429199e+00
6.182399988174438477e-01
3.306947350502014160e-01
-1.180116415023803711e+00
9.184398055076599121e-01
1.993050277233123779e-01
-1.753670126199722290e-01
-3.363129794597625732e-01
-5.000270009040832520e-01
2.799960374832153320e-01
-1.344538569450378418e+00
-7.940903306007385254e-01
4.970907866954803467e-01
1.244067192077636719e+00
-5.030507594347000122e-02
-1.149916291236877441e+00
-8.071900159120559692e-02
5.721538662910461426e-01
3.199560344219207764e-01
2.258874177932739258e+00
6.197776198387145996e-01
1.528976082801818848e+00
1.470658332109451294e-01
-4.273498952388763428e-01
-6.963747739791870117e-02
-8.285559713840484619e-02
2.473573982715606689e-01
-8.204021453857421875e-01
-4.445912241935729980e-01
2.332810878753662109e+00
-6.271210312843322754e-01
2.070848345756530762e-01
3.041408658027648926e-01
-9.313235282897949219e-01
1.732617020606994629e+00
-5.625468492507934570e-01
9.974323511123657227e-01
4.766657054424285889e-01
-6.056010723114013672e-01
-1.049095153808593750e+00
1.812877893447875977e+00
-3.754604458808898926e-01
-4.530017971992492676e-01
1.089629232883453369e-01
-4.355535209178924561e-01
7.945532202720642090e-01
-8.459033370018005371e-01
-1.101554155349731445e+00
7.898902893066406250e-01
-8.855065703392028809e-01
-4.106011986732482910e-01
-9.528808593750000000e-01
2.211856544017791748e-01
3.970960080623626709e-01
-5.569158196449279785e-01
2.604279518127441406e+00
-1.502592265605926514e-01
5.627676248550415039e-01
3.515603542327880859e-01
1.425751209259033203e+00
1.168737888336181641e+00
-2.092015445232391357e-01
1.054604053497314453e+00
-1.348441362380981445e+00
2.240144014358520508e-01
-4.275290369987487793e-01
9.545463323593139648e-01
1.955734014511108398e+00
1.467930972576141357e-01
5.562669038772583008e-01
5.868065953254699707e-01
1.312035560607910156e+00
-1.533343791961669922e+00
-5.546330213546752930e-01
-6.596487760543823242e-01
2.540821313858032227e+00
2.133612632751464844e-01
-1.730473995208740234e+00
1.210328459739685059e+00
-8.972148299217224121e-01
1.118846893310546875e+00
4.774841666221618652e-01
3.726008236408233643e-01
6.866931915283203125e-02
-7.735929489135742188e-01
-4.496039450168609619e-01
-1.167861938476562500e+00
1.100262880325317383e+00
-5.464841723442077637e-01
1.805453181266784668e+00
-7.222033739089965820e-01
4.611201584339141846e-01
2.208483457565307617e+00
-9.410942196846008301e-01
2.297106087207794189e-01
1.318003416061401367e+00
-4.876512661576271057e-02
-1.384729862213134766e+00
-1.763390421867370605e+00
6.786121726036071777e-01
2.880046069622039795e-01
-9.185682535171508789e-01
-6.633481979370117188e-01
5.065064430236816406e-01
1.451190710067749023e+00
-2.169660478830337524e-01
1.120268404483795166e-01
5.092617869377136230e-01
1.849145889282226562e+00
1.629057884216308594e+00
3.687103390693664551e-01
-1.282337069511413574e+00
2.745102159678936005e-02
8.784522414207458496e-01
-4.684179127216339111e-01
