-4.629295170307159424e-01
1.777169555425643921e-01
1.281361579895019531e+00
1.091665863990783691e+00
2.493143796920776367e+00
-4.072562158107757568e-01
-8.240681886672973633e-01
1.347878456115722656e+00
7.777357101440429688e-01
-1.234747171401977539e+00
1.263235449790954590e+00
-8.551670610904693604e-02
-9.770877361297607422e-01
-2.943641245365142822e-01
-1.450206059962511063e-02
5.883447527885437012e-01
7.365295886993408203e-01
-1.805112957954406738e+00
4.934497475624084473e-01
1.232405781745910645e+00
3.767246007919311523e-01
5.283127427101135254e-01
-9.662505239248275757e-02
7.049087882041931152e-01
2.402668148279190063e-01
-2.135826826095581055e+00
1.659086793661117554e-01
2.078979730606079102e+00
9.346299767494201660e-01
-5.092491507530212402e-01
8.270833492279052734e-01
-5.997809767723083496e-01
-1.262014210224151611e-01
-1.476058125495910645e+00
2.595167160034179688e-01
-1.225868389010429382e-01
-5.960355997085571289e-01
4.521732330322265625e-01
-1.538148820400238037e-01
-8.936749100685119629e-01
4.462505280971527100e-01
4.873692095279693604e-01
-3.610102236270904541e-01
-1.250422120094299316e+00
-1.595784544944763184e+00
7.604976296424865723e-01
-5.573590397834777832e-01
-1.961847305297851562e+00
-2.157719433307647705e-01
9.822206497192382812e-01
-2.846973575651645660e-02
2.345652692019939423e-02
1.148049384355545044e-01
-1.321319490671157837e-01
8.163048028945922852e-01
-2.090999603271484375e+00
-4.702952802181243896e-01
1.625834554433822632e-01
-1.408377408981323242e+00
-3.760525286197662354e-01
1.017859220504760742e+00
2.973099648952484131e-01
-2.771935462951660156e-01
4.508569836616516113e-01
5.266727805137634277e-01
-2.246248275041580200e-01
6.476438045501708984e-02
-1.825885474681854248e-01
1.450146913528442383e+00
4.080020189285278320e-01
-3.847245573997497559e-01
6.782437115907669067e-02
-4.064122587442398071e-02
-6.117243766784667969e-01
-3.205165565013885498e-01
-4.752520918846130371e-01
1.067538499832153320e+00
1.815504789352416992e+00
-1.526446193456649780e-01
8.298883438110351562e-01
9.864732623100280762e-01
6.874226778745651245e-02
-4.490996897220611572e-01
1.282074451446533203e+00
-6.844621896743774414e-01
-1.395127922296524048e-01
7.896994054317474365e-02
8.095908761024475098e-01
1.538831472396850586e+00
1.438332676887512207e+00
-3.238117992877960205e-01
-6.922468543052673340e-01
-4.578867256641387939e-01
-3.588456809520721436e-01
-2.534281015396118164e-01
-4.570731818675994873e-01
-9.952631592750549316e-01
9.166073799133300781e-02
1.794073730707168579e-01
7.876445055007934570e-01
-2.299365997314453125e+00
2.134488523006439209e-01
4.741978645324707031e-01
2.042977958917617798e-01
2.114723682403564453e+00
-1.260214447975158691e+00
2.511444687843322754e-01
6.553852558135986328e-01
7.853242754936218262e-01
3.586092889308929443e-01
6.540663540363311768e-02
-6.886109709739685059e-03
-5.916468054056167603e-02
5.376655980944633484e-02
-4.882001280784606934e-01
1.052621364593505859e+00
-7.688440084457397461e-01
-2.861580550670623779e-01
-1.266394495964050293e+00
1.693694293498992920e-01
1.285101413726806641e+00
1.356007218360900879e+00
3.852182030677795410e-01
-2.190365046262741089e-01
-6.508880108594894409e-02
-4.479924142360687256e-01
-4.692561030387878418e-01
1.627277284860610962e-01
5.794109702110290527e-01
-1.551080822944641113e+00
-2.531615018844604492e+00
-3.787349760532379150e-01
1.007452234625816345e-01
1.243821859359741211e+00
1.220663070678710938e+00
-6.135284900665283203e-01
-2.285131961107254028e-01
-6.642363667488098145e-01
-1.081962108612060547e+00
-1.556918323040008545e-01
-4.824658632278442383e-01
1.767920888960361481e-02
9.419820308685302734e-01
-7.373301386833190918e-01
1.242756918072700500e-01
-1.786130219697952271e-01
8.291091322898864746e-01
1.647625714540481567e-01
1.483508229255676270e+00
-1.284529805183410645e+00
2.249736547470092773e+00
7.667259573936462402e-01
7.430161237716674805e-01
9.151682853698730469e-01
-2.324577420949935913e-01
3.327446579933166504e-01
-5.650165081024169922e-01
-4.768342673778533936e-01
1.949283033609390259e-01
-4.243038892745971680e-01
-1.043647646903991699e+00
1.194052696228027344e+00
1.274991512298583984e+00
-2.750308990478515625e+00
8.747501969337463379e-01
-2.302982509136199951e-01
5.743368864059448242e-01
1.703851699829101562e+00
1.174271464347839355e+00
4.131423830986022949e-01
-2.695697247982025146e-01
9.264958500862121582e-01
-6.188622117042541504e-01
1.361659049987792969e+00
2.575656473636627197e-01
-1.845162391662597656e+00
9.394069910049438477e-01
-8.341981768608093262e-01
-8.486320376396179199e-01
9.633252769708633423e-02
2.445795238018035889e-01
-4.869976267218589783e-02
7.615346908569335938e-01
7.897493988275527954e-02
-4.237008094787597656e-01
-3.395064473152160645e-01
-2.856616377830505371e-01
-1.167660832405090332e+00
3.825572729110717773e-01
9.220383763313293457e-01
3.483197465538978577e-02
7.256997227668762207e-01
-1.850230097770690918e+00
1.641647219657897949e-01
-9.391095489263534546e-02
1.036615520715713501e-01
-1.538036108016967773e+00
-4.471179842948913574e-01
-5.222750902175903320e-01
-1.005515575408935547e+00
-9.346038699150085449e-01
-1.390783548355102539e+00
9.076938033103942871e-02
-9.884263873100280762e-01
3.924801573157310486e-02
5.299935936927795410e-01
-1.250803023576736450e-01
1.134333685040473938e-01
1.828351140022277832e+00
3.594169318675994873e-01
9.732235670089721680e-01
9.328494071960449219e-01
1.327648520469665527e+00
-8.823945373296737671e-02
-8.377124071121215820e-01
-9.455502778291702271e-02
-8.008028268814086914e-01
-1.960515677928924561e-01
7.531771063804626465e-01
-1.017580986022949219e+00
-1.079730033874511719e+00
8.624098300933837891e-01
5.208573341369628906e-01
-8.556901216506958008e-01
-8.082982301712036133e-01
-6.389430165290832520e-01
-1.889436364173889160e+00
2.351766526699066162e-01
-8.719029426574707031e-01
-2.523683607578277588e-01
-1.182179003953933716e-01
2.244964838027954102e-01
1.724074959754943848e+00
-3.104928433895111084e-01
-1.987020373344421387e-01
5.524420142173767090e-01
-2.106428444385528564e-01
5.249189734458923340e-01
1.067448183894157410e-01
-7.699840664863586426e-01
1.479408860206604004e+00
2.011440277099609375e+00
-1.725872904062271118e-01
2.731446027755737305e-01
-1.538169622421264648e+00
-3.833859860897064209e-01
-8.619212508201599121e-01
-1.089853763580322266e+00
1.350557684898376465e+00
-8.882989883422851562e-01
7.369257807731628418e-01
9.027880430221557617e-01
1.548654079437255859e+00
1.561828106641769409e-01
1.657559990882873535e+00
-9.968998432159423828e-01
-5.535366535186767578e-01
-4.398847520351409912e-01
5.177060514688491821e-02
4.900415241718292236e-01
3.169088661670684814e-01
3.112688288092613220e-02
-4.906438887119293213e-01
-2.829733610153198242e+00
3.121835291385650635e-01
8.136248588562011719e-01
7.166144847869873047e-01
-1.941516280174255371e+00
-1.446916460990905762e+00
1.812914758920669556e-01
-5.348692461848258972e-02
-1.016742229461669922e+00
1.022834658622741699e+00
-6.994944214820861816e-01
1.402286529541015625e+00
2.251996755599975586e+00
1.679492145776748657e-01
7.018061280250549316e-01
-4.841353595256805420e-01
-2.675244808197021484e-01
-1.372524380683898926e+00
1.449418812990188599e-01
-6.995333433151245117e-01
6.787198781967163086e-01
-1.719050407409667969e+00
1.245173513889312744e-01
2.867564558982849121e-01
5.181879997253417969e-01
-5.764046907424926758e-01
1.666782617568969727e+00
1.107138752937316895e+00
-2.761418819427490234e+00
7.567476630210876465e-01
6.637537479400634766e-01
1.429381221532821655e-01
3.248342871665954590e-02
9.052858948707580566e-01
-9.948931932449340820e-01
3.067818284034729004e-01
6.734482049942016602e-01
5.069173574447631836e-01
8.210987597703933716e-02
5.624778270721435547e-01
-1.240841224789619446e-01
5.595300793647766113e-01
-9.733085036277770996e-01
1.126171588897705078e+00
2.764900684356689453e+00
-4.460484385490417480e-01
1.329554617404937744e-01
-1.083560109138488770e+00
3.728706240653991699e-01
1.410776376724243164e+00
-1.072929978370666504e+00
9.635640382766723633e-01
-9.836927056312561035e-01
-1.475621312856674194e-01
-4.145496487617492676e-01
-1.839497923851013184e+00
-1.065160512924194336e+00
9.738637804985046387e-01
-5.285475850105285645e-01
2.136690616607666016e+00
-4.612850546836853027e-01
-7.680822610855102539e-01
1.596198558807373047e+00
2.443191051483154297e+00
6.837932467460632324e-01
-5.105496644973754883e-01
1.086879134178161621e+00
-3.041085302829742432e-01
-7.945880889892578125e-01
-4.076975286006927490e-01
-5.061962008476257324e-01
-5.367879867553710938e-01
1.030786514282226562e+00
-1.081547379493713379e+00
1.053799986839294434e+00
1.571034312248229980e+00
5.511933565139770508e-02
-4.319404959678649902e-01
-8.458214402198791504e-01
-3.719018027186393738e-02
-7.521857619285583496e-01
5.995951220393180847e-02
2.808116674423217773e-01
-4.748934507369995117e-01
7.363317012786865234e-01
-1.665633916854858398e+00
-5.549751520156860352e-01
4.640442132949829102e-01
-6.264742612838745117e-01
1.483073234558105469e+00
7.963433265686035156e-01
-1.457034349441528320e-01
4.859541058540344238e-01
8.218781948089599609e-01
7.463709115982055664e-01
-5.653666853904724121e-01
-1.002263307571411133e+00
-3.928700387477874756e-01
-1.199621438980102539e+00
-5.344629660248756409e-02
-2.794989049434661865e-01
-5.198431015014648438e-01
1.535965800285339355e-01
-7.475558519363403320e-01
-5.226342082023620605e-01
7.202323675155639648e-01
1.542001008987426758e+00
-4.784123301506042480e-01
4.709515571594238281e-01
-1.032685041427612305e+00
-6.291324496269226074e-01
1.024806380271911621e+00
8.715640902519226074e-01
-3.392689228057861328e-01
8.818828463554382324e-01
1.289570569992065430e+00
-4.467587769031524658e-01
-1.266528844833374023e+00
5.045062303543090820e-01
-1.595718860626220703e-01
-3.979034125804901123e-01
-6.005124188959598541e-03
-5.119963884353637695e-01
-1.085931897163391113e+00
5.186907052993774414e-01
-3.934686779975891113e-01
9.043248891830444336e-01
8.506822586059570312e-01
-2.014471888542175293e-01
-1.765248060226440430e+00
-1.468574047088623047e+00
-9.462684392929077148e-02
-5.329575538635253906e-01
1.077586784958839417e-01
-3.467011749744415283e-01
1.195157289505004883e+00
2.056053876876831055e+00
-5.171362161636352539e-01
-1.490335941314697266e+00
-3.004351556301116943e-01
1.236668467521667480e+00
-6.746537089347839355e-01
-1.180609226226806641e+00
-1.019103765487670898e+00
5.580352991819381714e-02
1.084583625197410583e-01
4.406897425651550293e-01
1.744479775428771973e+00
-2.244333267211914062e+00
-2.096944808959960938e+00
6.727035641670227051e-01
-9.428217411041259766e-01
1.594847887754440308e-01
-1.091207638382911682e-01
-5.108868479728698730e-01
6.732500195503234863e-01
1.011867165565490723e+00
5.734950900077819824e-01
-3.626230657100677490e-01
-6.396461725234985352e-01
1.214744225144386292e-01
-1.006044030189514160e+00
-8.965033292770385742e-01
2.164937257766723633e-01
-3.637865781784057617e-01
-1.224556565284729004e+00
1.582712769508361816e+00
3.318471014499664307e-01
1.747139811515808105e+00
2.970703840255737305e-01
6.926856935024261475e-03
2.898194491863250732e-01
-1.123368859291076660e+00
-5.441470146179199219e-01
4.740560054779052734e-02
-8.503023535013198853e-02
-6.279080361127853394e-02
-1.723753809928894043e+00
-9.518648684024810791e-02
-8.507845997810363770e-01
-5.701617002487182617e-01
-6.480644345283508301e-01
5.185256600379943848e-01
2.972070872783660889e-01
6.399671435356140137e-01
-9.651344418525695801e-01
-4.752267897129058838e-01
3.709773421287536621e-01
-1.846469193696975708e-01
6.522197276353836060e-03
-4.833361133933067322e-02
1.086378216743469238e+00
6.372333765029907227e-01
-1.014732003211975098e+00
-2.170341014862060547e+00
1.622366756200790405e-01
1.592394560575485229e-01
8.467040956020355225e-02
-5.840752720832824707e-01
-2.527216374874114990e-01
-7.658931612968444824e-01
1.038985013961791992e+00
-4.842326343059539795e-01
1.588486731052398682e-01
8.735986053943634033e-02
4.736702442169189453e-01
4.931082725524902344e-01
-1.205751448869705200e-01
-3.342110291123390198e-02
8.907873630523681641e-01
-3.365210890769958496e-01
-4.095419347286224365e-01
-2.925887703895568848e-01
-1.464481472969055176e+00
1.972578883171081543e+00
8.289673924446105957e-01
8.116041421890258789e-01
-1.056263566017150879e+00
-2.194733381271362305e+00
-9.803634285926818848e-01
6.838767528533935547e-01
1.160031780600547791e-01
1.506802082061767578e+00
2.179346978664398193e-01
-7.305826991796493530e-02
2.775765657424926758e-01
1.071988940238952637e+00
-1.052983641624450684e+00
-7.380263805389404297e-01
-5.670792460441589355e-01
-1.812619119882583618e-01
-4.781329333782196045e-01
-3.176151812076568604e-01
9.040800929069519043e-01
-9.916426539421081543e-01
8.685745000839233398e-01
1.310789227485656738e+00
8.337824940681457520e-01
4.154579937458038330e-01
1.421872377395629883e+00
7.196456789970397949e-01
-1.297667771577835083e-01
2.172137260437011719e+00
3.044419288635253906e-01
-6.622641682624816895e-01
-3.718243837356567383e-01
-5.703973174095153809e-01
8.261657953262329102e-01
-6.001020073890686035e-01
-4.916498363018035889e-01
-2.444940090179443359e+00
9.252411723136901855e-01
6.478834748268127441e-01
-1.795144319534301758e+00
1.360278606414794922e+00
-1.015569925308227539e+00
-6.300216913223266602e-01
-2.816592156887054443e-02
-1.124172210693359375e+00
1.603071928024291992e+00
7.565448284149169922e-01
-1.612065315246582031e+00
-7.508095502853393555e-01
6.118379235267639160e-01
-1.195682406425476074e+00
3.036760985851287842e-01
2.798129618167877197e-01
2.081362456083297729e-01
-3.116149663925170898e+00
2.974308133125305176e-01
-6.065725684165954590e-01
-2.778606712818145752e-01
-5.916518568992614746e-01
-1.265730500221252441e+00
3.544310927391052246e-01
1.230649471282958984e+00
-3.883587121963500977e-01
5.269431695342063904e-02
-8.282641172409057617e-01
-4.961140453815460205e-01
7.469910979270935059e-01
-3.040701448917388916e-01
-6.181315332651138306e-02
9.306640625000000000e-01
2.038708627223968506e-01
9.965878129005432129e-01
6.433578133583068848e-01
3.038761615753173828e-01
-7.254658341407775879e-01
6.775767803192138672e-01
-7.725974321365356445e-01
1.030096888542175293e+00
3.966814577579498291e-01
-1.176323056221008301e+00
1.757277250289916992e-01
-6.416049003601074219e-01
-5.868377685546875000e-01
-4.314518570899963379e-01
-4.238383769989013672e-01
-5.861658453941345215e-01
3.129151165485382080e-01
3.081625103950500488e-01
2.055856287479400635e-01
-6.546643972396850586e-01
1.368324398994445801e+00
-1.685188889503479004e+00
-6.672811508178710938e-01
-2.852196097373962402e-01
-6.397461295127868652e-01
1.335516333580017090e+00
9.588160514831542969e-01
8.109356164932250977e-01
-2.052372545003890991e-01
4.384915903210639954e-02
1.956068158149719238e+00
7.216888070106506348e-01
2.772656977176666260e-01
9.858790636062622070e-01
7.020525932312011719e-01
-7.789629101753234863e-01
2.578544020652770996e-01
5.714456439018249512e-01
-3.379749655723571777e-01
2.497492358088493347e-02
1.239608883857727051e+00
6.753638386726379395e-01
-2.082796573638916016e+00
-1.082602977752685547e+00
-1.186659336090087891e+00
1.052098155021667480e+00
-1.635962426662445068e-01
-5.298984050750732422e-01
-2.949671745300292969e+00
-3.180688917636871338e-01
-9.753104448318481445e-01
-1.864847421646118164e+00
1.447684526443481445e+00
-1.473020434379577637e+00
-9.848649054765701294e-02
-1.521493792533874512e+00
1.062431260943412781e-01
-1.085425972938537598e+00
-1.863127350807189941e+00
5.232270956039428711e-01
7.569506168365478516e-01
-6.393073201179504395e-01
-9.300395250320434570e-01
3.632131218910217285e-01
-2.113773822784423828e-01
-5.184724330902099609e-01
1.079176366329193115e-01
3.365193605422973633e-01
9.236156940460205078e-02
-2.908437490463256836e+00
-9.727765917778015137e-01
6.334432363510131836e-01
-5.090253949165344238e-01
8.315811753273010254e-01
-5.366097688674926758e-01
2.626999318599700928e-01
-2.500671625137329102e+00
-3.305890858173370361e-01
-7.980175614356994629e-01
1.643487364053726196e-01
5.318609476089477539e-01
7.480129003524780273e-01
7.556213736534118652e-01
2.637706995010375977e-01
2.076890230178833008e+00
-4.830705821514129639e-01
-1.095076799392700195e+00
-1.050352096557617188e+00
1.139032170176506042e-01
9.263035058975219727e-01
-6.453009247779846191e-01
3.263372778892517090e-01
2.245474576950073242e+00
4.275081157684326172e-01
-2.337906062602996826e-01
-2.978716611862182617e+00
-1.295331478118896484e+00
-9.769397974014282227e-01
-1.632401198148727417e-01
8.111855387687683105e-01
-1.058199286460876465e+00
-1.800446659326553345e-01
-4.155171513557434082e-01
-1.027395278215408325e-01
1.440537810325622559e+00
7.234244942665100098e-01
3.159241080284118652e-01
-5.218244791030883789e-01
2.864370048046112061e-01
9.130395948886871338e-02
1.665885448455810547e+00
3.743655681610107422e-01
-5.129282474517822266e-01
-2.171955555677413940e-01
-1.993721872568130493e-01
2.278513759374618530e-01
2.727433741092681885e-01
8.066560029983520508e-01
7.355998456478118896e-02
5.133196711540222168e-01
-2.447726577520370483e-02
9.857674241065979004e-01
5.114241838455200195e-01
2.983032166957855225e-01
-5.370413139462471008e-02
1.522469878196716309e+00
-4.490179121494293213e-01
3.625761345028877258e-02
1.120170727372169495e-01
-8.719741702079772949e-01
-1.029321029782295227e-01
-7.346521317958831787e-02
-1.646938681602478027e+00
-1.010181188583374023e+00
-1.020985126495361328e+00
1.736862301826477051e+00
5.680550932884216309e-01
5.728500485420227051e-01
1.035057187080383301e+00
-1.534968852996826172e+00
-5.461321473121643066e-01
5.327610969543457031e-01
-2.541027963161468506e-01
-2.985746264457702637e-01
-2.704887092113494873e-01
-1.068886518478393555e+00
7.764388322830200195e-01
-1.711938232183456421e-01
5.248291790485382080e-02
9.397087693214416504e-01
-5.507061481475830078e-01
2.744708061218261719e-01
-6.642950177192687988e-01
-9.134462475776672363e-01
1.108658909797668457e+00
6.489790678024291992e-01
4.752649366855621338e-01
6.990002989768981934e-01
-4.373849183320999146e-02
7.462739348411560059e-01
4.477769732475280762e-01
1.883126854896545410e+00
-3.206518888473510742e-01
5.101018548011779785e-01
1.111496388912200928e-01
-1.861235201358795166e-01
5.753365755081176758e-01
6.552132368087768555e-01
4.881429672241210938e-01
-6.062217354774475098e-01
1.077490374445915222e-01
-4.569470882415771484e-01
1.454112231731414795e-01
1.198878049850463867e+00
-7.000109553337097168e-02
-3.472773730754852295e-01
4.691855311393737793e-01
-1.996636241674423218e-01
-1.605452418327331543e+00
-8.836420774459838867e-01
-1.003531813621520996e+00
1.948028087615966797e+00
-4.870392978191375732e-01
-7.983883023262023926e-01
1.219388008117675781e+00
-5.867559313774108887e-01
5.620585083961486816e-01
6.678122878074645996e-01
-8.304031491279602051e-01
5.216733217239379883e-01
-3.167024254798889160e-02
-2.745430171489715576e-01
-8.098096251487731934e-01
5.429907441139221191e-01
1.625296354293823242e+00
7.770884633064270020e-01
-1.198189496994018555e+00
1.960571408271789551e-01
4.252645969390869141e-01
7.074484229087829590e-01
4.399376809597015381e-01
9.134880304336547852e-01
-6.766219139099121094e-01
-6.920331716537475586e-01
-1.809000253677368164e+00
7.835530638694763184e-01
-5.812608003616333008e-01
-8.446074724197387695e-01
-7.397370338439941406e-01
2.477336674928665161e-01
1.221996188163757324e+00
-1.582860708236694336e+00
1.057701632380485535e-01
3.305589854717254639e-01
2.561365962028503418e-01
2.717450261116027832e-01
-1.107380837202072144e-01
-6.936890482902526855e-01
-1.399165391921997070e+00
2.554268836975097656e-01
-6.593876481056213379e-01
