-7.795686274766921997e-02
1.253442764282226562e+00
1.356693744659423828e+00
-8.033858239650726318e-02
4.829879403114318848e-01
-4.817963019013404846e-02
3.371568322181701660e-01
6.725643873214721680e-01
8.071153759956359863e-01
-1.069990158081054688e+00
8.689560294151306152e-01
9.039501845836639404e-02
-2.627138979732990265e-02
-2.822521328926086426e-01
4.485360980033874512e-01
4.561364948749542236e-01
1.301238238811492920e-01
-5.369672775268554688e-01
-7.976812720298767090e-01
6.836720705032348633e-01
-6.737434864044189453e-01
-1.495948582887649536e-01
7.186723947525024414e-01
7.099272012710571289e-01
2.298136651515960693e-01
-1.429149031639099121e+00
-4.025202095508575439e-01
1.503483057022094727e+00
1.174283385276794434e+00
2.762122452259063721e-01
6.105584502220153809e-01
-1.086902737617492676e+00
-9.365973472595214844e-01
3.667066097259521484e-01
5.873731374740600586e-01
-2.524183131754398346e-02
1.561474919319152832e+00
3.185874521732330322e-01
3.785470426082611084e-01
-1.207849755883216858e-01
7.048308849334716797e-01
9.053261578083038330e-02
-4.629570543766021729e-01
1.169882528483867645e-02
-8.309639096260070801e-01
-3.397547304630279541e-01
-4.578605592250823975e-01
-4.175983369350433350e-01
-3.720262944698333740e-01
1.027703762054443359e+00
-6.753479838371276855e-01
-1.576197147369384766e-01
1.013765856623649597e-01
-1.838812381029129028e-01
5.384004116058349609e-01
-1.043263554573059082e+00
9.214591383934020996e-01
6.204100251197814941e-01
3.108751773834228516e-01
-2.324463725090026855e-01
1.631609678268432617e+00
-4.112496376037597656e-01
6.544554829597473145e-01
-7.841264009475708008e-01
-6.919250488281250000e-01
-9.784175157546997070e-01
-7.663687467575073242e-01
8.612091541290283203e-01
8.056014776229858398e-01
-6.743630170822143555e-01
7.301294207572937012e-01
-6.990727186203002930e-01
-1.641577035188674927e-01
-4.418032988905906677e-02
8.369511365890502930e-01
4.433236420154571533e-01
1.816184043884277344e+00
1.759686827659606934e+00
1.345494091510772705e-01
6.916758418083190918e-01
2.750114537775516510e-02
-2.031120955944061279e-01
5.786753296852111816e-01
9.790098071098327637e-01
-1.188270568847656250e+00
-7.976857572793960571e-02
-1.038308814167976379e-01
3.899221718311309814e-01
5.326583385467529297e-01
4.136740565299987793e-01
6.881036162376403809e-01
-5.170639157295227051e-01
1.034020304679870605e+00
-2.975949943065643311e-01
-6.071376204490661621e-01
-1.314472913742065430e+00
6.274971365928649902e-01
4.939712584018707275e-02
5.146403908729553223e-01
7.017262578010559082e-01
-1.424537897109985352e+00
-2.931456267833709717e-01
4.672243297100067139e-01
6.669752597808837891e-01
3.173518180847167969e-01
-1.102684497833251953e+00
-1.338509202003479004e+00
4.744400680065155029e-01
-2.075323909521102905e-01
4.804230630397796631e-01
2.306093126535415649e-01
-7.791936993598937988e-01
-1.287080287933349609e+00
-6.037634015083312988e-01
-4.002360403537750244e-01
8.792992234230041504e-01
-1.266711950302124023e-01
-7.359585762023925781e-01
-4.762764275074005127e-01
1.080513596534729004e+00
7.415568232536315918e-01
1.950613260269165039e+00
6.937985420227050781e-01
2.541300654411315918e-01
7.127700448036193848e-01
-1.138238906860351562e+00
7.717935442924499512e-01
8.238053917884826660e-01
-2.824161052703857422e-01
-6.235851645469665527e-01
5.323360115289688110e-02
-4.637667238712310791e-01
1.898872405290603638e-01
3.955693244934082031e-01
5.961385369300842285e-01
-1.375764131546020508e+00
7.392898201942443848e-01
-2.052974700927734375e-01
6.814700961112976074e-01
-1.512182235717773438e+00
-1.490376353263854980e+00
-3.411071002483367920e-01
2.315446734428405762e-01
-4.340595901012420654e-01
-8.122664093971252441e-01
1.225779771804809570e+00
1.181960925459861755e-01
-1.969157755374908447e-01
1.575165629386901855e+00
4.063323512673377991e-02
5.865252017974853516e-01
4.814684689044952393e-01
1.198489546775817871e+00
9.238663315773010254e-01
-1.166806459426879883e+00
-6.815528869628906250e-01
2.756460942327976227e-02
-1.019604206085205078e+00
2.877600789070129395e-01
-1.045303344726562500e-01
-5.047523379325866699e-01
4.523402452468872070e-01
1.290849447250366211e+00
-1.460619688034057617e+00
7.348794937133789062e-01
8.163807988166809082e-01
-4.607812166213989258e-01
1.645917177200317383e+00
1.353821307420730591e-01
-8.262012004852294922e-01
1.669145748019218445e-02
1.323285579681396484e+00
-3.376789763569831848e-02
-1.611838303506374359e-02
-3.263409435749053955e-02
5.293245315551757812e-01
-2.125566005706787109e-01
-5.566727519035339355e-01
-1.309589624404907227e+00
-1.460782736539840698e-01
2.130331993103027344e-01
-1.186983942985534668e+00
-6.278028488159179688e-01
6.205177307128906250e-01
-3.931141197681427002e-01
-1.380157768726348877e-01
-1.883081078529357910e+00
-3.063378095626831055e+00
-2.453506439924240112e-01
7.862011194229125977e-01
6.857895106077194214e-02
9.796946644783020020e-01
-5.458486080169677734e-02
-1.090061664581298828e+00
-1.856896281242370605e-01
3.324304223060607910e-01
-1.734220236539840698e-02
1.442313194274902344e-02
8.237832039594650269e-02
-1.167421221733093262e+00
-2.305359691381454468e-01
-9.297480583190917969e-01
6.764820218086242676e-02
-1.686620950698852539e+00
9.350289702415466309e-01
-3.135416209697723389e-01
2.663743793964385986e-01
2.800854742527008057e-01
1.529610514640808105e+00
-4.430508315563201904e-01
1.506117582321166992e+00
3.765347301959991455e-01
-1.876676455140113831e-02
2.031031101942062378e-01
-5.635483264923095703e-01
-8.361428380012512207e-01
-1.672402143478393555e+00
5.470836758613586426e-01
7.215747833251953125e-01
-1.170272901654243469e-01
-4.024201631546020508e-01
1.016209602355957031e+00
-1.090107083320617676e+00
-3.004497289657592773e-01
-6.048876643180847168e-01
-1.782781600952148438e+00
-1.614594936370849609e+00
1.082524955272674561e-01
3.304837346076965332e-01
-5.373767614364624023e-01
-7.899307012557983398e-01
-4.317956566810607910e-01
2.276809960603713989e-01
1.905158460140228271e-01
-5.545853972434997559e-01
-5.579959750175476074e-01
2.390580773353576660e-01
-3.208651840686798096e-01
-9.672160744667053223e-01
-9.503132104873657227e-01
3.678564429283142090e-01
2.631411850452423096e-01
-6.229088306427001953e-01
-2.304858416318893433e-01
-1.627790689468383789e+00
-1.573679000139236450e-01
-3.898921906948089600e-01
-6.666836142539978027e-01
-2.251913398504257202e-01
2.648640573024749756e-01
1.824740767478942871e+00
-5.622944235801696777e-02
1.427019834518432617e+00
-2.793377637863159180e-01
8.697240352630615234e-01
4.729960858821868896e-01
-7.484831809997558594e-01
1.298256397247314453e+00
9.235274791717529297e-01
2.951126396656036377e-01
1.654279470443725586e+00
-6.402001380920410156e-01
-1.225259065628051758e+00
-1.992243051528930664e+00
2.187749624252319336e+00
7.530457526445388794e-02
2.841834723949432373e-01
-3.308329582214355469e-01
-4.237209260463714600e-01
-6.713654994964599609e-01
-1.891634315252304077e-01
-8.228415250778198242e-01
1.499489665031433105e+00
5.474482774734497070e-01
1.589355945587158203e+00
1.087095856666564941e+00
9.241949915885925293e-01
8.001660108566284180e-01
-4.935406148433685303e-01
1.943818569183349609e+00
1.351395726203918457e+00
1.717161536216735840e-01
-1.682111382484436035e+00
2.222212255001068115e-01
-4.771298766136169434e-01
-4.756626188755035400e-01
-1.320288628339767456e-01
3.687329292297363281e-01
-1.739665865898132324e-01
1.272925734519958496e+00
2.452737838029861450e-01
-7.166355848312377930e-01
-2.305878698825836182e-01
9.749078750610351562e-01
-1.674976944923400879e-01
-2.706048637628555298e-02
2.830312550067901611e-01
1.525946855545043945e+00
9.223871827125549316e-01
4.650275036692619324e-02
2.141260802745819092e-01
8.040371537208557129e-01
-5.833119750022888184e-01
-2.919923961162567139e-01
-3.244659304618835449e-01
-1.370697498321533203e+00
-4.111665785312652588e-01
-3.779954016208648682e-01
-9.156943559646606445e-01
5.080761909484863281e-01
-1.336782336235046387e+00
2.229281216859817505e-01
7.568276524543762207e-01
-1.052923440933227539e+00
-2.034935802221298218e-01
-1.453504681587219238e+00
-1.116165667772293091e-01
3.122206963598728180e-02
8.105122298002243042e-02
-1.228741332888603210e-01
-4.903967380523681641e-01
-3.567045927047729492e-02
-5.507435202598571777e-01
3.272389471530914307e-01
-1.109188914299011230e+00
1.278968811035156250e+00
2.221842050552368164e+00
7.530993223190307617e-01
-3.422673791646957397e-02
-5.235832929611206055e-01
-6.693624854087829590e-01
-1.550257802009582520e-01
-1.302230209112167358e-01
-9.128779172897338867e-01
-3.406784832477569580e-01
-1.137260049581527710e-01
-9.187299609184265137e-01
-1.353577613830566406e+00
1.643412470817565918e+00
-6.527531743049621582e-01
-2.666304409503936768e-01
-1.965552926063537598e+00
-1.507455229759216309e+00
-1.566408425569534302e-01
-1.005753517150878906e+00
2.417460680007934570e-01
-7.724141478538513184e-01
-4.126791059970855713e-01
-6.438241004943847656e-01
1.484180212020874023e+00
-4.304568767547607422e-01
1.232219301164150238e-02
1.167795062065124512e+00
1.328297019004821777e+00
1.199399381875991821e-01
-2.097617536783218384e-01
-1.911145895719528198e-01
-6.621280312538146973e-01
3.750134110450744629e-01
-5.310661196708679199e-01
-6.282556653022766113e-01
1.032213211059570312e+00
-1.201614066958427429e-01
-1.195741534233093262e+00
-1.466100215911865234e-01
4.159112274646759033e-01
-1.282729506492614746e-01
-7.441232800483703613e-01
1.541669219732284546e-01
5.084482431411743164e-01
-1.007232666015625000e+00
2.677830159664154053e-01
-2.588299810886383057e-01
7.326466590166091919e-02
-2.241356074810028076e-01
7.389219999313354492e-01
-1.252675175666809082e+00
-1.010510995984077454e-01
8.099391460418701172e-01
-1.405631661415100098e+00
-3.268536627292633057e-01
7.636398673057556152e-01
-1.383827179670333862e-01
-2.696563303470611572e-01
3.459622561931610107e-01
4.637398719787597656e-01
1.035633921623229980e+00
-3.499557971954345703e-01
4.913610517978668213e-01
5.323411822319030762e-01
-2.544457316398620605e-01
9.765999317169189453e-01
-1.979653835296630859e+00
-9.591664671897888184e-01
-7.883317023515701294e-02
1.314140558242797852e-01
5.047083497047424316e-01
-3.094544112682342529e-01
1.926922798156738281e-01
2.091461420059204102e+00
-6.207274794578552246e-01
-4.949048459529876709e-01
-3.188319876790046692e-02
-1.348807096481323242e+00
-1.573468565940856934e+00
-5.733413100242614746e-01
-1.412684082984924316e+00
4.171574711799621582e-01
8.753232955932617188e-01
-7.006832957267761230e-01
2.913410961627960205e-01
-1.027214884757995605e+00
-7.124590873718261719e-02
-5.084275007247924805e-01
-1.615076184272766113e+00
-4.190763235092163086e-01
8.671717643737792969e-01
4.764340519905090332e-01
-1.089626550674438477e+00
5.041903853416442871e-01
1.186023235321044922e+00
1.194648668169975281e-01
6.283089518547058105e-02
-8.988329172134399414e-01
-1.170674800872802734e+00
4.264938086271286011e-02
-1.041797280311584473e+00
-5.434599518775939941e-01
3.189783394336700439e-01
1.025797367095947266e+00
1.375966370105743408e-01
7.930606603622436523e-01
-3.434778451919555664e-01
3.350562155246734619e-01
2.200234234333038330e-01
-5.503409504890441895e-01
-9.770972728729248047e-01
-4.802930653095245361e-01
1.371852010488510132e-01
-6.945867836475372314e-02
-1.476945161819458008e+00
5.766967535018920898e-01
-1.322752952575683594e+00
-9.609956294298171997e-03
-9.257500767707824707e-01
9.485427141189575195e-01
1.279526829719543457e+00
1.726287603378295898e-01
5.043256878852844238e-01
-8.747149109840393066e-01
3.914356231689453125e-01
-8.405582308769226074e-01
-8.026813268661499023e-01
-4.449528157711029053e-01
2.270167350769042969e+00
1.955441981554031372e-01
-2.608057484030723572e-02
-3.147569596767425537e-01
3.967574834823608398e-01
3.121361434459686279e-01
-6.923108100891113281e-01
3.752446174621582031e-01
-2.390586137771606445e-01
-3.101453185081481934e-01
2.189817428588867188e+00
5.404158234596252441e-01
-1.633736342191696167e-01
1.091600060462951660e+00
1.021146029233932495e-01
1.888682007789611816e+00
2.418268173933029175e-01
-1.819681406021118164e+00
1.104832887649536133e+00
-9.983000755310058594e-01
9.010627865791320801e-02
4.647326841950416565e-02
-1.314185380935668945e+00
3.906748890876770020e-01
7.018852829933166504e-01
3.766690790653228760e-01
-1.109345078468322754e+00
-8.190021663904190063e-02
1.040826201438903809e+00
1.524045825004577637e+00
4.663943052291870117e-01
1.677329897880554199e+00
1.089792966842651367e+00
-3.615417778491973877e-01
1.111241221427917480e+00
1.175582766532897949e+00
-9.557111859321594238e-01
-7.017197608947753906e-01
-1.676959156990051270e+00
6.296060085296630859e-01
-1.439834594726562500e+00
-5.770129561424255371e-01
4.599506855010986328e-01
-1.216410756111145020e+00
3.887586295604705811e-02
-9.534053504467010498e-03
-6.515308022499084473e-01
-9.199883937835693359e-01
2.682462632656097412e-01
3.343808650970458984e-01
7.944048643112182617e-01
1.764397978782653809e+00
-9.942730069160461426e-01
1.336130350828170776e-01
5.346579849720001221e-02
-5.861030220985412598e-01
2.004069089889526367e+00
-9.280571937561035156e-01
1.348260939121246338e-01
-1.340611815452575684e+00
8.617271184921264648e-01
6.792494654655456543e-02
-1.900799751281738281e+00
9.461929202079772949e-01
-1.302675962448120117e+00
-9.918776750564575195e-01
7.471078038215637207e-01
-8.058055639266967773e-01
4.088534414768218994e-01
1.763558238744735718e-01
-3.246246278285980225e-01
5.940337777137756348e-01
9.482408314943313599e-02
-1.081037521362304688e-02
-4.487006068229675293e-01
-3.864555954933166504e-01
-1.779499411582946777e+00
-1.921198606491088867e+00
-2.721051573753356934e-01
2.226038277149200439e-02
-2.978580296039581299e-01
-2.405039370059967041e-01
-6.210011243820190430e-01
-5.102526545524597168e-01
1.134082198143005371e+00
-9.910884499549865723e-01
4.183074831962585449e-01
-1.365744829177856445e+00
3.871924579143524170e-01
1.132128238677978516e+00
-2.663463354110717773e-01
-2.683203816413879395e-01
2.790060341358184814e-01
1.115606188774108887e+00
-6.122500896453857422e-01
4.861132502555847168e-01
-1.212853342294692993e-01
-8.769531846046447754e-01
1.233996629714965820e+00
2.236304432153701782e-01
1.129523292183876038e-01
1.504442453384399414e+00
6.614511609077453613e-01
-1.233052387833595276e-01
-1.381085067987442017e-01
-9.219821095466613770e-01
-4.102804958820343018e-01
-9.483683705329895020e-01
-9.406019449234008789e-01
-5.997114777565002441e-01
-3.118206560611724854e-01
2.421497404575347900e-01
-6.217485666275024414e-01
6.206862330436706543e-01
-1.817821741104125977e+00
-4.308709874749183655e-02
5.470560193061828613e-01
-7.532905340194702148e-01
4.267344772815704346e-01
-6.843088567256927490e-02
4.469185471534729004e-01
6.434651017189025879e-01
-4.703254997730255127e-01
1.284378290176391602e+00
1.914083361625671387e-01
-7.355901002883911133e-01
3.713403642177581787e-01
-4.857012629508972168e-01
4.060584008693695068e-01
5.469226837158203125e-01
-6.738181114196777344e-01
-1.446205824613571167e-01
2.336865663528442383e-01
-8.566483259201049805e-01
-1.439651399850845337e-01
-1.129294872283935547e+00
1.727249979972839355e+00
-1.383733630180358887e+00
9.542094469070434570e-01
8.293746113777160645e-01
-1.180886268615722656e+00
-2.170787811279296875e+00
-1.315142750740051270e+00
1.098129987716674805e+00
1.014830172061920166e-01
9.940731525421142578e-01
-1.068829059600830078e+00
1.009657904505729675e-01
-1.590252518653869629e+00
-6.901706755161285400e-02
-5.445333123207092285e-01
6.422929763793945312e-01
6.320700049400329590e-01
1.148648738861083984e+00
-3.989928960800170898e-02
4.622112512588500977e-01
1.026965975761413574e+00
1.432999074459075928e-01
1.267456859350204468e-01
-5.848785117268562317e-02
-9.816738963127136230e-02
-1.024080514907836914e+00
-2.310697078704833984e+00
1.474110037088394165e-01
8.229549229145050049e-02
-6.181254386901855469e-01
5.286529660224914551e-01
-6.401668190956115723e-01
6.454885005950927734e-02
-1.527696847915649414e+00
-1.725847572088241577e-01
-1.003815412521362305e+00
-3.632054030895233154e-01
-9.634519219398498535e-01
-5.856753587722778320e-01
1.905193448066711426e+00
7.692279219627380371e-01
1.247326493263244629e+00
-9.611375331878662109e-01
2.934515178203582764e-01
1.513850450515747070e+00
9.832630753517150879e-01
-8.251259922981262207e-01
-5.148406028747558594e-01
-1.079012632369995117e+00
-5.803860425949096680e-01
5.112072229385375977e-01
-7.418053150177001953e-01
-1.629599690437316895e+00
-4.447967708110809326e-01
-1.937008202075958252e-01
-8.699550628662109375e-01
4.345379397273063660e-02
-9.651970863342285156e-01
5.918897986412048340e-01
-4.357717037200927734e-01
3.406042456626892090e-01
-1.094019636511802673e-01
5.330556035041809082e-01
-3.063736259937286377e-01
-6.351870298385620117e-02
1.934221386909484863e+00
-6.904222071170806885e-02
5.291821360588073730e-01
3.485146760940551758e-01
-1.923354268074035645e-01
-5.524038672447204590e-01
7.149113416671752930e-01
-6.538648009300231934e-01
-6.116597056388854980e-01
-1.051234364509582520e+00
4.179357737302780151e-02
1.092473983764648438e+00
-3.173258006572723389e-01
-4.119956493377685547e-01
5.147782564163208008e-01
-4.168623983860015869e-01
5.948269963264465332e-01
1.615019679069519043e+00
-3.443572223186492920e-01
7.677485942840576172e-01
1.277903437614440918e+00
-8.674510121345520020e-01
-9.355291128158569336e-01
-2.625824883580207825e-02
-1.494482159614562988e-01
-9.548258781433105469e-01
1.209841296076774597e-01
1.164779543876647949e+00
3.159570693969726562e-01
-3.681940585374832153e-02
-1.940272003412246704e-01
-3.740328848361968994e-01
2.179797887802124023e+00
3.711648285388946533e-01
7.117961347103118896e-02
1.746476739645004272e-01
-3.733882904052734375e-01
-1.284770846366882324e+00
4.963452219963073730e-01
6.484828591346740723e-01
-2.552475631237030029e-01
3.770729899406433105e-01
-8.716073036193847656e-01
-2.357750833034515381e-01
-2.560340166091918945e-01
-7.809255719184875488e-01
3.442240357398986816e-01
-8.355060219764709473e-01
-5.587956309318542480e-01
-5.068123936653137207e-01
6.419947743415832520e-02
1.815940290689468384e-01
-7.905048131942749023e-01
1.180749177932739258e+00
1.214362382888793945e-01
-2.146892786026000977e+00
-4.693579971790313721e-01
1.384677171707153320e+00
-2.747873067855834961e-01
-5.464434623718261719e-01
3.053702414035797119e-01
-1.457188487052917480e+00
1.583734750747680664e-01
5.063887238502502441e-01
6.463680267333984375e-01
1.831777989864349365e-01
5.354713201522827148e-01
1.121409535408020020e+00
6.655314564704895020e-01
2.872524261474609375e-01
-9.759132266044616699e-01
-5.480495691299438477e-01
-6.076407432556152344e-01
1.550428032875061035e+00
7.569699287414550781e-01
9.191612899303436279e-02
6.284958124160766602e-01
-1.000091791152954102e+00
3.083656430244445801e-01
1.603376716375350952e-01
8.627569079399108887e-01
1.258721828460693359e+00
-1.523816943168640137e+00
-3.269995748996734619e-01
-9.306967854499816895e-01
1.226085782051086426e+00
1.224884986877441406e-01
1.649428725242614746e+00
-4.956375956535339355e-01
1.481109142303466797e+00
6.505721807479858398e-01
-2.070229053497314453e-01
6.639049649238586426e-01
-1.143106073141098022e-01
-1.322770714759826660e+00
-1.856431365013122559e+00
-1.303279757499694824e+00
1.125156402587890625e+00
7.463307976722717285e-01
-5.546825528144836426e-01
-1.639753580093383789e+00
1.534103393554687500e+00
1.987702131271362305e+00
3.489092588424682617e-01
-1.307469792664051056e-02
7.301172614097595215e-01
9.124826192855834961e-01
1.305256247520446777e+00
-9.062369465827941895e-01
2.335602343082427979e-01
6.388705372810363770e-01
2.691821157932281494e-01
-4.614782929420471191e-01
