1.589388847351074219e-01
3.672255873680114746e-01
-8.050925731658935547e-01
-1.010080054402351379e-01
2.520297765731811523e-01
-1.181447625160217285e+00
7.781557440757751465e-01
-5.478496551513671875e-01
2.375749647617340088e-01
7.760986089706420898e-01
5.898572802543640137e-01
1.606264591217041016e+00
-9.805694967508316040e-02
-6.010903120040893555e-01
-3.868982493877410889e-01
-1.943047940731048584e-01
4.497741460800170898e-01
-4.398051202297210693e-01
-2.183049768209457397e-01
8.552891016006469727e-01
-6.181033253669738770e-01
-5.195466279983520508e-01
1.151549935340881348e+00
2.219010591506958008e-01
1.082856729626655579e-01
-8.597660660743713379e-01
-9.265137910842895508e-01
1.056955337524414062e+00
4.079956412315368652e-01
-4.025146961212158203e-01
1.425202608108520508e+00
5.745790600776672363e-01
5.265460610389709473e-01
-1.174481868743896484e+00
6.948564648628234863e-01
-7.796637713909149170e-02
-2.664474595803767443e-04
-5.837847664952278137e-02
3.799071311950683594e-01
-7.044395804405212402e-01
2.387003421783447266e+00
-2.350474447011947632e-01
2.141157686710357666e-01
-4.757227897644042969e-01
-3.780877292156219482e-01
1.136704757809638977e-01
1.315140724182128906e+00
-2.087997436523437500e+00
-5.044317245483398438e-01
1.394813895225524902e+00
4.561817049980163574e-01
8.414452522993087769e-02
-3.857767283916473389e-01
-8.173739165067672729e-02
1.971386373043060303e-01
-9.215746521949768066e-01
1.252369523048400879e+00
-1.338969077914953232e-02
-1.977514773607254028e-01
5.913861393928527832e-01
8.410219550132751465e-01
-1.280408501625061035e+00
4.328439384698867798e-02
1.035977125167846680e+00
-5.023900866508483887e-01
3.022014535963535309e-02
-9.594658017158508301e-01
-6.373349428176879883e-01
1.648485809564590454e-01
7.981082797050476074e-01
-3.889288008213043213e-01
7.022491097450256348e-02
5.424678921699523926e-01
-3.236298263072967529e-01
8.722647428512573242e-01
1.028117537498474121e+00
7.017692327499389648e-01
2.378449141979217529e-01
-1.320080637931823730e+00
9.267876148223876953e-01
7.224363684654235840e-01
-7.099489867687225342e-02
-6.500329971313476562e-01
-8.231524825096130371e-01
6.021814048290252686e-02
-1.097018122673034668e+00
-9.179724007844924927e-02
-4.598030745983123779e-01
2.521926879882812500e+00
-6.939651817083358765e-02
-1.140016794204711914e+00
-2.022923946380615234e+00
-1.239261627197265625e+00
5.483931899070739746e-01
6.277582645416259766e-01
3.060071170330047607e-01
-1.098804950714111328e+00
2.869877219200134277e-01
2.503984607756137848e-03
6.556696891784667969e-01
-1.324231863021850586e+00
-8.351050317287445068e-02
3.861990869045257568e-01
3.315579295158386230e-01
4.523294270038604736e-01
-1.182158946990966797e+00
7.925480604171752930e-01
4.381128549575805664e-01
5.719388648867607117e-02
9.509164690971374512e-01
-3.039476871490478516e-01
-4.536246061325073242e-01
2.133836746215820312e-01
1.035432934761047363e+00
-1.300557732582092285e+00
7.102316021919250488e-01
3.270481899380683899e-02
-6.190357804298400879e-01
-3.909337818622589111e-01
5.285200476646423340e-01
-2.280288040637969971e-01
3.002581000328063965e-01
-1.360560178756713867e+00
-4.388872087001800537e-01
2.676217257976531982e-01
-9.192554950714111328e-01
7.322662472724914551e-01
7.925722599029541016e-01
6.932342052459716797e-02
3.633838519454002380e-02
-1.706984043121337891e+00
1.748256832361221313e-01
-2.120517939329147339e-01
-4.366543292999267578e-01
1.700767636299133301e+00
-1.490086674690246582e+00
3.898369371891021729e-01
9.373018145561218262e-02
1.001981347799301147e-01
-1.117387488484382629e-01
-5.319178700447082520e-01
-6.577358245849609375e-01
9.293224215507507324e-01
1.205175399780273438e+00
7.585021853446960449e-01
-1.233493447303771973e+00
8.732896447181701660e-01
6.442394852638244629e-01
3.637338876724243164e-01
-1.368308901786804199e+00
1.078267812728881836e+00
1.286122947931289673e-01
-6.921950578689575195e-01
-2.326318025588989258e-01
4.331747591495513916e-01
-3.724666237831115723e-01
-1.145704761147499084e-01
-8.496814966201782227e-01
-7.638826966285705566e-01
1.118214651942253113e-01
-1.257903814315795898e+00
3.432819545269012451e-01
1.211713671684265137e+00
-6.866707205772399902e-01
1.696494579315185547e+00
-4.212122261524200439e-01
8.101491928100585938e-01
7.315764427185058594e-01
2.233217358589172363e-01
-1.141422867774963379e+00
-1.274427212774753571e-02
2.372959852218627930e+00
2.406367063522338867e-01
-7.995143532752990723e-02
2.203575521707534790e-01
-1.131857335567474365e-01
5.304895043373107910e-01
2.972207665443420410e-01
-1.820335268974304199e+00
-8.010615706443786621e-01
1.094805121421813965e+00
-5.319739580154418945e-01
1.380612492561340332e+00
-3.990691006183624268e-01
1.715441048145294189e-01
-2.382445931434631348e-01
-4.763716161251068115e-01
-4.516565799713134766e+00
-6.431847810745239258e-01
-3.031594455242156982e-01
1.309471726417541504e+00
1.195423007011413574e+00
-1.413612842559814453e+00
1.653163671493530273e+00
1.812280714511871338e-01
-9.440176934003829956e-02
3.648590743541717529e-01
-7.116101980209350586e-01
6.525292992591857910e-01
2.491552382707595825e-02
-1.931054592132568359e+00
2.125108242034912109e-02
-8.877678215503692627e-02
6.033759117126464844e-01
1.050764992833137512e-01
3.486942648887634277e-01
-1.267667770385742188e+00
-1.194129824638366699e+00
-5.753307342529296875e-01
8.513175882399082184e-03
2.232774257659912109e+00
-5.017499439418315887e-03
-2.478037029504776001e-01
1.098246499896049500e-01
-7.886590957641601562e-01
-1.024972915649414062e+00
8.596091270446777344e-01
-8.541907668113708496e-01
-2.552796006202697754e-01
8.916646242141723633e-01
-3.255676329135894775e-01
-3.330614268779754639e-01
1.051514983177185059e+00
1.037402272224426270e+00
-1.688409000635147095e-01
-6.166327595710754395e-01
-6.431480050086975098e-01
7.013189196586608887e-01
-3.260147273540496826e-01
-5.157924294471740723e-01
8.452513217926025391e-01
2.418329119682312012e-01
6.082669496536254883e-01
-1.482244372367858887e+00
-1.664955735206604004e+00
8.989752084016799927e-02
2.938941717147827148e-01
-4.488487839698791504e-01
1.127014383673667908e-01
4.525529146194458008e-01
1.838173031806945801e+00
5.184868574142456055e-01
6.859746575355529785e-02
-2.971567027270793915e-02
-1.450119853019714355e+00
-9.437642246484756470e-02
-9.567165970802307129e-01
-9.228249192237854004e-01
3.022131621837615967e-01
-4.194371402263641357e-01
6.192031502723693848e-01
4.078234732151031494e-02
1.283225417137145996e+00
-7.841799855232238770e-01
6.287414431571960449e-01
3.134854137897491455e-01
4.955000579357147217e-01
2.606896460056304932e-01
1.397415697574615479e-01
-3.221038579940795898e-01
9.065962433815002441e-01
2.842893600463867188e-01
1.668101400136947632e-01
-1.259537577629089355e+00
4.789643585681915283e-01
2.578157782554626465e-01
6.369048953056335449e-01
1.292623132467269897e-01
-4.585247635841369629e-01
-2.755606360733509064e-02
5.730908513069152832e-01
-1.457724690437316895e+00
5.730412602424621582e-01
9.923651814460754395e-01
-4.862023293972015381e-01
-8.782315999269485474e-02
1.799568653106689453e+00
-2.022643089294433594e-01
-1.175690412521362305e+00
5.058124661445617676e-01
-6.746956706047058105e-01
-3.032915294170379639e-03
-1.000101327896118164e+00
-3.343932628631591797e-01
-1.940832257270812988e+00
-5.731261968612670898e-01
6.211308017373085022e-02
7.309419661760330200e-02
1.736810356378555298e-01
-5.294198393821716309e-01
-7.363783717155456543e-01
-1.380570054054260254e+00
-2.207123488187789917e-01
6.035748124122619629e-01
1.490802407264709473e+00
5.761203169822692871e-01
1.349455475807189941e+00
-2.102118134498596191e-01
2.287026345729827881e-01
-9.661395549774169922e-01
2.191084325313568115e-01
4.799518287181854248e-01
-3.205475509166717529e-01
-8.057014942169189453e-01
-9.405653476715087891e-01
-1.334139704704284668e+00
-9.402759075164794922e-01
3.838051795959472656e+00
4.015503525733947754e-01
-8.026192188262939453e-01
-1.805434674024581909e-01
3.615786731243133545e-01
6.549720466136932373e-02
-1.733774423599243164e+00
-1.518505513668060303e-01
-1.247708678245544434e+00
-1.184901520609855652e-01
-7.295115292072296143e-02
-2.109268903732299805e-01
-1.198055893182754517e-01
-8.780049681663513184e-01
1.816629059612751007e-02
3.150118589401245117e+00
2.952857017517089844e-01
-1.137642383575439453e+00
7.387949228286743164e-01
4.492430984973907471e-01
6.301953792572021484e-01
4.717503115534782410e-02
4.246698617935180664e-01
-1.062791705131530762e+00
-1.281967639923095703e+00
3.960010707378387451e-01
4.768513143062591553e-01
-1.273055195808410645e+00
1.279131889343261719e+00
-1.017825961112976074e+00
7.665096223354339600e-02
9.956188499927520752e-02
-1.624269366264343262e+00
-6.345955133438110352e-01
-5.885484218597412109e-01
-7.113505899906158447e-02
-3.188576698303222656e-01
5.532039403915405273e-01
-5.595896840095520020e-01
8.829939961433410645e-01
1.659847609698772430e-02
1.220267772674560547e+00
-8.113626837730407715e-01
6.188993453979492188e-01
1.700880378484725952e-01
8.045091032981872559e-01
-1.696468591690063477e-01
2.346356362104415894e-01
5.602498054504394531e-01
-8.809771537780761719e-01
7.670759558677673340e-01
1.579089760780334473e-01
5.159125328063964844e-01
-1.177685141563415527e+00
-3.697153627872467041e-01
2.347947835922241211e+00
1.397042721509933472e-01
-1.058265194296836853e-01
-4.734429419040679932e-01
-6.615265607833862305e-01
-7.262087464332580566e-01
-1.230271905660629272e-02
-5.506591796875000000e-01
2.771397531032562256e-01
-2.320177853107452393e-01
-1.051439881324768066e+00
-8.636623620986938477e-01
8.516535758972167969e-01
4.800272732973098755e-02
-5.336076021194458008e-01
1.370079666376113892e-01
9.771715998649597168e-01
5.296988785266876221e-02
-7.449880242347717285e-01
5.771917700767517090e-01
-1.474363058805465698e-01
-1.205654859542846680e+00
1.207690834999084473e+00
3.625604212284088135e-01
2.243332713842391968e-01
-5.535916686058044434e-01
5.712536573410034180e-01
1.086317971348762512e-01
1.142439246177673340e+00
8.839442580938339233e-02
-2.140997648239135742e+00
1.273248553276062012e+00
4.665559530258178711e-01
-1.137179136276245117e+00
9.178237318992614746e-01
5.755781531333923340e-01
-3.542204797267913818e-01
1.950728148221969604e-01
-1.020974278450012207e+00
-3.765611350536346436e-01
-3.437495827674865723e-01
-4.862697124481201172e-01
3.438586890697479248e-01
-8.491237163543701172e-01
-4.380868077278137207e-01
-5.660159587860107422e-01
7.581209540367126465e-01
-3.073460459709167480e-01
8.262252211570739746e-01
-2.019798517227172852e+00
-3.084682226181030273e-01
-3.293467164039611816e-01
-4.291148185729980469e-01
-1.136283576488494873e-01
2.413719415664672852e+00
4.038235843181610107e-01
-7.943630218505859375e-02
-6.267085075378417969e-01
-6.062099337577819824e-01
-9.224771261215209961e-01
-3.969527781009674072e-01
-1.145062923431396484e+00
-5.055935382843017578e-01
-2.179099023342132568e-01
-2.264516428112983704e-02
-1.035568594932556152e+00
-1.173044368624687195e-01
6.315565705299377441e-01
1.248560190200805664e+00
1.240939378738403320e+00
-9.082371592521667480e-01
3.083361685276031494e-01
1.655745387077331543e+00
-1.430582106113433838e-01
4.297152757644653320e-01
7.454378008842468262e-01
3.224065303802490234e-01
-6.219532489776611328e-01
-5.587444901466369629e-01
-8.040542006492614746e-01
3.393310606479644775e-01
4.495307803153991699e-01
-9.597016572952270508e-01
3.940165042877197266e-01
-3.631400465965270996e-01
-5.096130967140197754e-01
-3.772671222686767578e-01
7.180262207984924316e-01
-4.944299459457397461e-01
-1.439736783504486084e-01
-1.695929318666458130e-01
9.306032657623291016e-01
-3.994714617729187012e-01
1.030776858329772949e+00
-1.824087858200073242e+00
-1.155709981918334961e+00
1.065951466560363770e+00
1.440803527832031250e+00
-4.305866956710815430e-01
1.390506420284509659e-02
-2.776474058628082275e-01
-1.542163491249084473e-01
-9.772864580154418945e-01
-7.469095587730407715e-01
-4.032673537731170654e-01
1.377262473106384277e-01
-1.569153368473052979e-02
-3.631779551506042480e-02
-8.561708331108093262e-01
1.139019876718521118e-01
6.422515511512756348e-01
-7.280110716819763184e-01
-4.699047505855560303e-01
4.658964872360229492e-01
-4.137233793735504150e-01
9.655469059944152832e-01
1.280269026756286621e-01
4.439046084880828857e-01
-1.102447271347045898e+00
-1.155182346701622009e-01
-1.903361678123474121e+00
5.760505199432373047e-01
-2.749423086643218994e-01
-4.903983771800994873e-01
5.768228769302368164e-01
1.166290163993835449e+00
2.646864857524633408e-03
-9.971305131912231445e-01
-4.592975378036499023e-01
-3.605317473411560059e-01
1.608195602893829346e-01
-8.219625800848007202e-02
-2.637184381484985352e+00
4.546659886837005615e-01
1.132126688957214355e+00
-8.407425880432128906e-02
5.928131341934204102e-01
7.832107543945312500e-01
7.130650281906127930e-01
-7.028934955596923828e-01
1.847705006599426270e+00
2.119256705045700073e-01
-9.911052137613296509e-02
1.323166251182556152e+00
-1.584231972694396973e+00
4.908524155616760254e-01
-1.492375731468200684e+00
-1.096739530563354492e+00
2.259870171546936035e-01
3.658061921596527100e-01
-1.189870834350585938e+00
-7.560433149337768555e-01
9.985454678535461426e-01
-2.580311894416809082e-01
-1.049949169158935547e+00
3.884669244289398193e-01
4.346027970314025879e-01
2.395743876695632935e-01
1.008214235305786133e+00
-2.221050113439559937e-01
1.429565399885177612e-01
-4.355585873126983643e-01
-2.352159023284912109e+00
-9.650211930274963379e-01
1.527488946914672852e+00
5.621857643127441406e-01
8.652418851852416992e-01
-1.052010178565979004e+00
9.456266760826110840e-01
4.950228929519653320e-01
-4.249441325664520264e-01
4.952806234359741211e-01
2.633348703384399414e-01
-1.594724059104919434e+00
-1.117755293846130371e+00
-6.387866735458374023e-01
1.127405881881713867e+00
-3.227218985557556152e-01
1.283282279968261719e+00
6.045779585838317871e-01
-6.952555477619171143e-02
4.175479412078857422e-01
-6.339246034622192383e-01
-7.671294808387756348e-01
5.690459012985229492e-01
1.008019685745239258e+00
1.530726402997970581e-01
-1.511822700500488281e+00
9.180774688720703125e-01
1.280222833156585693e-01
7.372795604169368744e-03
-7.033850550651550293e-01
3.461002111434936523e-01
-1.190239667892456055e+00
-7.691420316696166992e-01
1.462852239608764648e+00
-5.042823776602745056e-02
-2.365650236606597900e-01
1.753815710544586182e-01
-1.045974612236022949e+00
-1.055035710334777832e+00
6.977792829275131226e-02
1.730825901031494141e-01
-1.213709414005279541e-01
-3.476426601409912109e-01
7.342116236686706543e-01
-3.152848780155181885e-01
-6.210457086563110352e-01
4.218928515911102295e-01
5.677355080842971802e-02
7.078042626380920410e-01
-6.485292911529541016e-01
-1.290801614522933960e-01
-8.483169972896575928e-02
-9.183241128921508789e-01
1.914504170417785645e+00
6.517977118492126465e-01
1.395241469144821167e-01
-1.559486687183380127e-01
4.702218174934387207e-01
-1.319306045770645142e-01
-1.210622429847717285e+00
7.934796065092086792e-02
2.158630847930908203e+00
9.927962422370910645e-01
-5.559563636779785156e-01
1.356719583272933960e-01
-1.754821896553039551e+00
-3.541109859943389893e-01
-1.596202611923217773e+00
9.744628667831420898e-01
-4.430439472198486328e-01
4.651621729135513306e-02
-2.417627096176147461e+00
-3.171321749687194824e-01
-4.670400619506835938e-01
-1.033492565155029297e+00
-2.268303930759429932e-02
-1.159091711044311523e+00
1.242864847183227539e+00
-5.524696111679077148e-01
-2.568354904651641846e-01
-4.126398861408233643e-01
-4.825007319450378418e-01
9.580899775028228760e-02
-4.613308012485504150e-01
2.221235632896423340e-02
6.879456806927919388e-03
3.954889625310897827e-02
-5.651047229766845703e-01
8.023730516433715820e-01
3.173068761825561523e-01
8.006349802017211914e-01
5.487483739852905273e-01
-3.647590875625610352e-01
-1.099267125129699707e+00
5.341439843177795410e-01
8.002810478210449219e-01
7.973506450653076172e-01
-1.246412277221679688e+00
1.180238947272300720e-01
-1.056377664208412170e-01
-7.048816680908203125e-01
-9.957934617996215820e-01
-1.977409124374389648e-01
1.595631837844848633e-01
3.508027195930480957e-01
2.604720294475555420e-01
-1.886414363980293274e-02
1.724364519119262695e+00
2.989279627799987793e-01
1.573079228401184082e+00
-3.188522532582283020e-02
-8.395398259162902832e-01
9.871950745582580566e-01
4.750474914908409119e-02
5.483015775680541992e-01
5.607442259788513184e-01
-1.786444634199142456e-01
1.330882012844085693e-01
-5.966423153877258301e-01
-5.814087390899658203e-01
2.459183484315872192e-01
3.258846998214721680e-01
1.010743856430053711e+00
-6.084175109863281250e-01
7.271001935005187988e-01
2.516570389270782471e-01
4.856379330158233643e-01
1.834199190139770508e+00
-1.220903038978576660e+00
6.500620841979980469e-01
-1.475263118743896484e+00
-1.447782278060913086e+00
1.205791473388671875e+00
1.392180085182189941e+00
4.188003540039062500e-01
-1.522621273994445801e+00
-1.116354823112487793e+00
3.433803915977478027e-01
-3.438714146614074707e-01
6.179822981357574463e-02
-6.316046118736267090e-01
7.128370404243469238e-01
9.359111636877059937e-02
1.333922386169433594e+00
-5.684219002723693848e-01
-9.379676580429077148e-01
-8.915609717369079590e-01
5.209470987319946289e-01
1.796204686164855957e+00
-1.886120587587356567e-01
-1.242566704750061035e+00
-2.490366250276565552e-01
8.106875419616699219e-02
1.422728598117828369e-01
8.253379724919795990e-03
-3.754763007164001465e-01
-1.047497034072875977e+00
-1.620598882436752319e-01
-2.396403402090072632e-01
-1.086598515510559082e+00
1.025600314140319824e+00
-9.520039558410644531e-01
-1.048424482345581055e+00
-1.582980036735534668e+00
4.681526422500610352e-01
-9.778642654418945312e-02
1.063787221908569336e+00
6.362619996070861816e-02
6.393892765045166016e-01
1.782599329948425293e+00
-4.342765510082244873e-01
3.343036472797393799e-01
-7.981667518615722656e-01
-1.156353712081909180e+00
1.465364336967468262e+00
-1.419748306274414062e+00
4.178760945796966553e-01
-2.633231878280639648e-01
-1.044596195220947266e+00
-1.902939230203628540e-01
4.421948492527008057e-01
-4.986641407012939453e-01
-1.212451979517936707e-01
5.774187445640563965e-01
8.573555350303649902e-01
1.258229613304138184e+00
-5.586990714073181152e-01
-9.459093213081359863e-01
1.672761321067810059e+00
5.130365490913391113e-01
4.254181981086730957e-01
2.735202908515930176e-01
-1.327566623687744141e+00
1.675816327333450317e-01
-5.625539422035217285e-01
5.583060383796691895e-01
-5.275721475481987000e-02
-4.878375232219696045e-01
2.550229430198669434e-01
8.219358921051025391e-01
-4.695842266082763672e-01
-9.221444725990295410e-01
-2.121351659297943115e-01
-1.239041805267333984e+00
2.198910236358642578e+00
1.473899919801624492e-05
6.549851894378662109e-01
1.169401645660400391e+00
-1.079574942588806152e+00
2.862390279769897461e-01
5.956487059593200684e-01
-1.605950951576232910e+00
-6.988583207130432129e-01
-1.894965320825576782e-01
-4.386785998940467834e-02
-4.209908545017242432e-01
4.016073942184448242e-01
1.037543937563896179e-01
1.115938067436218262e+00
-7.868764996528625488e-01
1.354748487472534180e+00
1.537271976470947266e+00
9.453829526901245117e-01
8.367567658424377441e-01
-1.961807347834110260e-02
-1.560154080390930176e+00
-4.272454380989074707e-01
-1.788269162178039551e+00
8.690443038940429688e-01
4.339139461517333984e-01
5.807977914810180664e-01
1.040210366249084473e+00
1.448093414306640625e+00
1.577671468257904053e-01
-1.812892436981201172e+00
2.235564216971397400e-02
7.670176029205322266e-01
3.040357828140258789e-01
9.445593357086181641e-01
6.806876659393310547e-01
-2.486280165612697601e-02
-1.942864656448364258e-01
1.138419508934020996e+00
-9.081164002418518066e-01
