2.925242483615875244e-01
9.369309544563293457e-01
-6.456634998321533203e-01
-1.586183607578277588e-01
1.044968008995056152e+00
-7.647396326065063477e-01
4.641202092170715332e-01
4.429168999195098877e-01
2.104418724775314331e-01
1.266495108604431152e+00
-3.296955302357673645e-02
1.787478327751159668e+00
-5.365058407187461853e-02
-6.092700734734535217e-02
-7.482933402061462402e-01
-3.942484259605407715e-01
-1.493585295975208282e-03
-7.641431093215942383e-01
-3.087547123432159424e-01
-3.646069467067718506e-01
-8.037571310997009277e-01
-1.093792557716369629e+00
2.612544968724250793e-02
1.180428452789783478e-02
1.035421621054410934e-02
-2.399074733257293701e-01
-4.906245470046997070e-01
9.596132636070251465e-01
4.744975864887237549e-01
-4.090473651885986328e-01
9.076747298240661621e-01
8.985045552253723145e-01
4.665445685386657715e-01
-1.430155158042907715e+00
6.527135372161865234e-01
9.593968093395233154e-02
-8.365582674741744995e-02
-2.366582921240478754e-04
6.114649772644042969e-01
7.280503511428833008e-01
1.974210023880004883e+00
-1.039341807365417480e+00
-6.109793782234191895e-01
2.431632280349731445e-01
-1.179793715476989746e+00
4.350771382451057434e-02
1.248973846435546875e+00
-1.122444748878479004e+00
-5.658643841743469238e-01
1.440608501434326172e+00
7.543202638626098633e-01
1.510245949029922485e-01
-3.784721493721008301e-01
2.608751952648162842e-01
-3.570617437362670898e-01
-1.114744305610656738e+00
6.715993881225585938e-01
3.852966427803039551e-01
-1.230821087956428528e-01
8.643574714660644531e-01
2.186527729034423828e+00
-8.596517443656921387e-01
2.361989915370941162e-01
9.219606518745422363e-01
-1.069057941436767578e+00
3.245885074138641357e-01
-6.114434450864791870e-02
8.967002481222152710e-02
-5.085872411727905273e-01
6.497724056243896484e-01
-7.363901734352111816e-01
-3.208729624748229980e-01
5.267418622970581055e-01
-1.570744216442108154e-01
1.645829796791076660e+00
7.384520769119262695e-01
-2.310940809547901154e-02
-4.882902801036834717e-01
-1.302313327789306641e+00
1.285493671894073486e-01
4.051789045333862305e-01
-5.895395278930664062e-01
3.172526061534881592e-01
-2.041272073984146118e-01
1.557255685329437256e-01
-5.702603459358215332e-01
-1.636529564857482910e-01
-1.646250486373901367e-01
1.950610756874084473e+00
-8.934631943702697754e-01
-2.370879203081130981e-01
-2.041191101074218750e+00
-8.209319114685058594e-01
-2.294035553932189941e-01
5.139794945716857910e-01
2.623476088047027588e-01
-1.131231486797332764e-01
3.470511436462402344e-01
-3.358441889286041260e-01
4.216409102082252502e-02
-1.246178269386291504e+00
1.423082649707794189e-01
1.144044160842895508e+00
-3.030561506748199463e-01
8.028743267059326172e-01
-1.195729494094848633e+00
1.053370594978332520e+00
1.034367442131042480e+00
2.649946212768554688e-01
3.664918541908264160e-01
-2.162856459617614746e-01
-5.431546270847320557e-02
4.911997616291046143e-01
-3.628809452056884766e-01
-1.124055385589599609e+00
2.634434103965759277e-01
5.739604234695434570e-01
-8.870698511600494385e-02
-1.952976733446121216e-01
9.097809195518493652e-01
-3.818362653255462646e-01
8.509500026702880859e-01
-1.531714200973510742e+00
2.555383443832397461e-01
-4.003567099571228027e-01
-1.215090751647949219e+00
6.582784652709960938e-01
7.219876050949096680e-01
4.237421154975891113e-01
7.386820316314697266e-01
-1.280110239982604980e+00
8.239060640335083008e-02
-6.941524147987365723e-01
-3.869572654366493225e-02
2.356500387191772461e+00
-1.285578489303588867e+00
4.854699224233627319e-02
1.150958538055419922e+00
1.492988467216491699e-01
1.079753879457712173e-02
-2.043452709913253784e-01
5.798039436340332031e-01
7.743246555328369141e-01
1.259074330329895020e+00
2.374115586280822754e-01
-8.584339022636413574e-01
1.277224421501159668e-01
1.868509650230407715e+00
4.682274460792541504e-01
-1.208414435386657715e+00
4.410519599914550781e-01
-3.476088643074035645e-01
-5.352315902709960938e-01
-7.144635170698165894e-02
-6.425453424453735352e-01
-3.424036204814910889e-01
1.081616044044494629e+00
-7.484465241432189941e-01
-5.627837181091308594e-01
6.978669762611389160e-02
-1.320552349090576172e+00
5.615748763084411621e-01
7.460657954216003418e-01
-8.114941120147705078e-01
8.226103186607360840e-01
-8.733692169189453125e-01
7.463474869728088379e-01
7.110797762870788574e-01
3.147137463092803955e-01
-1.575589299201965332e+00
1.063928306102752686e-01
1.933205962181091309e+00
-5.434684082865715027e-02
-8.555893301963806152e-01
7.409553974866867065e-02
-5.305084586143493652e-01
-5.592571496963500977e-01
-1.697472669184207916e-02
1.217306256294250488e-01
-6.620430350303649902e-01
8.482700586318969727e-01
-3.784565627574920654e-01
9.712603092193603516e-01
-2.453758716583251953e-01
-1.399887204170227051e-01
-2.762544155120849609e-01
-3.009842634201049805e-01
-4.685673236846923828e+00
-8.093221485614776611e-02
-4.034094214439392090e-01
1.484546542167663574e+00
-1.950132399797439575e-01
-7.023265957832336426e-01
1.280877470970153809e+00
6.365675330162048340e-01
-7.628621459007263184e-01
1.304649263620376587e-01
-2.512911260128021240e-01
2.577033452689647675e-02
3.706508278846740723e-01
-1.981271386146545410e+00
-7.146216630935668945e-01
9.547443985939025879e-01
-4.256847500801086426e-01
-2.524560987949371338e-01
3.623263537883758545e-01
-6.132413148880004883e-01
-7.518997788429260254e-01
-1.896221004426479340e-02
2.485737949609756470e-01
1.900867104530334473e+00
-5.224804282188415527e-01
-3.228437602519989014e-01
6.719485670328140259e-02
-4.505188763141632080e-01
-4.533139169216156006e-01
5.485171675682067871e-01
-1.363810431212186813e-02
4.937033355236053467e-01
5.445293188095092773e-01
1.804808825254440308e-01
4.124110639095306396e-01
9.105315804481506348e-01
6.414451003074645996e-01
2.666964940726757050e-02
-9.682303071022033691e-01
-7.588630318641662598e-01
2.322321236133575439e-01
-8.547559380531311035e-02
-4.127220213413238525e-01
3.677997589111328125e-01
-5.075258016586303711e-01
1.184203028678894043e+00
-1.425260305404663086e+00
-1.336263298988342285e+00
9.517209529876708984e-01
1.995482444763183594e-01
2.488348037004470825e-01
1.785236746072769165e-01
6.592288017272949219e-01
1.999238133430480957e+00
4.213896989822387695e-01
-1.269075870513916016e-01
9.279841780662536621e-01
-4.305509924888610840e-01
-2.439607381820678711e-01
8.929355069994926453e-03
1.406331956386566162e-01
-5.987106561660766602e-01
-1.960461288690567017e-01
3.539770841598510742e-01
-4.242046475410461426e-01
4.301154613494873047e-01
-7.990249395370483398e-01
-3.542037606239318848e-01
-6.947895139455795288e-02
1.273175358772277832e+00
-2.689567208290100098e-01
-6.145082879811525345e-03
2.588368654251098633e-01
9.675945639610290527e-01
3.464263975620269775e-01
2.865485548973083496e-01
-1.128788113594055176e+00
-6.617315411567687988e-01
8.946353793144226074e-01
2.502783536911010742e-01
6.048443317413330078e-01
-4.510156437754631042e-02
3.346530199050903320e-01
-6.361359357833862305e-02
-8.031029701232910156e-01
-1.172320568002760410e-03
4.906883239746093750e-01
-4.429437220096588135e-01
-1.252425193786621094e+00
9.524331092834472656e-01
-3.726488649845123291e-01
-7.748099565505981445e-01
5.657062530517578125e-01
1.098339557647705078e-01
-1.338594406843185425e-01
-9.010668396949768066e-01
-1.197507157921791077e-01
-1.637989640235900879e+00
-3.003935515880584717e-01
8.239133358001708984e-01
4.591833651065826416e-01
-5.425668135285377502e-02
-1.083658933639526367e+00
-8.486152291297912598e-01
-1.009086728096008301e+00
-7.490099668502807617e-01
1.726836860179901123e-01
3.308186233043670654e-01
2.289019525051116943e-01
1.633884906768798828e+00
-1.830489486455917358e-01
-3.082571625709533691e-01
-9.890937805175781250e-01
-5.333961248397827148e-01
1.685909271240234375e+00
-2.501508593559265137e-01
-8.051636815071105957e-01
-1.274155735969543457e+00
1.450032740831375122e-01
-9.975343346595764160e-01
3.298377275466918945e+00
7.605669498443603516e-01
-9.022876620292663574e-01
5.635288357734680176e-01
1.133968606591224670e-01
-6.788042932748794556e-02
-1.346339106559753418e+00
2.394858747720718384e-01
-7.296823859214782715e-01
-1.032472178339958191e-01
-4.166227579116821289e-01
-4.259344339370727539e-01
8.692871928215026855e-01
-6.285122632980346680e-01
-2.436516880989074707e-01
1.958853840827941895e+00
3.515747189521789551e-02
-8.260558247566223145e-01
7.349717020988464355e-01
-1.328922957181930542e-01
3.633523881435394287e-01
-9.707789123058319092e-02
9.777715206146240234e-01
-1.515634655952453613e+00
-1.502771615982055664e+00
2.370482921600341797e+00
9.348888993263244629e-01
-1.334771513938903809e+00
7.342495918273925781e-01
-1.014625668525695801e+00
3.118345439434051514e-01
6.331250667572021484e-01
-1.010553717613220215e+00
-2.375601977109909058e-01
-3.354273140430450439e-01
-1.625370740890502930e+00
-2.395132929086685181e-01
2.468649595975875854e-01
-6.324067711830139160e-01
-1.574583500623703003e-01
7.620670795440673828e-01
9.876509904861450195e-01
-5.784370899200439453e-01
2.417200058698654175e-01
5.552285313606262207e-01
7.866126298904418945e-01
-1.249291151762008667e-01
-1.358722448348999023e-01
4.251632466912269592e-02
-2.768064737319946289e-01
-2.730691730976104736e-01
-1.769812218844890594e-02
2.010740339756011963e-02
-6.403335332870483398e-01
-3.159067332744598389e-01
2.346750974655151367e+00
-2.310344576835632324e-01
3.926978707313537598e-01
-3.255773186683654785e-01
-4.626868367195129395e-01
-7.357888817787170410e-01
6.021314486861228943e-02
-1.770098656415939331e-01
3.950995802879333496e-01
-3.630041703581809998e-02
-2.028250992298126221e-01
3.293147385120391846e-01
7.338253855705261230e-01
-8.396782875061035156e-01
-1.233807921409606934e+00
7.127755880355834961e-02
6.072030067443847656e-01
-7.383196055889129639e-02
-2.914352416992187500e-01
1.925945729017257690e-01
-1.357875317335128784e-01
-1.329580783843994141e+00
9.676086902618408203e-01
9.400546550750732422e-01
1.435882002115249634e-01
-3.619067966938018799e-01
1.483216524124145508e+00
-3.940830007195472717e-02
5.103617310523986816e-01
-2.563566267490386963e-01
-1.581598997116088867e+00
7.314965724945068359e-01
4.262493848800659180e-01
-8.598060607910156250e-01
1.794331073760986328e+00
2.310093343257904053e-01
4.551573693752288818e-01
-3.904744684696197510e-01
-1.469884991645812988e+00
-1.062850475311279297e+00
-9.911768138408660889e-02
-9.264048188924789429e-02
9.343101978302001953e-01
-4.194790422916412354e-01
-1.324218660593032837e-01
-9.586958587169647217e-02
4.092068970203399658e-01
4.977581277489662170e-02
2.051433473825454712e-01
-6.751623153686523438e-01
-1.334736645221710205e-01
-1.208189606666564941e+00
-5.908540487289428711e-01
-2.784345149993896484e-01
1.122778654098510742e+00
2.209270745515823364e-01
-1.564913839101791382e-01
-1.073673844337463379e+00
-6.856250762939453125e-01
-9.234373569488525391e-01
-3.002488613128662109e-01
-5.767369866371154785e-01
-4.284802675247192383e-01
-1.115088164806365967e-01
-1.381708979606628418e-01
-2.487230747938156128e-01
-1.147251367568969727e+00
1.784250885248184204e-01
1.241763830184936523e+00
1.405600309371948242e-01
-9.184995293617248535e-01
6.437078118324279785e-02
1.049141883850097656e+00
-4.346774518489837646e-01
1.371766775846481323e-01
8.126584887504577637e-01
-5.030929446220397949e-01
-9.947493672370910645e-01
3.435156643390655518e-01
-3.076830208301544189e-01
-1.242531090974807739e-01
-6.465690135955810547e-01
-6.108476519584655762e-01
1.361613124608993530e-01
-5.891780182719230652e-02
-2.382405698299407959e-01
-1.856526136398315430e-01
6.094400286674499512e-01
-3.584530651569366455e-01
-2.284546196460723877e-01
2.668023109436035156e-02
1.053287982940673828e+00
-1.027539372444152832e+00
7.742223739624023438e-01
-1.593023896217346191e+00
-7.522838115692138672e-01
7.174925804138183594e-01
1.127969503402709961e+00
-2.859644591808319092e-01
5.029944777488708496e-01
-3.297814428806304932e-01
1.594015955924987793e-01
-1.771289348602294922e+00
-9.350661039352416992e-01
-1.877470910549163818e-01
-4.088937342166900635e-01
-2.744682729244232178e-01
-3.275025784969329834e-01
-5.725814700126647949e-01
1.819307683035731316e-03
8.749028444290161133e-01
-1.796515345573425293e+00
-1.699648797512054443e-01
-3.229141235351562500e-01
4.722895473241806030e-02
-4.131661728024482727e-02
-4.878846108913421631e-01
4.188263416290283203e-01
-8.963870406150817871e-01
2.143347263336181641e-01
-2.288587808609008789e+00
2.298935353755950928e-01
-7.626185417175292969e-01
-7.601910829544067383e-01
1.301381707191467285e+00
7.108622789382934570e-01
-6.815322041511535645e-01
-8.462311625480651855e-01
-1.063735604286193848e+00
1.264200359582901001e-01
-1.341464519500732422e-01
2.885350584983825684e-01
-1.555985808372497559e+00
3.005265891551971436e-01
7.126846909523010254e-01
-3.479651212692260742e-01
3.015328347682952881e-01
6.661729216575622559e-01
7.966262698173522949e-01
-1.633154302835464478e-01
1.130052804946899414e+00
-3.820549249649047852e-01
-1.042185798287391663e-01
9.908553361892700195e-01
-1.435481429100036621e+00
-1.617816835641860962e-01
-3.711456656455993652e-01
-4.752736091613769531e-01
4.794495403766632080e-01
3.625501394271850586e-01
-6.759765148162841797e-01
2.988330423831939697e-01
1.094722509384155273e+00
-1.549843549728393555e-01
-2.646122276782989502e-01
1.270735412836074829e-01
3.953167498111724854e-01
8.014749884605407715e-01
1.236582636833190918e+00
6.462623365223407745e-03
-6.123898029327392578e-01
-1.299349188804626465e+00
-6.572976112365722656e-01
-1.639840483665466309e+00
1.023682355880737305e+00
6.193042397499084473e-01
8.595703840255737305e-01
-6.108710765838623047e-01
7.029170393943786621e-01
4.548469558358192444e-02
-6.006159186363220215e-01
3.259099423885345459e-01
-1.179748494178056717e-02
-2.908714532852172852e+00
-7.103247642517089844e-01
-2.792269736528396606e-02
1.751402020454406738e+00
4.240229725837707520e-01
8.354861736297607422e-01
4.888418912887573242e-01
4.571194350719451904e-01
1.589985489845275879e+00
-1.379702568054199219e+00
-4.931843280792236328e-01
5.728013515472412109e-01
1.715771317481994629e+00
1.241870149970054626e-01
-1.470623970031738281e+00
1.274384737014770508e+00
7.989887595176696777e-01
-3.034968376159667969e-01
-1.785469800233840942e-01
-2.068598754703998566e-02
-1.340676069259643555e+00
-7.101274728775024414e-01
8.737809062004089355e-01
-3.149833977222442627e-01
-1.416820734739303589e-01
3.376598656177520752e-01
-1.204837441444396973e+00
-7.301604747772216797e-01
5.935513973236083984e-01
-5.300266146659851074e-01
-5.249696783721446991e-03
-3.864883780479431152e-01
1.162620857357978821e-01
6.654884219169616699e-01
-1.157214045524597168e+00
3.941975831985473633e-01
-6.931009888648986816e-02
-5.300969481468200684e-01
-4.928252100944519043e-01
-1.122498393058776855e+00
7.612485885620117188e-01
-3.490718007087707520e-01
2.052276611328125000e+00
7.709076404571533203e-01
-7.922680974006652832e-01
-4.644613564014434814e-01
8.810175061225891113e-01
-9.345000237226486206e-02
-2.093341946601867676e-01
9.108376502990722656e-01
2.614843606948852539e+00
4.098982810974121094e-01
-4.678077995777130127e-02
1.334192752838134766e-01
-1.843960285186767578e+00
-3.404341340065002441e-01
-8.651453256607055664e-01
3.135626912117004395e-01
4.769744873046875000e-01
-2.226523309946060181e-01
-1.848123550415039062e+00
1.501675695180892944e-01
-8.785680532455444336e-01
-1.028939485549926758e+00
5.054778456687927246e-01
-8.133016824722290039e-01
2.486148327589035034e-01
1.956890150904655457e-02
-8.896438032388687134e-02
-4.939474165439605713e-02
3.619931638240814209e-01
-3.638460636138916016e-01
-1.101745128631591797e+00
-6.319376826286315918e-01
-1.944283694028854370e-01
-1.323009878396987915e-01
-8.258761763572692871e-01
-3.292501270771026611e-01
1.062692999839782715e+00
2.690502405166625977e-01
-3.880908489227294922e-01
4.026901349425315857e-02
1.044219806790351868e-01
-2.650516033172607422e-01
2.504287362098693848e-01
1.389655113220214844e+00
-9.925153255462646484e-01
-1.748575568199157715e-01
-4.566111564636230469e-01
-1.473530054092407227e+00
-1.359247803688049316e+00
1.001983165740966797e+00
3.446967005729675293e-01
-6.002137660980224609e-01
5.977260470390319824e-01
-5.503119230270385742e-01
1.201534628868103027e+00
2.114071249961853027e-01
1.730466127395629883e+00
1.125342130661010742e+00
-7.189691811800003052e-02
9.718999266624450684e-01
2.634412944316864014e-01
3.868795633316040039e-01
1.897789537906646729e-01
1.178137864917516708e-02
1.299368292093276978e-01
-3.149845004081726074e-01
-4.099766910076141357e-01
4.288935065269470215e-01
1.760548800230026245e-01
5.800463557243347168e-01
-2.949791550636291504e-01
2.732253968715667725e-01
6.059681773185729980e-01
6.650556325912475586e-01
1.699365496635437012e+00
-1.644529581069946289e+00
8.998361825942993164e-01
-7.803658843040466309e-01
-1.227477073669433594e+00
1.106855750083923340e+00
1.353604078292846680e+00
2.821223735809326172e-01
-9.467113018035888672e-01
-9.152014851570129395e-01
5.710492730140686035e-01
-2.250411361455917358e-02
-5.000445842742919922e-01
3.343828022480010986e-01
2.367799431085586548e-01
1.115788966417312622e-01
1.041480422019958496e+00
-6.566143631935119629e-01
7.615441679954528809e-01
-1.545662879943847656e+00
-2.596206367015838623e-01
6.816004216670989990e-02
-2.181395292282104492e-01
-7.559632658958435059e-01
-6.689871847629547119e-02
-5.819624066352844238e-01
1.977353394031524658e-01
2.697137370705604553e-02
1.934578418731689453e-01
-1.134590506553649902e+00
-2.403562366962432861e-01
2.591437995433807373e-01
-1.836916208267211914e+00
3.475168645381927490e-01
-1.516736149787902832e+00
-6.233898997306823730e-01
-8.465694189071655273e-01
1.347925513982772827e-01
4.027472138404846191e-01
1.006334543228149414e+00
-4.383190274238586426e-01
3.194443285465240479e-01
9.290266036987304688e-01
-6.171745061874389648e-01
9.558992385864257812e-01
-1.416096687316894531e+00
-1.082419991493225098e+00
6.763309836387634277e-01
-7.225692868232727051e-01
1.579832583665847778e-01
-7.094590663909912109e-01
-2.051112800836563110e-01
3.560547530651092529e-01
3.082025349140167236e-01
-8.763794600963592529e-02
1.634002178907394409e-01
7.732339501380920410e-01
8.268007040023803711e-01
8.168203234672546387e-01
6.004637107253074646e-02
-5.341029763221740723e-01
2.111383676528930664e+00
-4.359909594058990479e-01
5.427988767623901367e-01
5.143587589263916016e-01
-1.093616366386413574e+00
-4.355739653110504150e-01
2.734441459178924561e-01
7.395207881927490234e-01
-2.407630532979965210e-01
-7.432652711868286133e-01
-5.151566267013549805e-01
1.698886513710021973e+00
2.574056386947631836e-01
-7.631226181983947754e-01
5.492088198661804199e-01
-3.498237431049346924e-01
1.607914566993713379e+00
-3.739505708217620850e-01
1.420670747756958008e+00
1.324588656425476074e+00
-1.494097352027893066e+00
-7.711426354944705963e-03
2.101653963327407837e-01
-5.639652013778686523e-01
-8.338803052902221680e-01
-1.578912377357482910e+00
-3.938318490982055664e-01
-5.276311635971069336e-01
1.250789463520050049e-01
2.735361754894256592e-01
8.306503295898437500e-01
-1.198985219001770020e+00
1.038210272789001465e+00
7.355711460113525391e-01
-1.552996933460235596e-01
3.091752529144287109e-01
-1.672402322292327881e-01
-8.314958810806274414e-01
-1.551830917596817017e-01
-1.170163750648498535e+00
3.847718536853790283e-01
2.995887100696563721e-01
2.678488492965698242e-01
1.466070562601089478e-01
1.379504084587097168e+00
2.623288333415985107e-01
4.349018633365631104e-02
-4.898749664425849915e-02
2.378370910882949829e-01
-4.150207638740539551e-01
1.878625601530075073e-01
4.522748291492462158e-01
3.459358215332031250e-01
5.816370248794555664e-01
7.592179179191589355e-01
-1.272779345512390137e+00
