-8.648241311311721802e-02
4.010700583457946777e-01
1.436962962150573730e+00
-1.541106849908828735e-01
-1.464584320783615112e-01
-1.013506054878234863e+00
1.634916782379150391e+00
7.659003138542175293e-01
-9.767252206802368164e-01
4.481563270092010498e-01
1.280998885631561279e-01
9.205812215805053711e-01
-9.662505388259887695e-01
-1.382974535226821899e-01
-1.466782987117767334e-01
-3.798194229602813721e-01
6.391753554344177246e-01
-1.262489110231399536e-01
-4.435299336910247803e-01
1.185386657714843750e+00
-1.057443737983703613e+00
-1.060389161109924316e+00
2.017906904220581055e+00
5.661062598228454590e-01
-5.796537995338439941e-01
-9.779502749443054199e-01
-1.756260275840759277e+00
2.388286352157592773e+00
6.128166317939758301e-01
2.143041640520095825e-01
1.238880276679992676e+00
6.096686124801635742e-01
-9.854464977979660034e-02
-2.129188030958175659e-01
9.893708825111389160e-01
2.044067978858947754e-01
-1.581083834171295166e-01
-3.713984191417694092e-01
3.856330513954162598e-01
-8.676421642303466797e-01
2.741009950637817383e+00
-4.222384691238403320e-01
2.464479506015777588e-01
-1.322194784879684448e-01
-1.249631524085998535e+00
-5.892038345336914062e-01
1.207824468612670898e+00
-2.055563449859619141e+00
-6.648311018943786621e-01
5.884109735488891602e-01
4.528875946998596191e-01
-5.392098426818847656e-01
1.789620369672775269e-01
-4.578332602977752686e-01
-8.786012977361679077e-02
1.078733354806900024e-01
1.844398975372314453e-01
-1.678804308176040649e-01
-1.149110317230224609e+00
1.705171823501586914e+00
-2.068370133638381958e-01
-1.086652398109436035e+00
9.109717607498168945e-01
1.173815131187438965e+00
-1.262510538101196289e+00
-5.111250281333923340e-01
2.053109183907508850e-02
-5.100592374801635742e-01
1.242721557617187500e+00
5.179816484451293945e-01
4.581481814384460449e-01
2.635184824466705322e-01
1.716110944747924805e+00
-1.019953861832618713e-01
1.973443627357482910e+00
1.745882153511047363e+00
1.407839179039001465e+00
3.314292132854461670e-01
-5.818880200386047363e-01
5.317499637603759766e-01
5.838000178337097168e-01
-2.482405602931976318e-01
-5.620942711830139160e-01
-2.866400182247161865e-01
-3.358066976070404053e-01
-5.600052475929260254e-01
1.115108653903007507e-01
-6.968376636505126953e-01
1.032147288322448730e+00
1.917289942502975464e-01
-1.163245439529418945e+00
-2.141117811203002930e+00
-3.891300857067108154e-01
4.297151267528533936e-01
3.537468612194061279e-01
-5.148024559020996094e-01
-3.583113849163055420e-02
2.819065749645233154e-01
-8.438196182250976562e-01
1.125809192657470703e+00
-4.982148408889770508e-01
2.617901563644409180e-01
2.079820781946182251e-01
1.126087188720703125e+00
1.633730679750442505e-01
-3.178973495960235596e-01
7.069135308265686035e-01
-2.472352981567382812e-01
-3.517911434173583984e-01
6.809378266334533691e-01
-4.444178342819213867e-01
1.453093886375427246e+00
2.812182009220123291e-01
-5.478136539459228516e-01
-1.561213135719299316e+00
-8.871904760599136353e-02
3.943135142326354980e-01
-7.184185385704040527e-01
-1.031767010688781738e+00
-2.573615312576293945e-01
6.099142432212829590e-01
2.608259022235870361e-01
-1.193094015121459961e+00
-1.254458189010620117e+00
5.292798280715942383e-01
-9.998323917388916016e-01
-1.417369581758975983e-02
3.959604203701019287e-01
-6.938198804855346680e-01
-1.403326094150543213e-01
-1.430672883987426758e+00
-3.476079106330871582e-01
-2.941653132438659668e-01
4.987045824527740479e-01
1.693868398666381836e+00
-1.193899393081665039e+00
4.687406495213508606e-02
-8.776442408561706543e-01
-9.511530399322509766e-01
-1.546928286552429199e-01
5.063031315803527832e-01
4.218462109565734863e-01
6.746544837951660156e-01
1.866829752922058105e+00
7.211776077747344971e-02
-2.627760171890258789e-01
1.222479820251464844e+00
1.398828148841857910e+00
-9.069090485572814941e-01
-9.395619630813598633e-01
4.966434240341186523e-01
4.942164123058319092e-01
-8.669502139091491699e-01
-3.408135473728179932e-01
-1.591212868690490723e+00
-1.214167118072509766e+00
3.866150975227355957e-01
-1.312372207641601562e+00
-2.138074159622192383e+00
-4.295030236244201660e-02
-1.376414179801940918e+00
6.123904138803482056e-02
1.755792617797851562e+00
-7.285326719284057617e-01
1.942074775695800781e+00
-5.574835538864135742e-01
5.534548163414001465e-01
-5.691283941268920898e-01
7.745931148529052734e-01
-1.127654433250427246e+00
2.547207176685333252e-01
2.155826330184936523e+00
-2.166964113712310791e-01
-3.903120458126068115e-01
-1.139949262142181396e-01
2.558551430702209473e-01
-1.619382649660110474e-01
1.949589252471923828e-01
-1.172875761985778809e+00
-1.318527102470397949e+00
-7.540314793586730957e-01
-1.506534099578857422e+00
1.133324980735778809e+00
7.820816636085510254e-01
8.283533453941345215e-01
-6.772722601890563965e-01
5.456317961215972900e-02
-1.958695650100708008e+00
1.887045651674270630e-01
-1.955253481864929199e-01
1.848411560058593750e+00
-8.573143482208251953e-01
-5.762925744056701660e-01
1.434630155563354492e+00
4.533879831433296204e-02
-5.782036781311035156e-01
1.531902253627777100e-01
1.556222736835479736e-01
5.622563958168029785e-01
1.067294597625732422e+00
-3.200711965560913086e+00
-6.501699090003967285e-01
3.862463235855102539e-01
9.264327883720397949e-01
8.278974890708923340e-01
-4.458273947238922119e-01
-2.520245552062988281e+00
-1.530419945716857910e+00
8.354240655899047852e-01
-2.748226933181285858e-02
1.838717937469482422e+00
1.051491260528564453e+00
5.612585544586181641e-01
5.366557240486145020e-01
-8.804916143417358398e-01
5.386862754821777344e-01
1.139180541038513184e+00
-9.624819755554199219e-01
3.926309645175933838e-01
1.144731402397155762e+00
-9.967752099037170410e-01
2.414350658655166626e-01
1.646493375301361084e-01
6.649269461631774902e-01
-1.903111189603805542e-01
-8.570951223373413086e-01
-8.378994464874267578e-01
1.903008371591567993e-01
-5.090133547782897949e-01
-3.607371151447296143e-01
8.478183150291442871e-01
-2.381853759288787842e-01
8.506283164024353027e-01
-8.904399275779724121e-01
-1.870639562606811523e+00
-1.724444389343261719e+00
1.009581685066223145e-01
-4.371920973062515259e-02
-5.338473320007324219e-01
6.235548257827758789e-01
3.372666120529174805e+00
1.447337150573730469e+00
8.700923919677734375e-01
-3.165809810161590576e-01
-4.339330196380615234e-01
-1.772804260253906250e-01
-7.925449013710021973e-01
-2.114502787590026855e-01
1.720650672912597656e+00
-6.293612718582153320e-01
4.674980938434600830e-01
-8.738893270492553711e-01
1.202223539352416992e+00
-5.102824568748474121e-01
6.958718299865722656e-01
-1.110355138778686523e+00
5.974243581295013428e-02
6.279927492141723633e-01
6.133462190628051758e-01
-6.929941773414611816e-01
1.468714952468872070e+00
5.859894156455993652e-01
2.590527236461639404e-01
-4.842698872089385986e-01
1.223795890808105469e+00
1.509758979082107544e-01
1.007921218872070312e+00
3.309417068958282471e-01
-2.503179572522640228e-02
5.289623141288757324e-01
-4.137298762798309326e-01
-8.480623960494995117e-01
-6.646871566772460938e-01
9.931841492652893066e-02
-1.121686697006225586e+00
3.328450322151184082e-01
2.850923061370849609e+00
2.019356042146682739e-01
-1.611075043678283691e+00
7.879145145416259766e-01
-9.243059754371643066e-01
-4.215782284736633301e-01
-1.003495335578918457e+00
-8.682458996772766113e-01
-1.364586234092712402e+00
-1.306893587112426758e+00
4.486791789531707764e-01
6.465359330177307129e-01
-3.728714212775230408e-02
-1.684270739555358887e+00
-3.899014294147491455e-01
-9.608215689659118652e-01
-1.024199247360229492e+00
1.792012691497802734e+00
3.572805225849151611e-01
2.882068455219268799e-01
1.182597517967224121e+00
9.360491633415222168e-01
-1.124427914619445801e+00
2.671655118465423584e-01
5.719642043113708496e-01
-9.225763678550720215e-01
-8.008185029029846191e-01
-5.893197655677795410e-01
-1.588065624237060547e+00
-6.535614132881164551e-01
-9.731800556182861328e-01
1.879251718521118164e+00
-4.458609968423843384e-02
-2.053766697645187378e-01
6.703933477401733398e-01
-3.140002191066741943e-01
4.593499004840850830e-01
-1.946051120758056641e+00
-1.143602877855300903e-01
-4.201049208641052246e-01
-1.569958925247192383e-01
-2.068275362253189087e-01
-4.982236623764038086e-01
6.283963322639465332e-01
-5.040327906608581543e-01
-7.111495137214660645e-01
2.236383914947509766e+00
6.799409389495849609e-01
-8.848795294761657715e-01
-1.713085919618606567e-01
-5.800388380885124207e-02
9.079518318176269531e-01
-6.636987924575805664e-01
1.064594268798828125e+00
-1.316605925559997559e+00
-9.148594141006469727e-01
3.982679843902587891e-01
4.450951516628265381e-02
-9.669253230094909668e-01
1.543403387069702148e+00
9.627987630665302277e-03
5.255030393600463867e-01
1.016744375228881836e+00
-1.225958943367004395e+00
-6.483373045921325684e-01
-1.214659810066223145e+00
-6.092926114797592163e-02
2.878951132297515869e-01
1.095245003700256348e+00
-8.577561378479003906e-01
2.794432640075683594e-01
-4.440940022468566895e-01
2.144974946975708008e+00
-8.055061697959899902e-01
3.604755401611328125e-01
-1.746230870485305786e-01
5.728527307510375977e-01
6.495957374572753906e-01
3.995741307735443115e-01
-5.027962923049926758e-01
-7.935032844543457031e-01
1.728893876075744629e+00
4.909951686859130859e-01
1.200318336486816406e+00
-2.254088640213012695e+00
-6.806270480155944824e-01
1.565239191055297852e+00
-1.202759742736816406e+00
1.863888204097747803e-01
-1.330971866846084595e-01
-6.362248063087463379e-01
-8.109918832778930664e-01
3.282680213451385498e-01
5.100731253623962402e-01
1.360625773668289185e-01
-1.000721752643585205e-01
-1.392329931259155273e+00
-7.601236104965209961e-01
3.282300829887390137e-01
-2.287368625402450562e-01
2.312543541193008423e-01
4.687197804450988770e-01
1.928017497062683105e+00
-5.964936614036560059e-01
-1.863108754158020020e+00
1.326061129570007324e+00
-1.689160168170928955e-01
-1.458985090255737305e+00
7.530454993247985840e-01
-1.051580086350440979e-01
1.289052367210388184e+00
-9.799849390983581543e-01
-2.337907403707504272e-01
3.008500114083290100e-02
8.528105616569519043e-01
-3.132834136486053467e-01
-1.448712587356567383e+00
4.576456546783447266e-01
-3.725486248731613159e-02
1.581377536058425903e-01
8.229000568389892578e-01
6.719105839729309082e-01
1.981001198291778564e-01
3.354668617248535156e-01
-1.472822070121765137e+00
-6.135230883955955505e-02
1.282931864261627197e-01
4.008980467915534973e-02
3.595984280109405518e-01
3.797086477279663086e-01
-5.886027216911315918e-01
-1.288371920585632324e+00
6.475506424903869629e-01
-9.341288805007934570e-01
-2.902117790654301643e-03
-5.715348720550537109e-01
5.348958969116210938e-01
7.990804314613342285e-01
1.332468837499618530e-01
-6.287612915039062500e-01
2.517054557800292969e+00
1.997855663299560547e+00
2.388901948928833008e+00
4.074130579829216003e-02
8.317674994468688965e-01
-1.581760168075561523e+00
-5.294663310050964355e-01
-1.377467632293701172e+00
9.946779012680053711e-01
7.531881798058748245e-03
-7.782969474792480469e-01
-4.596930444240570068e-01
-1.016859412193298340e+00
6.132658123970031738e-01
-1.528106722980737686e-02
4.970601499080657959e-01
-6.952858567237854004e-01
6.632544994354248047e-01
5.807312130928039551e-01
-3.343747258186340332e-01
1.265293002128601074e+00
1.016402617096900940e-01
8.818539381027221680e-01
7.669337987899780273e-01
2.846992015838623047e-01
-5.856851339340209961e-01
-8.654913902282714844e-01
-5.749557539820671082e-02
-1.015923976898193359e+00
-1.271344572305679321e-01
-3.637501597404479980e-01
-8.755249977111816406e-01
-4.446395337581634521e-01
1.162970736622810364e-01
8.370176553726196289e-01
8.555909991264343262e-02
-4.427274465560913086e-01
-2.508344054222106934e-01
1.103994369506835938e+00
-7.276029586791992188e-01
-2.457837611436843872e-01
-1.341580152511596680e+00
1.893735289573669434e+00
1.077172756195068359e+00
-6.616901159286499023e-01
4.115047156810760498e-01
-1.724488377571105957e+00
-9.367776513099670410e-01
9.169139862060546875e-01
4.674400091171264648e-01
7.170251756906509399e-02
1.047058939933776855e+00
-1.128057479858398438e+00
6.114225387573242188e-01
-5.441423058509826660e-01
-2.861093282699584961e-01
-9.490962028503417969e-01
-1.019269943237304688e+00
8.872732520103454590e-02
3.426903486251831055e-01
-3.683783113956451416e-01
2.874326705932617188e-01
-3.806670308113098145e-01
4.662510752677917480e-01
-7.336013317108154297e-01
-1.937690675258636475e-01
-1.109526395797729492e+00
1.032788157463073730e+00
-4.932947158813476562e-01
-1.246048882603645325e-02
8.119988441467285156e-01
9.367449581623077393e-02
8.320355787873268127e-03
-1.186236262321472168e+00
-1.372803568840026855e+00
-1.108748078346252441e+00
4.788609743118286133e-01
-1.255006194114685059e+00
-1.845976114273071289e+00
1.062174558639526367e+00
3.067104816436767578e-01
-1.677361249923706055e+00
-2.658525705337524414e-01
9.163115024566650391e-01
6.250388920307159424e-02
-1.884712725877761841e-01
1.346506476402282715e+00
4.701755940914154053e-01
1.162965893745422363e+00
1.182271599769592285e+00
-6.093881726264953613e-01
6.600969433784484863e-01
-1.621892690658569336e+00
-8.070960044860839844e-01
-6.773607134819030762e-01
8.967643976211547852e-02
-1.381286382675170898e+00
6.938465237617492676e-01
-6.068120598793029785e-01
3.283302485942840576e-01
2.998243570327758789e-01
9.249123334884643555e-01
1.533571332693099976e-01
-8.482062220573425293e-01
-4.638465046882629395e-01
-1.392796728760004044e-02
-2.985687926411628723e-02
-4.017182588577270508e-01
-2.955658197402954102e+00
-9.709441661834716797e-01
1.017924785614013672e+00
2.402268648147583008e-01
4.711563885211944580e-01
-1.278888106346130371e+00
4.204059541225433350e-01
8.850257843732833862e-02
-2.284217923879623413e-01
1.030619859695434570e+00
-4.007415473461151123e-01
-5.708425492048263550e-02
-4.326831102371215820e-01
-5.546106696128845215e-01
1.378345966339111328e+00
-3.390885889530181885e-01
1.004010558128356934e+00
8.833214640617370605e-01
1.500161528587341309e+00
7.174766659736633301e-01
-1.163612604141235352e+00
-9.850259423255920410e-01
-1.197461262345314026e-01
1.474691390991210938e+00
3.296476006507873535e-01
-1.284567952156066895e+00
1.696957051753997803e-01
-9.215554594993591309e-01
4.136651158332824707e-01
-6.501381993293762207e-01
-6.671588867902755737e-02
-1.883153915405273438e+00
-4.489285945892333984e-01
1.748098134994506836e+00
-1.660185456275939941e-01
-2.057506591081619263e-01
2.189848423004150391e-01
-1.254889275878667831e-02
-1.852211117744445801e+00
-7.178824543952941895e-01
7.406036257743835449e-01
7.936602234840393066e-01
-7.679215669631958008e-01
-2.707421183586120605e-01
-2.356775701045989990e-01
-3.781355917453765869e-01
-9.782167077064514160e-01
9.572328925132751465e-01
6.452883481979370117e-01
-2.307407259941101074e-01
-8.201352357864379883e-01
-3.931278288364410400e-01
8.705671429634094238e-01
1.731755584478378296e-01
1.149519085884094238e+00
-1.409938782453536987e-01
-2.646216191351413727e-02
6.636304855346679688e-01
-1.192709952592849731e-01
-1.091852664947509766e+00
-4.678049385547637939e-01
5.267977118492126465e-01
9.087068438529968262e-01
-9.078861474990844727e-01
-3.251813650131225586e-01
1.524267047643661499e-01
-5.087574124336242676e-01
-1.156683683395385742e+00
2.871567904949188232e-01
-1.981166750192642212e-01
4.606529176235198975e-01
-1.728772878646850586e+00
-2.834071218967437744e-02
-6.093730330467224121e-01
8.607120066881179810e-02
2.680889368057250977e-01
-1.216292262077331543e+00
1.174842938780784607e-01
-6.385250687599182129e-01
9.646346569061279297e-01
-2.814001441001892090e-01
7.850053310394287109e-01
4.845407903194427490e-01
-1.716929078102111816e+00
6.136350035667419434e-01
-1.429694414138793945e+00
-8.332291245460510254e-02
-6.813066601753234863e-01
1.283869147300720215e+00
6.117566823959350586e-01
7.182452678680419922e-01
8.000525832176208496e-01
-6.344218850135803223e-01
-4.250040054321289062e-01
-1.006280332803726196e-01
2.629043757915496826e-01
8.740216493606567383e-01
-6.814161539077758789e-01
-7.667236328125000000e-01
-4.296171963214874268e-01
-8.795047402381896973e-01
-1.481936693191528320e+00
-8.838884830474853516e-01
1.309862494468688965e+00
1.074427813291549683e-01
2.863024473190307617e-01
-6.293749213218688965e-01
2.017210960388183594e+00
9.027086943387985229e-02
1.027620434761047363e+00
3.595247864723205566e-01
-1.538325995206832886e-01
9.315747022628784180e-01
1.710411906242370605e-01
1.057822823524475098e+00
5.544941425323486328e-01
-4.908241927623748779e-01
-9.107109308242797852e-01
3.355960845947265625e-01
5.478968620300292969e-01
-1.087021589279174805e+00
7.699049711227416992e-01
-9.852316230535507202e-03
9.018465876579284668e-02
8.938050270080566406e-01
5.231516957283020020e-01
1.595878243446350098e+00
9.446102976799011230e-01
-6.737021803855895996e-01
6.123733893036842346e-02
-1.066816210746765137e+00
-2.095417737960815430e+00
5.048137903213500977e-01
5.834565162658691406e-01
-2.314106225967407227e-01
-2.380216568708419800e-01
-2.161299139261245728e-01
-3.723182976245880127e-01
1.496138334274291992e+00
-1.321769475936889648e+00
2.484640479087829590e-01
8.846938014030456543e-01
8.855111002922058105e-01
1.766906976699829102e+00
-7.345401048660278320e-01
-1.286432027816772461e+00
2.351856380701065063e-01
1.096881866455078125e+00
5.225611329078674316e-01
-5.297914743423461914e-01
-3.581810593605041504e-01
5.385435223579406738e-01
5.562313199043273926e-01
-3.964280486106872559e-01
-9.931411594152450562e-02
7.209307551383972168e-01
-1.378550291061401367e+00
1.177208542823791504e+00
3.352492451667785645e-01
-1.089107319712638855e-01
9.943324327468872070e-01
-1.851313710212707520e+00
-1.103053689002990723e+00
-2.658843398094177246e-01
-5.057363510131835938e-01
1.235445588827133179e-01
1.762996435165405273e+00
-3.214800357818603516e-01
-5.814043879508972168e-01
9.987038373947143555e-01
-2.832417786121368408e-01
9.558811038732528687e-02
-9.755026102066040039e-01
-1.999966859817504883e+00
1.271678209304809570e+00
-1.088868379592895508e+00
9.151903390884399414e-01
-8.082083463668823242e-01
-9.513255953788757324e-01
-7.218788862228393555e-01
6.243672594428062439e-02
6.961429119110107422e-01
-6.051352024078369141e-01
-2.743005752563476562e-01
1.183380842208862305e+00
4.225715994834899902e-01
8.559255003929138184e-01
-1.201252937316894531e+00
4.734252989292144775e-01
-1.127324700355529785e+00
3.454788923263549805e-01
2.070647776126861572e-01
-7.146235108375549316e-01
-9.761933684349060059e-01
-7.928214073181152344e-01
-5.575241148471832275e-02
-1.939855366945266724e-01
-8.431507945060729980e-01
-9.612746536731719971e-02
1.270647168159484863e+00
-7.728148698806762695e-01
-5.159566998481750488e-01
1.568135499954223633e+00
-1.248047471046447754e+00
1.048688530921936035e+00
-4.467317163944244385e-01
-3.117170333862304688e-01
1.460780024528503418e+00
-1.482717037200927734e+00
1.025735661387443542e-01
-4.490225762128829956e-02
-5.889240503311157227e-01
-1.412975639104843140e-01
-2.774146795272827148e-01
4.695354700088500977e-01
-4.289515316486358643e-01
4.010215103626251221e-01
-4.007529616355895996e-01
8.298237919807434082e-01
1.712014526128768921e-01
1.340020656585693359e+00
7.792162895202636719e-01
2.607248723506927490e-01
5.738754868507385254e-01
-1.405215144157409668e+00
-8.656325340270996094e-01
-1.375339865684509277e+00
-2.197535991668701172e+00
5.525285005569458008e-01
-2.682150602340698242e-01
4.896262288093566895e-01
1.577570736408233643e-01
3.479251563549041748e-01
-1.224031820893287659e-01
-1.889100551605224609e+00
1.429300159215927124e-01
2.400494098663330078e+00
1.854606270790100098e+00
1.481051802635192871e+00
1.987055301666259766e+00
-1.354206085205078125e+00
-5.992215499281883240e-02
2.174635648727416992e+00
-1.421196937561035156e+00
