3.392379879951477051e-01
5.815619826316833496e-01
-1.209218382835388184e+00
1.824592500925064087e-01
1.122639894485473633e+00
-1.528512954711914062e+00
4.465413838624954224e-02
2.348005920648574829e-01
1.025900125503540039e+00
9.494609236717224121e-01
2.939254045486450195e-01
1.306977510452270508e+00
-1.761707812547683716e-01
-1.069211810827255249e-01
-3.003093898296356201e-01
-5.486148595809936523e-01
3.125081658363342285e-01
-8.920561075210571289e-01
-4.801235795021057129e-01
4.102105796337127686e-01
-9.538928270339965820e-01
-9.274122714996337891e-01
6.846292018890380859e-01
1.622962653636932373e-01
1.371322274208068848e-01
-9.124380350112915039e-01
-6.045685410499572754e-01
1.325408220291137695e+00
5.169557332992553711e-01
-1.323512643575668335e-01
1.245851516723632812e+00
8.718729019165039062e-01
5.497075915336608887e-01
-1.892001032829284668e+00
6.666324734687805176e-01
2.941377460956573486e-02
-3.375383317470550537e-01
1.974784880876541138e-01
1.277357220649719238e+00
3.854671120643615723e-01
2.438322067260742188e+00
-6.059350371360778809e-01
-7.256324291229248047e-01
3.720984458923339844e-01
-5.730038285255432129e-01
5.362361073493957520e-01
1.523567318916320801e+00
-1.461112141609191895e+00
-3.133995831012725830e-01
1.450427532196044922e+00
3.473941087722778320e-01
2.657975554466247559e-01
5.021309480071067810e-02
2.900174260139465332e-02
-8.326316475868225098e-01
-1.206492185592651367e+00
9.096735715866088867e-01
-8.356142044067382812e-02
-5.850372314453125000e-01
9.610053896903991699e-01
1.176001667976379395e+00
-1.054230570793151855e+00
2.929698228836059570e-01
8.257776498794555664e-01
-1.033486723899841309e+00
-5.503474175930023193e-02
-5.319533348083496094e-01
-5.275584012269973755e-02
-2.873912751674652100e-01
7.694667577743530273e-01
-5.250760316848754883e-01
-5.515029430389404297e-01
1.019279479980468750e+00
2.288392484188079834e-01
1.892648339271545410e+00
9.893695116043090820e-01
7.153898477554321289e-01
2.292924374341964722e-01
-7.762754559516906738e-01
5.165984630584716797e-01
1.737172752618789673e-01
-2.170695513486862183e-01
1.589044369757175446e-02
-4.167445003986358643e-01
-7.066056877374649048e-02
-1.306643486022949219e+00
-1.595318019390106201e-01
-5.818089842796325684e-01
1.458684563636779785e+00
-1.796897351741790771e-01
-3.932225704193115234e-01
-2.120483398437500000e+00
-1.290923595428466797e+00
-4.076146781444549561e-01
4.831869006156921387e-01
1.372890621423721313e-01
-4.289365410804748535e-01
2.728945314884185791e-01
-4.677380025386810303e-01
5.916931629180908203e-01
-7.588317990303039551e-01
1.055428087711334229e-01
9.246007204055786133e-01
-3.777734339237213135e-01
3.391853868961334229e-01
-6.844358444213867188e-01
1.478554368019104004e+00
3.767127096652984619e-01
5.352140665054321289e-01
6.472961306571960449e-01
-3.905052840709686279e-01
-2.344391793012619019e-01
1.962580531835556030e-01
3.235270678997039795e-01
-1.053244948387145996e+00
4.729952663183212280e-02
-7.828271389007568359e-02
-4.815000295639038086e-01
-2.294632345438003540e-01
1.916854530572891235e-01
-5.249391794204711914e-01
9.898580312728881836e-01
-1.437118768692016602e+00
4.665979370474815369e-02
-5.133569240570068359e-01
-1.472106575965881348e+00
5.041308403015136719e-01
6.341587305068969727e-01
-3.277405202388763428e-01
2.742718756198883057e-01
-1.524409651756286621e+00
1.224505975842475891e-01
-6.526610255241394043e-01
-2.909498512744903564e-01
1.369794845581054688e+00
-1.257969141006469727e+00
2.556883394718170166e-01
3.324724137783050537e-01
2.764799892902374268e-01
-8.834308981895446777e-01
-3.368718326091766357e-01
1.532610207796096802e-01
1.172266483306884766e+00
1.430559992790222168e+00
1.310058981180191040e-01
-6.921680569648742676e-01
5.028318166732788086e-01
1.601742148399353027e+00
4.999582469463348389e-01
-1.492501974105834961e+00
7.153698205947875977e-01
-3.663899376988410950e-02
-7.602660059928894043e-01
8.062367141246795654e-02
-6.210346892476081848e-02
9.315548092126846313e-02
7.573432326316833496e-01
-7.808677554130554199e-01
-3.587371706962585449e-01
7.556129246950149536e-02
-1.367278218269348145e+00
5.656531453132629395e-01
9.744478464126586914e-01
-3.008227348327636719e-01
1.879415512084960938e+00
-1.051016211509704590e+00
9.144712090492248535e-01
1.106768608093261719e+00
7.426768541336059570e-01
-1.806279659271240234e+00
5.250365734100341797e-01
1.867350697517395020e+00
-2.430044263601303101e-01
-8.183816075325012207e-01
1.464805305004119873e-01
-4.307525157928466797e-01
-5.844785571098327637e-01
-6.735111027956008911e-02
-1.308900713920593262e-01
-1.074482083320617676e+00
4.527532458305358887e-01
-2.464325726032257080e-01
1.555520296096801758e+00
4.057108759880065918e-01
-1.560749560594558716e-01
-4.478214979171752930e-01
-2.033424675464630127e-01
-4.298283576965332031e+00
-3.437123000621795654e-01
-1.084459871053695679e-01
1.654453158378601074e+00
-2.251403778791427612e-01
-9.705114960670471191e-01
1.654717445373535156e+00
5.042771100997924805e-01
-7.181594967842102051e-01
-3.018405437469482422e-01
-3.595171868801116943e-01
-1.794212907552719116e-01
-2.360280975699424744e-02
-2.238564491271972656e+00
-4.321898221969604492e-01
5.927645564079284668e-01
-1.237523779273033142e-01
6.614940613508224487e-02
9.465035796165466309e-01
-5.440725684165954590e-01
-1.314922571182250977e+00
-2.275740057229995728e-01
2.635307312011718750e-01
1.817504286766052246e+00
-4.484875798225402832e-01
1.283664852380752563e-01
2.741496562957763672e-01
-2.507900297641754150e-01
-2.819658517837524414e-01
5.988135337829589844e-01
-5.691695213317871094e-01
8.305014967918395996e-01
1.117582172155380249e-01
-5.387556925415992737e-02
3.301699459552764893e-01
1.291620016098022461e+00
2.028310447931289673e-01
-2.494227141141891479e-01
-1.014509677886962891e+00
-5.062584877014160156e-01
7.905296236276626587e-02
-7.654176950454711914e-01
-8.929031491279602051e-01
5.920756459236145020e-01
-9.725226163864135742e-01
1.129251241683959961e+00
-8.567034602165222168e-01
-1.282658576965332031e+00
7.910249233245849609e-01
-1.520070582628250122e-01
1.493133753538131714e-01
-1.281874626874923706e-01
4.346858263015747070e-01
2.351135492324829102e+00
3.239057064056396484e-01
1.919308863580226898e-02
7.634227871894836426e-01
-1.171284198760986328e+00
-4.982952177524566650e-01
-2.870997190475463867e-01
-1.074429005384445190e-01
-1.283050775527954102e-01
-2.694346569478511810e-02
8.706210851669311523e-01
-3.838157653808593750e-01
5.311499238014221191e-01
-6.677978634834289551e-01
-9.608232229948043823e-02
-6.600387394428253174e-02
7.256658673286437988e-01
-5.399210453033447266e-01
5.001554489135742188e-01
-3.997888863086700439e-01
7.533542513847351074e-01
3.681146726012229919e-02
5.559805035591125488e-01
-1.215075373649597168e+00
-1.943157464265823364e-01
8.744461536407470703e-01
4.874845147132873535e-01
3.475836813449859619e-01
-5.685495734214782715e-01
4.289336502552032471e-01
-4.751963317394256592e-01
-1.196144819259643555e+00
5.391067266464233398e-01
4.698433876037597656e-01
-4.796448647975921631e-01
-7.033814787864685059e-01
1.239631652832031250e+00
-4.839310944080352783e-01
-6.436721086502075195e-01
4.914962351322174072e-01
-9.334800243377685547e-01
3.871679306030273438e-02
-1.303765296936035156e+00
-8.580017834901809692e-02
-1.535834670066833496e+00
-2.673749923706054688e-01
8.626787662506103516e-01
3.178687989711761475e-01
8.571082353591918945e-02
-1.006306052207946777e+00
-8.500888347625732422e-01
-1.064798474311828613e+00
-9.569311738014221191e-01
2.543640732765197754e-01
7.692456841468811035e-01
4.916893541812896729e-01
1.845128178596496582e+00
-3.038651645183563232e-01
-5.147548913955688477e-01
-8.884465098381042480e-01
-9.906089305877685547e-01
1.071616411209106445e+00
-6.830306649208068848e-01
-6.727080345153808594e-01
-1.321769952774047852e+00
-5.435571447014808655e-02
-1.106598019599914551e+00
3.749978303909301758e+00
1.071534276008605957e+00
-1.255171298980712891e+00
-4.708996787667274475e-02
8.753896504640579224e-02
3.235450088977813721e-01
-1.368279218673706055e+00
1.507118158042430878e-02
-1.296518325805664062e+00
-1.058200672268867493e-01
-4.987640976905822754e-01
-1.047821402549743652e+00
8.038535714149475098e-01
-2.994403243064880371e-01
-3.296903371810913086e-01
2.682732105255126953e+00
1.041558861732482910e+00
-7.923144102096557617e-01
7.030848264694213867e-01
-2.887065149843692780e-02
5.696270465850830078e-01
3.231408894062042236e-01
8.498519062995910645e-01
-1.318460702896118164e+00
-1.420920372009277344e+00
1.025731325149536133e+00
9.609434008598327637e-01
-1.150689482688903809e+00
9.363989233970642090e-01
-7.358198165893554688e-01
2.110683172941207886e-01
5.093774795532226562e-01
-1.522565722465515137e+00
-1.769251525402069092e-01
-3.486483991146087646e-01
-1.371925950050354004e+00
-1.761990934610366821e-01
5.650640726089477539e-01
-8.445258140563964844e-01
-2.480057477951049805e-01
7.646940350532531738e-01
8.925032615661621094e-01
-7.745468616485595703e-01
3.013854622840881348e-01
2.557435631752014160e-01
6.528580784797668457e-01
6.239768490195274353e-02
-8.547122031450271606e-02
2.076743692159652710e-01
3.119857013225555420e-01
1.753190755844116211e-01
2.787872850894927979e-01
1.732292175292968750e-01
-6.226858496665954590e-01
-5.980858802795410156e-01
2.948055028915405273e+00
-2.969250380992889404e-01
1.023825049400329590e+00
-1.302408725023269653e-01
-6.058801412582397461e-01
-1.194744706153869629e+00
6.281888484954833984e-01
-5.195333436131477356e-02
4.519482254981994629e-01
3.219195902347564697e-01
-4.498136043548583984e-01
2.836455404758453369e-01
7.421926259994506836e-01
-5.902360081672668457e-01
-9.202282428741455078e-01
9.517186880111694336e-02
1.271375656127929688e+00
-6.523039937019348145e-01
-1.103236436843872070e+00
1.562037616968154907e-01
-1.399698108434677124e-01
-1.312860369682312012e+00
9.749794602394104004e-01
1.103027105331420898e+00
-1.890909671783447266e-02
-4.800081849098205566e-01
1.107016444206237793e+00
4.674710333347320557e-01
5.814369916915893555e-01
-3.606638610363006592e-01
-1.790105462074279785e+00
8.831672668457031250e-01
3.238687217235565186e-01
-7.786344885826110840e-01
1.717465996742248535e+00
2.191587239503860474e-01
3.781462311744689941e-01
-5.778188705444335938e-01
-1.495277404785156250e+00
-1.567141056060791016e+00
-2.150874882936477661e-01
-1.966477036476135254e-01
9.131449460983276367e-01
-5.362932682037353516e-01
-2.876242101192474365e-01
1.890203356742858887e-01
2.630280554294586182e-01
1.055777221918106079e-01
1.812871396541595459e-01
-6.647065281867980957e-01
-4.972381889820098877e-01
-7.860013842582702637e-01
-9.457057118415832520e-01
-1.954676359891891479e-01
1.399115085601806641e+00
3.235976696014404297e-01
-4.605788588523864746e-01
-7.353039383888244629e-01
-7.628520131111145020e-01
-1.095036864280700684e+00
-2.812827527523040771e-01
-8.325296044349670410e-01
-3.028142750263214111e-01
-3.088218867778778076e-01
-1.864406168460845947e-01
-5.448383092880249023e-01
-1.195290446281433105e+00
2.336412072181701660e-01
1.329679727554321289e+00
5.519694089889526367e-01
-7.769933938980102539e-01
-1.925636231899261475e-01
1.184825420379638672e+00
-2.902905046939849854e-01
5.833950638771057129e-01
6.231212615966796875e-01
-3.366064727306365967e-01
-9.924394488334655762e-01
4.882894456386566162e-01
-1.468496769666671753e-01
-4.262818396091461182e-01
-7.038594037294387817e-02
-7.419556975364685059e-01
7.449928671121597290e-02
-2.986469268798828125e-01
1.967908628284931183e-02
-5.643996596336364746e-01
2.934861183166503906e-01
7.958882302045822144e-02
-1.988353878259658813e-01
6.824042648077011108e-02
7.190100550651550293e-01
-8.311577439308166504e-01
7.235552072525024414e-01
-1.526427865028381348e+00
-6.144272089004516602e-01
9.876085519790649414e-01
1.071532011032104492e+00
-3.552860319614410400e-01
1.287508308887481689e-01
-4.996905624866485596e-01
-1.767767965793609619e-01
-1.603712201118469238e+00
-1.103994607925415039e+00
-4.735298752784729004e-01
-4.987118542194366455e-01
3.116473555564880371e-01
1.512912660837173462e-01
-1.218891739845275879e+00
3.071734914556145668e-03
4.159311652183532715e-01
-1.597934365272521973e+00
-2.570140957832336426e-01
7.623878866434097290e-02
2.953031063079833984e-01
7.085057348012924194e-02
-3.770666569471359253e-02
6.983117461204528809e-01
-9.295269846916198730e-01
-2.079897224903106689e-01
-1.827097654342651367e+00
6.472310423851013184e-01
-1.126008510589599609e+00
3.816869556903839111e-01
8.130517601966857910e-01
6.820120811462402344e-01
-3.047328591346740723e-01
-8.801195621490478516e-01
-6.709447503089904785e-01
-6.245155334472656250e-01
-2.343639731407165527e-01
3.081255257129669189e-01
-2.110313892364501953e+00
4.993819892406463623e-01
1.173197627067565918e+00
-3.252021968364715576e-01
5.147535800933837891e-01
5.644446611404418945e-01
1.381255984306335449e+00
-1.268888562917709351e-01
1.429590344429016113e+00
-5.088080093264579773e-02
6.635736823081970215e-01
9.394363164901733398e-01
-1.292274713516235352e+00
-2.347302809357643127e-02
-4.606538414955139160e-01
-7.486706376075744629e-01
-3.016086108982563019e-02
6.723946928977966309e-01
-9.325425028800964355e-01
-9.368155151605606079e-03
1.076169848442077637e+00
1.245934590697288513e-01
-4.728582799434661865e-01
9.039030671119689941e-01
1.995978355407714844e-01
5.126946568489074707e-01
1.043034553527832031e+00
-3.625362515449523926e-01
1.429535597562789917e-01
-1.492023587226867676e+00
-1.164161920547485352e+00
-1.353073716163635254e+00
1.047531843185424805e+00
6.275700330734252930e-01
9.563350677490234375e-01
-6.641960740089416504e-01
8.557441830635070801e-01
2.200848460197448730e-01
-4.843327999114990234e-01
-2.118474394083023071e-01
1.378130912780761719e-01
-2.512643575668334961e+00
-7.998308539390563965e-01
-2.678063213825225830e-01
1.865735411643981934e+00
4.789078235626220703e-01
8.677102923393249512e-01
5.455200076103210449e-01
3.218992054462432861e-01
1.188795566558837891e+00
-1.594558119773864746e+00
-4.646049737930297852e-01
6.856859326362609863e-01
1.228077173233032227e+00
5.174152851104736328e-01
-1.557301998138427734e+00
6.767655014991760254e-01
5.439313054084777832e-01
2.798588275909423828e-01
-9.348599612712860107e-02
3.565913811326026917e-02
-1.795839667320251465e+00
-1.076925754547119141e+00
1.319095134735107422e+00
-4.460037946701049805e-01
-5.223231315612792969e-01
3.361949324607849121e-02
-1.049576401710510254e+00
-9.431858062744140625e-01
2.226798981428146362e-01
-1.875335574150085449e-01
1.501181423664093018e-01
-3.470554351806640625e-01
5.445504784584045410e-01
-2.801599800586700439e-01
-1.294899344444274902e+00
-6.245492398738861084e-02
4.813732802867889404e-01
-2.367171645164489746e-01
-3.371605873107910156e-01
-5.159340500831604004e-01
4.255476891994476318e-01
-7.500908970832824707e-01
2.572035312652587891e+00
2.770378589630126953e-01
-5.739151835441589355e-01
-2.306604012846946716e-02
9.205012917518615723e-01
-3.324364721775054932e-01
-3.561315238475799561e-01
1.088314294815063477e+00
1.828110814094543457e+00
4.937294125556945801e-01
-1.008615717291831970e-01
3.122299015522003174e-01
-2.110117912292480469e+00
-3.710763752460479736e-01
-7.283512949943542480e-01
5.249594449996948242e-01
-5.682127550244331360e-03
-4.112463593482971191e-01
-2.259015321731567383e+00
1.672080755233764648e-01
-5.521271824836730957e-01
-1.265013694763183594e+00
3.144077658653259277e-01
-6.520804166793823242e-01
2.274331748485565186e-01
-4.246354103088378906e-01
1.671848446130752563e-01
-3.491280376911163330e-01
2.169799655675888062e-01
2.523549497127532959e-01
-1.651115715503692627e-01
-8.077102303504943848e-01
-2.407200634479522705e-01
1.479310840368270874e-01
-6.723840236663818359e-01
1.846955902874469757e-02
7.717235088348388672e-01
-4.009468257427215576e-01
3.826837241649627686e-02
-1.219398751854896545e-01
-5.441149473190307617e-01
-6.757140159606933594e-01
1.800318807363510132e-01
8.485550880432128906e-01
-1.195225238800048828e+00
-1.976918280124664307e-01
-1.143536210060119629e+00
-1.488700270652770996e+00
-1.725572109222412109e+00
5.096977949142456055e-01
2.869138419628143311e-01
-2.516737878322601318e-01
3.943974375724792480e-01
-5.194834470748901367e-01
1.320652723312377930e+00
8.719316720962524414e-01
1.424191951751708984e+00
1.115522027015686035e+00
1.000455990433692932e-01
9.462904334068298340e-01
3.723265230655670166e-01
5.800671577453613281e-01
3.723151087760925293e-01
-4.695728719234466553e-01
-1.885951012372970581e-01
-3.846284151077270508e-01
-6.338320970535278320e-01
-3.195286691188812256e-01
6.562269479036331177e-02
5.348496437072753906e-01
1.724892109632492065e-01
9.298691153526306152e-01
1.148257493972778320e+00
1.565305948257446289e+00
1.657568812370300293e+00
-1.409537553787231445e+00
1.129655241966247559e+00
-1.021467924118041992e+00
-1.204499602317810059e+00
1.155626296997070312e+00
1.231674671173095703e+00
3.134685754776000977e-01
-3.307599127292633057e-01
-4.887906312942504883e-01
1.201965361833572388e-01
3.479869067668914795e-01
4.173194244503974915e-02
2.179670184850692749e-01
3.074483573436737061e-01
9.052139706909656525e-03
1.375534534454345703e+00
-6.461640000343322754e-01
1.602330058813095093e-01
-1.157209515571594238e+00
6.121983379125595093e-02
2.653287649154663086e-01
-3.311414122581481934e-01
-9.899021387100219727e-01
6.931202858686447144e-02
-2.784612029790878296e-02
3.032857179641723633e-01
1.277357060462236404e-02
9.778515249490737915e-02
-1.015236139297485352e+00
4.847793653607368469e-02
2.448265850543975830e-01
-1.302742242813110352e+00
7.877871990203857422e-01
-6.592248082160949707e-01
-1.026075124740600586e+00
-1.223939418792724609e+00
3.662260249257087708e-02
3.877473771572113037e-01
1.357269883155822754e+00
-1.016648784279823303e-01
1.274523138999938965e-01
9.990324378013610840e-01
-7.894997596740722656e-01
9.026681184768676758e-01
-9.958696365356445312e-01
-8.298503160476684570e-01
1.359306573867797852e+00
-7.812505960464477539e-01
2.834061086177825928e-01
-4.289157092571258545e-01
-2.644256949424743652e-01
7.585782557725906372e-02
7.716992497444152832e-01
2.856272757053375244e-01
1.262191236019134521e-01
6.146627068519592285e-01
9.073551297187805176e-01
9.665441513061523438e-01
8.490672707557678223e-02
-5.048153400421142578e-01
1.475445508956909180e+00
2.140196710824966431e-01
8.177762031555175781e-01
3.071404397487640381e-01
-1.449893474578857422e+00
-4.097416996955871582e-01
-1.404099017381668091e-01
2.730425260961055756e-02
-1.214101836085319519e-01
4.550682753324508667e-02
-4.863646626472473145e-01
1.780055522918701172e+00
-2.147799283266067505e-01
-1.096581220626831055e+00
4.440363049507141113e-01
-2.178996205329895020e-01
1.348444700241088867e+00
5.518171563744544983e-02
1.009506940841674805e+00
9.898421764373779297e-01
-1.920651197433471680e+00
-1.022240221500396729e-01
-1.082225739955902100e-01
-3.934402763843536377e-01
-2.776463329792022705e-01
-1.127068758010864258e+00
-3.406433165073394775e-01
-4.716823697090148926e-01
2.444745451211929321e-01
4.081595838069915771e-01
8.932852745056152344e-01
-1.036823034286499023e+00
9.116064310073852539e-01
5.421147346496582031e-01
-1.511830464005470276e-02
6.193338632583618164e-01
7.664449512958526611e-02
-6.315798759460449219e-01
-4.217303395271301270e-01
-1.188331127166748047e+00
6.020878553390502930e-01
-3.613626658916473389e-01
2.473530322313308716e-01
-1.200872585177421570e-01
1.977014899253845215e+00
-1.126484870910644531e-01
-8.331893086433410645e-01
-2.047650143504142761e-02
6.222113370895385742e-01
-9.180749207735061646e-02
3.132883012294769287e-01
6.834782958030700684e-01
-6.664039194583892822e-02
7.068780250847339630e-03
1.131940245628356934e+00
-9.433287382125854492e-01
