1.891942918300628662e-01
-1.339627623558044434e+00
1.334790945053100586e+00
1.350526064634323120e-01
8.895320892333984375e-01
-9.631919860839843750e-01
1.330593824386596680e+00
-3.776472210884094238e-01
1.814316511154174805e+00
-1.416529774665832520e+00
4.163892194628715515e-02
-2.510684728622436523e-01
7.348473072052001953e-01
-1.264584302902221680e+00
-1.223366260528564453e+00
-9.041751623153686523e-01
1.853477358818054199e+00
6.976780295372009277e-01
-2.960933446884155273e-01
5.904750227928161621e-01
-9.889174103736877441e-01
4.567082524299621582e-01
-2.858665585517883301e-01
1.377064920961856842e-02
4.048131108283996582e-01
-8.373339772224426270e-01
-1.310582518577575684e+00
-1.355320572853088379e+00
5.440511181950569153e-02
-1.505979150533676147e-01
5.056729912757873535e-01
3.979282677173614502e-01
-7.909860014915466309e-01
3.023971915245056152e-01
3.596842288970947266e-01
-1.691571474075317383e-01
3.463206067681312561e-02
-4.467700719833374023e-01
3.705804347991943359e-01
-1.791656255722045898e+00
-5.035430192947387695e-01
-4.412254393100738525e-01
1.887422949075698853e-01
-9.187780618667602539e-01
6.546823382377624512e-01
1.045718789100646973e+00
8.074530959129333496e-01
-3.228578567504882812e-01
-4.640475511550903320e-01
-7.431694865226745605e-01
-8.025202155113220215e-01
-2.698164582252502441e-01
-2.584788501262664795e-01
-3.399043679237365723e-01
-6.505679488182067871e-01
6.899321079254150391e-01
5.731567144393920898e-01
-4.351710379123687744e-01
2.011218070983886719e-01
-6.142736673355102539e-01
4.805964529514312744e-01
9.583086371421813965e-01
1.017134547233581543e+00
-4.713313579559326172e-01
1.003355264663696289e+00
-1.640931963920593262e+00
-4.878787398338317871e-01
-6.624526977539062500e-01
2.960171699523925781e-01
3.932246565818786621e-01
-7.981287837028503418e-01
-1.255505979061126709e-01
1.693809032440185547e+00
-1.360462546348571777e+00
-1.274481773376464844e+00
2.964176237583160400e-01
1.651048541069030762e+00
-8.972679376602172852e-01
1.979439109563827515e-01
-4.171082079410552979e-01
5.512951314449310303e-02
1.390170335769653320e+00
7.249362468719482422e-01
-1.980138570070266724e-01
7.815350592136383057e-02
2.954475879669189453e-01
7.087837904691696167e-02
-1.507668733596801758e+00
8.126304149627685547e-01
1.478223681449890137e+00
4.101823270320892334e-01
3.465010821819305420e-01
2.156513929367065430e+00
2.213549017906188965e-01
1.609671860933303833e-01
2.579235076904296875e+00
7.307817339897155762e-01
-1.213204413652420044e-01
-4.415357112884521484e-02
-3.835092484951019287e-01
7.839956879615783691e-01
8.452995866537094116e-02
-2.048538029193878174e-01
-3.286039829254150391e-01
2.030771970748901367e+00
-1.211231708526611328e+00
-1.407978415489196777e+00
1.809197545051574707e+00
-8.124136328697204590e-01
-4.059740006923675537e-01
-2.012550830841064453e-01
-1.842171788215637207e+00
6.265374273061752319e-02
1.075423359870910645e+00
1.981195509433746338e-01
3.445672988891601562e-01
-7.671349048614501953e-01
-1.534681439399719238e+00
-1.289331614971160889e-01
7.770702838897705078e-01
1.190431594848632812e+00
-3.777026664465665817e-03
3.454593122005462646e-01
-1.636669039726257324e+00
-8.057826757431030273e-01
1.036394357681274414e+00
-9.564032554626464844e-01
5.915662646293640137e-01
2.415019273757934570e-01
-5.134819746017456055e-01
1.762292534112930298e-01
-5.446965992450714111e-02
-6.984938383102416992e-01
6.059143543243408203e-01
7.335810065269470215e-01
1.202885657548904419e-01
9.156137108802795410e-01
-4.739932715892791748e-01
-2.030328750610351562e+00
-1.105370044708251953e+00
-6.430073380470275879e-01
-2.335444837808609009e-01
-8.765364885330200195e-01
-1.505721926689147949e+00
2.035904675722122192e-01
-2.745249494910240173e-02
1.090216636657714844e+00
-3.713226020336151123e-01
-1.140058398246765137e+00
-5.124170780181884766e-01
-1.261950731277465820e+00
5.819776654243469238e-01
3.730502426624298096e-01
-9.648479819297790527e-01
-8.402453064918518066e-01
5.810658931732177734e-01
6.146181821823120117e-01
-1.437438488006591797e+00
-1.100483909249305725e-01
1.492912054061889648e+00
-1.240942835807800293e+00
1.473578095436096191e+00
1.271752864122390747e-01
8.484727740287780762e-01
1.694335818290710449e+00
5.245649814605712891e-01
2.402138561010360718e-01
-1.797298900783061981e-02
-6.327788531780242920e-02
-6.223019957542419434e-01
3.467129468917846680e-01
-4.312155246734619141e-01
1.749203652143478394e-01
1.057524442672729492e+00
-1.358708858489990234e+00
9.282805770635604858e-02
7.936351895332336426e-01
1.755363941192626953e-01
-1.477021455764770508e+00
2.799885869026184082e-01
2.681102156639099121e-01
2.558141350746154785e-01
-1.469565868377685547e+00
2.970268577337265015e-02
2.385325729846954346e-01
-3.059764206409454346e-01
-8.867983222007751465e-01
-1.126147150993347168e+00
-9.969305992126464844e-01
2.655128240585327148e-01
-8.293902873992919922e-01
-6.609132885932922363e-02
-9.457247853279113770e-01
4.928893148899078369e-01
1.419144749641418457e+00
3.313455879688262939e-01
6.310907006263732910e-01
-2.128813415765762329e-01
-4.700725972652435303e-01
8.725865930318832397e-02
-8.913997560739517212e-02
3.194204866886138916e-01
-1.219265460968017578e+00
-1.200153112411499023e+00
5.551679134368896484e-01
8.468724489212036133e-01
-2.253289893269538879e-02
-4.618578255176544189e-01
3.387557268142700195e-01
-1.033651351928710938e+00
-1.244058132171630859e+00
8.352857828140258789e-01
-1.317372560501098633e+00
-4.947185516357421875e-02
-1.982165127992630005e-01
-1.741761565208435059e+00
-1.353615641593933105e+00
6.831800937652587891e-01
8.254451304674148560e-02
-5.630304217338562012e-01
-7.118067890405654907e-02
-6.792686581611633301e-01
9.144396781921386719e-01
-3.025708161294460297e-02
-3.696100413799285889e-01
-5.573868155479431152e-01
-1.206525087356567383e+00
5.209023356437683105e-01
-1.536185264587402344e+00
-1.278598189353942871e+00
-1.464220881462097168e-01
-3.356632217764854431e-02
-1.471678614616394043e+00
1.958930343389511108e-01
5.003163814544677734e-01
-1.233791112899780273e+00
9.740362167358398438e-01
-5.374449491500854492e-01
1.846748590469360352e-01
2.531532943248748779e-01
1.113816261291503906e+00
2.112815856933593750e+00
-4.066351950168609619e-01
-5.039451271295547485e-02
-4.781267642974853516e-01
-1.503825068473815918e+00
-1.210008502006530762e+00
-5.295196771621704102e-01
-3.875823915004730225e-01
4.922330975532531738e-01
2.641350924968719482e-01
4.056905806064605713e-01
-4.198240041732788086e-01
-9.116697907447814941e-01
4.051024317741394043e-01
1.535290718078613281e+00
2.045323252677917480e-01
6.586737185716629028e-02
-4.653242528438568115e-01
-2.456200420856475830e-01
-2.267847061157226562e-01
1.365679055452346802e-01
5.626865029335021973e-01
1.239149212837219238e+00
-2.233910858631134033e-01
1.118645668029785156e+00
1.010496914386749268e-01
-7.077023386955261230e-01
4.255011975765228271e-01
3.604266941547393799e-01
-6.069264411926269531e-01
-1.534533619880676270e+00
-3.332289159297943115e-01
1.455676436424255371e+00
3.733624815940856934e-01
-1.279685854911804199e+00
1.335625290870666504e+00
6.782466769218444824e-01
5.481036305427551270e-01
-3.318065404891967773e-01
3.833664581179618835e-02
4.225961267948150635e-01
4.577938616275787354e-01
1.479749321937561035e+00
-4.316398799419403076e-01
1.435689449310302734e+00
-7.750765085220336914e-01
-4.050387740135192871e-01
9.665545821189880371e-02
-3.929939866065979004e-01
-1.185487359762191772e-01
1.803927302360534668e+00
-7.484512925148010254e-01
5.843825936317443848e-01
2.812948226928710938e-01
-3.467722535133361816e-01
-1.361595988273620605e+00
1.804971843957901001e-01
-7.704464197158813477e-01
-3.342633247375488281e-01
-2.307813167572021484e+00
-1.222504854202270508e+00
-2.634831666946411133e-01
5.267078280448913574e-01
-1.013960763812065125e-01
-2.297971397638320923e-01
1.670363247394561768e-01
-4.378185272216796875e+00
5.961615443229675293e-01
3.177435398101806641e-01
5.970127582550048828e-01
3.671898245811462402e-01
2.049540355801582336e-02
-5.276664346456527710e-02
9.360058903694152832e-01
-1.117616176605224609e+00
-1.429712027311325073e-01
-1.177376747131347656e+00
-2.872688055038452148e+00
-1.622664570808410645e+00
6.394196748733520508e-01
8.535363674163818359e-01
-2.612209081649780273e+00
-1.048452854156494141e+00
-1.802516341209411621e+00
-1.076984047889709473e+00
1.201357364654541016e+00
-4.983595013618469238e-01
3.547066152095794678e-01
9.722282886505126953e-01
7.423882484436035156e-01
9.979411959648132324e-01
-8.987079262733459473e-01
3.572978973388671875e-01
8.505370020866394043e-01
3.513579368591308594e-01
-4.884296655654907227e-01
4.754693806171417236e-01
3.154201209545135498e-01
3.781297802925109863e-01
7.912332415580749512e-01
8.083896636962890625e-01
3.148132264614105225e-01
-1.664688587188720703e-01
-2.979739308357238770e-01
3.238474726676940918e-01
-1.829120993614196777e+00
7.870492339134216309e-02
-1.882734775543212891e+00
-5.521134734153747559e-01
1.554274260997772217e-01
-1.671594828367233276e-01
1.181894302368164062e+00
-1.476877331733703613e+00
-9.634959697723388672e-02
-7.723742723464965820e-01
-1.188314676284790039e+00
-1.627712845802307129e+00
5.681257247924804688e-01
-5.346083641052246094e-02
-1.166227221488952637e+00
-3.707766532897949219e-01
-7.936672568321228027e-01
-2.403490304946899414e+00
4.053939580917358398e-01
9.553793072700500488e-01
1.009939089417457581e-01
1.684762239456176758e+00
1.010250210762023926e+00
-1.062767863273620605e+00
-4.073154330253601074e-01
-9.423575401306152344e-01
1.473205447196960449e+00
-4.515786170959472656e-01
-8.261638283729553223e-01
4.504828751087188721e-01
2.687152326107025146e-01
-4.954850673675537109e-01
-8.432135581970214844e-01
1.445018410682678223e+00
7.437021136283874512e-01
-3.273388370871543884e-02
-1.634855866432189941e-01
-3.590194582939147949e-01
-8.450557589530944824e-01
3.315968811511993408e-01
-3.061387129127979279e-02
-7.201573252677917480e-01
-5.064647197723388672e-01
-8.188543915748596191e-01
-8.031124472618103027e-01
5.292513966560363770e-01
8.144306540489196777e-01
-5.406665205955505371e-01
1.789625138044357300e-01
-4.441035091876983643e-01
1.112555503845214844e+00
3.933359384536743164e-01
2.514434099197387695e+00
1.089309096336364746e+00
-1.729679256677627563e-01
4.255218207836151123e-01
8.318086266517639160e-01
1.372416138648986816e+00
4.510060846805572510e-01
-1.350976228713989258e+00
-8.129656910896301270e-01
1.995185256004333496e+00
1.815775930881500244e-01
5.742168426513671875e-01
-5.563660860061645508e-01
2.081376075744628906e+00
9.580257534980773926e-02
1.462989330291748047e+00
1.232768774032592773e+00
-1.003148317337036133e+00
1.138844251632690430e+00
-6.260968744754791260e-02
-6.675250083208084106e-02
9.418572783470153809e-01
-1.326071500778198242e+00
1.157283782958984375e-01
-7.306602597236633301e-01
1.248500347137451172e+00
1.857615411281585693e-01
8.833260536193847656e-01
1.230032205581665039e+00
-2.187220305204391479e-01
-2.115939259529113770e-01
5.811108350753784180e-01
-1.174148797988891602e+00
1.545562624931335449e+00
-1.179180383682250977e+00
3.921183049678802490e-01
-1.863090395927429199e+00
-6.501511931419372559e-01
4.321370273828506470e-02
6.940088868141174316e-01
5.491354465484619141e-01
-7.430852055549621582e-01
2.910849153995513916e-01
6.114585995674133301e-01
8.781488537788391113e-01
1.152550503611564636e-01
6.834812760353088379e-01
6.708548665046691895e-01
-2.248417884111404419e-01
8.989724516868591309e-01
-9.110240936279296875e-01
6.736820936203002930e-01
2.053529173135757446e-01
1.113238811492919922e+00
7.591798305511474609e-01
-9.320556521415710449e-01
-3.454280793666839600e-01
-1.382807374000549316e+00
-3.726224005222320557e-01
-1.404932290315628052e-01
4.398666620254516602e-01
-3.825590312480926514e-01
-2.622186243534088135e-01
-5.605753660202026367e-01
7.436397075653076172e-01
1.456813812255859375e+00
1.052049875259399414e+00
-1.490912795066833496e+00
7.539151310920715332e-01
-7.662568986415863037e-02
-7.770749330520629883e-01
2.218569993972778320e+00
-3.954868018627166748e-01
4.275395348668098450e-02
1.340309858322143555e+00
4.465560913085937500e-01
1.902646571397781372e-01
-1.419617831707000732e-01
1.465550065040588379e+00
-4.129650890827178955e-01
-1.826959997415542603e-01
1.586271405220031738e+00
1.583607554435729980e+00
4.356539249420166016e-01
-1.476635217666625977e+00
-1.377917170524597168e+00
1.685638785362243652e+00
-3.053359985351562500e-01
5.756888389587402344e-01
9.179080277681350708e-02
-1.820338368415832520e+00
4.235203266143798828e-01
-2.691706717014312744e-01
6.195626258850097656e-01
-8.128092288970947266e-01
-1.648662567138671875e+00
5.421044826507568359e-01
1.861179947853088379e+00
-5.662733912467956543e-01
1.287634134292602539e+00
-4.292655885219573975e-01
9.485564231872558594e-01
-5.410376191139221191e-01
7.126256227493286133e-01
-1.033714771270751953e+00
-3.856550753116607666e-01
-1.524731159210205078e+00
-4.799815118312835693e-01
-9.577748179435729980e-01
2.559103965759277344e-01
3.169234991073608398e-01
-1.904062628746032715e-01
-6.339689493179321289e-01
-2.003257274627685547e-01
8.807593584060668945e-02
-1.570394039154052734e+00
3.352734148502349854e-01
1.665751636028289795e-01
-6.722696125507354736e-02
-4.035730361938476562e-01
8.263298869132995605e-01
3.165269494056701660e-01
-5.071331858634948730e-01
2.641596198081970215e-01
-1.131443619728088379e+00
-2.372063398361206055e+00
1.094471454620361328e+00
2.259964197874069214e-01
8.086286783218383789e-01
2.786587774753570557e-01
-8.961332440376281738e-01
1.225801301188766956e-03
-1.631640046834945679e-01
-3.573141098022460938e-01
-2.251219898462295532e-01
-2.901890873908996582e-01
4.397306963801383972e-02
-6.298797726631164551e-01
4.756023287773132324e-01
-7.315053939819335938e-01
-3.511081695556640625e+00
1.010090112686157227e+00
8.400329947471618652e-01
-6.527522802352905273e-01
4.233701825141906738e-01
1.065598845481872559e+00
1.279259085655212402e+00
-1.212187647819519043e+00
3.854051828384399414e-01
-7.188398838043212891e-01
2.206134945154190063e-01
-6.025502085685729980e-01
-1.722028136253356934e+00
2.277828194200992584e-02
1.547619104385375977e-01
-1.643023081123828888e-02
3.227822780609130859e-01
-7.403762936592102051e-01
-5.891057252883911133e-01
3.144500851631164551e-01
-1.051560044288635254e-01
-1.282798528671264648e+00
4.633417725563049316e-01
6.511622071266174316e-01
-1.029088497161865234e+00
2.505285024642944336e+00
-1.314218878746032715e+00
1.608683228492736816e+00
6.429575681686401367e-01
-2.620253860950469971e-01
6.458905339241027832e-01
-1.115970969200134277e+00
-1.667828261852264404e-01
5.872140526771545410e-01
-1.315062642097473145e+00
9.141391515731811523e-01
6.682314276695251465e-01
-1.864632368087768555e-01
-7.192576527595520020e-01
-7.301153540611267090e-01
-5.857226252555847168e-01
5.975196361541748047e-01
1.134205460548400879e+00
-6.809196472167968750e-01
-5.095378160476684570e-01
4.560727477073669434e-01
-8.624849915504455566e-01
-7.858877778053283691e-01
6.967281103134155273e-01
-1.007861852645874023e+00
5.184708833694458008e-01
8.635903596878051758e-01
-5.219367891550064087e-02
-4.726828336715698242e-01
1.695614218711853027e+00
3.435450494289398193e-01
3.978617787361145020e-01
-1.506218612194061279e-01
4.544288814067840576e-01
1.229455590248107910e+00
-6.685475707054138184e-01
-1.391914367675781250e+00
7.425798177719116211e-01
1.149160742759704590e+00
-3.037799358367919922e+00
-4.245381057262420654e-01
8.293276280164718628e-02
7.333069443702697754e-01
-9.432297945022583008e-01
7.405802607536315918e-01
3.180116415023803711e-01
1.126833632588386536e-01
1.125420928001403809e+00
-8.399837613105773926e-01
1.405703306198120117e+00
-1.215178668498992920e-01
-1.311464548110961914e+00
-1.455998420715332031e+00
5.781867504119873047e-01
6.745321750640869141e-01
-4.380360618233680725e-02
-6.881830096244812012e-01
4.165749251842498779e-01
-6.989220380783081055e-01
9.375287592411041260e-02
1.748993754386901855e+00
1.031720280647277832e+00
-5.838249921798706055e-01
-1.388164758682250977e+00
1.263846874237060547e+00
7.702810764312744141e-01
-1.006103754043579102e+00
3.874750435352325439e-01
-1.047576069831848145e+00
9.941633343696594238e-01
6.552843451499938965e-01
-3.324043750762939453e-01
2.562539815902709961e+00
4.805972874164581299e-01
1.984154134988784790e-01
4.125484228134155273e-01
3.916175570338964462e-03
9.899694919586181641e-01
1.090683937072753906e+00
6.916267275810241699e-01
2.319748848676681519e-01
-9.834146499633789062e-01
3.656809404492378235e-02
3.271463513374328613e-01
8.681660890579223633e-01
4.626443088054656982e-01
1.387238264083862305e+00
-2.591041564941406250e+00
2.374282926321029663e-01
-1.480900198221206665e-01
4.381591975688934326e-01
3.311620950698852539e-01
3.072503507137298584e-01
2.107129245996475220e-01
7.202366590499877930e-01
4.795246571302413940e-02
-8.270513415336608887e-01
4.582123756408691406e-01
-3.112556934356689453e-01
7.249290943145751953e-01
-4.853705167770385742e-01
-7.835002541542053223e-01
4.913400709629058838e-01
-7.561429142951965332e-01
-1.461466550827026367e+00
9.351810812950134277e-01
5.222682282328605652e-02
-3.514829277992248535e-01
4.074622690677642822e-01
8.557209968566894531e-01
-4.104546830058097839e-02
1.056739091873168945e+00
1.269434094429016113e+00
3.609545901417732239e-02
2.763639986515045166e-01
-7.396163791418075562e-02
-4.546765685081481934e-01
9.768760800361633301e-01
-2.388455122709274292e-01
-2.756456434726715088e-01
7.141273617744445801e-01
-5.806017518043518066e-01
1.733545064926147461e+00
1.328584671020507812e+00
4.611639678478240967e-01
-1.367263048887252808e-01
-6.423434615135192871e-01
1.218654155731201172e+00
-1.291819289326667786e-02
1.286696493625640869e-01
2.486189305782318115e-01
-9.222196936607360840e-01
-4.518815577030181885e-01
4.432264566421508789e-01
-5.575365424156188965e-01
-4.971151351928710938e-01
9.485768079757690430e-01
-5.334439277648925781e-01
-2.734265923500061035e-01
1.087443947792053223e+00
-8.022502660751342773e-01
-3.007011711597442627e-01
3.583837449550628662e-01
3.379950765520334244e-03
5.407648086547851562e-01
-9.525017142295837402e-01
-5.593751370906829834e-02
1.201094150543212891e+00
6.679912209510803223e-01
-2.994253933429718018e-01
1.284466534852981567e-01
1.296392560005187988e+00
-8.929454684257507324e-01
9.938004016876220703e-01
4.802131652832031250e-01
1.684564501047134399e-01
1.019224047660827637e+00
-7.548698782920837402e-01
-2.015714049339294434e-01
1.186847686767578125e+00
-8.723733425140380859e-01
1.005379676818847656e+00
1.036117434501647949e+00
-8.257909417152404785e-01
6.028610467910766602e-01
-3.406489491462707520e-01
-6.245880722999572754e-01
-1.205267086625099182e-01
2.432453870773315430e+00
6.870918273925781250e-01
-1.419779419898986816e+00
-3.425979986786842346e-02
2.680113017559051514e-01
-3.539371192455291748e-01
-4.584230184555053711e-01
-8.268927931785583496e-01
1.719353079795837402e+00
-3.130525052547454834e-01
-1.424442291259765625e+00
-1.345054864883422852e+00
-1.389714956283569336e+00
-1.647347807884216309e+00
-2.812402248382568359e+00
6.571585536003112793e-01
-6.140817999839782715e-01
-1.639766573905944824e+00
7.396685481071472168e-01
2.523207068443298340e-01
8.951357603073120117e-01
1.149600148200988770e+00
-9.413886666297912598e-01
-1.681369781494140625e+00
-2.992622852325439453e-01
1.911127120256423950e-01
8.474200367927551270e-01
1.136835455894470215e+00
1.067065298557281494e-01
-4.224239587783813477e-01
-2.372225522994995117e-01
9.685776233673095703e-01
7.194548249244689941e-01
-1.340580224990844727e+00
-2.328649759292602539e+00
-6.574569270014762878e-03
-4.567191004753112793e-01
