4.774989560246467590e-02
-7.203622460365295410e-01
7.214220166206359863e-01
5.272844433784484863e-01
1.347788691520690918e+00
-6.109533905982971191e-01
2.937995195388793945e-01
-4.379527270793914795e-01
1.528266072273254395e+00
-1.461825132369995117e+00
-6.326597929000854492e-01
8.200110793113708496e-01
-6.038156747817993164e-01
8.107090592384338379e-01
5.436705425381660461e-02
-1.289612531661987305e+00
2.089737653732299805e-01
8.423567414283752441e-01
4.773249328136444092e-01
-5.509483814239501953e-01
3.135794699192047119e-01
7.517875432968139648e-01
-7.907854318618774414e-01
9.413900971412658691e-01
-6.629177331924438477e-01
-9.138177633285522461e-01
-1.070090293884277344e+00
1.779905259609222412e-01
8.819396048784255981e-02
1.990542560815811157e-01
1.058613583445549011e-01
8.286042213439941406e-01
-7.996698468923568726e-02
-4.021094739437103271e-01
-3.160823285579681396e-01
4.558288305997848511e-02
-6.555336713790893555e-01
-4.207336604595184326e-01
-1.938757449388504028e-01
-1.402843117713928223e+00
-1.092343211174011230e+00
-5.729731917381286621e-01
1.750279963016510010e-01
-8.430261611938476562e-01
1.939271539449691772e-01
1.486647725105285645e+00
7.231784462928771973e-01
-5.249866843223571777e-01
-5.452043414115905762e-01
-2.362356781959533691e-01
-1.230610847473144531e+00
-1.936246305704116821e-01
-8.474331498146057129e-01
-1.925011426210403442e-01
-1.799933075904846191e+00
9.210389256477355957e-01
5.557866692543029785e-01
-2.226817905902862549e-01
1.620070189237594604e-01
-4.624429643154144287e-01
-1.948612928390502930e-01
1.352172136306762695e+00
7.023218870162963867e-01
2.748100459575653076e-01
-4.227757453918457031e-01
-6.563701629638671875e-01
1.007890462875366211e+00
-5.646717548370361328e-01
3.258810639381408691e-01
2.740060091018676758e-01
-3.817326426506042480e-01
-2.724785804748535156e-01
1.376092910766601562e+00
2.639478445053100586e-01
-1.190391182899475098e+00
-1.595472216606140137e+00
4.063773751258850098e-01
-4.355628192424774170e-01
-3.721225559711456299e-01
3.014498949050903320e-01
6.373728513717651367e-01
5.401709079742431641e-01
6.029631495475769043e-01
-2.379714846611022949e-01
-3.532166779041290283e-02
1.832051515579223633e+00
-1.118060722947120667e-01
-2.135165929794311523e+00
1.421670436859130859e+00
5.128206014633178711e-01
-4.373690485954284668e-01
5.063081383705139160e-01
2.280421972274780273e+00
2.086839377880096436e-01
3.281925916671752930e-01
1.552793383598327637e+00
1.592344999313354492e+00
-3.626554012298583984e-01
7.161958217620849609e-01
-5.129002928733825684e-01
-6.315202116966247559e-01
-1.519854366779327393e-01
-1.193750739097595215e+00
9.665731340646743774e-02
1.309057831764221191e+00
-1.149039506912231445e+00
-1.186445951461791992e+00
1.930135786533355713e-01
-8.080509901046752930e-01
-1.011161565780639648e+00
-4.775725007057189941e-01
-8.677166700363159180e-01
3.217682838439941406e-01
-3.211303949356079102e-01
3.858783841133117676e-01
1.754882931709289551e+00
-1.102177739143371582e+00
-2.167715072631835938e+00
-1.052286267280578613e+00
3.680148124694824219e-01
-5.939888954162597656e-01
-8.717380762100219727e-01
-1.326753497123718262e-01
-3.889451324939727783e-01
-1.034286499023437500e+00
-4.900572597980499268e-01
-1.217166304588317871e+00
1.663822382688522339e-01
-1.207387685775756836e+00
-5.193241834640502930e-01
1.432085037231445312e-01
-7.171403169631958008e-01
5.814344435930252075e-02
1.211517333984375000e+00
5.724592208862304688e-01
8.778178095817565918e-01
6.639741659164428711e-01
4.846495091915130615e-01
-2.332874298095703125e+00
-1.615113019943237305e+00
5.638153478503227234e-02
-2.249553427100181580e-02
-7.992783784866333008e-01
2.021297663450241089e-01
-6.814739704132080078e-01
4.641922712326049805e-01
2.303558349609375000e+00
-1.519147038459777832e+00
7.221680879592895508e-02
-1.306461840867996216e-01
-1.696060061454772949e+00
4.778646230697631836e-01
8.866403251886367798e-02
-4.043248891830444336e-01
1.268147081136703491e-01
8.560666441917419434e-01
7.679586410522460938e-01
7.528869807720184326e-02
-2.877073884010314941e-01
5.108688473701477051e-01
-1.148700475692749023e+00
8.873969316482543945e-01
-1.285591363906860352e+00
-1.286648869514465332e+00
7.048896551132202148e-01
5.629622340202331543e-01
-4.956513643264770508e-01
1.040758013725280762e+00
1.172651529312133789e+00
7.963041663169860840e-01
1.783082604408264160e+00
-1.270120263099670410e+00
5.784452557563781738e-01
9.940614700317382812e-01
-1.620433092117309570e+00
-1.140963360667228699e-01
1.370121717453002930e+00
4.650240242481231689e-01
-5.830100774765014648e-01
-1.200608730316162109e+00
1.323443353176116943e-01
-2.328119128942489624e-01
-1.280947089195251465e+00
-2.832527160644531250e-01
-1.317542046308517456e-01
-9.843440055847167969e-01
-8.893488049507141113e-01
-2.950000047683715820e+00
-2.047135353088378906e+00
-2.904691100120544434e-01
-8.684244751930236816e-01
-3.863942027091979980e-01
-2.230746746063232422e-01
-2.027560621500015259e-01
1.695398330688476562e+00
9.906682372093200684e-01
-4.107018709182739258e-01
-8.302423954010009766e-01
-2.283314019441604614e-01
1.102011799812316895e+00
-1.019020676612854004e+00
-1.082277655601501465e+00
-2.460325062274932861e-01
-1.133730530738830566e+00
5.315299034118652344e-01
1.110440135002136230e+00
-2.372205853462219238e-01
6.838917136192321777e-01
-9.214456379413604736e-02
3.248890638351440430e-01
-2.207378596067428589e-01
7.246451377868652344e-01
-1.148153066635131836e+00
-5.667020082473754883e-01
3.081477284431457520e-01
-5.304395556449890137e-01
-8.746302723884582520e-01
1.511772155761718750e+00
1.017371863126754761e-01
5.512847304344177246e-01
-1.573605537414550781e+00
-1.395390272140502930e+00
6.061066985130310059e-01
-3.763448596000671387e-01
6.542272567749023438e-01
-3.556176722049713135e-01
8.283236026763916016e-01
3.172668442130088806e-02
4.506398141384124756e-01
-7.532050013542175293e-01
7.446737885475158691e-01
-3.320596814155578613e-01
-1.184027791023254395e+00
1.657132029533386230e+00
-1.408723950386047363e+00
-5.633924007415771484e-01
1.533784121274948120e-01
-6.892430037260055542e-02
1.733754128217697144e-01
3.737294673919677734e-01
1.216126799583435059e+00
2.179239511489868164e+00
-7.757072448730468750e-01
-6.925058960914611816e-01
3.449300527572631836e-01
-2.987639009952545166e-01
-1.273208379745483398e+00
-1.380368232727050781e+00
5.044025182723999023e-01
5.400364398956298828e-01
-2.356288731098175049e-01
2.156889587640762329e-01
-1.876234114170074463e-01
-3.584426641464233398e-01
-2.751465141773223877e-01
1.076946258544921875e+00
-7.728184014558792114e-02
5.791344642639160156e-01
-5.676540136337280273e-01
-6.827824115753173828e-01
-1.040371581912040710e-01
-1.499774307012557983e-01
9.065802097320556641e-01
-1.247774243354797363e+00
3.709434568881988525e-01
1.583402276039123535e+00
1.029685378074645996e+00
-9.167260676622390747e-02
-9.315561056137084961e-01
-3.236503154039382935e-02
-4.359334707260131836e-03
-7.256319522857666016e-01
1.824224591255187988e-01
7.768247723579406738e-01
-9.119397997856140137e-01
-7.430964112281799316e-01
6.602846384048461914e-01
5.000257492065429688e-01
-9.541998505592346191e-01
-7.424885034561157227e-01
-1.545618534088134766e+00
1.212352067232131958e-01
2.549079060554504395e-01
6.156673431396484375e-01
2.600623965263366699e-01
4.279336929321289062e-01
-2.684811353683471680e-01
4.563436508178710938e-01
-7.982393354177474976e-02
-1.691567152738571167e-02
4.714633822441101074e-01
5.332007259130477905e-02
7.789742201566696167e-02
-8.865864872932434082e-01
-1.995462030172348022e-01
-1.651921570301055908e-01
-1.341682314872741699e+00
-4.604798182845115662e-02
-1.140314698219299316e+00
8.414875268936157227e-01
-1.125716686248779297e+00
-1.338642716407775879e+00
-8.268730044364929199e-01
1.074816584587097168e+00
-8.170830011367797852e-01
7.221636772155761719e-01
-1.186124086380004883e+00
-1.548136115074157715e+00
5.334930419921875000e-01
4.271472617983818054e-02
3.502385318279266357e-01
3.697162270545959473e-01
3.439489305019378662e-01
-1.620626568794250488e+00
8.792579770088195801e-01
-5.316813588142395020e-01
-1.135042980313301086e-01
-2.695153355598449707e-01
2.847086191177368164e-01
-1.873923659324645996e+00
1.158245921134948730e+00
1.159733772277832031e+00
-1.827968597412109375e+00
-1.813520193099975586e+00
5.545859336853027344e-01
-9.771537780761718750e-01
-6.035244464874267578e-02
3.792825043201446533e-01
-1.128179550170898438e+00
9.447110444307327271e-02
4.551210403442382812e-01
1.375982046127319336e+00
-7.535919547080993652e-01
3.108637332916259766e-01
1.428080320358276367e+00
3.465986251831054688e-01
-4.169252812862396240e-01
-1.888348609209060669e-01
-5.131770372390747070e-01
-3.542661666870117188e-01
2.964254617691040039e-01
-4.785799980163574219e-01
-1.324096679687500000e+00
-8.890344500541687012e-01
-8.792939186096191406e-01
-3.280908763408660889e-01
-1.216579079627990723e+00
-3.757877349853515625e-01
-6.628157496452331543e-01
-8.495391607284545898e-01
-1.196250244975090027e-01
-1.104009866714477539e+00
8.819521665573120117e-01
-9.722544997930526733e-02
2.362796515226364136e-01
-2.162694782018661499e-01
-5.638325214385986328e-01
3.013023734092712402e-01
-4.939348995685577393e-01
6.049251928925514221e-02
-1.303987622261047363e+00
-7.522944808006286621e-01
-4.231541976332664490e-02
-7.247381210327148438e-01
5.849972367286682129e-01
-9.570069611072540283e-02
-8.060302585363388062e-02
5.236376449465751648e-02
2.202257513999938965e-01
3.208370208740234375e-01
-1.889728158712387085e-01
-4.528032541275024414e-01
5.412331596016883850e-02
1.264705657958984375e-01
-9.545661211013793945e-01
5.356679558753967285e-01
-6.507180929183959961e-01
6.279639154672622681e-02
-1.737299561500549316e+00
8.398635387420654297e-01
-5.288407802581787109e-01
-4.998252987861633301e-01
-1.436147391796112061e-01
-7.906816601753234863e-01
1.250048130750656128e-01
-6.015122309327125549e-02
-1.612688660621643066e+00
8.687455207109451294e-02
1.694891571998596191e+00
-4.319537281990051270e-01
-5.644277110695838928e-02
-7.624692469835281372e-02
5.163139104843139648e-01
2.668012976646423340e-01
2.580422163009643555e-01
-4.527364075183868408e-01
5.534583926200866699e-01
-1.916634142398834229e-01
2.549554347991943359e+00
-3.456920981407165527e-01
-6.902592778205871582e-01
8.271295428276062012e-01
7.874370813369750977e-01
1.473804861307144165e-01
7.207873463630676270e-02
-1.681397199630737305e+00
-2.313800573348999023e+00
3.275052309036254883e-01
8.130289912223815918e-01
4.792558550834655762e-01
-8.051758259534835815e-02
1.518863081932067871e+00
4.727143421769142151e-02
4.524140655994415283e-01
8.347193598747253418e-01
-1.107084989547729492e+00
1.548753619194030762e+00
5.828737616539001465e-01
-9.326906204223632812e-01
-4.522186815738677979e-01
-1.656122088432312012e+00
6.031240820884704590e-01
7.223421335220336914e-01
5.541892647743225098e-01
4.486969113349914551e-01
-2.207008749246597290e-01
1.500692367553710938e+00
7.323033809661865234e-01
2.850973010063171387e-01
6.357872486114501953e-02
-1.012623161077499390e-01
4.758709669113159180e-01
-1.201974987983703613e+00
2.234967499971389771e-01
-5.548006296157836914e-01
4.287472963333129883e-01
-8.881753683090209961e-01
4.686630368232727051e-01
6.088487505912780762e-01
-5.068206787109375000e-01
1.747726917266845703e+00
9.255428910255432129e-01
1.225422978401184082e+00
3.668700456619262695e-01
1.335059553384780884e-01
1.225917935371398926e-01
4.355236887931823730e-01
1.202777743339538574e+00
6.509213894605636597e-02
-3.727369382977485657e-02
-3.758139312267303467e-01
4.911328554153442383e-01
1.256171707063913345e-02
-2.469311714172363281e+00
2.446582466363906860e-01
1.464226722717285156e+00
6.394258737564086914e-01
6.970423460006713867e-01
-7.153143286705017090e-01
5.945606827735900879e-01
3.080115914344787598e-01
-4.549343287944793701e-01
5.533142089843750000e-01
3.690880835056304932e-01
1.717522293329238892e-01
1.177058592438697815e-01
3.480813503265380859e-01
9.583024680614471436e-02
5.835168063640594482e-02
1.553703665733337402e+00
-9.677619934082031250e-01
8.598892092704772949e-01
7.456314563751220703e-01
7.194115519523620605e-01
3.586052656173706055e-01
8.476995825767517090e-01
1.186459064483642578e+00
1.951351016759872437e-01
4.231338500976562500e-01
4.541831612586975098e-01
-5.668212845921516418e-02
-4.795777201652526855e-01
1.524482071399688721e-01
-3.214247524738311768e-01
6.266886591911315918e-01
-8.270322680473327637e-01
6.885667443275451660e-01
2.089668035507202148e+00
-6.407070159912109375e-01
-7.460100054740905762e-01
-2.532159723341464996e-02
-3.931577503681182861e-01
-3.593364059925079346e-01
-1.197614908218383789e+00
9.689666330814361572e-02
9.791254401206970215e-01
-6.123440265655517578e-01
9.791882038116455078e-01
1.206624805927276611e-01
-6.558370310813188553e-03
-4.409272670745849609e-01
7.191519439220428467e-02
6.773848086595535278e-02
-2.409177422523498535e-01
-8.122365474700927734e-01
2.102055102586746216e-01
-5.020994544029235840e-01
8.613748550415039062e-01
2.745406031608581543e-01
-9.711292386054992676e-02
-1.544901251792907715e+00
4.671075642108917236e-01
-4.217758476734161377e-01
2.889796495437622070e-01
-5.058975815773010254e-01
-6.192591786384582520e-01
1.723820865154266357e-01
3.385908007621765137e-01
-9.602871537208557129e-02
-1.913248896598815918e-01
-3.837966620922088623e-01
-1.582494139671325684e+00
6.175014376640319824e-01
-4.482241868972778320e-01
-6.697974801063537598e-01
-2.353839576244354248e-01
3.056015968322753906e-01
3.059266805648803711e-01
-2.216744661331176758e+00
-1.375024676322937012e+00
9.391964077949523926e-01
-1.074080467224121094e+00
3.816577792167663574e-01
5.379437208175659180e-01
1.078042745590209961e+00
-2.599981307983398438e+00
3.932384550571441650e-01
-9.261344671249389648e-01
-1.175289750099182129e+00
9.557140469551086426e-01
1.856645196676254272e-01
-1.347408294677734375e+00
1.835821032524108887e+00
-2.869383990764617920e-01
1.064381837844848633e+00
-1.169129729270935059e+00
9.481741189956665039e-01
6.375426054000854492e-01
-4.382324218750000000e-01
-5.869106650352478027e-01
-3.999190926551818848e-01
-8.393905162811279297e-01
-3.586750328540802002e-01
-7.317191362380981445e-01
-2.226909063756465912e-02
-6.296613812446594238e-01
6.777521371841430664e-01
-1.292773723602294922e+00
1.549523323774337769e-01
-6.884356141090393066e-01
6.387956142425537109e-01
6.972653269767761230e-01
-8.423126339912414551e-01
9.779376387596130371e-01
-1.388611674308776855e+00
1.149547576904296875e+00
1.496315002441406250e+00
-6.383717060089111328e-01
-1.675578057765960693e-01
-6.754490137100219727e-01
-1.038579940795898438e-01
-3.962448537349700928e-01
-9.703276157379150391e-01
5.757902264595031738e-01
1.352926969528198242e+00
1.048676013946533203e+00
3.922510147094726562e-01
4.504629224538803101e-02
-5.349873751401901245e-02
-4.804288744926452637e-01
-6.933283805847167969e-02
-1.844679355621337891e+00
-3.322984278202056885e-01
2.383768081665039062e+00
4.975593090057373047e-02
-6.302604079246520996e-01
1.566007584333419800e-01
-3.304114341735839844e-01
-6.259965300559997559e-01
7.924146652221679688e-01
2.553905732929706573e-02
-4.812522828578948975e-01
9.511130452156066895e-01
1.312867999076843262e-01
1.197919845581054688e+00
1.426407217979431152e+00
7.151369452476501465e-01
1.058031678199768066e+00
-7.551892995834350586e-01
-1.133631587028503418e+00
7.744254916906356812e-02
3.293179571628570557e-01
-1.213080644607543945e+00
1.499089896678924561e-01
-4.696702361106872559e-01
-3.616111725568771362e-02
-9.577377438545227051e-01
1.172149658203125000e+00
-5.466173887252807617e-01
-1.029930710792541504e+00
5.336639285087585449e-01
2.707315683364868164e-01
7.059241533279418945e-01
9.425533413887023926e-01
-3.786766529083251953e-01
-1.000244140625000000e+00
-2.256384789943695068e-01
7.489405274391174316e-01
-3.038457632064819336e-01
-1.223847866058349609e+00
1.535483449697494507e-01
-5.331255793571472168e-01
-4.648623168468475342e-01
6.795910000801086426e-01
1.342827230691909790e-01
-6.200627088546752930e-01
-1.509459018707275391e+00
4.339696764945983887e-01
-2.247797697782516479e-01
-1.392438054084777832e+00
-6.098284721374511719e-01
-3.487708978354930878e-03
4.473863542079925537e-01
6.552892923355102539e-02
8.156779408454895020e-02
1.687203288078308105e+00
8.116839826107025146e-02
-2.023666054010391235e-01
-4.205838739871978760e-01
-4.605279862880706787e-01
1.079102754592895508e+00
2.042991369962692261e-01
2.637446224689483643e-01
1.620310842990875244e-01
-2.083657085895538330e-01
-6.633667945861816406e-01
5.622525215148925781e-01
1.485547184944152832e+00
5.188676118850708008e-01
8.967018723487854004e-01
-5.813718438148498535e-01
-3.147299885749816895e-01
2.054335474967956543e-01
3.917669355869293213e-01
-1.114179968833923340e+00
-7.116706967353820801e-01
-2.319409400224685669e-01
3.975773751735687256e-01
9.032601118087768555e-01
7.435730099678039551e-01
-4.462479352951049805e-01
3.091765046119689941e-01
-5.985344573855400085e-02
-9.070966243743896484e-01
1.127367496490478516e+00
8.846402764320373535e-01
6.353690624237060547e-01
-1.605138182640075684e+00
-2.393547296524047852e-01
2.115741521120071411e-01
-1.651466012001037598e+00
5.616573691368103027e-01
1.139364093542098999e-01
1.569236963987350464e-01
1.236391067504882812e+00
3.429366052150726318e-01
2.764116525650024414e-01
-7.793087959289550781e-01
-3.191760741174221039e-03
1.020864486694335938e+00
5.079650878906250000e-01
3.984856605529785156e-01
-8.676821589469909668e-01
8.094686269760131836e-01
-6.554953455924987793e-01
2.343210935592651367e+00
-2.019791156053543091e-01
-6.492372155189514160e-01
1.059868097305297852e+00
-6.716503500938415527e-01
-2.335912138223648071e-01
7.695779204368591309e-01
-8.587070703506469727e-01
-2.944473922252655029e-01
-1.016497135162353516e+00
-6.620076298713684082e-02
1.328391194343566895e+00
4.907802939414978027e-01
-3.200371563434600830e-02
-6.124082580208778381e-02
-8.765395879745483398e-01
8.349605835974216461e-03
7.137172818183898926e-01
7.967429161071777344e-01
-1.585125178098678589e-01
3.328018784523010254e-01
8.710888028144836426e-01
-1.978701353073120117e-01
-2.065829515457153320e+00
-7.109938859939575195e-01
1.070113420486450195e+00
4.983523190021514893e-01
2.405359596014022827e-02
7.521058320999145508e-01
1.693059444427490234e+00
-4.533469676971435547e-01
6.066859960556030273e-01
8.300783634185791016e-01
1.046997070312500000e+00
6.141290068626403809e-01
-7.766005396842956543e-01
3.777301609516143799e-01
2.541384994983673096e-01
3.252150118350982666e-01
2.122040510177612305e+00
1.094640612602233887e+00
3.179077208042144775e-01
-4.220140576362609863e-01
-2.344533681869506836e+00
1.308473467826843262e+00
1.548309922218322754e+00
1.780364274978637695e+00
1.619099020957946777e+00
-4.181135892868041992e-01
-7.547472715377807617e-01
-9.548373818397521973e-01
9.365296363830566406e-02
-5.768454074859619141e-01
8.814587444067001343e-02
8.004074692726135254e-01
-9.442854672670364380e-02
1.523384690284729004e+00
-4.665430635213851929e-02
-1.553100347518920898e+00
-5.488687753677368164e-01
-2.163207292556762695e+00
4.869176745414733887e-01
-5.157169103622436523e-01
-2.642010152339935303e-01
8.140316605567932129e-01
9.170173406600952148e-01
3.871024250984191895e-01
5.102246999740600586e-01
8.837986388243734837e-04
-3.466255366802215576e-01
5.881442427635192871e-01
2.801110148429870605e-01
1.113155961036682129e+00
1.498688817024230957e+00
1.025556027889251709e-02
1.627786159515380859e+00
2.225511521100997925e-01
1.381318807601928711e+00
1.503718793392181396e-01
1.660600751638412476e-01
-1.647943496704101562e+00
3.417464345693588257e-02
-5.954890847206115723e-01
