1.379479527473449707e+00
5.252325534820556641e-01
-4.825858175754547119e-01
-1.345138549804687500e+00
2.919136285781860352e-01
-1.226477101445198059e-01
1.659361459314823151e-02
-1.290058493614196777e+00
3.856435418128967285e-01
1.814737766981124878e-01
-2.249690532684326172e+00
1.364171504974365234e-01
-1.374664425849914551e+00
-6.289732456207275391e-01
-1.162170171737670898e+00
-4.957584440708160400e-01
-2.122941017150878906e-01
-9.526880085468292236e-02
-9.738984107971191406e-01
-1.284140944480895996e-01
4.168259203433990479e-01
5.260667800903320312e-01
-8.569229841232299805e-01
7.608114480972290039e-01
-5.486097931861877441e-02
-6.117990016937255859e-01
-1.267403721809387207e+00
2.532536685466766357e-01
9.435108304023742676e-02
-2.356508374214172363e-01
6.586119532585144043e-01
4.061956405639648438e-01
-1.210719108581542969e+00
-5.383365750312805176e-01
1.133327126502990723e+00
4.908019304275512695e-01
7.641882896423339844e-01
1.401531577110290527e+00
-4.887907505035400391e-01
-6.486067771911621094e-01
3.971820771694183350e-01
5.349859595298767090e-01
4.254398047924041748e-01
1.409789174795150757e-01
4.114482104778289795e-01
5.981292128562927246e-01
7.626190185546875000e-01
6.344901770353317261e-02
-2.562241852283477783e-01
-8.403424620628356934e-01
2.596934139728546143e-01
-6.648498773574829102e-02
-1.833745837211608887e-01
-5.025482177734375000e-01
-1.968685686588287354e-01
5.570842027664184570e-01
2.282080054283142090e-01
-4.740549623966217041e-01
-8.578293323516845703e-01
1.459456086158752441e-01
-1.028090476989746094e+00
2.005754232406616211e+00
1.711826086044311523e+00
-3.836444020271301270e-01
9.948182106018066406e-02
-1.771733522415161133e+00
9.556513279676437378e-02
-4.705136120319366455e-01
-3.012370765209197998e-01
8.184345960617065430e-01
-6.819070875644683838e-02
-7.854037284851074219e-01
-9.404478222131729126e-02
-6.441142559051513672e-01
-1.332895636558532715e+00
-7.716282010078430176e-01
1.071529746055603027e+00
-6.756660938262939453e-01
9.727890044450759888e-02
3.845882713794708252e-01
4.785895645618438721e-01
-4.342117607593536377e-01
-7.582751661539077759e-02
-3.659676313400268555e-01
-4.741411209106445312e-01
7.259481400251388550e-02
-7.884965091943740845e-02
-8.060489892959594727e-01
1.182132720947265625e+00
2.941111028194427490e-01
2.231932878494262695e-01
4.067757129669189453e-01
2.137475013732910156e+00
5.562715232372283936e-02
7.942172288894653320e-01
1.016282916069030762e+00
5.121489167213439941e-01
1.999005861580371857e-02
7.986093163490295410e-01
8.347681164741516113e-01
-8.331530094146728516e-01
-1.045910716056823730e+00
-1.308195233345031738e+00
1.740748763084411621e+00
1.335004210472106934e+00
-4.307967424392700195e-01
-1.542503088712692261e-01
-7.163548469543457031e-02
-8.723919391632080078e-01
-3.517242893576622009e-02
-4.664575457572937012e-01
-8.572801947593688965e-01
-1.885502934455871582e-01
-4.631916582584381104e-01
-2.654996514320373535e-02
-5.931198596954345703e-02
-1.442051976919174194e-01
-1.202853083610534668e+00
-1.380567848682403564e-01
1.558315753936767578e+00
-8.293833583593368530e-02
-1.686654537916183472e-01
-7.674936056137084961e-01
-1.743127346038818359e+00
-1.896965689957141876e-02
2.105229854583740234e+00
-1.184641718864440918e+00
1.722458936274051666e-02
1.237515360116958618e-01
5.529611185193061829e-02
1.200346946716308594e+00
-1.078621506690979004e+00
-3.532210588455200195e-01
1.514787435531616211e+00
8.558320999145507812e-01
8.626385927200317383e-01
-1.324970871210098267e-01
4.290594756603240967e-01
-1.245243549346923828e+00
-1.063493251800537109e+00
-1.405753493309020996e+00
-6.984969377517700195e-01
-1.332216143608093262e+00
5.285907387733459473e-01
-6.204593181610107422e-01
6.562700867652893066e-01
2.142433375120162964e-01
1.139249682426452637e+00
3.941164016723632812e-01
-1.234614372253417969e+00
2.930817902088165283e-01
1.215428829193115234e+00
-8.980454802513122559e-01
-1.938135862350463867e+00
1.180504679679870605e+00
2.821305096149444580e-01
2.292123287916183472e-01
-3.099310100078582764e-01
7.550843358039855957e-01
-2.726336941123008728e-02
-1.195649981498718262e+00
7.492775321006774902e-01
4.010961949825286865e-01
-7.005097270011901855e-01
2.633051633834838867e+00
5.522260069847106934e-01
3.474609553813934326e-01
-9.695715904235839844e-01
1.337924838066101074e+00
3.136821091175079346e-01
2.369205951690673828e+00
3.656870126724243164e-01
-4.885182380676269531e-01
5.282561779022216797e-01
-1.570077300071716309e+00
-2.042343139648437500e+00
3.300908207893371582e-01
1.622622251510620117e+00
-4.927869886159896851e-02
-7.759780287742614746e-01
-6.042279601097106934e-01
-1.087318509817123413e-01
-1.067270159721374512e+00
-3.793576061725616455e-01
7.340935468673706055e-01
-9.464182853698730469e-01
-1.213847279548645020e+00
-2.646260738372802734e+00
-8.487865924835205078e-01
2.847914099693298340e-01
-8.056541681289672852e-01
-1.950848549604415894e-01
-2.455800175666809082e-01
-1.296500023454427719e-02
1.950175404548645020e+00
9.422315359115600586e-01
-2.903181500732898712e-02
-8.785378932952880859e-01
-1.346475601196289062e+00
-3.176729679107666016e-01
-4.561414122581481934e-01
-6.047032475471496582e-01
-5.473305583000183105e-01
-5.449153780937194824e-01
6.961343288421630859e-01
9.412559866905212402e-01
-1.518600225448608398e+00
-6.491477489471435547e-01
-7.138034701347351074e-01
-1.705497205257415771e-01
-1.382489353418350220e-01
-6.064590811729431152e-01
-5.646511316299438477e-01
-2.293917387723922729e-01
-8.279303088784217834e-03
2.776741087436676025e-01
-2.294015735387802124e-01
5.957185029983520508e-01
1.263821363449096680e+00
9.830861687660217285e-01
-3.278298377990722656e-01
-8.913373947143554688e-01
1.943324804306030273e+00
-9.593675136566162109e-01
1.192278981208801270e+00
-8.069927096366882324e-01
-1.183086889795958996e-03
-1.275860071182250977e-01
-3.698580563068389893e-01
8.302631974220275879e-02
9.345759749412536621e-01
-1.509375125169754028e-01
-1.900844871997833252e-01
-4.068541824817657471e-01
-3.687077462673187256e-01
-7.074760794639587402e-01
1.082347631454467773e+00
-3.927108049392700195e-01
4.299817085266113281e-01
-1.170603036880493164e-01
1.642879545688629150e-01
4.973361194133758545e-01
-1.726975315250456333e-03
-4.326133728027343750e-01
1.277066171169281006e-01
-7.060563564300537109e-02
-2.204035758972167969e+00
-6.543088555335998535e-01
7.531830668449401855e-01
9.299491643905639648e-01
-1.040310621261596680e+00
1.240227460861206055e+00
-3.413140177726745605e-01
3.446536362171173096e-01
-1.105099469423294067e-01
4.482572078704833984e-01
-2.873445749282836914e-01
6.926708221435546875e-01
-6.439401507377624512e-01
-4.503632783889770508e-01
-7.177469134330749512e-01
-3.754979372024536133e-01
-1.299170970916748047e+00
1.297066569328308105e+00
3.672746419906616211e-01
1.652605056762695312e+00
1.257223248481750488e+00
-5.312362313270568848e-01
-7.850549221038818359e-01
6.746669858694076538e-02
-5.620551705360412598e-01
-7.646808624267578125e-01
-3.492594659328460693e-01
-2.119461148977279663e-01
4.147284924983978271e-01
6.230139732360839844e-02
-5.908282473683357239e-02
3.501212894916534424e-01
-1.531693190336227417e-01
-8.879775404930114746e-01
4.335465729236602783e-01
1.416183859109878540e-01
-9.308052659034729004e-01
-5.208218097686767578e-02
-3.953217715024948120e-02
2.316693589091300964e-02
-6.783725619316101074e-01
3.737759292125701904e-01
5.063619017601013184e-01
-8.349596261978149414e-01
-1.663695871829986572e-01
-3.315764069557189941e-01
-1.980178058147430420e-01
-9.278354048728942871e-02
1.965792477130889893e-02
-6.416583061218261719e-01
-8.645284771919250488e-01
-8.548136949539184570e-01
-1.560142189264297485e-01
2.617779672145843506e-01
-1.817364543676376343e-01
-2.052407741546630859e+00
-8.767654299736022949e-01
5.624186396598815918e-01
-8.866688013076782227e-01
-7.121851295232772827e-02
2.773481607437133789e-01
8.677021265029907227e-01
1.463437199592590332e+00
-2.203516960144042969e-01
5.496723055839538574e-01
-3.372174687683582306e-03
-6.352347731590270996e-01
-1.625621557235717773e+00
1.042855262756347656e+00
7.120528817176818848e-01
-1.163771674036979675e-01
-3.466741740703582764e-01
6.173115968704223633e-01
-2.497541666030883789e+00
1.220626711845397949e+00
1.602723717689514160e+00
-1.003925800323486328e+00
-1.575216293334960938e+00
-4.352391958236694336e-01
-5.198563933372497559e-01
-2.582950890064239502e-01
5.538977384567260742e-01
-7.361798286437988281e-01
-4.461091756820678711e-02
3.584450483322143555e-01
6.051633954048156738e-01
5.402325838804244995e-02
4.580047130584716797e-01
7.780093550682067871e-01
-7.352125644683837891e-01
-4.346143454313278198e-02
-3.992439508438110352e-01
-8.615317940711975098e-01
-4.741089642047882080e-01
-4.647839665412902832e-01
3.638978302478790283e-01
-1.707902103662490845e-01
2.603617012500762939e-01
-7.308691740036010742e-01
1.003823161125183105e+00
-2.345435172319412231e-01
-8.256123960018157959e-02
5.617956519126892090e-01
-1.439236640930175781e+00
1.278085947036743164e+00
3.812825083732604980e-01
3.756051957607269287e-01
-1.137945652008056641e+00
9.607983380556106567e-02
-6.370350718498229980e-01
-5.590549707412719727e-01
-1.069841146469116211e+00
-4.187995791435241699e-01
-7.372221350669860840e-01
-5.719280838966369629e-01
-2.330211997032165527e-01
8.941250443458557129e-01
-1.743639230728149414e+00
4.672594070434570312e-01
-1.079843193292617798e-01
-4.869764149188995361e-01
7.016529440879821777e-01
9.798412322998046875e-01
2.448330521583557129e-01
-2.834810316562652588e-01
-2.679197788238525391e-01
-3.589842915534973145e-01
-3.088844381272792816e-02
-6.123116612434387207e-01
7.375804781913757324e-01
3.319358825683593750e-01
-4.082793593406677246e-01
-1.405537843704223633e+00
6.171395778656005859e-01
-4.609152376651763916e-01
5.837416052818298340e-01
-1.472669839859008789e-01
-5.560126900672912598e-01
-1.085088849067687988e+00
-6.809678673744201660e-01
-7.758235335350036621e-01
-3.939552307128906250e-01
8.063300251960754395e-01
1.111151650547981262e-01
-6.774110347032546997e-02
-8.885859847068786621e-01
-2.192235141992568970e-01
1.091015100479125977e+00
-1.137765169143676758e+00
2.050829380750656128e-01
1.429918527603149414e+00
-1.000370681285858154e-01
7.932340502738952637e-01
-9.972796440124511719e-01
-4.547534584999084473e-01
6.821467876434326172e-01
7.821542620658874512e-01
-2.209069132804870605e-01
-1.910957545042037964e-01
-1.145112514495849609e+00
-8.646338582038879395e-01
5.353011488914489746e-01
2.736494243144989014e-01
-9.631181955337524414e-01
1.482064723968505859e-01
3.710427761077880859e+00
-2.084527909755706787e-01
-5.610556341707706451e-03
-1.841385215520858765e-01
-1.423295855522155762e+00
4.132086753845214844e+00
2.760287225246429443e-01
8.361721783876419067e-02
7.743248343467712402e-01
-9.721235632896423340e-01
4.605571627616882324e-01
6.836639642715454102e-01
-4.578431248664855957e-01
-1.460126936435699463e-01
-9.301446080207824707e-01
1.257275819778442383e+00
-1.266384571790695190e-01
8.019288182258605957e-01
8.476480841636657715e-01
-1.173545122146606445e-01
2.444236516952514648e+00
-8.735759258270263672e-01
9.334439635276794434e-01
-1.742901086807250977e+00
3.990823924541473389e-01
-3.428928554058074951e-01
9.714226722717285156e-01
-2.152925431728363037e-01
8.769708871841430664e-01
1.240325689315795898e+00
1.013808473944664001e-01
1.716946125030517578e+00
-2.248887568712234497e-01
5.230165719985961914e-01
9.667141735553741455e-02
1.094288825988769531e+00
1.144291639328002930e+00
3.086291067302227020e-02
-8.874058127403259277e-01
-5.560177564620971680e-01
-2.961247265338897705e-01
-7.424599491059780121e-03
-1.007002830505371094e+00
-4.768605530261993408e-01
1.017863675951957703e-01
-1.276584565639495850e-01
1.381772637367248535e+00
-6.734141111373901367e-01
-7.812691926956176758e-01
3.645165264606475830e-01
-3.600301146507263184e-01
1.173135712742805481e-01
-1.418011039495468140e-01
-5.391203165054321289e-01
2.755797803401947021e-01
9.550316333770751953e-01
7.590631488710641861e-03
-1.232144594192504883e+00
-1.327004909515380859e+00
-8.704502880573272705e-02
-7.704574614763259888e-03
1.376482248306274414e+00
3.153400421142578125e+00
1.062882468104362488e-01
3.163830339908599854e-01
1.967872500419616699e+00
9.018726944923400879e-01
-1.279351234436035156e+00
-2.474223077297210693e-01
-1.049566388130187988e+00
-4.139176309108734131e-01
-9.321649670600891113e-01
-1.025051832199096680e+00
1.276414513587951660e+00
1.712964847683906555e-02
1.273928046226501465e+00
1.232466816902160645e+00
-5.347057580947875977e-01
-3.067500591278076172e-01
1.629015989601612091e-02
2.484435588121414185e-01
-4.964888393878936768e-01
-1.085513353347778320e+00
9.534808397293090820e-01
2.269541174173355103e-01
-5.107254981994628906e-01
8.024254441261291504e-01
1.109170168638229370e-01
-7.608948945999145508e-01
5.040537118911743164e-01
-4.997516423463821411e-02
-1.138102356344461441e-02
-4.615240991115570068e-01
-1.095609426498413086e+00
-5.156502723693847656e-01
2.382839024066925049e-01
1.049697041511535645e+00
6.463161110877990723e-02
6.944963932037353516e-01
-1.422756433486938477e+00
1.600553989410400391e+00
-6.918120384216308594e-02
-1.001982927322387695e+00
1.150860309600830078e+00
-2.463984787464141846e-01
1.195046186447143555e+00
1.222013115882873535e+00
7.014864087104797363e-01
9.355803728103637695e-01
-1.312741994857788086e+00
2.774435281753540039e-01
-7.439548969268798828e-01
-7.452011704444885254e-01
-1.667222619056701660e+00
-5.338960289955139160e-01
-6.976864337921142578e-01
7.130270600318908691e-01
-2.897608280181884766e+00
5.965659022331237793e-01
-1.647872664034366608e-02
-1.068979501724243164e+00
-3.832664191722869873e-01
1.026298642158508301e+00
9.296950697898864746e-01
-2.960159778594970703e+00
-6.617818474769592285e-01
-1.014577984809875488e+00
-2.559636831283569336e+00
1.127479910850524902e+00
4.395590722560882568e-01
-9.653939008712768555e-01
7.771943807601928711e-01
1.875723749399185181e-01
-1.879472583532333374e-01
-4.713931083679199219e-01
8.583226799964904785e-01
2.711864374577999115e-02
-6.847853660583496094e-01
-2.293891191482543945e+00
-1.012175083160400391e+00
-1.198041677474975586e+00
-6.567946672439575195e-01
-3.283007144927978516e-01
4.202346503734588623e-01
1.534081995487213135e-01
1.080372691154479980e+00
-1.257613420486450195e+00
2.153019458055496216e-01
-6.200177669525146484e-01
7.604688405990600586e-02
1.618718802928924561e-01
-6.904769539833068848e-01
1.079228758811950684e+00
7.279638200998306274e-02
-3.420554697513580322e-01
-7.873904705047607422e-02
-9.344289898872375488e-01
8.451003432273864746e-01
8.261060342192649841e-03
-1.566722512245178223e+00
1.042108178138732910e+00
9.302457571029663086e-01
4.877523481845855713e-01
7.640158534049987793e-01
8.198535442352294922e-01
6.094084382057189941e-01
-1.199402213096618652e+00
-9.632021933794021606e-02
-2.502188459038734436e-02
9.605715423822402954e-02
-2.654476881027221680e+00
-4.690680801868438721e-01
1.133443593978881836e+00
8.431651443243026733e-02
6.218605861067771912e-02
6.189091801643371582e-01
1.543222546577453613e+00
8.265510201454162598e-01
1.621639132499694824e-01
4.301933944225311279e-01
-3.855877220630645752e-01
1.311035633087158203e+00
4.702405631542205811e-01
6.987671852111816406e-01
4.467142820358276367e-01
1.532136797904968262e+00
1.463913619518280029e-01
2.333324849605560303e-01
-4.920380115509033203e-01
4.326406121253967285e-01
3.283772766590118408e-01
-5.922464132308959961e-01
3.057201802730560303e-01
9.425847977399826050e-02
-5.642627552151679993e-02
-7.988311052322387695e-01
6.111200451850891113e-01
4.133637249469757080e-01
-5.445387363433837891e-01
1.401806712150573730e+00
2.934690117835998535e-01
5.802047848701477051e-01
9.140319824218750000e-01
-3.845777362585067749e-02
-1.747405171394348145e+00
1.011903047561645508e+00
-3.438184782862663269e-02
2.477870285511016846e-01
-4.073495268821716309e-01
-1.283092498779296875e-01
-5.785012245178222656e-01
2.779363989830017090e-01
-1.093895792961120605e+00
-9.406403899192810059e-01
-1.599945664405822754e+00
4.177737534046173096e-01
6.561949253082275391e-01
-5.065740346908569336e-01
-7.081503868103027344e-01
1.494367327541112900e-02
8.243213593959808350e-02
-7.240775972604751587e-02
-8.609040826559066772e-02
-2.738943994045257568e-01
1.110996484756469727e+00
-2.743516564369201660e-01
2.806467711925506592e-01
-1.804327405989170074e-02
4.697215259075164795e-01
5.268033742904663086e-01
1.315007805824279785e-01
-7.379163801670074463e-02
2.878033518791198730e-01
-7.326988577842712402e-01
4.146808385848999023e-02
1.120624899864196777e+00
6.559332609176635742e-01
-6.972165107727050781e-01
-5.321075916290283203e-01
-3.771663606166839600e-01
-6.007974743843078613e-01
2.252838164567947388e-01
-2.288603335618972778e-01
-5.112773180007934570e-01
-7.257121205329895020e-01
4.628022015094757080e-01
6.177905797958374023e-01
1.248936772346496582e+00
-5.528348684310913086e-01
-8.785927295684814453e-01
6.902880072593688965e-01
-1.118287801742553711e+00
-1.463308334350585938e+00
4.327498003840446472e-02
6.254191398620605469e-01
-3.403653204441070557e-01
-1.077038288116455078e+00
1.501646488904953003e-01
-1.930664330720901489e-01
-1.730339407920837402e+00
4.671782553195953369e-01
-4.432894289493560791e-01
1.298692107200622559e+00
-1.855110377073287964e-01
4.730816781520843506e-01
1.030176401138305664e+00
-5.747296810150146484e-01
3.845310583710670471e-02
6.090444512665271759e-03
7.718247771263122559e-01
-1.255207180976867676e+00
-3.248092830181121826e-01
1.021955490112304688e+00
-3.394212126731872559e-01
1.256849050521850586e+00
-2.107067704200744629e-01
3.463386595249176025e-01
1.033104658126831055e+00
1.076967597007751465e+00
-1.191656708717346191e+00
7.821279764175415039e-01
-1.018897891044616699e+00
1.781002432107925415e-01
-4.454305171966552734e-01
-3.178413808345794678e-01
5.583682656288146973e-01
-5.913377404212951660e-01
-6.674879193305969238e-01
1.395000576972961426e+00
-6.436115503311157227e-01
-1.293938279151916504e+00
2.254565209150314331e-01
4.112012386322021484e-01
-1.047570586204528809e+00
5.427613854408264160e-01
1.976799517869949341e-01
6.635054200887680054e-02
-8.632450103759765625e-01
-1.887388944625854492e+00
1.358285427093505859e+00
3.035199642181396484e-01
-4.366610050201416016e-01
8.386682271957397461e-01
1.155122280120849609e+00
-5.198150277137756348e-01
1.062666654586791992e+00
1.069122076034545898e+00
5.454341769218444824e-01
-4.085021093487739563e-02
8.932270407676696777e-01
8.944920301437377930e-01
3.528482019901275635e-01
-9.108266234397888184e-01
9.431698322296142578e-01
3.970494568347930908e-01
1.524464190006256104e-01
4.743305444717407227e-01
3.505954742431640625e-01
1.538751870393753052e-01
1.569016098976135254e+00
1.319316267967224121e+00
3.235180675983428955e-01
-1.076611757278442383e+00
2.878082171082496643e-02
-6.833306699991226196e-02
-1.016137123107910156e+00
-6.166005730628967285e-01
-1.028040289878845215e+00
1.116008400917053223e+00
-9.667207002639770508e-01
1.668875575065612793e+00
8.252289146184921265e-02
-8.528171181678771973e-01
3.369386121630668640e-02
-2.239821292459964752e-02
-7.866548895835876465e-01
-1.154206395149230957e+00
-1.682604074478149414e+00
8.541179895401000977e-01
2.705461345613002777e-02
9.718264341354370117e-01
1.107107877731323242e+00
9.248162508010864258e-01
2.608948647975921631e-01
-4.911581575870513916e-01
2.806768119335174561e-01
7.865273356437683105e-01
7.224434018135070801e-01
1.478823740035295486e-02
8.160309791564941406e-01
3.834962248802185059e-01
2.184718400239944458e-01
-9.171155095100402832e-01
3.440200388431549072e-01
-1.481563448905944824e+00
8.381698131561279297e-01
-1.707113534212112427e-01
