-8.893715143203735352e-01
-5.010254979133605957e-01
-1.617263108491897583e-01
-4.343314170837402344e-01
5.316986441612243652e-01
-4.072100222110748291e-01
-4.987005591392517090e-01
-4.608668684959411621e-01
2.054135799407958984e+00
-2.065807580947875977e-01
-1.330178260803222656e+00
6.065160036087036133e-01
-1.110403895378112793e+00
6.508135795593261719e-02
-7.378754019737243652e-01
-8.534988760948181152e-01
7.321991920471191406e-01
-6.451226472854614258e-01
-3.170816004276275635e-01
-5.148254036903381348e-01
5.044455528259277344e-01
1.052403688430786133e+00
-4.053916633129119873e-01
7.283738255500793457e-01
-7.110527157783508301e-01
-1.220417737960815430e+00
-1.514452219009399414e+00
-1.014921665191650391e+00
2.733065048232674599e-03
-3.410442471504211426e-01
4.633125364780426025e-01
-3.508538305759429932e-01
-7.343475818634033203e-01
5.856602787971496582e-01
5.158863663673400879e-01
2.897749841213226318e-01
5.968319177627563477e-01
2.371434867382049561e-01
-1.757790595293045044e-01
-6.559448242187500000e-01
-5.243139266967773438e-01
3.076960444450378418e-01
4.009380340576171875e-01
1.991117298603057861e-01
7.174550890922546387e-01
1.017416357994079590e+00
2.152311205863952637e-01
2.434627860784530640e-01
-4.855938255786895752e-01
-6.849645376205444336e-01
-2.448710650205612183e-01
-6.114216446876525879e-01
-8.103393316268920898e-01
-1.461937278509140015e-01
-1.535245776176452637e+00
1.165268063545227051e+00
1.010554313659667969e+00
2.415179274976253510e-02
-8.033105731010437012e-01
-9.734858870506286621e-01
-1.961700618267059326e-02
9.647321701049804688e-01
1.533524394035339355e+00
9.388401508331298828e-01
2.476543933153152466e-02
-4.566161930561065674e-01
1.963623762130737305e-01
6.690173596143722534e-02
-2.934308648109436035e-01
2.448565065860748291e-01
-5.646473914384841919e-02
1.115259826183319092e-01
9.734104275703430176e-01
-8.846120238304138184e-01
-7.508221268653869629e-01
-1.402178645133972168e+00
9.924145340919494629e-01
-1.103853344917297363e+00
-5.658144950866699219e-01
1.019906997680664062e-01
-1.111312955617904663e-01
2.087436914443969727e-01
3.334231078624725342e-01
6.671847775578498840e-03
1.408868096768856049e-02
2.381137385964393616e-02
-5.344260111451148987e-02
-8.754793405532836914e-01
1.707345485687255859e+00
-8.583221584558486938e-02
3.012896180152893066e-01
4.230718314647674561e-01
2.106987714767456055e+00
6.668558120727539062e-01
4.630406796932220459e-01
1.328228235244750977e+00
6.200571656227111816e-01
2.285876274108886719e-01
4.006594717502593994e-01
-3.294821083545684814e-02
-1.156394600868225098e+00
6.292878389358520508e-01
-8.782130479812622070e-01
1.198072433471679688e+00
1.620160222053527832e+00
-1.438958287239074707e+00
-4.285118877887725830e-01
9.414391517639160156e-01
-1.861897110939025879e+00
-8.934069275856018066e-01
-6.101625561714172363e-01
-8.784641623497009277e-01
2.633152604103088379e-01
3.087991178035736084e-01
5.506564974784851074e-01
9.172966480255126953e-01
-1.096876263618469238e+00
-2.041360616683959961e+00
-1.111528277397155762e+00
1.123798012733459473e+00
-2.354941964149475098e-01
-5.507992506027221680e-01
-2.192517966032028198e-01
-2.170135825872421265e-01
-6.988974213600158691e-01
1.026740431785583496e+00
-2.676576614379882812e+00
1.357313036918640137e+00
-9.335346817970275879e-01
9.028833508491516113e-01
6.755589246749877930e-01
-9.093799591064453125e-01
-4.764211177825927734e-02
9.172334074974060059e-01
9.953743219375610352e-01
-5.044126883149147034e-02
8.619782924652099609e-01
6.521617770195007324e-01
-2.545064926147460938e+00
-1.625257730484008789e+00
-8.754397630691528320e-01
-5.638068914413452148e-01
-1.081687092781066895e+00
-2.284985780715942383e-01
-9.394512772560119629e-01
7.356786131858825684e-01
1.033663272857666016e+00
6.077989935874938965e-01
4.121682792901992798e-02
-7.799489498138427734e-01
5.804501175880432129e-01
2.175838500261306763e-01
-2.577879130840301514e-01
-6.668336391448974609e-01
-5.531386006623506546e-03
1.402398943901062012e+00
9.072394371032714844e-01
6.075699925422668457e-01
-3.667457103729248047e-01
-1.576764732599258423e-01
-2.021379470825195312e+00
1.048248291015625000e+00
-8.376214504241943359e-01
-9.031863808631896973e-01
1.097371220588684082e+00
1.136915922164916992e+00
-9.927956014871597290e-02
-3.566394150257110596e-01
4.946176111698150635e-01
-4.534184336662292480e-01
1.454532980918884277e+00
1.626452058553695679e-01
4.467314779758453369e-01
7.560020685195922852e-01
-1.494911909103393555e+00
-9.078970551490783691e-01
3.864757418632507324e-01
6.641532778739929199e-01
6.074841022491455078e-01
-5.374684333801269531e-01
8.565704524517059326e-02
2.309912592172622681e-01
-1.006839275360107422e+00
-1.043895259499549866e-01
4.202021360397338867e-01
-5.691777467727661133e-01
-6.949791908264160156e-01
-2.885157585144042969e+00
-1.530249834060668945e+00
-6.691830754280090332e-01
-4.974011778831481934e-01
-4.095678031444549561e-01
-1.063951730728149414e+00
2.410790324211120605e-02
9.871045947074890137e-01
1.116224884986877441e+00
2.105107903480529785e-01
1.274982243776321411e-01
-9.300628304481506348e-02
2.162143886089324951e-01
-7.076296806335449219e-01
1.563034802675247192e-01
1.643474102020263672e-01
-1.336481094360351562e+00
4.487740695476531982e-01
1.036273360252380371e+00
-1.154628038406372070e+00
5.546560287475585938e-01
-8.100571632385253906e-01
-3.845757246017456055e-01
-2.983521297574043274e-02
-1.732351332902908325e-01
-4.442182779312133789e-01
-6.590035557746887207e-01
-6.435574889183044434e-01
-1.285450100898742676e+00
-1.152660995721817017e-01
6.448488831520080566e-01
1.840988695621490479e-01
1.287870645523071289e+00
-8.561627864837646484e-01
-1.091997265815734863e+00
5.088898539543151855e-01
-7.649890780448913574e-01
1.031808853149414062e+00
9.821768850088119507e-02
2.736980915069580078e-01
-4.960262179374694824e-01
-9.743576049804687500e-01
1.614286452531814575e-01
3.732752501964569092e-01
-7.603014707565307617e-01
-1.968708753585815430e+00
9.189111590385437012e-01
-7.265797853469848633e-01
-5.083298683166503906e-01
2.806361913681030273e-01
-4.594554901123046875e-01
1.027081608772277832e+00
4.025087058544158936e-01
3.068804740905761719e-01
1.587847232818603516e+00
-8.353862166404724121e-02
-6.943616867065429688e-01
8.288623094558715820e-01
-3.647206425666809082e-01
-1.470241189002990723e+00
-4.953708946704864502e-01
7.406186461448669434e-01
7.381923198699951172e-01
1.455361098051071167e-01
-7.783248275518417358e-02
3.647022247314453125e-01
-8.648976087570190430e-01
3.646036237478256226e-02
1.127720355987548828e+00
-4.481014907360076904e-01
-3.036604523658752441e-01
-5.614842772483825684e-01
6.734858453273773193e-02
-7.882599234580993652e-01
-4.081065058708190918e-01
-7.709567546844482422e-01
-1.112170100212097168e+00
1.310499161481857300e-01
1.549738407135009766e+00
5.027088522911071777e-01
2.787694893777370453e-02
3.628435432910919189e-01
7.195551395416259766e-01
-3.512547314167022705e-01
-4.612250626087188721e-01
-4.822267219424247742e-02
8.827131390571594238e-01
4.097727239131927490e-01
-3.429152369499206543e-01
4.981453120708465576e-01
7.873992919921875000e-01
-9.213451296091079712e-02
-8.346066474914550781e-01
-1.171406507492065430e+00
1.005589962005615234e+00
1.040549501776695251e-01
1.071209192276000977e+00
2.360506802797317505e-01
2.498469352722167969e-01
-6.253741383552551270e-01
6.406860351562500000e-01
1.067528575658798218e-01
1.450847387313842773e-01
2.199747711420059204e-01
6.798961758613586426e-01
1.037042066454887390e-01
-4.723335504531860352e-01
-1.016248345375061035e+00
-7.469743490219116211e-01
-1.285762906074523926e+00
-7.192878127098083496e-01
-1.774958252906799316e+00
2.226656302809715271e-02
-1.840158104896545410e+00
-1.058154582977294922e+00
-1.114371895790100098e+00
1.151741266250610352e+00
-1.778076171875000000e+00
1.108356595039367676e+00
-3.532940745353698730e-01
-1.006459712982177734e+00
9.462240934371948242e-01
-2.930888235569000244e-01
6.730050444602966309e-01
-2.092135399580001831e-01
-6.562203168869018555e-02
-1.578143358230590820e+00
1.634020805358886719e+00
4.384555518627166748e-01
-1.206321120262145996e-01
-2.222548484802246094e+00
-5.645983815193176270e-01
-1.702835440635681152e+00
9.971448183059692383e-01
6.860005259513854980e-01
-1.576947093009948730e+00
-1.967638015747070312e+00
2.099539190530776978e-01
-1.071443915367126465e+00
2.173794806003570557e-01
7.165655493736267090e-01
-1.316085159778594971e-01
7.019158005714416504e-01
1.580289453268051147e-01
4.764726758003234863e-01
-6.272516250610351562e-01
1.121069863438606262e-01
1.502433538436889648e+00
-1.287386178970336914e+00
-6.218230128288269043e-01
-3.442375361919403076e-01
-7.046273350715637207e-01
3.577675521373748779e-01
2.374072372913360596e-01
-1.596466004848480225e-01
4.820404648780822754e-01
-4.610828459262847900e-01
-2.691461741924285889e-01
1.720584332942962646e-01
-3.206715583801269531e-01
-2.753518819808959961e-01
1.200365275144577026e-01
-2.032143354415893555e+00
-2.460658363997936249e-02
-7.427623867988586426e-01
7.909602522850036621e-01
6.414195057004690170e-03
2.957499921321868896e-01
-8.097301721572875977e-01
-1.007403731346130371e+00
-4.915229082107543945e-01
-9.279244393110275269e-02
-1.567454189062118530e-01
-8.221994638442993164e-01
-1.210476830601692200e-01
6.182613968849182129e-01
-1.222983479499816895e+00
-1.093410030007362366e-01
2.038982464000582695e-03
-9.804173111915588379e-01
5.835835933685302734e-01
1.026395559310913086e+00
3.861017227172851562e-01
5.383346974849700928e-02
-6.110493093729019165e-02
7.015613317489624023e-01
-1.032753348350524902e+00
-1.156413912773132324e+00
1.057103514671325684e+00
5.654532313346862793e-01
4.571951627731323242e-01
-2.146787405014038086e+00
1.265578389167785645e+00
-9.325883388519287109e-01
-8.191059529781341553e-02
-1.465677767992019653e-01
-7.297229766845703125e-01
5.782394409179687500e-01
5.682137012481689453e-01
-1.627705618739128113e-02
5.134199187159538269e-02
1.156000375747680664e+00
-3.031153976917266846e-01
-7.226098775863647461e-01
-2.781437039375305176e-01
3.908937871456146240e-01
8.022750169038772583e-02
-9.038693904876708984e-01
1.148431748151779175e-01
1.544130206108093262e+00
-4.745201170444488525e-01
2.303936719894409180e+00
-9.471356868743896484e-01
-3.406037390232086182e-01
2.094992995262145996e-01
8.988186717033386230e-01
-1.351958811283111572e-01
-5.710275769233703613e-01
-7.919375300407409668e-01
-1.264047980308532715e+00
7.411304116249084473e-01
5.970544219017028809e-01
-3.634511530399322510e-01
-1.241706684231758118e-01
1.622008800506591797e+00
-7.014931440353393555e-01
2.539792656898498535e-01
3.419808810576796532e-03
-9.063626527786254883e-01
1.888544201850891113e+00
-9.161467105150222778e-02
-1.173115253448486328e+00
-2.363468557596206665e-01
-1.277720928192138672e+00
2.901068925857543945e-01
-6.681722402572631836e-02
-1.249219894409179688e+00
3.035387992858886719e-01
5.465696752071380615e-02
1.645238280296325684e+00
-4.820186197757720947e-01
-3.899284899234771729e-01
-1.211943402886390686e-01
6.065877079963684082e-01
1.067853569984436035e+00
-3.340614140033721924e-01
8.478040695190429688e-01
-6.888074874877929688e-01
4.836251437664031982e-01
-2.188456952571868896e-01
6.266965270042419434e-01
9.385555982589721680e-01
4.115220010280609131e-01
2.693363904953002930e+00
7.497517466545104980e-01
3.502690792083740234e-01
-2.789840102195739746e-01
4.982505142688751221e-01
5.044215545058250427e-02
1.166313529014587402e+00
2.111719131469726562e+00
-3.991150483489036560e-02
-2.386626601219177246e-01
-3.771066665649414062e-01
3.018398582935333252e-01
2.336840033531188965e-01
-2.022201061248779297e+00
-8.438270688056945801e-01
6.919147968292236328e-01
-2.382349371910095215e-01
5.424096584320068359e-01
-5.918339490890502930e-01
-5.117753148078918457e-01
1.096553087234497070e+00
-3.687320053577423096e-01
1.112015843391418457e+00
1.843015402555465698e-01
4.775162041187286377e-01
1.324058622121810913e-01
2.744349241256713867e-01
-3.001366257667541504e-01
-3.655261695384979248e-01
-7.709472179412841797e-01
-2.975635230541229248e-01
5.262341499328613281e-01
-8.797068148851394653e-02
1.509893774986267090e+00
-3.475064411759376526e-02
2.934234738349914551e-01
1.795095086097717285e+00
7.956887483596801758e-01
9.699670225381851196e-02
7.015302181243896484e-01
-9.240887761116027832e-01
-3.704919517040252686e-01
-7.819395661354064941e-01
-1.046676874160766602e+00
7.428743839263916016e-01
1.824606209993362427e-01
1.317271232604980469e+00
1.236082673072814941e+00
-1.183128356933593750e+00
-3.351515531539916992e-01
-1.942607015371322632e-01
-9.734077006578445435e-02
-1.155956387519836426e+00
-1.133539080619812012e+00
2.731178998947143555e-01
1.689164340496063232e-01
-1.583399623632431030e-01
6.928657889366149902e-01
3.172997385263442993e-02
-1.656657814979553223e+00
2.091449648141860962e-01
5.294689536094665527e-01
5.499373748898506165e-02
3.464761972427368164e-01
-8.631929755210876465e-01
-1.522842943668365479e-01
7.145700454711914062e-01
1.114863157272338867e+00
-7.407137751579284668e-02
-1.814925074577331543e-01
-1.333199739456176758e+00
5.241882205009460449e-01
-2.405710965394973755e-01
-3.118868768215179443e-01
4.971702694892883301e-01
5.519028902053833008e-01
1.492671519517898560e-01
2.899476289749145508e-01
9.646517038345336914e-02
4.729988873004913330e-01
-1.954498887062072754e+00
-1.616536825895309448e-01
1.434091478586196899e-01
-7.230334281921386719e-01
-1.214698314666748047e+00
3.370053172111511230e-01
2.663924396038055420e-01
1.168915867805480957e+00
-2.352573156356811523e+00
-4.530062377452850342e-01
8.533416390419006348e-01
-2.077350139617919922e+00
-3.477016687393188477e-01
1.158595830202102661e-02
1.490468978881835938e+00
-2.928978443145751953e+00
-1.308211684226989746e+00
-1.334558367729187012e+00
-2.150246620178222656e+00
1.795384049415588379e+00
3.296192288398742676e-01
-3.732552230358123779e-01
1.922260284423828125e+00
-6.872291564941406250e-01
1.087692022323608398e+00
-4.503457248210906982e-01
5.570610761642456055e-01
1.014782428741455078e+00
-2.853021621704101562e-01
-1.364755153656005859e+00
-4.492168128490447998e-01
-1.098917245864868164e+00
2.605651319026947021e-01
-8.319187760353088379e-01
-1.393617596477270126e-02
-1.509589105844497681e-01
3.663874268531799316e-01
-1.316657662391662598e+00
4.895027577877044678e-01
-1.228468418121337891e+00
3.435536324977874756e-01
-7.591576576232910156e-01
-1.358534216880798340e+00
7.325229048728942871e-01
-1.555589288473129272e-01
1.201043605804443359e+00
1.202268123626708984e+00
-6.353452801704406738e-02
9.386199116706848145e-01
-5.438481643795967102e-02
-1.068299651145935059e+00
1.019683480262756348e+00
3.641112744808197021e-01
1.501446869224309921e-02
9.740781038999557495e-02
1.195957064628601074e+00
1.164168715476989746e+00
-7.060993313789367676e-01
-5.488283038139343262e-01
-9.172965586185455322e-02
4.649186134338378906e-01
-1.867319941520690918e+00
-5.235002040863037109e-01
1.059154748916625977e+00
6.007805466651916504e-01
-5.588272213935852051e-01
5.974333882331848145e-01
2.641672492027282715e-01
-2.825296521186828613e-01
-7.996482849121093750e-01
6.384402513504028320e-01
-7.677348256111145020e-01
1.401679873466491699e+00
-1.096193417906761169e-01
6.759892106056213379e-01
1.045393943786621094e+00
6.935492753982543945e-01
2.646612823009490967e-01
4.284948110580444336e-01
-5.924129858613014221e-02
1.050946235656738281e+00
4.205408096313476562e-01
-1.336327910423278809e+00
-5.818222463130950928e-02
-2.461548149585723877e-01
-2.023094445466995239e-01
-1.024577140808105469e+00
1.506078600883483887e+00
2.160655148327350616e-02
-7.500466704368591309e-01
1.047497510910034180e+00
2.152685970067977905e-01
7.227473855018615723e-01
5.205485224723815918e-01
-7.481789588928222656e-01
-1.853074908256530762e+00
9.710208177566528320e-01
2.734756469726562500e-01
-3.305095732212066650e-01
-2.799505889415740967e-01
-6.671627163887023926e-01
9.800198674201965332e-02
2.183390259742736816e-01
-1.526399552822113037e-01
-8.996758610010147095e-02
-1.480981111526489258e+00
-5.131906867027282715e-01
1.190317869186401367e+00
-1.169253140687942505e-01
-1.041944622993469238e+00
8.035042881965637207e-02
-5.932016968727111816e-01
3.820668458938598633e-01
5.845378339290618896e-02
-2.843568623065948486e-01
2.643997669219970703e+00
6.229816079139709473e-01
5.006249994039535522e-02
-2.847539186477661133e-01
-3.513650894165039062e-01
1.538165286183357239e-02
2.768838703632354736e-01
-2.119693905115127563e-01
-1.091874003410339355e+00
-7.598167657852172852e-01
2.105005979537963867e-01
1.616804301738739014e-01
8.563376069068908691e-01
7.585245370864868164e-01
4.267152845859527588e-01
-1.560092687606811523e+00
-6.340240240097045898e-01
4.373954534530639648e-01
-4.750492274761199951e-01
-3.997392952442169189e-01
-5.959864854812622070e-01
-3.107855655252933502e-02
-2.244065515697002411e-02
9.364846944808959961e-01
7.499717175960540771e-02
-5.220701694488525391e-01
4.656820893287658691e-01
1.120285019278526306e-01
-9.402632117271423340e-01
4.450480639934539795e-01
3.006562590599060059e-01
6.366904973983764648e-01
-9.530379176139831543e-01
3.661608099937438965e-01
4.078194797039031982e-01
-1.676650404930114746e+00
-6.802616268396377563e-02
8.085299730300903320e-01
9.550042748451232910e-01
8.904317617416381836e-01
4.743049144744873047e-01
6.753681302070617676e-01
-1.467576861381530762e+00
1.187065988779067993e-02
4.335387647151947021e-01
1.475238919258117676e+00
-5.855098366737365723e-01
-4.805553555488586426e-01
1.047230005264282227e+00
-7.793598622083663940e-02
1.334074974060058594e+00
5.010637640953063965e-01
8.250861167907714844e-01
1.155719399452209473e+00
-1.415592879056930542e-01
-5.024804919958114624e-02
5.049024820327758789e-01
-1.662351369857788086e+00
-2.379756420850753784e-01
-1.302184343338012695e+00
1.352718323469161987e-01
1.771408796310424805e+00
-1.811940222978591919e-01
-8.513996601104736328e-01
1.017710924148559570e+00
-2.144378423690795898e+00
-2.605797648429870605e-01
8.964466452598571777e-01
4.335134029388427734e-01
-1.256197810173034668e+00
5.099276304244995117e-01
1.107746124267578125e+00
4.662182927131652832e-01
-1.785930633544921875e+00
9.372419863939285278e-02
1.051087975502014160e+00
8.963632583618164062e-02
5.583774670958518982e-02
5.212901830673217773e-01
1.555679798126220703e+00
-8.986272811889648438e-01
2.870684862136840820e-01
6.979736089706420898e-01
1.039651155471801758e+00
5.301929712295532227e-01
-1.062553405761718750e+00
-4.654793739318847656e-01
9.463216066360473633e-01
-1.158406257629394531e+00
6.453165411949157715e-01
-5.367770791053771973e-02
-9.117289632558822632e-02
-2.066048420965671539e-02
-6.896842122077941895e-01
1.149830698966979980e+00
1.349437952041625977e+00
2.655752420425415039e+00
6.276633143424987793e-01
-9.325309991836547852e-01
-1.268197149038314819e-01
-7.301716208457946777e-01
1.373940408229827881e-01
2.932936549186706543e-01
3.416244983673095703e-01
1.084233403205871582e+00
-1.252564668655395508e+00
2.068312406539916992e+00
2.429846972227096558e-01
-9.372835755348205566e-01
-1.060395464301109314e-01
-7.111372947692871094e-01
-2.737428545951843262e-01
-9.342790246009826660e-01
-2.063357830047607422e+00
8.772850632667541504e-01
5.241189002990722656e-01
1.552035450935363770e+00
1.370288729667663574e+00
-4.061732813715934753e-02
-1.004138737916946411e-01
-1.846124678850173950e-01
1.362082362174987793e+00
1.416535496711730957e+00
1.778990983963012695e+00
3.317569941282272339e-02
7.145764827728271484e-01
3.882991373538970947e-01
9.653925299644470215e-01
-1.523686200380325317e-01
-4.896932840347290039e-02
-1.372987389564514160e+00
4.652700424194335938e-01
-7.737391591072082520e-01
