6.422432065010070801e-01
-4.673429429531097412e-01
8.630313873291015625e-01
-1.094131708145141602e+00
7.198795676231384277e-02
-1.004239320755004883e+00
-1.268051743507385254e+00
3.925267457962036133e-01
9.531410932540893555e-01
-1.400913834571838379e+00
-2.195162624120712280e-01
9.036657214164733887e-01
-6.721175312995910645e-01
5.616440623998641968e-02
-7.302104830741882324e-01
-8.518027663230895996e-01
3.354363441467285156e-01
1.027619242668151855e+00
-4.515832066535949707e-01
-2.567318677902221680e-01
1.107360050082206726e-01
6.629818677902221680e-01
-1.080609083175659180e+00
7.923027873039245605e-01
-1.064449071884155273e+00
-6.658263504505157471e-02
-8.670735359191894531e-01
2.347644418478012085e-01
-6.170071661472320557e-02
4.793817177414894104e-02
3.649232983589172363e-01
3.784676492214202881e-01
-1.335932970046997070e+00
-6.258554011583328247e-02
5.362749099731445312e-01
-3.005823493003845215e-01
-9.221617132425308228e-02
-2.054631412029266357e-01
-7.361331582069396973e-02
-1.814705014228820801e+00
-1.454663753509521484e+00
3.509948849678039551e-01
4.281848669052124023e-02
1.312650293111801147e-01
-8.298434317111968994e-02
9.340003728866577148e-01
9.228951930999755859e-01
-2.646279931068420410e-01
-4.585955739021301270e-01
1.026955433189868927e-02
-1.285512804985046387e+00
2.375322431325912476e-01
-1.063665151596069336e+00
-3.553430736064910889e-01
-8.738745450973510742e-01
1.334313154220581055e+00
7.019621729850769043e-01
-7.763054966926574707e-01
4.900839924812316895e-01
2.592306435108184814e-01
1.237675175070762634e-01
1.725010395050048828e+00
1.782294392585754395e+00
7.715020179748535156e-01
-3.622590303421020508e-01
-7.873393297195434570e-01
4.745932519435882568e-01
-8.347311019897460938e-01
1.426235437393188477e-01
2.908448278903961182e-01
-1.565473437309265137e+00
-5.384670495986938477e-01
1.021235704421997070e+00
-8.038581013679504395e-01
-4.573407769203186035e-01
-1.750550866127014160e+00
3.712046146392822266e-01
-4.771469831466674805e-01
5.792007446289062500e-01
1.616619378328323364e-01
-2.677809596061706543e-01
4.403691738843917847e-02
5.297632217407226562e-01
-4.345886409282684326e-01
5.453277826309204102e-01
4.190884232521057129e-01
-1.191145554184913635e-01
-7.878794074058532715e-01
4.633037149906158447e-01
4.157899320125579834e-01
-1.072440966963768005e-01
2.995967566967010498e-01
1.630213618278503418e+00
7.609853744506835938e-01
7.346066832542419434e-01
9.106603264808654785e-01
9.249744415283203125e-01
-4.711173847317695618e-02
-9.213119000196456909e-02
-1.584796309471130371e-01
-2.654801607131958008e-01
3.397850990295410156e-01
-5.342568159103393555e-01
-4.147114232182502747e-02
1.818662047386169434e+00
-3.516171872615814209e-01
-6.074476838111877441e-01
9.536365866661071777e-01
-1.056259751319885254e+00
-4.842754602432250977e-01
-4.111104607582092285e-01
-4.366711974143981934e-01
9.732116460800170898e-01
-9.581954032182693481e-02
-3.474735468626022339e-02
1.176990509033203125e+00
-1.167249798774719238e+00
-1.793754339218139648e+00
-1.022528648376464844e+00
4.814299941062927246e-01
8.308621644973754883e-01
-5.976857542991638184e-01
-6.542989611625671387e-01
1.110507547855377197e-01
-1.086452484130859375e+00
2.047244071960449219e+00
-1.393586397171020508e+00
1.642009377479553223e+00
-1.342679738998413086e+00
-4.224045872688293457e-01
4.537900388240814209e-01
-5.261600613594055176e-01
-5.238686800003051758e-01
-3.022885918617248535e-01
8.270341157913208008e-01
3.976686298847198486e-01
5.339058637619018555e-01
1.982800066471099854e-01
-2.091288805007934570e+00
-4.140274226665496826e-01
-1.008958816528320312e-01
5.466956645250320435e-02
-4.570893943309783936e-01
-5.603599548339843750e-01
-8.929241448640823364e-02
9.581744670867919922e-01
1.348432064056396484e+00
-7.687225341796875000e-01
1.783560001058503985e-04
-4.790774583816528320e-01
-2.831164896488189697e-01
1.116492986679077148e+00
-4.552469253540039062e-01
-1.403586268424987793e+00
-5.179400444030761719e-01
8.165089488029479980e-01
5.916231870651245117e-01
2.180631607770919800e-01
2.899650335311889648e-01
1.935847282409667969e+00
-2.413493871688842773e+00
7.642949819564819336e-01
-1.245856165885925293e+00
-3.102683126926422119e-01
1.160236477851867676e+00
7.907616496086120605e-01
-1.232638806104660034e-01
-4.563859403133392334e-01
-2.231868170201778412e-02
7.539530843496322632e-02
3.400737643241882324e-01
6.235638260841369629e-01
5.060601234436035156e-01
4.134824872016906738e-01
-8.668500781059265137e-01
2.182711958885192871e-01
6.947489976882934570e-01
5.167343020439147949e-01
-2.877016663551330566e-01
-2.883967757225036621e-01
9.446516036987304688e-01
-4.877346158027648926e-01
-1.516428351402282715e+00
-7.880801558494567871e-01
5.263502243906259537e-03
-1.179764032363891602e+00
-7.040626555681228638e-02
-2.977154731750488281e+00
-1.214307785034179688e+00
-3.284418582916259766e-01
-7.753072977066040039e-01
-6.269952058792114258e-01
-1.151866555213928223e+00
-2.194159924983978271e-01
2.072741031646728516e+00
2.144525051116943359e+00
-6.162553280591964722e-02
-9.691003561019897461e-01
-5.389300584793090820e-01
1.520009875297546387e+00
2.199826389551162720e-01
-1.418589055538177490e-01
-8.628727793693542480e-01
-4.884459078311920166e-01
-2.549649029970169067e-02
5.428408384323120117e-01
-5.003996491432189941e-01
1.741718733683228493e-04
-4.916280880570411682e-02
6.702591776847839355e-01
-3.696492612361907959e-01
8.839613199234008789e-01
-8.073038458824157715e-01
-8.924003243446350098e-01
3.704498708248138428e-01
-5.421208739280700684e-01
-4.546653926372528076e-01
2.317831277847290039e+00
-3.740952014923095703e-01
8.728851675987243652e-01
-6.304054260253906250e-01
-3.473495244979858398e-01
6.703289151191711426e-01
-4.295758008956909180e-01
8.059168457984924316e-01
6.170228123664855957e-01
9.133058786392211914e-02
-4.694001674652099609e-01
-3.904604613780975342e-01
-1.492045044898986816e+00
6.887303590774536133e-01
-1.332962960004806519e-01
-1.141823410987854004e+00
6.008146405220031738e-01
1.400976777076721191e-01
-6.753728985786437988e-01
-2.740309238433837891e-01
7.077711075544357300e-02
-2.215540409088134766e-01
2.862710654735565186e-01
-3.847777843475341797e-02
9.808164834976196289e-01
-6.869199275970458984e-01
-1.357368350028991699e+00
1.332509040832519531e+00
-4.113836586475372314e-01
-7.242740988731384277e-01
-1.059203669428825378e-01
5.188984274864196777e-01
5.775606632232666016e-01
-2.842984199523925781e-01
-1.324602961540222168e-01
-1.351694464683532715e+00
-1.017845869064331055e+00
1.774027198553085327e-01
1.464548110961914062e+00
-2.527936697006225586e-01
3.200088739395141602e-01
1.149904355406761169e-01
-8.141650557518005371e-01
3.743142783641815186e-01
5.457269027829170227e-02
2.116319537162780762e-02
-1.398266792297363281e+00
1.232080340385437012e+00
1.388613343238830566e+00
3.324745297431945801e-01
-8.627191185951232910e-01
6.859273184090852737e-03
-3.591406345367431641e-01
-5.868936181068420410e-01
-7.276676893234252930e-01
-1.162367343902587891e+00
1.225964546203613281e+00
-1.401304453611373901e-01
3.809485733509063721e-01
7.083645462989807129e-01
8.719639182090759277e-01
-5.005083680152893066e-01
-3.861319422721862793e-01
-5.745837688446044922e-01
5.014700293540954590e-01
-4.988055825233459473e-01
-9.046524763107299805e-02
2.562718391418457031e-01
5.439537763595581055e-01
-3.708043694496154785e-01
2.371277064085006714e-01
4.226174354553222656e-01
-5.063716769218444824e-01
5.375295281410217285e-01
2.867151200771331787e-01
7.384562492370605469e-01
-1.029742121696472168e+00
-7.522025704383850098e-01
-7.393475621938705444e-02
-9.033718109130859375e-01
-5.053555369377136230e-01
-1.156053304672241211e+00
1.152612790465354919e-01
-1.533798336982727051e+00
-5.653936266899108887e-01
-4.601054638624191284e-02
1.287395834922790527e+00
-8.410575985908508301e-01
7.480353116989135742e-01
-3.871182203292846680e-01
-1.752536058425903320e+00
4.478088319301605225e-01
-8.917863965034484863e-01
3.401259183883666992e-01
1.367452442646026611e-01
4.487656652927398682e-01
-1.234610199928283691e+00
1.443783044815063477e+00
6.970176845788955688e-02
-1.088021323084831238e-01
-1.019299268722534180e+00
-1.820458412170410156e+00
-1.257339954376220703e+00
2.537995278835296631e-01
3.044337630271911621e-01
-1.358148336410522461e+00
-1.657206773757934570e+00
-1.919276826083660126e-02
-1.508776545524597168e+00
-9.873431921005249023e-01
9.999126195907592773e-02
-4.303613901138305664e-01
9.708966016769409180e-01
-1.207315623760223389e-01
9.978371858596801758e-01
-1.470631957054138184e-01
-1.236420497298240662e-01
9.069943428039550781e-01
5.610945820808410645e-01
-8.296233415603637695e-01
5.982810854911804199e-01
-1.785250753164291382e-01
5.714712738990783691e-01
2.298293402418494225e-03
3.594904392957687378e-02
4.170087352395057678e-02
-1.355720609426498413e-01
-9.494638442993164062e-01
-5.366303920745849609e-01
-3.394252061843872070e-01
-3.752993643283843994e-01
-6.845934391021728516e-01
-1.305917978286743164e+00
-7.089455425739288330e-02
-4.954218864440917969e-01
1.083037734031677246e+00
4.157514274120330811e-01
-1.407161653041839600e-01
-4.337699711322784424e-01
-1.296144962310791016e+00
-7.657001018524169922e-01
1.404663920402526855e-01
-5.755171924829483032e-02
-1.670160174369812012e+00
-1.336037814617156982e-01
-1.694484710693359375e+00
-4.349876046180725098e-01
4.246945083141326904e-01
1.941055655479431152e-01
-6.664912700653076172e-01
7.626541256904602051e-01
6.797680854797363281e-01
-9.559855461120605469e-01
1.317600011825561523e-01
-1.360837072134017944e-01
-2.464172542095184326e-01
-8.487802743911743164e-01
-9.806955456733703613e-01
9.983133673667907715e-01
-7.591197490692138672e-01
1.279941797256469727e-01
-1.352884054183959961e+00
9.808611273765563965e-01
1.461653947830200195e+00
8.297024965286254883e-01
-1.401712894439697266e-01
-1.010602593421936035e+00
-4.282788634300231934e-01
-3.086949288845062256e-01
1.360022872686386108e-01
7.991448044776916504e-01
2.064612865447998047e+00
-5.153525471687316895e-01
-3.260972723364830017e-02
-3.575983047485351562e-01
-6.342468857765197754e-01
-6.114158630371093750e-01
5.095372721552848816e-02
3.500080704689025879e-01
1.094618678092956543e+00
9.763326495885848999e-02
1.875325322151184082e+00
-1.134841799736022949e+00
-8.884180784225463867e-01
-1.837161183357238770e-01
9.678902626037597656e-01
-4.922660589218139648e-01
1.299535781145095825e-01
-1.277820467948913574e+00
-1.187051892280578613e+00
8.400201797485351562e-01
1.605960428714752197e-01
8.488418459892272949e-01
2.986994385719299316e-01
9.069284200668334961e-01
-2.665635049343109131e-01
-1.581598967313766479e-01
3.147026598453521729e-01
-1.980549991130828857e-01
1.104501724243164062e+00
2.855086624622344971e-01
-1.003123283386230469e+00
2.346086949110031128e-01
-1.504698753356933594e+00
3.467965722084045410e-01
2.327219247817993164e-01
9.227436184883117676e-01
2.497308254241943359e-01
1.475940346717834473e-01
1.531270027160644531e+00
-3.907787799835205078e-02
-9.820634871721267700e-02
6.545540094375610352e-01
1.728438735008239746e-01
1.306338191032409668e+00
-1.526026964187622070e+00
1.089694574475288391e-01
-1.453150361776351929e-01
2.396640032529830933e-01
8.074127137660980225e-02
6.860622167587280273e-01
3.759723901748657227e-01
-1.801031678915023804e-01
1.861300826072692871e+00
2.299751639366149902e-01
4.449354410171508789e-01
2.316542565822601318e-01
4.407619833946228027e-01
-2.664242982864379883e-01
-9.460924565792083740e-02
1.540698289871215820e+00
1.231253743171691895e-01
1.986137479543685913e-01
1.338662743568420410e+00
1.899029314517974854e-02
7.030724883079528809e-01
-1.934696078300476074e+00
4.497357606887817383e-01
8.601318001747131348e-01
-2.225954830646514893e-01
-1.078415960073471069e-01
-8.874118328094482422e-01
-6.243755221366882324e-01
1.313493996858596802e-01
-1.616342186927795410e+00
3.039186000823974609e-01
3.105872571468353271e-01
3.174864947795867920e-01
-4.982672631740570068e-01
5.230353474617004395e-01
2.375586777925491333e-01
9.273996949195861816e-02
1.303337335586547852e+00
-6.676186323165893555e-01
1.012603759765625000e+00
2.445820271968841553e-01
1.451393246650695801e+00
9.894104003906250000e-01
5.640627145767211914e-01
1.314027428627014160e+00
-9.444928765296936035e-01
3.529897630214691162e-01
-4.504669606685638428e-01
2.815505266189575195e-01
-8.392857313156127930e-01
-8.585987687110900879e-01
1.323274523019790649e-01
8.947130441665649414e-01
-1.953316926956176758e-01
1.253047823905944824e+00
1.324879646301269531e+00
-6.331331729888916016e-01
-9.448910951614379883e-01
-5.809884071350097656e-01
-1.544706225395202637e-01
-8.478388190269470215e-01
-1.230485796928405762e+00
1.205609440803527832e+00
-9.369656443595886230e-02
-3.758504688739776611e-01
8.562616109848022461e-01
4.862792491912841797e-01
5.407035946846008301e-01
2.033316493034362793e-01
5.200401544570922852e-01
7.565019279718399048e-02
-9.368732571601867676e-01
-1.261282920837402344e+00
-6.860288977622985840e-02
-2.871825695037841797e-01
1.036178350448608398e+00
7.146360725164413452e-02
3.290278017520904541e-01
-2.863347232341766357e-01
8.389014601707458496e-01
4.188823997974395752e-01
-3.378470242023468018e-01
3.640100359916687012e-02
6.958997994661331177e-02
-6.376163363456726074e-01
1.646769195795059204e-01
1.641462743282318115e-01
-2.180624008178710938e-01
-3.765036165714263916e-01
1.783779412508010864e-01
6.672322154045104980e-01
-1.084371089935302734e+00
8.317950367927551270e-02
-3.354342579841613770e-01
-6.801088899374008179e-02
2.995976805686950684e-01
-2.636926651000976562e+00
-5.266796350479125977e-01
-5.788631439208984375e-01
-1.722909927368164062e+00
-7.354992628097534180e-02
8.601393550634384155e-02
3.581669628620147705e-01
-2.165861368179321289e+00
7.416514679789543152e-03
-1.691840410232543945e+00
-2.139302492141723633e+00
2.714556455612182617e-01
4.601706564426422119e-01
1.853866316378116608e-02
1.441164851188659668e+00
-3.679175376892089844e-01
1.075571894645690918e+00
-5.340560674667358398e-01
1.057739257812500000e+00
8.290741443634033203e-01
7.163395639508962631e-05
-6.108989715576171875e-01
-9.108231663703918457e-01
-8.060666322708129883e-01
-2.734014987945556641e-01
-1.714715361595153809e-01
-2.974607050418853760e-01
-3.828615546226501465e-01
-4.603465497493743896e-01
-1.166953206062316895e+00
1.693743765354156494e-01
-5.020868182182312012e-01
1.640599668025970459e-01
6.501857042312622070e-01
-2.013559579849243164e+00
8.081933259963989258e-01
-8.070964813232421875e-01
1.931288719177246094e+00
4.026654362678527832e-01
-7.804902791976928711e-01
1.553520798683166504e+00
-6.229699850082397461e-01
-5.959771871566772461e-01
8.674458861351013184e-01
-1.219889998435974121e+00
5.720895528793334961e-01
-4.123529046773910522e-02
8.199827075004577637e-01
1.059176921844482422e+00
-1.533402562141418457e+00
3.919075131416320801e-01
3.418500423431396484e-01
1.412039041519165039e+00
-1.657998561859130859e+00
-4.662180244922637939e-01
1.811899304389953613e+00
-4.854636192321777344e-01
-9.344021677970886230e-01
4.466331601142883301e-01
8.073421716690063477e-01
6.670443415641784668e-01
-4.093078970909118652e-01
-3.539701104164123535e-01
-2.216759175062179565e-01
1.321895003318786621e+00
-3.214507699012756348e-01
7.602211833000183105e-01
1.122228503227233887e+00
8.747333288192749023e-01
5.693455338478088379e-01
-4.550097584724426270e-01
-1.037025332450866699e+00
3.585103154182434082e-01
9.687854647636413574e-01
-1.204383134841918945e+00
-3.399370312690734863e-01
-2.768466472625732422e-01
-4.017392992973327637e-01
-7.826547622680664062e-01
1.386587023735046387e+00
1.474533230066299438e-01
-9.374673366546630859e-01
1.145346879959106445e+00
4.688127636909484863e-01
1.151106595993041992e+00
2.574526071548461914e-01
-7.700875997543334961e-01
-1.692800402641296387e+00
6.891626119613647461e-02
6.543156504631042480e-01
-5.386858433485031128e-02
-8.536886572837829590e-01
1.237631123512983322e-02
-1.202250868082046509e-01
-4.055252075195312500e-01
8.577274680137634277e-01
7.184789180755615234e-01
-2.064725905656814575e-01
-1.241286039352416992e+00
1.149469971656799316e+00
-3.108299672603607178e-01
-2.370360612869262695e+00
-7.271729111671447754e-01
-9.540438055992126465e-01
2.892581224441528320e-01
-5.856842398643493652e-01
1.760831624269485474e-01
1.514989018440246582e+00
1.618359386920928955e-01
-4.505351781845092773e-01
9.756366163492202759e-02
-8.965234756469726562e-01
4.324839636683464050e-02
4.357849657535552979e-01
-5.761718004941940308e-02
-3.754769563674926758e-01
-6.521881222724914551e-01
3.148145377635955811e-01
5.840878486633300781e-01
6.023279428482055664e-01
1.671102762222290039e+00
7.742400765419006348e-01
-1.844842314720153809e+00
-7.226524949073791504e-01
-7.572373151779174805e-01
2.543655633926391602e-01
-9.848437309265136719e-01
-3.803976476192474365e-01
-6.802158951759338379e-01
5.735871195793151855e-02
9.575346112251281738e-01
3.270862996578216553e-01
-1.127198100090026855e+00
1.610783934593200684e-01
6.931133866310119629e-01
-4.389712214469909668e-01
-3.469294607639312744e-01
1.967212706804275513e-01
5.430662631988525391e-01
-1.426158785820007324e+00
6.782714724540710449e-01
1.522878706455230713e-01
-1.603806734085083008e+00
1.326278597116470337e-01
1.060103535652160645e+00
8.034973740577697754e-01
1.718366146087646484e+00
5.111919045448303223e-01
2.532376050949096680e-01
-2.977325022220611572e-01
9.795328602194786072e-03
4.586913585662841797e-01
4.305152297019958496e-01
5.614290758967399597e-02
-6.129118800163269043e-01
1.729041099548339844e+00
-5.322541594505310059e-01
2.017624139785766602e+00
-4.085569679737091064e-01
3.596532344818115234e-01
5.370566248893737793e-01
-3.505760729312896729e-01
-3.229453861713409424e-01
4.629988074302673340e-01
-1.784772157669067383e+00
-6.173236966133117676e-01
-5.839185714721679688e-01
6.331827044486999512e-01
1.151835203170776367e+00
3.543003797531127930e-01
-2.595327794551849365e-01
9.190447628498077393e-02
-1.408545374870300293e+00
-1.438533902168273926e+00
3.871491849422454834e-01
1.806986480951309204e-01
-4.942223429679870605e-01
1.569185107946395874e-01
1.531314969062805176e+00
1.885274946689605713e-01
-1.256584763526916504e+00
-9.419626593589782715e-01
9.076865315437316895e-01
7.355644702911376953e-01
-4.183804392814636230e-01
-5.080750584602355957e-01
1.074900507926940918e+00
-1.451235115528106689e-01
4.194139242172241211e-01
1.941869854927062988e-01
6.123220324516296387e-01
7.644059062004089355e-01
-4.797423183917999268e-01
-2.336371541023254395e-01
4.603401124477386475e-01
2.322003692388534546e-01
9.820258617401123047e-01
1.032651662826538086e+00
4.178307056427001953e-01
1.141412377357482910e+00
-1.226920127868652344e+00
1.033434033393859863e+00
1.050914049148559570e+00
2.733785390853881836e+00
1.216038346290588379e+00
-1.423491835594177246e-01
-5.616081357002258301e-01
-9.921364188194274902e-01
3.224823474884033203e-01
-3.948370516300201416e-01
-6.748309731483459473e-02
1.317417740821838379e+00
-1.182451009750366211e+00
1.632659792900085449e+00
-1.778106838464736938e-01
-2.140081167221069336e+00
-2.077665776014328003e-01
-2.649540603160858154e-01
4.225634634494781494e-01
-5.236535072326660156e-01
-1.026343226432800293e+00
9.685103297233581543e-01
5.158477425575256348e-01
8.796246051788330078e-01
9.665058255195617676e-01
-1.845107227563858032e-01
1.121157631278038025e-01
-1.203654766082763672e+00
5.381202697753906250e-01
1.647036433219909668e+00
1.622234463691711426e+00
-2.873386815190315247e-02
3.797238469123840332e-01
-4.425219446420669556e-02
7.439427375793457031e-01
8.449867367744445801e-01
-1.104265525937080383e-01
-1.381164908409118652e+00
-3.319337964057922363e-02
-5.984554886817932129e-01
