3.942450582981109619e-01
-9.313076734542846680e-02
5.834889411926269531e-01
-3.346258997917175293e-01
1.123675584793090820e+00
-3.191692829132080078e-01
-9.923543930053710938e-01
3.871878981590270996e-01
1.981362819671630859e+00
-1.423653244972229004e+00
-4.725528061389923096e-01
5.768554806709289551e-01
1.126415580511093140e-01
1.072895765304565430e+00
-6.325963884592056274e-02
-1.091339349746704102e+00
-8.480724692344665527e-02
8.050028085708618164e-01
-4.389331042766571045e-01
-9.066618680953979492e-01
8.194129467010498047e-01
1.574100375175476074e+00
-1.066774964332580566e+00
9.663936495780944824e-01
-4.925163686275482178e-01
-1.959466002881526947e-02
-4.959838092327117920e-01
2.093441188335418701e-01
4.727180600166320801e-01
-4.878463223576545715e-03
-2.461504563689231873e-02
2.838685512542724609e-01
-2.298722416162490845e-01
-2.898859083652496338e-01
5.548763871192932129e-01
-2.145322971045970917e-03
-4.542071819305419922e-01
-5.659902691841125488e-01
1.205344051122665405e-01
-5.769952535629272461e-01
-8.823232054710388184e-01
-2.233816497027873993e-02
5.342962145805358887e-01
-3.046371936798095703e-01
6.454241275787353516e-01
1.843855023384094238e+00
7.685730457305908203e-01
-4.393586516380310059e-02
2.790948450565338135e-01
-3.059720098972320557e-01
-1.017134070396423340e+00
-2.401475161314010620e-01
-9.883583784103393555e-01
3.266851603984832764e-01
-1.215026974678039551e+00
1.015271306037902832e+00
9.551188945770263672e-01
-1.997891068458557129e-02
2.856634855270385742e-01
-6.823331713676452637e-01
-7.356940954923629761e-02
7.264252901077270508e-01
1.293439745903015137e+00
4.891693294048309326e-01
-7.305263280868530273e-01
-1.154695868492126465e+00
1.299883008003234863e+00
-7.231457233428955078e-01
-1.592191606760025024e-01
4.105729758739471436e-01
2.371189594268798828e-01
1.011374592781066895e-02
1.163116455078125000e+00
-3.297103941440582275e-01
-8.733430504798889160e-01
-9.509323835372924805e-01
6.959458589553833008e-01
-6.573642492294311523e-01
-1.198620349168777466e-01
-6.476408336311578751e-03
-3.007956147193908691e-01
1.258732199668884277e+00
4.874685034155845642e-02
-7.031592130661010742e-01
-1.268927007913589478e-01
1.479712367057800293e+00
-8.078527450561523438e-02
-1.642906546592712402e+00
9.329693317413330078e-01
-5.670772790908813477e-01
-1.011696815490722656e+00
7.100520730018615723e-01
1.550665140151977539e+00
1.101409912109375000e+00
6.511509418487548828e-01
1.131958365440368652e+00
1.537703871726989746e+00
-4.957408010959625244e-01
5.068753361701965332e-01
-4.316094219684600830e-01
-6.501623392105102539e-01
2.663717865943908691e-01
-1.040649175643920898e+00
-1.114057302474975586e-01
1.612357616424560547e+00
-9.224910736083984375e-01
-1.026647210121154785e+00
7.206055521965026855e-01
-6.604906916618347168e-01
-8.245388269424438477e-01
-3.156532347202301025e-01
-1.150418281555175781e+00
7.691625952720642090e-01
-4.761973321437835693e-01
6.273019313812255859e-01
1.247428536415100098e+00
-1.464129209518432617e+00
-2.008159637451171875e+00
-1.342991471290588379e+00
2.648627161979675293e-01
-9.617909193038940430e-01
-4.927394986152648926e-01
-6.215406656265258789e-01
2.690242528915405273e-01
-1.545465946197509766e+00
2.238617181777954102e+00
-1.141450285911560059e+00
6.429384350776672363e-01
-1.096936225891113281e+00
3.052586913108825684e-01
3.533823192119598389e-01
-1.378500461578369141e+00
-1.545221731066703796e-02
8.739307522773742676e-02
1.651063680648803711e+00
-1.090632602572441101e-01
1.005663752555847168e+00
3.960355222225189209e-01
-3.464879035949707031e+00
-7.712023854255676270e-01
-4.589107036590576172e-01
3.824401497840881348e-01
-4.138691425323486328e-01
-9.833888411521911621e-01
1.494490206241607666e-01
3.901183903217315674e-01
1.970315456390380859e+00
-9.349445700645446777e-01
3.367688953876495361e-01
-7.269617319107055664e-01
-7.792717963457107544e-02
9.706672281026840210e-02
-6.056132540106773376e-02
-1.221483230590820312e+00
-6.222949549555778503e-02
1.262555956840515137e+00
1.611617654561996460e-01
3.215097784996032715e-01
-2.880786731839179993e-02
8.255836963653564453e-01
-1.083434820175170898e+00
9.138529896736145020e-01
-1.621928095817565918e+00
-5.837337374687194824e-01
4.210593402385711670e-01
8.584523797035217285e-01
-7.252053022384643555e-01
-8.596492558717727661e-02
1.499161776155233383e-02
-5.308681130409240723e-01
1.018464326858520508e+00
-4.691518843173980713e-01
2.943503558635711670e-01
4.049238562583923340e-01
-9.965181946754455566e-01
-2.481468319892883301e-01
2.559284865856170654e-01
4.389058053493499756e-01
-3.339056372642517090e-01
-1.213704228401184082e+00
2.353527247905731201e-01
-8.327448368072509766e-01
-1.417079329490661621e+00
-7.800694704055786133e-01
5.837679505348205566e-01
-4.979025721549987793e-01
-8.860623240470886230e-01
-2.869837760925292969e+00
-1.382266759872436523e+00
-2.966741323471069336e-01
-7.891687750816345215e-01
-2.486516088247299194e-01
-6.380235552787780762e-01
-1.412353962659835815e-01
2.216516733169555664e+00
1.510567307472229004e+00
1.657716184854507446e-01
-4.598336815834045410e-01
-8.864535093307495117e-01
1.714679360389709473e+00
-5.345728397369384766e-01
3.504927083849906921e-02
-7.394899427890777588e-02
-3.410817086696624756e-01
1.027360185980796814e-01
1.131566286087036133e+00
-1.061652779579162598e+00
5.581245422363281250e-01
-1.398721337318420410e-01
2.819916903972625732e-01
2.053383737802505493e-01
7.813349366188049316e-01
-1.621071457862854004e+00
-7.343524098396301270e-01
4.232417643070220947e-01
-4.887415468692779541e-01
-7.818858139216899872e-03
1.559910535812377930e+00
-1.072779297828674316e-01
8.288170695304870605e-01
-9.049167037010192871e-01
-1.501012086868286133e+00
3.599104583263397217e-01
-5.568194985389709473e-01
5.975491404533386230e-01
-3.276857361197471619e-02
4.923712611198425293e-01
-1.359838694334030151e-01
1.893090903759002686e-01
-9.583990573883056641e-01
2.968829870223999023e-02
-7.082781791687011719e-01
-2.086569309234619141e+00
1.212898492813110352e+00
-7.036405801773071289e-01
-1.202220916748046875e+00
1.277104318141937256e-01
2.054501026868820190e-01
-7.400310039520263672e-02
3.129602372646331787e-01
2.170417010784149170e-01
1.776169091463088989e-01
-2.652505934238433838e-01
-1.400721311569213867e+00
3.160962760448455811e-01
-6.815799474716186523e-01
-1.578680276870727539e+00
-2.666018903255462646e-02
6.993756294250488281e-01
1.018710017204284668e+00
6.384158730506896973e-01
-2.246019542217254639e-01
5.735876783728599548e-02
-7.544991970062255859e-01
-9.746453166007995605e-02
9.591904282569885254e-01
-2.822356522083282471e-01
-4.981946647167205811e-01
-2.403164803981781006e-01
-5.937324762344360352e-01
-1.294638216495513916e-01
4.593130052089691162e-01
6.056385636329650879e-01
-1.433104038238525391e+00
1.287226557731628418e+00
1.142176508903503418e+00
-1.828254312276840210e-01
-5.081312060356140137e-01
-6.966215968132019043e-01
-3.533031344413757324e-01
-5.122886896133422852e-01
-6.655952334403991699e-01
-2.782928049564361572e-01
5.907114744186401367e-01
-1.063903927803039551e+00
2.114683240652084351e-01
6.835627555847167969e-01
5.475934147834777832e-01
-9.191768616437911987e-02
1.964393258094787598e-01
-1.790118813514709473e+00
2.853904366493225098e-01
2.739420533180236816e-01
2.736398279666900635e-01
-3.316915929317474365e-01
8.654695004224777222e-02
1.261401027441024780e-01
1.845736205577850342e-01
-1.901032328605651855e-01
4.704195559024810791e-01
1.034152880311012268e-01
1.821335703134536743e-01
2.402200596407055855e-03
-1.107035279273986816e+00
-1.100123643875122070e+00
-1.201572179794311523e+00
-1.493151545524597168e+00
6.139894127845764160e-01
-1.353697061538696289e+00
1.228843092918395996e+00
-1.580378532409667969e+00
-9.046508073806762695e-01
-7.778889536857604980e-01
8.841747045516967773e-01
-7.862932980060577393e-02
1.452139377593994141e+00
-9.227948784828186035e-01
4.121857881546020508e-02
-3.451437130570411682e-02
-1.231666564941406250e+00
3.768647313117980957e-01
-6.029826998710632324e-01
5.104916691780090332e-01
-1.420931935310363770e+00
7.186010479927062988e-01
1.716956496238708496e-01
-1.202115640044212341e-01
-7.622705698013305664e-01
-2.776532649993896484e+00
-1.797056913375854492e+00
1.099094867706298828e+00
7.833181619644165039e-01
-2.022764205932617188e+00
-2.539343118667602539e+00
-8.207287788391113281e-01
-1.142321467399597168e+00
3.951054066419601440e-02
4.798255860805511475e-01
-1.361974626779556274e-01
1.613314032554626465e+00
1.401228606700897217e-01
1.118354797363281250e+00
-5.090892314910888672e-01
5.720394253730773926e-01
1.442071557044982910e+00
-1.112210869789123535e+00
-8.493151664733886719e-01
3.003323823213577271e-02
-5.015667676925659180e-01
-3.371346890926361084e-01
5.044071078300476074e-01
-1.099991798400878906e-01
-1.087223172187805176e+00
-8.326246142387390137e-01
-2.306290417909622192e-01
-5.596902966499328613e-01
1.179335638880729675e-01
-7.386524081230163574e-01
-7.037160396575927734e-01
-1.168453931808471680e+00
-4.918656349182128906e-01
-5.901832580566406250e-01
5.402689576148986816e-01
2.442825436592102051e-01
2.103868722915649414e-01
-8.574795722961425781e-02
-1.318029522895812988e+00
-4.129770994186401367e-01
-5.356690287590026855e-02
4.156171381473541260e-01
-1.612976074218750000e+00
-9.138008952140808105e-01
-9.360134601593017578e-01
-1.332557439804077148e+00
7.782250046730041504e-01
-9.967656135559082031e-01
7.663980871438980103e-02
7.661492228507995605e-01
1.436417996883392334e-01
8.361246436834335327e-02
-1.917739361524581909e-01
-2.005797065794467926e-02
6.284596920013427734e-01
-1.245072603225708008e+00
-7.036770582199096680e-01
-5.576974749565124512e-01
-5.041568279266357422e-01
7.199662327766418457e-01
-1.475273847579956055e+00
1.727190375328063965e+00
-2.814237773418426514e-01
2.248970568180084229e-01
-1.470123678445816040e-01
-6.792054772377014160e-01
5.944029688835144043e-01
-2.294529974460601807e-01
6.907576322555541992e-01
8.958016633987426758e-01
1.913093805313110352e+00
-7.047162652015686035e-01
-7.904078960418701172e-01
3.576881885528564453e-01
3.771147504448890686e-02
-6.813554763793945312e-01
-7.964718341827392578e-02
5.380952358245849609e-02
1.527348279953002930e+00
8.632239103317260742e-01
2.567692756652832031e+00
-1.478885293006896973e+00
-1.004544496536254883e+00
-1.215070188045501709e-01
1.251621365547180176e+00
-3.969481289386749268e-01
3.395958840847015381e-01
-6.546931862831115723e-01
-1.027260661125183105e+00
9.590328335762023926e-01
5.005435943603515625e-01
1.781965494155883789e-01
-5.824301242828369141e-01
6.024449467658996582e-01
1.059230789542198181e-01
5.267654657363891602e-01
5.422977209091186523e-01
2.026936784386634827e-02
2.172410726547241211e+00
-3.277770280838012695e-01
-1.208079099655151367e+00
3.048250675201416016e-01
-5.496733784675598145e-01
6.771932244300842285e-01
-9.086543321609497070e-01
2.523671388626098633e-01
-1.698235236108303070e-02
-4.389671087265014648e-01
1.732657313346862793e+00
-1.051333770155906677e-01
9.054699540138244629e-01
1.272480040788650513e-01
-5.040848255157470703e-01
4.864488244056701660e-01
-1.378457665443420410e+00
3.613823056221008301e-01
-1.015753746032714844e-01
1.186545565724372864e-01
1.056039094924926758e+00
6.119301319122314453e-01
1.102492809295654297e+00
-5.153532624244689941e-01
1.912638187408447266e+00
5.964065790176391602e-01
1.108037948608398438e+00
-9.882064163684844971e-02
8.113096654415130615e-02
-3.939639925956726074e-01
1.711025834083557129e-01
1.741380572319030762e+00
3.111183047294616699e-01
6.816945075988769531e-01
4.873428046703338623e-01
7.706136107444763184e-01
-3.629162013530731201e-01
-1.708839774131774902e+00
2.017285376787185669e-01
1.160387173295021057e-01
-5.285550355911254883e-01
6.763223558664321899e-02
-6.654466390609741211e-01
8.685511350631713867e-02
9.600766003131866455e-02
-1.041785597801208496e+00
3.933973014354705811e-01
9.329017996788024902e-01
8.333368301391601562e-01
-9.415474534034729004e-01
6.506788730621337891e-01
-6.518486738204956055e-01
-1.714337915182113647e-01
1.757805347442626953e+00
2.543082227930426598e-03
5.938168242573738098e-02
-1.069620698690414429e-01
1.089768290519714355e+00
-8.676615357398986816e-02
1.509760171175003052e-01
7.798992395401000977e-01
-2.112809121608734131e-01
2.049488872289657593e-01
8.829891085624694824e-01
-3.848618566989898682e-01
-1.475491166114807129e+00
-6.889399886131286621e-01
-8.403121232986450195e-01
3.046084642410278320e-01
-8.045527935028076172e-01
1.292414665222167969e+00
1.882672429084777832e+00
-7.338276505470275879e-01
-1.263356804847717285e+00
8.574303984642028809e-01
-4.047938287258148193e-01
-5.461081266403198242e-01
-4.928029179573059082e-01
1.022131323814392090e+00
-6.866031140089035034e-02
-3.962079286575317383e-01
1.635261416435241699e+00
4.438615441322326660e-01
-2.320523858070373535e-01
-4.458469152450561523e-01
3.684173822402954102e-01
-3.810299038887023926e-01
-1.205470561981201172e+00
-1.875685572624206543e+00
1.303437799215316772e-01
-9.250333309173583984e-01
1.224663853645324707e+00
1.113345772027969360e-01
2.632645964622497559e-01
-9.226433634757995605e-01
8.347098231315612793e-01
3.083743751049041748e-01
6.808980107307434082e-01
-7.083529233932495117e-01
6.054827570915222168e-01
-2.323065251111984253e-01
1.139659732580184937e-01
-2.988622784614562988e-01
-8.095275163650512695e-01
-4.589806795120239258e-01
-1.000951528549194336e+00
1.738310754299163818e-01
-8.662639260292053223e-01
-2.643864601850509644e-02
8.974661827087402344e-01
-9.921558946371078491e-02
1.075604319572448730e+00
-2.215887546539306641e+00
-1.233349919319152832e+00
2.076706886291503906e+00
-2.199818372726440430e+00
2.188547402620315552e-01
-3.189895451068878174e-01
2.155804634094238281e-01
-1.733331084251403809e+00
1.692862063646316528e-01
-1.411606550216674805e+00
-1.607139110565185547e+00
-1.312052309513092041e-01
-1.279323250055313110e-01
3.376320470124483109e-03
1.068784475326538086e+00
-4.557867348194122314e-01
1.295761466026306152e+00
-1.284635066986083984e-01
9.789136052131652832e-01
7.473815083503723145e-01
-3.925249874591827393e-01
-3.657624423503875732e-01
-1.265744805335998535e+00
-3.980637192726135254e-01
1.534838527441024780e-01
-6.446301937103271484e-01
-1.027848422527313232e-01
-3.240586221218109131e-01
-7.867788076400756836e-01
-7.066161036491394043e-01
1.440065503120422363e-01
-3.492141664028167725e-01
3.860895335674285889e-02
5.896782130002975464e-02
-1.284930825233459473e+00
1.562911748886108398e+00
-3.734155297279357910e-01
1.970231056213378906e+00
8.756830692291259766e-01
-3.654790222644805908e-01
1.519770264625549316e+00
-9.961329102516174316e-01
-4.205977618694305420e-01
1.559753060340881348e+00
-1.086464762687683105e+00
-1.464143693447113037e-01
6.162506937980651855e-01
-2.821798026561737061e-01
2.672716379165649414e-01
-1.964762210845947266e+00
-4.743457213044166565e-02
6.122214794158935547e-01
2.035292148590087891e+00
-2.298350572586059570e+00
2.592815160751342773e-01
1.826094269752502441e+00
-1.580893844366073608e-01
-4.461540877819061279e-01
1.990753710269927979e-01
4.341579675674438477e-01
3.935924768447875977e-01
-7.208809256553649902e-01
6.283146142959594727e-01
-1.852593868970870972e-01
1.067065238952636719e+00
5.180945396423339844e-01
1.237356662750244141e+00
4.675079584121704102e-01
8.584786057472229004e-01
2.534940540790557861e-01
-5.605897903442382812e-01
-2.232258915901184082e-01
5.353411659598350525e-02
2.777657508850097656e-01
-1.653663873672485352e+00
-4.206831455230712891e-01
8.436678349971771240e-02
5.375065207481384277e-01
-3.963496088981628418e-01
1.109494924545288086e+00
1.664593629539012909e-02
-5.347642302513122559e-01
1.014471292495727539e+00
5.090621113777160645e-01
1.203112363815307617e+00
5.414671897888183594e-01
-9.448421597480773926e-01
-1.391380071640014648e+00
9.829948097467422485e-02
1.239323258399963379e+00
-6.971696615219116211e-01
-5.822210311889648438e-01
-3.679795563220977783e-01
7.521479576826095581e-02
-4.202174842357635498e-01
1.254707813262939453e+00
1.559692919254302979e-01
-4.231424033641815186e-01
-1.441911935806274414e+00
1.856816291809082031e+00
3.893081843852996826e-01
-1.604945778846740723e+00
-1.664493083953857422e-01
1.906667947769165039e-01
1.113909244537353516e+00
5.762249231338500977e-01
5.893868803977966309e-01
1.943156599998474121e+00
7.462608814239501953e-01
-3.597099781036376953e-01
3.204315900802612305e-02
-8.555265665054321289e-01
6.271868348121643066e-01
8.008693903684616089e-02
4.828300774097442627e-01
-1.687942147254943848e-01
-2.472105622291564941e-01
-1.861494034528732300e-01
1.851785778999328613e-01
1.063663601875305176e+00
1.892992019653320312e+00
1.169144749641418457e+00
-1.822855472564697266e+00
-4.079797863960266113e-01
-1.501158177852630615e-01
-6.704910844564437866e-02
-4.926779493689537048e-02
-1.800336837768554688e-01
-6.667631864547729492e-01
7.648304104804992676e-02
7.327225208282470703e-01
2.323907911777496338e-01
-7.387558817863464355e-01
8.128227293491363525e-02
5.413914322853088379e-01
-3.827549219131469727e-01
-3.698839545249938965e-01
7.419227957725524902e-01
6.431041955947875977e-01
-1.738956093788146973e+00
4.682696461677551270e-01
7.063021510839462280e-02
-1.321694493293762207e+00
2.734438180923461914e-01
-1.032187491655349731e-01
1.070505604147911072e-01
1.072665691375732422e+00
6.753247976303100586e-01
3.429453074932098389e-01
-6.460334658622741699e-01
-2.366866730153560638e-02
9.412357211112976074e-02
8.719824552536010742e-01
5.397423505783081055e-01
-8.476611971855163574e-02
1.112075090408325195e+00
-5.655998587608337402e-01
2.531417846679687500e+00
-1.124340519309043884e-01
1.472177058458328247e-01
1.792559325695037842e-01
-3.642024397850036621e-01
-5.439894795417785645e-01
3.205028176307678223e-02
-1.136313557624816895e+00
-2.856782674789428711e-01
-8.049582242965698242e-01
5.746787786483764648e-01
1.356687426567077637e+00
5.138734579086303711e-01
5.482078790664672852e-01
2.875905036926269531e-01
-1.104726672172546387e+00
-1.357844024896621704e-01
1.233551383018493652e+00
5.182068943977355957e-01
-7.815989851951599121e-01
1.758923977613449097e-01
8.429566621780395508e-01
-1.596229076385498047e-01
-1.295327305793762207e+00
-1.492919623851776123e-01
5.146195292472839355e-01
4.503174424171447754e-01
7.762007713317871094e-01
-6.904367804527282715e-01
1.671428442001342773e+00
-7.343466877937316895e-01
8.060666322708129883e-01
3.612852394580841064e-01
1.113853335380554199e+00
2.951115667819976807e-01
-1.158270001411437988e+00
-3.316850364208221436e-01
6.683614850044250488e-01
-4.809751212596893311e-01
6.300157904624938965e-01
3.624460995197296143e-01
3.765874356031417847e-02
3.789502382278442383e-01
-1.601370096206665039e+00
2.031358480453491211e-01
1.070487737655639648e+00
1.921382188796997070e+00
1.576605796813964844e+00
-7.912728786468505859e-01
-6.359360218048095703e-01
-7.324309945106506348e-01
8.952109813690185547e-01
-1.982711404561996460e-01
3.828722536563873291e-01
9.192078113555908203e-01
-3.496622443199157715e-01
1.993437670171260834e-02
-3.169985711574554443e-01
-1.821507811546325684e+00
-3.514648973941802979e-01
-1.355633974075317383e+00
8.537527173757553101e-02
-3.557430803775787354e-01
-1.038063406944274902e+00
-4.800434112548828125e-01
1.244436502456665039e+00
1.061554431915283203e+00
1.575213313102722168e+00
-7.841111421585083008e-01
-3.033906221389770508e-01
-2.637451887130737305e-01
6.669296622276306152e-01
8.391714692115783691e-01
1.267269730567932129e+00
1.318890973925590515e-02
8.242309689521789551e-01
-1.623470894992351532e-02
7.328633666038513184e-01
8.307620286941528320e-01
-1.808522939682006836e-01
-1.878789901733398438e+00
2.741302847862243652e-01
-1.785455644130706787e-01
