-3.515749573707580566e-01
1.981767080724239349e-02
-1.180890083312988281e+00
3.181320428848266602e-01
5.415172576904296875e-01
3.514416515827178955e-01
9.196127206087112427e-02
-4.481039345264434814e-01
6.773449182510375977e-01
-6.751358509063720703e-01
-8.241648674011230469e-01
-1.640799403190612793e+00
-5.158498883247375488e-01
-7.655375599861145020e-01
9.419543147087097168e-01
-4.455544650554656982e-01
1.142323493957519531e+00
-2.901155948638916016e-01
-3.051573634147644043e-01
-1.220708250999450684e+00
-5.116031765937805176e-01
2.314575910568237305e+00
6.671935915946960449e-01
-1.555686891078948975e-01
-8.932899236679077148e-01
-9.503080248832702637e-01
-5.058026909828186035e-01
-2.088706254959106445e+00
-3.014732711017131805e-02
1.429667353630065918e+00
1.229505419731140137e+00
6.861754655838012695e-01
5.169735848903656006e-02
9.979767203330993652e-01
1.525601446628570557e-01
3.745045065879821777e-01
1.936621963977813721e-01
-1.619479060173034668e-01
9.743329882621765137e-01
-2.899764776229858398e-01
-2.165278434753417969e+00
-3.058886528015136719e-01
1.616797447204589844e-01
-7.333565950393676758e-01
-8.778635859489440918e-01
1.400082707405090332e+00
1.071529150009155273e+00
-1.100972414016723633e+00
4.030608236789703369e-01
-1.076314330101013184e+00
-1.793058753013610840e+00
-8.570606112480163574e-01
-6.785244345664978027e-01
-2.393817305564880371e-01
5.409649014472961426e-01
9.903873205184936523e-01
1.220427751541137695e+00
1.016600012779235840e+00
3.907552659511566162e-01
-1.035171389579772949e+00
-9.452867507934570312e-01
1.363988399505615234e+00
-1.089560866355895996e+00
1.622298240661621094e+00
3.328736424446105957e-01
-1.976615190505981445e-01
-3.791458532214164734e-02
6.751634478569030762e-01
-5.067483782768249512e-01
-1.040321707725524902e+00
1.791345328092575073e-01
2.757301032543182373e-01
1.586079478263854980e+00
2.426629662513732910e-01
1.984903663396835327e-01
-4.748218953609466553e-01
8.125501871109008789e-02
-1.922672033309936523e+00
-4.005823135375976562e-01
3.069764375686645508e-01
-1.023283958435058594e+00
-1.626492023468017578e+00
-1.568818986415863037e-01
6.322230100631713867e-01
8.916765451431274414e-02
-8.465169072151184082e-01
1.092054694890975952e-01
7.669172286987304688e-01
-2.196552991867065430e+00
-7.163982391357421875e-01
1.781376004219055176e+00
-5.103165507316589355e-01
-6.599032282829284668e-01
7.473050057888031006e-02
-1.279750704765319824e+00
-4.009846746921539307e-01
3.100737929344177246e-01
9.179013222455978394e-02
-1.306366622447967529e-01
-3.102906644344329834e-01
3.325423002243041992e-01
1.248196840286254883e+00
-4.610519707202911377e-01
1.320209056138992310e-01
-9.777407050132751465e-01
-1.499670267105102539e+00
-1.471895813941955566e+00
-2.283367633819580078e+00
-6.335266232490539551e-01
2.423796802759170532e-01
1.012170672416687012e+00
7.712586969137191772e-02
-9.028878808021545410e-01
-1.256855964660644531e+00
-1.687170863151550293e-01
3.144506216049194336e-01
1.006964892148971558e-01
-4.022009968757629395e-01
-1.950253009796142578e+00
3.989699184894561768e-01
8.318567872047424316e-01
6.248127818107604980e-01
-9.204134941101074219e-01
8.662829995155334473e-01
-7.917930483818054199e-01
4.742120504379272461e-01
-3.265275955200195312e+00
1.286746740341186523e+00
-2.465947717428207397e-01
9.910559654235839844e-01
6.475517153739929199e-01
-6.879843473434448242e-01
-1.008075714111328125e+00
1.256051957607269287e-01
-1.044057369232177734e+00
8.537790775299072266e-01
3.290751457214355469e+00
-7.245645523071289062e-01
6.028159260749816895e-01
4.914831519126892090e-01
1.917753815650939941e+00
-1.036643266677856445e+00
3.263732194900512695e-01
4.234165549278259277e-01
-4.109076857566833496e-01
1.322997808456420898e+00
1.075106620788574219e+00
1.029191970825195312e+00
-2.244658023118972778e-01
-2.449280321598052979e-01
4.412905275821685791e-01
-2.210609197616577148e+00
-2.835926413536071777e-01
1.754420995712280273e-01
-2.017905414104461670e-01
7.146170735359191895e-01
-2.082362413406372070e+00
-1.913092285394668579e-01
1.256360262632369995e-01
-1.098757982254028320e+00
-6.314310431480407715e-01
6.508163213729858398e-01
1.838730275630950928e-01
5.595986247062683105e-01
-6.213613152503967285e-01
-4.710172414779663086e-01
-4.302846193313598633e-01
1.423881053924560547e+00
-6.927438974380493164e-01
4.072945117950439453e-01
-8.194283843040466309e-01
2.191778421401977539e-01
-1.297043919563293457e+00
-4.297313392162322998e-01
1.307180762290954590e+00
-1.051220059394836426e+00
1.228757619857788086e+00
6.105417609214782715e-01
1.189119935035705566e+00
-8.633703589439392090e-01
2.624382972717285156e-01
4.832237213850021362e-02
1.740725994110107422e+00
-3.232816457748413086e-01
-1.886241137981414795e-01
-1.147725939750671387e+00
-1.493995785713195801e+00
-9.623732417821884155e-02
-1.200849890708923340e+00
6.422473788261413574e-01
-5.219398140907287598e-01
1.816107392311096191e+00
-1.246507763862609863e-01
-5.696657896041870117e-01
2.602926194667816162e-01
1.703247785568237305e+00
9.177829325199127197e-02
1.193361043930053711e+00
2.169815540313720703e+00
4.566299915313720703e-01
-2.306391954421997070e+00
1.299033761024475098e+00
-1.313607931137084961e+00
-6.874931454658508301e-01
1.897164583206176758e+00
5.135578513145446777e-01
-7.727442383766174316e-01
-1.842984080314636230e+00
-8.939099311828613281e-01
-8.898888826370239258e-01
6.040450930595397949e-01
-7.175689935684204102e-02
-7.345052361488342285e-01
-6.512347459793090820e-01
-7.618774771690368652e-01
8.310915231704711914e-01
-1.103173017501831055e+00
3.311390280723571777e-01
-2.010702528059482574e-02
1.521564275026321411e-01
-4.903190433979034424e-01
-8.012037277221679688e-01
8.509308844804763794e-02
-5.787518024444580078e-01
-1.083471894264221191e+00
1.056203097105026245e-01
5.614224672317504883e-01
-5.384786725044250488e-01
8.296190500259399414e-01
-7.283565998077392578e-01
-7.806737422943115234e-01
1.659656167030334473e+00
1.408863186836242676e+00
1.770246326923370361e-01
-8.851196765899658203e-01
6.630479693412780762e-01
-1.068760514259338379e+00
2.340813875198364258e-01
5.987711548805236816e-01
4.605927467346191406e-01
-6.884377002716064453e-01
-6.207274794578552246e-01
-8.775827288627624512e-01
-7.660163193941116333e-02
-1.291768193244934082e+00
-5.247607231140136719e-01
7.820215821266174316e-01
-3.371042013168334961e-01
-5.902810096740722656e-01
4.376842677593231201e-01
-2.661874592304229736e-01
1.608753055334091187e-01
5.102519392967224121e-01
-1.533906221389770508e+00
1.266854166984558105e+00
-1.087445020675659180e-01
-1.347395777702331543e-01
-1.527581363916397095e-01
1.406262516975402832e-01
-2.616010010242462158e-01
-1.202993273735046387e+00
-2.492257803678512573e-01
-1.478552073240280151e-01
3.088935017585754395e-01
1.979655027389526367e-01
8.136273622512817383e-01
8.732445240020751953e-01
4.884245097637176514e-01
-3.142809867858886719e-01
-3.097909986972808838e-01
2.381718531250953674e-02
2.083279490470886230e-01
-1.122043609619140625e+00
4.052343964576721191e-01
6.636683344841003418e-01
-1.534134864807128906e+00
4.420223832130432129e-01
-6.970972567796707153e-02
6.524470448493957520e-02
7.428241968154907227e-01
-1.793587565422058105e+00
4.916175007820129395e-01
-1.150411128997802734e+00
8.932142257690429688e-01
8.457485586404800415e-02
3.390457332134246826e-01
-6.556790471076965332e-01
7.558380961418151855e-01
2.593383938074111938e-02
5.495040416717529297e-01
-1.263566970825195312e+00
-4.963162541389465332e-01
-2.132302045822143555e+00
1.575814247131347656e+00
-8.495251536369323730e-01
1.189714908599853516e+00
-3.447636961936950684e-01
-4.902308583259582520e-01
-3.241964280605316162e-01
-7.132697105407714844e-02
-2.181473255157470703e+00
-1.069838762283325195e+00
-2.323101460933685303e-01
-4.889382123947143555e-01
1.937746554613113403e-01
3.676160871982574463e-01
7.960283160209655762e-01
-2.403381764888763428e-01
2.162811011075973511e-01
1.978693157434463501e-01
9.522252678871154785e-01
2.431436777114868164e-01
-2.244881987571716309e-01
-4.660588800907135010e-01
-1.638761311769485474e-01
1.342430412769317627e-01
-1.465994417667388916e-01
-1.243275046348571777e+00
-2.150838851928710938e+00
5.180574059486389160e-01
4.037700593471527100e-01
3.977020978927612305e-01
5.319430232048034668e-01
7.693010848015546799e-03
1.443222880363464355e+00
-2.622720897197723389e-01
2.671319246292114258e+00
5.799822211265563965e-01
-3.861270546913146973e-01
4.155815392732620239e-02
5.830096602439880371e-01
3.935892134904861450e-02
2.991472184658050537e-01
-1.303988218307495117e+00
-6.542744636535644531e-01
4.815336167812347412e-01
4.029444456100463867e-01
7.190160155296325684e-01
-8.095380663871765137e-01
-3.061569631099700928e-01
-3.191004097461700439e-01
7.474843263626098633e-01
7.780376672744750977e-01
9.336769580841064453e-01
4.978096485137939453e-01
-6.856032609939575195e-01
1.753085553646087646e-01
-8.634130358695983887e-01
3.049351274967193604e-01
-1.666018247604370117e+00
-4.419306218624114990e-01
-2.395689725875854492e+00
-3.214587867259979248e-01
4.135296046733856201e-01
-7.185357213020324707e-01
-1.239048615097999573e-01
-2.365514993667602539e+00
-3.345834836363792419e-02
7.204212546348571777e-01
9.882990717887878418e-01
1.937615513801574707e+00
-6.533102393150329590e-01
7.116195559501647949e-02
8.522283169440925121e-04
3.324108719825744629e-01
-1.190348505973815918e+00
2.015571147203445435e-01
2.576852738857269287e-01
3.887066245079040527e-01
-1.811509132385253906e+00
1.495851874351501465e+00
-2.342127412557601929e-01
-7.509892433881759644e-02
-5.676017403602600098e-01
-1.134775638580322266e+00
1.052025675773620605e+00
2.139055877923965454e-01
-5.026926994323730469e-01
-1.330120921134948730e+00
-7.692034244537353516e-01
-5.252664089202880859e-01
2.634452283382415771e-01
-1.643761098384857178e-01
-7.932336330413818359e-01
6.380210518836975098e-01
7.121865153312683105e-01
6.609078049659729004e-01
-1.826062500476837158e-01
5.172188580036163330e-02
-6.271487474441528320e-01
-1.391885399818420410e+00
-2.943443655967712402e-01
-3.170476913452148438e+00
-6.809380054473876953e-01
-1.358133196830749512e+00
1.905782222747802734e+00
1.120328187942504883e+00
-1.334148831665515900e-02
-2.892833650112152100e-01
-5.741249918937683105e-01
-1.868698358535766602e+00
-6.614770889282226562e-01
-2.056620717048645020e-01
-7.577967643737792969e-01
1.825136132538318634e-02
-1.306159138679504395e+00
-1.460829615592956543e+00
4.123230278491973877e-01
1.046405315399169922e+00
-1.144116282463073730e+00
-3.791047632694244385e-01
2.451138257980346680e+00
-4.648865163326263428e-01
-1.687239527702331543e+00
-8.040129542350769043e-01
1.596638202667236328e+00
-3.233749389648437500e+00
1.291039586067199707e-01
-6.082766875624656677e-02
-6.588745713233947754e-01
-1.443398714065551758e+00
-1.334013581275939941e+00
-7.886006236076354980e-01
-7.470614314079284668e-01
4.576498866081237793e-01
-5.917932093143463135e-02
6.327927857637405396e-02
-3.279193341732025146e-01
-5.832076668739318848e-01
-1.344897747039794922e-01
-1.484932601451873779e-01
1.348965048789978027e+00
-7.311861217021942139e-02
1.423421621322631836e+00
-1.093440130352973938e-01
1.539116259664297104e-02
-6.546493172645568848e-01
5.231142789125442505e-02
7.755379080772399902e-01
5.827605128288269043e-01
-3.802796080708503723e-02
-3.684587478637695312e-01
-5.874325707554817200e-02
-3.362484872341156006e-01
-4.487079679965972900e-01
-7.882246375083923340e-01
-1.513188600540161133e+00
-5.785520076751708984e-01
4.962441921234130859e-01
5.441179275512695312e-01
-6.745764613151550293e-01
7.807462215423583984e-01
7.141605019569396973e-01
2.878238558769226074e-01
-7.005018591880798340e-01
1.550160408020019531e+00
1.216692924499511719e+00
5.153977870941162109e-01
-1.875507950782775879e+00
6.752614378929138184e-01
6.952934861183166504e-01
1.261496543884277344e-02
9.046069383621215820e-01
-7.640439271926879883e-01
7.276820833794772625e-04
6.846386790275573730e-01
1.203757405281066895e+00
-7.053917050361633301e-01
-5.573694705963134766e-01
-1.119828224182128906e+00
2.149770736694335938e+00
2.369545221328735352e+00
-1.340249419212341309e+00
1.925845026969909668e+00
2.885469496250152588e-01
-5.543980374932289124e-02
-2.442242205142974854e-01
8.340623974800109863e-01
1.068697571754455566e+00
-1.851905286312103271e-01
1.933891057968139648e+00
4.003424942493438721e-01
2.143667221069335938e+00
2.075134664773941040e-01
5.627995729446411133e-01
-4.081141054630279541e-01
-1.189250200986862183e-01
-2.066589742898941040e-01
-6.217775866389274597e-02
-1.314895004034042358e-01
-8.934779167175292969e-01
-9.465174674987792969e-01
2.265475243330001831e-01
5.197787657380104065e-02
-4.667905867099761963e-01
-9.167488217353820801e-01
6.104127168655395508e-01
-3.011425733566284180e-01
6.186187863349914551e-01
-2.044469356536865234e+00
3.581148684024810791e-01
-1.349942922592163086e+00
5.005971193313598633e-01
-1.010415315628051758e+00
-1.342206597328186035e-01
1.937431842088699341e-01
-2.396192997694015503e-01
9.761789441108703613e-01
-2.369520515203475952e-01
-6.234370470046997070e-01
-7.084698677062988281e-01
1.170295238494873047e+00
5.938547849655151367e-01
1.931576609611511230e+00
4.328478872776031494e-01
-1.891314238309860229e-01
1.710607409477233887e+00
1.044304490089416504e+00
1.709918141365051270e+00
-3.356874883174896240e-01
1.446092724800109863e+00
-1.976836174726486206e-01
2.795265913009643555e-01
2.094528079032897949e-01
-1.456444114446640015e-01
1.169525146484375000e+00
1.188867807388305664e+00
-8.332761526107788086e-01
1.156985878944396973e+00
1.429038882255554199e+00
-3.115786910057067871e-01
-9.696121811866760254e-01
-1.665780305862426758e+00
-4.429266750812530518e-01
5.203713774681091309e-01
-4.448122978210449219e-01
-3.138112127780914307e-01
-2.356519252061843872e-01
-8.730000853538513184e-01
7.716996073722839355e-01
8.160138726234436035e-01
-8.343927264213562012e-01
-1.709958314895629883e-01
-1.466748356819152832e+00
-3.402687013149261475e-01
2.160474658012390137e-01
4.266979694366455078e-01
-8.278136253356933594e-01
1.387093961238861084e-01
1.749210596084594727e+00
-9.340412020683288574e-01
-5.555205941200256348e-01
-3.588487505912780762e-01
2.612231671810150146e-01
3.835752308368682861e-01
-1.722869515419006348e+00
3.489208221435546875e-01
-1.208719730377197266e+00
-7.528262678533792496e-03
-1.925800085067749023e+00
-4.050959646701812744e-01
-1.581651926040649414e+00
-1.591441512107849121e+00
8.172731846570968628e-02
-2.402178496122360229e-01
-1.699067711830139160e+00
-9.436925649642944336e-01
5.004971027374267578e-01
4.403577446937561035e-01
8.476182818412780762e-01
-1.435800075531005859e+00
-1.829028576612472534e-01
-7.681053876876831055e-01
-5.724607706069946289e-01
3.620778769254684448e-02
1.357233166694641113e+00
1.400748372077941895e+00
1.557358145713806152e+00
8.200622200965881348e-01
4.040409624576568604e-01
1.750587224960327148e+00
7.086300253868103027e-01
3.884290903806686401e-02
5.583055019378662109e-01
-6.067917346954345703e-01
8.101666569709777832e-01
1.020065426826477051e+00
9.385668039321899414e-01
-1.429915577173233032e-01
3.043402194976806641e+00
5.211372971534729004e-01
-8.608705997467041016e-01
8.177955150604248047e-01
-1.731089949607849121e-01
-9.185721874237060547e-01
1.327684283256530762e+00
-6.831452250480651855e-01
4.026368632912635803e-02
-4.300278127193450928e-01
6.478400826454162598e-01
5.081329345703125000e-01
6.287111043930053711e-01
-5.265325903892517090e-01
1.629224061965942383e+00
4.319160580635070801e-01
7.762022316455841064e-02
1.392433285713195801e+00
-3.318154215812683105e-01
4.584755003452301025e-01
2.485989779233932495e-01
8.955914378166198730e-01
-1.176018476486206055e+00
9.454994462430477142e-03
-1.305030226707458496e+00
1.019349098205566406e+00
-1.047578811645507812e+00
6.906692385673522949e-01
4.944956898689270020e-01
3.680610358715057373e-01
-4.285040199756622314e-01
-5.978618860244750977e-01
-5.017050504684448242e-01
-2.319273352622985840e-01
2.363011389970779419e-01
2.938383445143699646e-02
-1.413955807685852051e+00
-6.110504269599914551e-01
1.430267810821533203e+00
1.915752887725830078e-01
-1.339323043823242188e+00
-2.847717106342315674e-01
-1.876549243927001953e+00
8.448882699012756348e-01
1.289583206176757812e+00
5.874173641204833984e-01
-1.587477922439575195e-01
1.123764991760253906e+00
1.653747111558914185e-01
1.449771642684936523e+00
-3.663048148155212402e-01
9.134266376495361328e-01
4.595997631549835205e-01
-4.537135362625122070e-01
4.580397903919219971e-01
-1.480427980422973633e+00
1.377258896827697754e+00
7.662033438682556152e-01
1.888236165046691895e+00
-3.171513676643371582e-01
-1.334845185279846191e+00
9.086344838142395020e-01
-1.199033260345458984e+00
3.945191204547882080e-01
-5.279911756515502930e-01
-8.525506258010864258e-01
6.594939231872558594e-01
-4.127149581909179688e-01
1.622475743293762207e+00
1.352977275848388672e+00
1.019935086369514465e-01
-1.001250743865966797e+00
-9.478074908256530762e-01
-1.106621384620666504e+00
5.551643967628479004e-01
7.992891073226928711e-01
4.254871606826782227e-02
-5.383359640836715698e-02
-1.640260592103004456e-02
-9.432354569435119629e-01
-5.424005389213562012e-01
-6.118268370628356934e-01
4.260689914226531982e-01
3.021605312824249268e-01
5.543829202651977539e-01
-5.638847947120666504e-01
-3.174710273742675781e-02
-2.492976933717727661e-01
-1.265778303146362305e+00
-9.305036067962646484e-02
-3.767741024494171143e-01
-2.524732649326324463e-01
-8.328977227210998535e-01
1.649735681712627411e-02
-2.645040117204189301e-02
1.599977165460586548e-01
9.489147663116455078e-01
-1.100738421082496643e-01
1.131422400474548340e+00
-1.421217799186706543e+00
-1.714560836553573608e-01
5.890673771500587463e-02
3.789250254631042480e-01
-1.046383008360862732e-02
-9.185296297073364258e-01
-2.480038255453109741e-01
3.984694182872772217e-02
-1.615840047597885132e-01
-1.393891405314207077e-03
-1.131680250167846680e+00
2.122623026371002197e-01
-2.976351082324981689e-01
-1.088911056518554688e+00
1.171780228614807129e+00
6.389061212539672852e-01
3.466681391000747681e-02
4.419614076614379883e-01
1.084641218185424805e+00
-2.032610177993774414e-01
1.507756859064102173e-01
1.391414403915405273e-01
1.799488306045532227e+00
1.019037842750549316e+00
3.406850695610046387e-01
-6.595370769500732422e-01
5.891459584236145020e-01
1.939555406570434570e-01
-9.746218323707580566e-01
-3.699936866760253906e-01
-2.774409353733062744e-01
-3.260344564914703369e-01
5.837835744023323059e-02
-2.138305008411407471e-01
8.951643109321594238e-01
-2.419765442609786987e-01
9.167545437812805176e-01
-3.851905167102813721e-01
6.229231134057044983e-02
-4.499102830886840820e-01
-1.696833968162536621e-01
9.115099906921386719e-01
9.862465262413024902e-01
3.217452168464660645e-01
1.998704522848129272e-01
1.166680812835693359e+00
-5.727504491806030273e-01
-2.389888763427734375e-01
4.053740799427032471e-01
6.794199943542480469e-01
7.071413993835449219e-01
-1.886235117912292480e+00
-3.998093903064727783e-01
1.331906199455261230e+00
-6.426510214805603027e-01
1.530820727348327637e+00
1.483547925949096680e+00
1.199576735496520996e+00
-8.682094812393188477e-01
5.749127268791198730e-01
9.822090864181518555e-01
3.291665315628051758e-01
7.191827893257141113e-01
-1.671783328056335449e+00
2.269561588764190674e-01
1.038724064826965332e+00
3.504180014133453369e-01
1.149949312210083008e+00
2.203479528427124023e+00
7.266809344291687012e-01
7.467079162597656250e-01
1.194935888051986694e-01
-1.390010714530944824e+00
6.176187396049499512e-01
-1.291729331016540527e+00
1.092439740896224976e-01
-3.999035060405731201e-01
-1.279422283172607422e+00
1.108402502723038197e-03
-4.509968161582946777e-01
