-7.013998925685882568e-02
9.592320322990417480e-01
-7.282642126083374023e-01
4.903150200843811035e-01
1.869593858718872070e+00
-7.377877831459045410e-01
-6.801450848579406738e-01
1.163900122046470642e-01
8.070279657840728760e-02
-1.556298375129699707e+00
-2.508310556411743164e+00
-2.245423555374145508e+00
9.042994976043701172e-01
-1.124009490013122559e+00
8.351969122886657715e-01
1.826916813850402832e+00
-1.668507456779479980e-01
3.802206739783287048e-02
-4.243076145648956299e-01
-1.749949216842651367e+00
-1.307165026664733887e+00
9.448086023330688477e-01
8.892560377717018127e-03
-3.879921436309814453e-01
1.962151050567626953e+00
-1.384076327085494995e-01
-1.160205602645874023e-01
-1.476745486259460449e+00
1.004270434379577637e+00
9.860510230064392090e-01
6.100972294807434082e-01
1.196440219879150391e+00
1.554092019796371460e-01
6.763939857482910156e-01
-9.873048961162567139e-02
-4.900778532028198242e-01
7.842201590538024902e-01
1.253572940826416016e+00
-1.313056498765945435e-01
-1.799599975347518921e-01
4.411187022924423218e-02
-1.006691455841064453e+00
3.525917530059814453e-01
-3.115713596343994141e-01
-1.446767151355743408e-02
2.365783601999282837e-02
1.027699828147888184e+00
-8.304839730262756348e-01
2.571525871753692627e-01
-1.583722352981567383e+00
-1.299763917922973633e+00
-4.481980204582214355e-01
1.030574142932891846e-01
3.985539674758911133e-01
1.168687701225280762e+00
1.005837440490722656e+00
-8.481375128030776978e-02
1.882733583450317383e+00
-1.419906497001647949e+00
-1.107218742370605469e+00
-5.819156765937805176e-01
7.688779830932617188e-01
-8.221429586410522461e-02
1.848043054342269897e-01
8.692058920860290527e-01
-4.103054106235504150e-01
1.035760283470153809e+00
-3.849830031394958496e-01
-1.268234014511108398e+00
-5.219447016716003418e-01
9.862530827522277832e-01
-3.206886351108551025e-01
9.888128042221069336e-01
-1.088374495506286621e+00
-5.569204688072204590e-01
-2.440049648284912109e+00
4.257904589176177979e-01
-1.144183039665222168e+00
1.663311243057250977e+00
-8.228572607040405273e-01
-6.772310137748718262e-01
2.206286042928695679e-01
-1.618949770927429199e+00
5.525801777839660645e-01
9.729606509208679199e-01
1.242671489715576172e+00
1.782319694757461548e-02
-7.448263764381408691e-01
-6.167196631431579590e-01
6.019589304924011230e-01
8.590911030769348145e-01
1.105028033256530762e+00
6.675218343734741211e-01
-6.017727851867675781e-01
-1.540389955043792725e-01
4.516125917434692383e-01
7.191796302795410156e-01
-4.216257631778717041e-01
-1.169900178909301758e+00
1.412338167428970337e-01
2.115682601928710938e+00
5.745621919631958008e-01
-1.312727808952331543e+00
9.361817687749862671e-02
-3.684367835521697998e-01
-3.145641833543777466e-02
1.594146132469177246e+00
-4.731611609458923340e-01
7.662026286125183105e-01
1.161839246749877930e+00
1.472523063421249390e-02
-5.962134525179862976e-02
-8.875163197517395020e-01
3.226749598979949951e-01
1.077323913574218750e+00
-4.763635694980621338e-01
-3.953440487384796143e-01
-7.001684904098510742e-01
-7.115261554718017578e-01
7.258180975914001465e-01
-1.585921406745910645e+00
6.404181718826293945e-01
-1.769132494926452637e+00
5.454646944999694824e-01
-1.008955836296081543e+00
7.778803706169128418e-01
-1.455344676971435547e+00
1.822851657867431641e+00
-1.331372737884521484e+00
4.565370976924896240e-01
-5.255336761474609375e-01
-2.010896354913711548e-01
-8.665139786899089813e-03
7.328139543533325195e-01
5.542379021644592285e-01
-6.978663206100463867e-01
8.184427022933959961e-01
-5.689942836761474609e-01
9.230170845985412598e-01
-1.706842184066772461e+00
6.015366911888122559e-01
-1.961343646049499512e+00
2.855112850666046143e-01
-1.480365514755249023e+00
-7.136896252632141113e-01
1.705989122390747070e+00
2.022603988647460938e+00
9.216231107711791992e-01
1.111727118492126465e+00
8.530520796775817871e-01
-7.824205756187438965e-01
-1.354318261146545410e+00
-6.867630481719970703e-01
1.357209920883178711e+00
-6.584364920854568481e-02
6.362740993499755859e-01
-1.619904279708862305e+00
-2.967689931392669678e-01
-1.084621191024780273e+00
-8.320712447166442871e-01
-6.537467837333679199e-01
1.589405233971774578e-03
-4.958194494247436523e-01
-1.521817207336425781e+00
2.023049354553222656e+00
1.872872412204742432e-01
1.248848810791969299e-01
1.192227959632873535e+00
3.417533263564109802e-02
7.493149042129516602e-01
1.461595654487609863e+00
-1.939129680395126343e-01
-1.478736847639083862e-01
1.288124322891235352e-01
-3.852573931217193604e-01
-7.339432835578918457e-01
5.779008865356445312e-01
4.799350202083587646e-01
2.969006896018981934e-01
-1.427186608314514160e+00
9.754927754402160645e-01
-1.939581632614135742e+00
9.633910059928894043e-01
-7.827580571174621582e-01
5.749440789222717285e-01
-4.667111933231353760e-01
-8.422214388847351074e-01
-1.390221834182739258e+00
-9.916601181030273438e-01
1.197973731905221939e-02
-3.725811094045639038e-02
-1.456099897623062134e-01
-7.818194031715393066e-01
2.430111020803451538e-01
-4.464759826660156250e-01
2.961965203285217285e-01
6.995215415954589844e-01
-8.688635230064392090e-01
5.834912061691284180e-01
8.015660047531127930e-01
-1.406278848648071289e+00
-9.288538694381713867e-01
-2.067839384078979492e+00
-2.956709563732147217e-01
6.626101732254028320e-01
-4.660189747810363770e-01
-4.955133497714996338e-01
-5.708316564559936523e-01
-7.266290187835693359e-01
1.086832284927368164e+00
-2.931644394993782043e-02
5.963475704193115234e-01
3.217703998088836670e-01
-1.377289056777954102e+00
4.903804659843444824e-01
6.937429904937744141e-01
-4.425083994865417480e-01
1.334867238998413086e+00
1.250326871871948242e+00
1.282305359840393066e+00
-9.813051819801330566e-01
-1.110872745513916016e+00
7.470597028732299805e-01
-7.728245258331298828e-01
-8.292438983917236328e-01
5.013113021850585938e-01
-4.985240995883941650e-01
-3.861864805221557617e-01
1.433886885643005371e+00
-4.745789468288421631e-01
6.253798604011535645e-01
9.835489988327026367e-01
1.813853681087493896e-01
-3.334196209907531738e-01
-2.226740837097167969e+00
3.953035771846771240e-01
-8.708240985870361328e-01
-6.498625874519348145e-02
-1.137597799301147461e+00
-8.696244359016418457e-01
-1.720299601554870605e+00
1.717867851257324219e-01
-5.555615425109863281e-01
-1.478273123502731323e-01
-1.073167800903320312e+00
-1.359359025955200195e-01
-1.593066751956939697e-01
5.491910576820373535e-01
-3.266401290893554688e-01
1.377522230148315430e+00
-5.118852853775024414e-01
1.720464378595352173e-01
1.039206147193908691e+00
-5.628097057342529297e-01
6.804333627223968506e-02
1.045377612113952637e+00
-3.305647671222686768e-01
-5.713519454002380371e-01
-2.268341034650802612e-01
-2.298310846090316772e-01
-1.906351208686828613e+00
-8.404155969619750977e-01
5.839905142784118652e-01
6.368978619575500488e-01
-1.430664658546447754e-01
-2.774278223514556885e-01
-5.182788241654634476e-03
1.972331404685974121e+00
8.220489025115966797e-01
-1.345827221870422363e+00
-9.906352162361145020e-01
-6.099168062210083008e-01
2.747615277767181396e-01
4.774571955204010010e-01
-2.716942690312862396e-02
-8.251803517341613770e-01
-1.424079537391662598e-01
-6.886825710535049438e-02
2.932858467102050781e-01
-1.481595993041992188e+00
8.374795317649841309e-01
1.571579650044441223e-02
1.295737572945654392e-03
1.791573017835617065e-01
3.892324566841125488e-01
1.550990194082260132e-01
2.838555574417114258e-01
-4.239079654216766357e-01
1.411403436213731766e-02
-6.657965779304504395e-01
1.313171535730361938e-01
6.753847599029541016e-01
-1.072746038436889648e+00
1.155571579933166504e+00
-9.809485673904418945e-01
-3.239758014678955078e-01
-1.014064550399780273e+00
4.527758657932281494e-01
-8.757976293563842773e-01
-6.428149938583374023e-01
3.552459478378295898e-01
-1.504538893699645996e+00
-3.401828929781913757e-02
4.991760253906250000e-01
1.031382441520690918e+00
1.102373123168945312e+00
9.081972837448120117e-01
7.726706266403198242e-01
5.452985167503356934e-01
-7.091889977455139160e-01
2.245225191116333008e+00
-1.878883391618728638e-01
6.568967700004577637e-01
-1.527752399444580078e+00
2.350831218063831329e-02
-9.318436682224273682e-02
-1.324080973863601685e-01
5.116351842880249023e-01
1.127050042152404785e+00
-5.534847974777221680e-01
2.744441330432891846e-01
-1.810242414474487305e+00
-1.472067475318908691e+00
-4.467218220233917236e-01
7.172817587852478027e-01
1.052446007728576660e+00
8.854876160621643066e-01
6.099240183830261230e-01
-8.961847424507141113e-01
-4.566620886325836182e-01
8.967528939247131348e-01
8.529266119003295898e-01
1.104684770107269287e-01
-1.045797467231750488e+00
5.443682074546813965e-01
-1.367288947105407715e+00
-1.514975786209106445e+00
-7.583942264318466187e-02
-5.803496763110160828e-02
1.436986774206161499e-01
2.898851037025451660e-01
-6.845411062240600586e-01
1.842666029930114746e+00
4.912087917327880859e-01
4.256200194358825684e-01
-8.978337049484252930e-01
6.059764027595520020e-01
-1.451279044151306152e+00
1.979944825172424316e+00
2.093275785446166992e-01
1.404094338417053223e+00
7.521966844797134399e-02
8.933285474777221680e-01
-1.339752674102783203e-01
1.903765499591827393e-01
-5.434244871139526367e-01
5.282936692237854004e-01
-3.614361286163330078e-01
-2.691045701503753662e-01
-1.094871622626669705e-04
-5.190005302429199219e-01
-7.979064583778381348e-01
1.133166790008544922e+00
-9.850359559059143066e-01
-9.138598442077636719e-01
-5.178325772285461426e-01
-6.704853773117065430e-01
4.552554786205291748e-01
8.222011923789978027e-01
1.268890261650085449e+00
9.350445866584777832e-01
-5.013601779937744141e-01
7.480180859565734863e-01
-8.989251405000686646e-02
1.053212523460388184e+00
-7.260460257530212402e-01
1.215532064437866211e+00
2.699663341045379639e-01
-3.620754778385162354e-01
-1.112563371658325195e+00
-2.180983066558837891e+00
1.975796967744827271e-01
-1.524706035852432251e-01
-2.415555268526077271e-01
1.237357854843139648e+00
-4.173740744590759277e-01
1.113019227981567383e+00
5.172637701034545898e-01
2.937198877334594727e-01
2.874231934547424316e-01
-3.571929037570953369e-01
7.651939988136291504e-01
-1.520846962928771973e+00
1.337694078683853149e-01
-6.259557008743286133e-01
1.177452802658081055e+00
4.012061655521392822e-01
1.133456230163574219e-01
-2.802720963954925537e-01
1.648786365985870361e-01
6.858192086219787598e-01
-1.417223334312438965e+00
8.310067653656005859e-01
6.444165110588073730e-01
-1.188565611839294434e+00
-1.293570995330810547e+00
-1.059543013572692871e+00
1.727606654167175293e+00
-2.224640995264053345e-01
-7.159086465835571289e-01
-1.049875140190124512e+00
1.845010161399841309e+00
-7.017475366592407227e-01
5.949277281761169434e-01
-3.852805197238922119e-01
7.694742828607559204e-02
1.518831372261047363e+00
5.922245979309082031e-02
-4.336697459220886230e-01
7.104796767234802246e-01
-1.125591039657592773e+00
-7.128410935401916504e-01
-2.650447189807891846e-01
-2.361388444900512695e+00
-2.742946743965148926e-01
7.466284632682800293e-01
1.515334963798522949e+00
-2.934851348400115967e-01
-3.698117733001708984e-01
1.379217863082885742e+00
-1.345586180686950684e+00
2.745873928070068359e-01
3.554771244525909424e-01
5.777560472488403320e-01
-1.726118087768554688e+00
-9.791752099990844727e-01
-1.523581504821777344e+00
5.969526991248130798e-02
9.103711694478988647e-02
-4.233951568603515625e-01
6.058244705200195312e-01
1.151969134807586670e-01
5.187136530876159668e-01
-6.627383232116699219e-01
5.289930105209350586e-01
-3.045285940170288086e-01
-4.898164272308349609e-01
-1.145523428916931152e+00
4.645868241786956787e-01
9.188963174819946289e-01
-1.754512548446655273e+00
3.198053538799285889e-01
-1.420922160148620605e+00
-7.763534188270568848e-01
-1.278691649436950684e+00
6.380651593208312988e-01
3.693664371967315674e-01
6.667349338531494141e-01
-3.932536020874977112e-02
7.713190317153930664e-01
-1.570874750614166260e-01
1.692455559968948364e-01
-6.540879607200622559e-01
4.777771234512329102e-01
-7.833127379417419434e-01
-4.222189600113779306e-04
1.891143918037414551e+00
-1.542650341987609863e+00
-1.315554380416870117e-01
5.219498872756958008e-01
2.094528675079345703e+00
7.393005490303039551e-01
-4.601967707276344299e-02
7.629811167716979980e-01
-4.886502325534820557e-01
3.258301317691802979e-01
-1.086019128561019897e-01
1.467446684837341309e-01
8.408789634704589844e-01
3.096792697906494141e-01
-1.191670656204223633e+00
-2.903867661952972412e-01
8.309895638376474380e-04
-1.363274455070495605e+00
3.682174086570739746e-01
1.078425765037536621e+00
1.005707263946533203e+00
8.700402975082397461e-01
-1.898743659257888794e-01
1.555828928947448730e+00
-3.061092086136341095e-02
-3.164249062538146973e-01
7.217072248458862305e-01
-1.000675320625305176e+00
-6.668890118598937988e-01
-1.559835791587829590e+00
-5.130831003189086914e-01
1.422756761312484741e-01
4.293586015701293945e-01
-1.253463506698608398e+00
9.225036203861236572e-02
-9.643614888191223145e-01
4.162346720695495605e-01
-5.314269661903381348e-01
-8.772069811820983887e-01
5.889359116554260254e-01
5.905897021293640137e-01
9.936952590942382812e-01
-1.739994168281555176e+00
1.067609906196594238e+00
3.523885607719421387e-01
2.253833532333374023e+00
-7.398425042629241943e-02
7.335743308067321777e-01
-1.473374843597412109e+00
1.621770620346069336e+00
4.755943119525909424e-01
5.841526985168457031e-01
7.849816679954528809e-01
-8.503899723291397095e-02
1.987317562103271484e+00
-1.245834231376647949e+00
-1.087554812431335449e+00
2.197193503379821777e-01
-8.005557060241699219e-01
-2.657352387905120850e-01
-2.842415310442447662e-02
8.042094111442565918e-02
-6.665154695510864258e-01
4.385557770729064941e-01
2.241323709487915039e+00
-1.681418538093566895e+00
-1.544741153717041016e+00
-6.176320910453796387e-01
-1.184319734573364258e+00
-2.151006221771240234e+00
-3.040441870689392090e-01
-7.630961537361145020e-01
-6.390497833490371704e-02
-2.592254281044006348e-01
8.093535900115966797e-02
-8.961694836616516113e-01
1.259470582008361816e-01
-6.365625858306884766e-01
-9.927296042442321777e-01
-5.725871324539184570e-01
6.716566085815429688e-01
-1.507431507110595703e+00
-1.301916502416133881e-02
-8.415715098381042480e-01
-6.447635591030120850e-02
-4.977818429470062256e-01
-7.364803552627563477e-01
1.302422285079956055e+00
4.614441394805908203e-01
-2.077142894268035889e-01
-1.406872630119323730e+00
7.694131135940551758e-01
6.314294338226318359e-01
-1.005757927894592285e+00
-8.329244256019592285e-01
1.200653314590454102e+00
-1.412517428398132324e-01
3.171524107456207275e-01
1.299422025680541992e+00
-9.648066759109497070e-01
1.325692892074584961e+00
-2.404181718826293945e+00
-3.080215752124786377e-01
3.773415088653564453e-01
-1.355248808860778809e+00
-1.548903226852416992e+00
-1.140465140342712402e+00
-6.375990509986877441e-01
-2.062237821519374847e-03
-7.365964055061340332e-01
1.469013929367065430e+00
-9.281144738197326660e-01
8.096725344657897949e-01
9.562593698501586914e-01
-9.504216164350509644e-02
-8.076881766319274902e-01
-2.279239892959594727e-02
4.201619029045104980e-01
6.580783724784851074e-01
7.804812192916870117e-01
4.755192697048187256e-01
-9.920042753219604492e-01
-2.105080336332321167e-01
1.459516406059265137e+00
6.570967435836791992e-01
-6.970651745796203613e-01
-1.023665368556976318e-01
-6.328901052474975586e-01
2.868863940238952637e-01
1.948959946632385254e+00
9.192923903465270996e-01
-5.003284811973571777e-01
1.473467230796813965e+00
1.022664666175842285e+00
2.716667652130126953e-01
1.021665692329406738e+00
8.220614790916442871e-01
6.917166113853454590e-01
7.557175755500793457e-01
1.516489624977111816e+00
-9.340565204620361328e-01
9.355151057243347168e-01
1.538994610309600830e-01
1.039001703262329102e+00
3.347677886486053467e-01
4.981559514999389648e-01
-3.442735075950622559e-01
-3.440054357051849365e-01
-6.062223315238952637e-01
-6.364340186119079590e-01
1.014773964881896973e+00
-1.508855074644088745e-01
-4.386846125125885010e-01
-4.204620718955993652e-01
4.224963188171386719e-01
-2.815361917018890381e-01
4.356384575366973877e-01
7.714128494262695312e-01
-1.318302273750305176e+00
-1.497811198234558105e+00
-4.671493470668792725e-01
-6.422677636146545410e-02
5.305057764053344727e-01
1.461877465248107910e+00
6.427267193794250488e-01
-1.380269885063171387e+00
-2.681134939193725586e-01
3.237363994121551514e-01
-1.036857724189758301e+00
-8.878718018531799316e-01
3.561250120401382446e-02
8.457827568054199219e-01
6.451524049043655396e-02
-4.631760418415069580e-01
1.307349681854248047e+00
4.914546757936477661e-02
-2.221438437700271606e-01
-3.518463671207427979e-01
-1.463979244232177734e+00
5.239608287811279297e-01
7.471465468406677246e-01
3.274506330490112305e-01
-1.585190594196319580e-01
-6.294201612472534180e-01
-7.185077071189880371e-01
-3.757924735546112061e-01
1.118702143430709839e-01
-2.397701889276504517e-02
-8.374617099761962891e-01
3.777892887592315674e-01
7.620267570018768311e-03
2.781343162059783936e-01
9.788267612457275391e-01
1.624028682708740234e-01
7.733475565910339355e-01
-2.595460414886474609e-01
8.565120100975036621e-01
5.868009924888610840e-01
1.167044281959533691e+00
5.221161246299743652e-02
1.199052095413208008e+00
-1.997201144695281982e-01
-7.434737682342529297e-01
-8.622500896453857422e-01
-1.587378144264221191e+00
-2.210751622915267944e-01
1.000319942831993103e-01
-6.347784996032714844e-01
-5.147895961999893188e-02
-3.347248435020446777e-01
4.678714573383331299e-01
-5.220108032226562500e-01
1.187362987548112869e-02
9.871039986610412598e-01
3.849380314350128174e-01
-2.059364020824432373e-01
-7.460910826921463013e-02
4.036090075969696045e-01
-1.829835176467895508e+00
-7.032546997070312500e-01
2.843994796276092529e-01
3.080835044384002686e-01
2.001335144042968750e+00
3.815650343894958496e-01
-7.448993921279907227e-01
3.328432142734527588e-01
-5.080532431602478027e-01
-5.425757765769958496e-01
9.876260906457901001e-02
9.988309741020202637e-01
6.747697591781616211e-01
7.331081628799438477e-01
-7.763283252716064453e-01
2.672178745269775391e-01
-1.134981036186218262e+00
-1.284311175346374512e+00
1.263838052749633789e+00
1.217870473861694336e+00
-7.941858172416687012e-01
9.573364257812500000e-01
1.115543484687805176e+00
-3.526198491454124451e-02
-2.626469731330871582e-01
-9.538539499044418335e-02
1.285925865173339844e+00
-1.161986947059631348e+00
-1.783359766006469727e+00
-1.035131573677062988e+00
-2.856213152408599854e-01
-1.066411733627319336e+00
-3.560258448123931885e-01
7.003401517868041992e-01
-1.044504791498184204e-01
-1.530438214540481567e-01
-9.147302508354187012e-01
-3.880958259105682373e-01
1.423001527786254883e+00
-8.721191883087158203e-01
2.604131400585174561e-01
-1.357415795326232910e+00
-7.011246681213378906e-01
-2.618427276611328125e-01
5.738183259963989258e-01
-6.478834152221679688e-01
-3.466548025608062744e-01
-8.195546269416809082e-02
1.575973153114318848e+00
-3.521275520324707031e-02
5.242449045181274414e-01
-5.383210778236389160e-01
8.517423272132873535e-01
-1.784690469503402710e-01
-3.150750696659088135e-01
-4.157310724258422852e-01
8.651177287101745605e-01
1.379538059234619141e+00
3.763937354087829590e-01
-2.095112204551696777e-01
1.832323223352432251e-01
7.688513398170471191e-01
-6.100677251815795898e-01
3.480610549449920654e-01
-4.415673315525054932e-01
3.758039325475692749e-02
-1.680357694625854492e+00
-3.650027513504028320e-01
1.653479337692260742e+00
-7.990061044692993164e-01
7.414702773094177246e-01
-2.538074254989624023e-01
1.517466187477111816e+00
2.063668966293334961e+00
-1.509512215852737427e-01
6.870578974485397339e-02
-3.407365083694458008e-01
-3.618978857994079590e-01
-1.274573653936386108e-01
5.583099275827407837e-02
1.612772345542907715e-01
3.693582548294216394e-04
-9.041215479373931885e-02
8.185149431228637695e-01
