-7.501028776168823242e-01
7.087345123291015625e-01
-9.486081004142761230e-01
1.340074539184570312e+00
1.738462746143341064e-01
1.530433744192123413e-01
4.281566143035888672e-01
6.076834201812744141e-01
1.323215849697589874e-02
-7.253122925758361816e-01
-1.631587028503417969e+00
-1.950670003890991211e+00
6.437176465988159180e-01
-6.811529397964477539e-01
1.099901556968688965e+00
7.468112707138061523e-01
4.222911596298217773e-01
4.805853664875030518e-01
-3.587542474269866943e-01
-1.601861119270324707e+00
-1.553693771362304688e+00
7.896762490272521973e-01
-1.507334560155868530e-01
-8.522357344627380371e-01
1.643351197242736816e+00
-1.070776283740997314e-01
3.453445732593536377e-01
-1.370337128639221191e+00
9.239042997360229492e-01
7.124582529067993164e-01
1.403267532587051392e-01
7.094221115112304688e-01
-5.295303463935852051e-01
1.617012262344360352e+00
-3.081699013710021973e-01
-4.964183270931243896e-01
-4.261697828769683838e-01
2.110174149274826050e-01
3.381884098052978516e-01
-1.699679344892501831e-01
-1.529120933264493942e-02
6.004238724708557129e-01
1.370650172233581543e+00
-6.124017238616943359e-01
8.237566947937011719e-01
2.553848922252655029e-02
1.857509255409240723e+00
-1.367719888687133789e+00
-5.531454831361770630e-02
-8.704372644424438477e-01
-2.539864540100097656e+00
-1.062751710414886475e-01
-3.924891650676727295e-01
-1.074141502380371094e+00
5.283550024032592773e-01
7.461431026458740234e-01
3.849313259124755859e-01
9.743750095367431641e-01
-1.199523925781250000e+00
-2.044852733612060547e+00
1.002548336982727051e-01
1.464845657348632812e+00
1.363577041774988174e-02
6.151955127716064453e-01
8.123694658279418945e-01
-8.688652515411376953e-01
1.124698758125305176e+00
-7.404994368553161621e-01
-1.242507219314575195e+00
6.602795124053955078e-01
-2.230888754129409790e-01
4.061469435691833496e-01
2.092792034149169922e+00
-8.080052733421325684e-01
-5.628284215927124023e-01
-2.306297779083251953e+00
2.579340338706970215e-01
-7.497860193252563477e-01
2.138472557067871094e+00
-1.045218855142593384e-01
-5.878211855888366699e-01
-2.615135312080383301e-01
-1.912435442209243774e-01
-8.644478917121887207e-01
1.031538397073745728e-01
8.780182600021362305e-01
-3.532581776380538940e-02
-6.704455614089965820e-01
-1.990417480468750000e+00
7.970242500305175781e-01
6.171166896820068359e-01
-2.020138651132583618e-01
2.419630140066146851e-01
-1.342547297477722168e+00
9.903290122747421265e-02
1.058354496955871582e+00
6.009668111801147461e-01
-4.598456621170043945e-01
-3.566982150077819824e-01
4.726894795894622803e-01
-1.403528898954391479e-01
9.347635507583618164e-01
-8.681882023811340332e-01
7.878651618957519531e-01
-6.812349557876586914e-01
3.059149980545043945e-01
1.384198904037475586e+00
-2.551717869937419891e-02
3.943584859371185303e-01
7.576990127563476562e-01
4.118218123912811279e-01
5.747330784797668457e-01
-8.890115022659301758e-01
2.149254828691482544e-01
-2.663111314177513123e-02
-6.948314309120178223e-01
-1.083531618118286133e+00
-2.841248214244842529e-01
-1.560806393623352051e+00
5.586351156234741211e-01
-2.184683382511138916e-01
-3.858339488506317139e-01
-1.825014233589172363e+00
1.394937396049499512e+00
-2.618612945079803467e-01
1.065891146659851074e+00
-1.937779188156127930e+00
1.124692678451538086e+00
-7.644812464714050293e-01
8.341765403747558594e-01
3.029035031795501709e-01
-8.426241278648376465e-01
5.282707214355468750e-01
-2.991626560688018799e-01
-1.298533380031585693e-01
-2.500586509704589844e-01
1.485076695680618286e-01
-7.768756747245788574e-01
1.175442337989807129e+00
6.262766197323799133e-03
1.017029210925102234e-01
-1.972398638725280762e+00
4.344420731067657471e-01
-1.413223981857299805e+00
-1.410240411758422852e+00
1.449543714523315430e+00
1.678656935691833496e+00
5.754427313804626465e-01
3.327761888504028320e-01
6.228711605072021484e-01
-8.074530959129333496e-02
-1.123800516128540039e+00
-3.717816174030303955e-01
5.339927077293395996e-01
-3.007813990116119385e-01
-3.917614221572875977e-01
-1.493736863136291504e+00
-6.611536145210266113e-01
-4.511309564113616943e-01
-4.701870083808898926e-01
-1.128759384155273438e+00
-7.269963622093200684e-01
-2.714659459888935089e-02
-1.536494731903076172e+00
4.870889186859130859e-01
-9.190583974123001099e-02
1.675747334957122803e-01
5.725790262222290039e-01
-3.421501815319061279e-01
-1.317146271467208862e-01
-4.977833926677703857e-01
-3.651230037212371826e-01
-7.441858053207397461e-01
-3.205547630786895752e-01
-3.472245112061500549e-02
-1.588768243789672852e+00
7.573384642601013184e-01
1.156276941299438477e+00
-2.434950917959213257e-01
-3.199299052357673645e-02
6.664845943450927734e-01
-1.440343976020812988e+00
4.431771934032440186e-01
-3.412294089794158936e-01
8.973576873540878296e-02
-7.625766396522521973e-01
-8.000540733337402344e-01
-2.165837526321411133e+00
-7.124640345573425293e-01
-1.808765232563018799e-01
3.299476951360702515e-02
-3.225010037422180176e-01
-6.187766790390014648e-01
5.512689948081970215e-01
-3.095101118087768555e-01
6.594283580780029297e-01
2.423501312732696533e-01
-7.648809552192687988e-01
1.230659365653991699e+00
1.710362792015075684e+00
-5.890011787414550781e-01
-5.463250875473022461e-01
-1.991424560546875000e+00
5.508226156234741211e-01
4.941647946834564209e-01
-1.522214651107788086e+00
-5.902465581893920898e-01
-6.617282629013061523e-01
-1.130326762795448303e-01
1.169440269470214844e+00
-3.615040779113769531e-01
1.586087048053741455e-01
-1.170873194932937622e-01
-1.043263912200927734e+00
3.671130836009979248e-01
2.131282165646553040e-02
-5.641416311264038086e-01
1.214062094688415527e+00
1.566901057958602905e-01
1.709625840187072754e+00
-9.758284687995910645e-01
1.763204783201217651e-01
8.837260007858276367e-01
-1.576375514268875122e-01
7.248127460479736328e-02
-5.942887663841247559e-01
1.738834530115127563e-01
4.473084807395935059e-01
6.969121694564819336e-01
-1.398910522460937500e+00
-9.915892966091632843e-03
1.261469244956970215e+00
-1.611915230751037598e-01
-3.906469047069549561e-01
-1.271330237388610840e+00
-3.147000074386596680e-01
3.010577261447906494e-01
2.446576654911041260e-01
-6.440191268920898438e-01
-1.026248931884765625e+00
-1.095165908336639404e-01
-2.249936908483505249e-01
-7.472163438796997070e-01
-3.600711822509765625e-01
-4.235868453979492188e-01
-1.404496580362319946e-01
-2.569372951984405518e-01
-1.961849443614482880e-02
9.421222805976867676e-01
7.961777448654174805e-01
-7.399287819862365723e-01
-3.191647529602050781e-01
5.128304958343505859e-01
-8.099234104156494141e-01
3.970821797847747803e-01
5.652456283569335938e-01
3.179626464843750000e-01
-5.107951760292053223e-01
-6.648570895195007324e-01
3.398116305470466614e-02
-7.920660376548767090e-01
-4.505960345268249512e-01
5.709036588668823242e-01
4.427311718463897705e-01
-8.907657265663146973e-01
5.563504695892333984e-01
3.910784143954515457e-03
8.902947902679443359e-01
8.919830918312072754e-01
-5.227618217468261719e-01
-6.562533378601074219e-01
-1.607462763786315918e-01
-7.005334496498107910e-01
7.991210818290710449e-01
1.464200377464294434e+00
-1.385231852531433105e+00
1.334535777568817139e-01
6.328910589218139648e-01
-6.485932469367980957e-01
-5.927302837371826172e-01
1.651928067207336426e+00
8.032754808664321899e-02
-8.867032527923583984e-01
4.768105447292327881e-01
-8.537283539772033691e-01
-8.860213309526443481e-02
3.448339998722076416e-01
-3.653058409690856934e-01
3.475044369697570801e-01
-2.104975879192352295e-01
-4.186917841434478760e-01
1.702948659658432007e-01
1.271609067916870117e-01
1.506109714508056641e+00
-7.712920308113098145e-01
-2.155177295207977295e-01
4.833512902259826660e-01
1.006829977035522461e+00
1.525318771600723267e-01
-1.396564364433288574e+00
2.246143668889999390e-01
-5.311309099197387695e-01
-4.544686973094940186e-01
9.294407367706298828e-01
5.822579860687255859e-01
1.676998883485794067e-01
8.350265026092529297e-01
1.717160582542419434e+00
5.261107087135314941e-01
-4.971937462687492371e-02
1.336144804954528809e+00
-7.259675264358520508e-01
3.111744523048400879e-01
-1.480635166168212891e+00
9.514345526695251465e-01
-1.842095404863357544e-01
-1.126647368073463440e-01
6.274271011352539062e-02
1.598615527153015137e+00
-5.159041285514831543e-01
7.795773148536682129e-01
-2.110141992568969727e+00
-2.371772825717926025e-01
-2.955830991268157959e-01
3.549506068229675293e-01
6.033409833908081055e-01
1.089549422264099121e+00
-1.477618515491485596e-01
-4.242140352725982666e-01
-1.302954196929931641e+00
-1.338521540164947510e-01
1.604393124580383301e+00
-8.487536311149597168e-01
-2.154732227325439453e+00
4.618620574474334717e-01
-5.734813213348388672e-01
-3.191722035408020020e-01
1.565075516700744629e-01
-3.741299211978912354e-01
6.750573962926864624e-02
3.850476443767547607e-01
6.868262887001037598e-01
1.106832385063171387e+00
-3.944788575172424316e-01
-2.259605377912521362e-01
-7.763962149620056152e-01
2.512181401252746582e-01
-6.235535144805908203e-01
4.419415295124053955e-01
5.186600089073181152e-01
-3.620801866054534912e-01
1.016340970993041992e+00
-2.832095324993133545e-01
8.798072934150695801e-01
-4.991350173950195312e-01
9.767553955316543579e-02
-6.253401041030883789e-01
-1.260275691747665405e-01
3.418981432914733887e-01
2.418673932552337646e-01
-1.170681953430175781e+00
-9.191321730613708496e-01
5.299536585807800293e-01
-1.041331768035888672e+00
-1.549285411834716797e+00
5.733416229486465454e-02
-8.879810571670532227e-02
-3.671583235263824463e-01
7.380762696266174316e-01
-2.987275421619415283e-01
1.297468543052673340e-01
3.583239316940307617e-01
-7.316421717405319214e-02
-2.982884347438812256e-01
1.105997681617736816e+00
-5.807372927665710449e-02
-1.326477229595184326e-01
9.705539792776107788e-02
2.894618213176727295e-01
-2.262691259384155273e-01
-8.814192414283752441e-01
1.642753481864929199e-01
-1.396879851818084717e-01
-1.526689827442169189e-01
1.273765206336975098e+00
-2.448555380105972290e-01
-5.405270457267761230e-01
2.741195559501647949e-01
6.013008952140808105e-01
-1.151986956596374512e+00
4.393488168716430664e-03
-4.337964355945587158e-01
-5.916869640350341797e-01
-8.693218827247619629e-01
-7.706878185272216797e-01
1.648645877838134766e+00
9.271787106990814209e-02
2.780432403087615967e-01
3.620588034391403198e-02
-2.044080644845962524e-01
1.669186353683471680e+00
-1.497883796691894531e+00
-2.386036515235900879e-01
-4.064377248287200928e-01
-6.889374852180480957e-01
-4.490354061126708984e-01
-1.089793086051940918e+00
1.076356530189514160e+00
-2.835579514503479004e-01
5.576398372650146484e-01
-1.119274020195007324e+00
1.341189503669738770e+00
-8.838867396116256714e-02
1.541520655155181885e-01
-2.198270410299301147e-01
8.050140142440795898e-01
-1.201041698455810547e+00
-8.040745258331298828e-01
-2.895005345344543457e-01
9.474318623542785645e-01
-1.438204765319824219e+00
-8.027247190475463867e-01
-3.772639036178588867e-01
-1.032159566879272461e+00
2.820948362350463867e-01
1.146888494491577148e+00
1.102219104766845703e+00
2.334923595190048218e-01
-3.988312184810638428e-01
9.818707108497619629e-01
-1.802554249763488770e+00
3.539939820766448975e-01
-1.996015012264251709e-01
-1.777101010084152222e-01
-1.969528436660766602e+00
-5.099691748619079590e-01
-1.281282305717468262e+00
-3.225928246974945068e-01
9.008131623268127441e-01
-5.393950939178466797e-01
-3.242741525173187256e-01
5.098703503608703613e-01
1.128426432609558105e+00
-2.243024706840515137e-01
3.567814826965332031e-01
-2.816351950168609619e-01
-2.799794971942901611e-01
-1.685242950916290283e-01
-1.235919818282127380e-01
4.348008930683135986e-01
-1.054824709892272949e+00
2.387927770614624023e-01
-1.529553055763244629e+00
1.806470751762390137e-01
-1.023067474365234375e+00
4.656821787357330322e-01
1.645178794860839844e+00
6.508752703666687012e-01
4.504731893539428711e-01
-8.510207384824752808e-02
-2.748041152954101562e-01
-9.564962983131408691e-01
-2.172151058912277222e-01
1.020345687866210938e+00
7.968069314956665039e-01
9.367477893829345703e-01
1.898129224777221680e+00
-9.373623728752136230e-01
4.360559396445751190e-04
-2.266066074371337891e-01
1.832674503326416016e+00
6.916983723640441895e-01
8.388733863830566406e-01
6.650499105453491211e-01
-4.525234401226043701e-01
1.097990751266479492e+00
-5.699076503515243530e-02
1.783565998077392578e+00
-2.473986297845840454e-01
-9.596238732337951660e-01
-4.457449913024902344e-01
3.830593228340148926e-01
-6.592229008674621582e-01
-6.045190691947937012e-01
9.049707055091857910e-01
-5.556945204734802246e-01
6.793177127838134766e-01
1.222611665725708008e-01
-2.778977155685424805e-01
1.525141239166259766e+00
-8.698733896017074585e-02
4.362613558769226074e-01
8.428615927696228027e-01
3.037840425968170166e-01
7.100006937980651855e-02
-1.135334014892578125e+00
-7.314968109130859375e-01
-2.443757057189941406e-01
-1.254998743534088135e-01
-9.401080012321472168e-02
-9.679123759269714355e-02
3.920579552650451660e-01
5.480833053588867188e-01
5.509356260299682617e-01
4.222299158573150635e-02
4.686878323554992676e-01
-3.372250497341156006e-01
1.221102952957153320e+00
-1.156452178955078125e+00
1.066594272851943970e-01
1.752755045890808105e-01
1.154977917671203613e+00
3.347901105880737305e-01
1.520798325538635254e+00
-3.690289258956909180e-01
1.448746562004089355e+00
1.190228939056396484e+00
-6.906220912933349609e-01
5.998909473419189453e-01
-4.672369956970214844e-01
1.830437660217285156e+00
-3.568798303604125977e-01
4.041554927825927734e-01
6.138039827346801758e-01
-8.005273342132568359e-01
6.462478637695312500e-01
3.164786100387573242e-01
-4.841999411582946777e-01
-3.696049377322196960e-02
-4.567131996154785156e-01
4.533398747444152832e-01
-3.538072407245635986e-01
-1.705051541328430176e+00
-5.468809008598327637e-01
-1.823076844215393066e+00
-2.143748521804809570e+00
-4.236776828765869141e-01
-2.068554461002349854e-01
-5.890420079231262207e-01
-7.699970602989196777e-01
1.187351226806640625e+00
-9.263911843299865723e-01
9.112983942031860352e-02
-7.579879760742187500e-01
-9.255828857421875000e-01
-2.002383023500442505e-02
5.747277140617370605e-01
-1.004131555557250977e+00
7.246587276458740234e-01
8.600118160247802734e-01
-7.442262768745422363e-01
-1.467641472816467285e+00
-3.844429254531860352e-01
1.361940145492553711e+00
4.772166013717651367e-01
-4.544835388660430908e-01
-4.008282124996185303e-01
5.854685306549072266e-01
7.211700081825256348e-02
-1.036052703857421875e+00
1.494894474744796753e-01
5.806897282600402832e-01
-1.265964627265930176e+00
4.438584446907043457e-01
1.032778620719909668e+00
-1.060076355934143066e+00
-5.864918604493141174e-02
-1.894814491271972656e+00
-5.768854022026062012e-01
-5.737800598144531250e-01
-1.108542919158935547e+00
-8.742351531982421875e-01
-1.857702016830444336e+00
-1.036433577537536621e+00
4.823212027549743652e-01
-1.055298805236816406e+00
8.396142721176147461e-01
1.012447714805603027e+00
8.736292719841003418e-01
3.956251442432403564e-01
7.809597253799438477e-01
-3.106922805309295654e-01
-5.924128293991088867e-01
7.432511448860168457e-01
2.934987246990203857e-01
1.742495059967041016e+00
9.012921452522277832e-01
6.618332117795944214e-02
4.515974521636962891e-01
3.254953920841217041e-01
8.222767114639282227e-01
-1.189079210162162781e-01
4.133348166942596436e-01
-8.035529255867004395e-01
2.425401210784912109e-01
1.249438524246215820e+00
6.665966510772705078e-01
6.286153793334960938e-01
5.582502484321594238e-01
4.051635861396789551e-01
1.268800616264343262e+00
1.521787494421005249e-01
7.607936263084411621e-01
6.809346675872802734e-01
3.698417171835899353e-02
1.985920369625091553e-01
-1.682995915412902832e+00
8.296461701393127441e-01
1.679152697324752808e-01
1.230054020881652832e+00
2.493801116943359375e-01
1.739067882299423218e-01
3.143677711486816406e-01
3.536897152662277222e-02
4.499600231647491455e-01
-7.450537681579589844e-01
1.031796216964721680e+00
-5.321354866027832031e-01
2.367463335394859314e-02
-2.847258150577545166e-01
4.248453974723815918e-01
8.827809691429138184e-01
7.205088734626770020e-01
4.171523749828338623e-01
-1.477163553237915039e+00
-1.110548377037048340e+00
-1.235359072685241699e+00
6.705228239297866821e-02
1.088597178459167480e+00
-3.053747415542602539e-01
1.193730473518371582e+00
-1.195629715919494629e+00
2.489687353372573853e-01
1.030049443244934082e+00
-1.824321269989013672e+00
-3.255308568477630615e-01
6.410285234451293945e-01
-9.357512928545475006e-03
1.593534350395202637e-01
-1.449430823326110840e+00
5.274006724357604980e-02
-4.554409161210060120e-02
1.284845452755689621e-02
-1.409371018409729004e+00
-4.247749149799346924e-01
-3.985984250903129578e-02
1.048436641693115234e+00
9.073203802108764648e-01
-1.504527688026428223e+00
-1.024864792823791504e+00
-1.867362141609191895e+00
-4.859010875225067139e-01
2.158196866512298584e-01
-8.070234656333923340e-01
-1.459742069244384766e+00
3.268409073352813721e-01
-5.561119318008422852e-01
5.411926507949829102e-01
2.151371717453002930e+00
-1.246016740798950195e+00
3.985683321952819824e-01
-5.973476171493530273e-01
-1.350535601377487183e-01
8.996453285217285156e-01
1.027152776718139648e+00
6.462981551885604858e-02
9.912596940994262695e-01
2.169922828674316406e+00
3.916707336902618408e-01
-1.350435853004455566e+00
-1.253331065177917480e+00
5.991024374961853027e-01
1.043281108140945435e-01
-1.434518814086914062e+00
-1.402987003326416016e+00
2.438597977161407471e-01
-2.751986086368560791e-01
-3.588306605815887451e-01
1.708962395787239075e-02
1.055191993713378906e+00
-2.591658234596252441e-01
4.468406140804290771e-01
4.767301082611083984e-01
1.007737517356872559e+00
-1.109095811843872070e+00
2.074642926454544067e-01
-4.434714317321777344e-01
1.349973976612091064e-01
2.393479824066162109e+00
3.978301286697387695e-01
-5.833023786544799805e-01
-5.025516748428344727e-01
-2.822513580322265625e-01
-6.562533974647521973e-01
5.925394892692565918e-01
8.498461246490478516e-01
5.908419489860534668e-01
4.585660994052886963e-01
-8.375242352485656738e-01
5.683952569961547852e-01
-1.356436729431152344e+00
-1.407771706581115723e+00
2.648288965225219727e+00
6.204264611005783081e-02
-1.106199622154235840e+00
1.122357487678527832e+00
1.075942277908325195e+00
1.934436112642288208e-01
-3.879415690898895264e-01
-7.237275242805480957e-01
2.091370820999145508e+00
-1.536606669425964355e+00
-6.877674460411071777e-01
8.557151257991790771e-02
-1.241768598556518555e-01
-4.394204318523406982e-01
3.336296379566192627e-01
4.860145747661590576e-01
2.734651267528533936e-01
-2.119058370590209961e-01
-1.136485695838928223e+00
8.661460280418395996e-01
7.833019495010375977e-01
-1.079121589660644531e+00
-3.208938241004943848e-01
-9.121684432029724121e-01
-4.705578386783599854e-01
8.537088632583618164e-01
1.661957263946533203e+00
-1.332540392875671387e+00
-4.255400002002716064e-01
1.072170019149780273e+00
1.800858855247497559e+00
-5.520550161600112915e-02
7.060874104499816895e-01
-2.672547399997711182e-01
-5.584647059440612793e-01
-4.637605324387550354e-02
-2.286330163478851318e-01
-1.520743489265441895e+00
-5.918896198272705078e-01
2.015054702758789062e+00
8.887116611003875732e-02
-2.935449182987213135e-01
9.808363318443298340e-01
1.625160574913024902e+00
-1.205153107643127441e+00
1.155884623527526855e+00
-6.802611798048019409e-02
-3.516884148120880127e-01
1.359370201826095581e-01
-1.251279830932617188e+00
1.037845492362976074e+00
-3.998220264911651611e-01
7.546470761299133301e-01
1.555155068635940552e-01
1.452365279197692871e+00
1.376986026763916016e+00
1.023892283439636230e+00
-2.211853303015232086e-02
-6.350622773170471191e-01
-6.550112962722778320e-01
-1.006974935531616211e+00
2.897039949893951416e-01
-8.867253065109252930e-01
-1.264514803886413574e+00
-1.670619845390319824e-01
6.178689599037170410e-01
