-7.051050066947937012e-01
5.203248858451843262e-01
-1.584137797355651855e+00
-4.167497903108596802e-02
-1.221510767936706543e-01
9.441636800765991211e-01
-1.940879583358764648e+00
6.446168422698974609e-01
-1.766278743743896484e-01
1.274389773607254028e-01
-5.588187575340270996e-01
6.463680863380432129e-01
1.533975005149841309e+00
-1.721173763275146484e+00
5.110561847686767578e-01
-1.219805032014846802e-01
3.827434778213500977e-01
3.762311935424804688e-01
8.896759748458862305e-01
-1.780470967292785645e+00
-9.152112007141113281e-01
8.389028310775756836e-01
-1.928173154592514038e-01
5.183114409446716309e-01
-3.865275904536247253e-02
-1.629236698150634766e+00
1.001129075884819031e-01
-9.978705644607543945e-01
4.825851023197174072e-01
-3.126943111419677734e-02
-1.009357571601867676e-01
-4.479249417781829834e-01
2.326833754777908325e-01
-9.153720140457153320e-01
-5.150464773178100586e-01
-1.134851098060607910e+00
6.118679642677307129e-01
-9.106451869010925293e-01
-1.871465593576431274e-01
-3.734213411808013916e-01
2.224608957767486572e-01
-5.649336576461791992e-01
2.152174949645996094e+00
2.325962111353874207e-02
1.526612192392349243e-01
4.244500696659088135e-01
2.118211984634399414e+00
2.896576523780822754e-01
-5.425894856452941895e-01
-1.132786035537719727e+00
-4.195639491081237793e-01
5.579208731651306152e-01
-6.639613509178161621e-01
-5.707421898841857910e-01
-1.012613177299499512e+00
9.281706809997558594e-01
2.244121022522449493e-02
7.782747745513916016e-01
1.288292258977890015e-01
3.061018511652946472e-02
5.556817054748535156e-01
-1.607680797576904297e+00
1.575967073440551758e-01
1.842683315277099609e+00
-5.245819687843322754e-01
5.059598479419946671e-03
-1.200360774993896484e+00
-8.669794797897338867e-01
4.717852473258972168e-01
8.978149890899658203e-01
3.718920052051544189e-01
6.877920776605606079e-02
5.688705667853355408e-02
6.199849247932434082e-01
-1.901303529739379883e-01
-1.620877742767333984e+00
-2.193356007337570190e-01
2.123073861002922058e-02
8.339416384696960449e-01
7.533791065216064453e-01
-2.627464234828948975e-01
-1.306499540805816650e-01
-2.762553393840789795e-01
-3.559577092528343201e-02
-5.547682642936706543e-01
-4.912734627723693848e-01
-6.040334329009056091e-02
6.460147500038146973e-01
-1.724785327911376953e+00
1.126063093543052673e-01
6.485927700996398926e-01
-5.902642011642456055e-01
-3.206158429384231567e-02
-6.110687274485826492e-03
4.178909957408905029e-01
6.944094300270080566e-01
-8.568143844604492188e-01
-5.777236819267272949e-01
-2.677916884422302246e-01
-3.929263055324554443e-01
9.606397151947021484e-01
-7.927282452583312988e-01
-9.158744215965270996e-01
8.805521726608276367e-01
1.068959951400756836e+00
8.519980907440185547e-01
8.482238054275512695e-01
1.621826887130737305e+00
-7.978859543800354004e-01
-1.348336040973663330e-01
9.121613502502441406e-01
-5.585655570030212402e-01
1.351083070039749146e-01
-1.576504707336425781e+00
2.282688580453395844e-02
9.509384036064147949e-01
-4.138909876346588135e-01
4.709054827690124512e-01
-3.557693958282470703e-01
5.835952162742614746e-01
-1.016324043273925781e+00
-4.457968175411224365e-01
1.077066421508789062e+00
-1.486943960189819336e+00
1.007742881774902344e+00
7.585394382476806641e-01
-6.144043803215026855e-01
7.238999009132385254e-02
2.191380038857460022e-02
-1.597312986850738525e-01
4.939893186092376709e-01
6.992200613021850586e-01
-2.678155601024627686e-01
-1.596187233924865723e+00
3.336082398891448975e-02
3.338151574134826660e-01
7.247148156166076660e-01
-1.754573345184326172e+00
8.636472821235656738e-01
1.902589321136474609e+00
-3.082871437072753906e-01
6.291857361793518066e-01
1.220876812934875488e+00
6.697898507118225098e-01
-1.331678390502929688e+00
1.516320586204528809e+00
1.905366778373718262e-01
-2.695946395397186279e-01
-6.047093272209167480e-01
-1.978115290403366089e-01
-8.899904489517211914e-01
2.454493194818496704e-01
9.412828087806701660e-01
2.275594472885131836e-01
-1.918837308883666992e+00
7.642032206058502197e-02
8.827440142631530762e-01
-3.799683749675750732e-01
-4.652253985404968262e-01
5.300245285034179688e-01
-2.777467370033264160e-01
-5.947340130805969238e-01
2.026962339878082275e-01
-1.611799895763397217e-01
1.132877707481384277e+00
-6.565499901771545410e-01
-6.157506629824638367e-02
-2.791244089603424072e-01
-7.622088789939880371e-01
-5.687236189842224121e-01
-8.665798306465148926e-01
1.840865135192871094e+00
-4.467286169528961182e-02
-9.628279805183410645e-01
2.183483988046646118e-01
1.428408324718475342e-01
4.798112511634826660e-01
-1.110593527555465698e-01
1.260547161102294922e+00
3.532772660255432129e-01
-1.153506159782409668e+00
7.163331508636474609e-01
-2.194357365369796753e-01
1.501395255327224731e-01
-1.606448411941528320e+00
-1.434469580650329590e+00
-5.755458474159240723e-01
-1.750467658042907715e+00
-1.011117815971374512e+00
6.716659665107727051e-01
-3.707611858844757080e-01
4.176953434944152832e-01
-2.168402969837188721e-01
-4.555608034133911133e-01
3.298649489879608154e-01
-1.209485054016113281e+00
-5.182985216379165649e-02
2.204979896545410156e+00
-6.761301159858703613e-01
1.346870422363281250e+00
-1.121922433376312256e-01
-3.022675216197967529e-01
3.353353738784790039e-01
2.308818250894546509e-01
-3.604259788990020752e-01
-1.280873179435729980e+00
-5.096675753593444824e-01
-6.685657054185867310e-02
3.601706027984619141e-01
-1.868197917938232422e-01
1.860851049423217773e-01
-1.853153109550476074e+00
9.245709776878356934e-01
-4.928411841392517090e-01
1.171056777238845825e-01
5.789022445678710938e-01
-4.404862523078918457e-01
-7.277149558067321777e-01
-7.792567014694213867e-01
2.016710676252841949e-02
-1.005978822708129883e+00
1.447678565979003906e+00
8.225765079259872437e-02
-4.099183380603790283e-01
1.391332149505615234e+00
2.167454734444618225e-02
4.724135100841522217e-01
-1.107554733753204346e-01
-1.295185804367065430e+00
-6.578879952430725098e-01
-1.033306956291198730e+00
-2.468620836734771729e-01
4.788962900638580322e-01
1.054516136646270752e-01
-4.258921444416046143e-01
-1.210342049598693848e-01
-1.193829178810119629e+00
1.793207526206970215e-01
-6.171241998672485352e-01
-7.703085988759994507e-02
1.172324419021606445e+00
2.700348854064941406e+00
-5.512306094169616699e-01
-1.533901840448379517e-01
4.928044378757476807e-01
-8.621586114168167114e-02
-1.505538940429687500e+00
1.584910750389099121e-01
-7.668732404708862305e-01
5.202870965003967285e-01
-4.782495498657226562e-01
-3.765393793582916260e-01
-6.277115941047668457e-01
-3.889389932155609131e-01
6.463716179132461548e-02
8.407726883888244629e-02
-4.991978639736771584e-04
2.658505439758300781e-01
-9.853189587593078613e-01
6.804364323616027832e-01
-1.435482203960418701e-01
4.477702379226684570e-01
-1.197060704231262207e+00
-1.535031646490097046e-01
3.267606794834136963e-01
1.615632772445678711e+00
-1.285997480154037476e-01
-9.501482248306274414e-01
-1.140451431274414062e+00
9.886816143989562988e-01
8.544016480445861816e-01
-3.699798285961151123e-01
5.625627040863037109e-01
1.137639522552490234e+00
8.768130540847778320e-01
-2.760520219802856445e+00
3.161330521106719971e-01
-1.931509524583816528e-01
-1.484046410769224167e-02
-1.012368559837341309e+00
-7.519413828849792480e-01
9.749546647071838379e-01
7.866209149360656738e-01
-1.621372580528259277e+00
2.295692116022109985e-01
-5.573785901069641113e-01
9.224616885185241699e-01
3.351482376456260681e-02
4.780583381652832031e-01
-6.105600595474243164e-01
-1.025944501161575317e-01
-1.209773778915405273e+00
-4.039983153343200684e-01
-4.989729523658752441e-01
5.552319288253784180e-01
1.834354177117347717e-02
-5.261030793190002441e-01
7.615642547607421875e-01
4.594536125659942627e-01
-4.835981875658035278e-02
-5.458641052246093750e-01
-3.161249756813049316e-01
3.149430453777313232e-01
-1.319093227386474609e+00
1.166996121406555176e+00
1.008896589279174805e+00
-6.147797703742980957e-01
-5.384345725178718567e-02
2.512502908706665039e+00
1.107094049453735352e+00
1.893615722656250000e-01
3.770945966243743896e-02
-8.212509751319885254e-01
-4.409384354948997498e-02
1.839760839939117432e-01
-1.814433559775352478e-02
-1.191507577896118164e-01
-1.825831651687622070e+00
-3.754863739013671875e-01
7.710590362548828125e-01
6.016808152198791504e-01
-2.098389148712158203e+00
-5.790387392044067383e-01
1.266940951347351074e+00
1.046621426939964294e-01
3.078650236129760742e-01
-2.064420431852340698e-01
8.493975996971130371e-01
5.542935729026794434e-01
-4.201750159263610840e-01
2.017667144536972046e-01
-1.169284582138061523e+00
1.999330520629882812e+00
-6.014221906661987305e-01
-2.356617003679275513e-01
8.530009388923645020e-01
8.681192994117736816e-01
1.228818744421005249e-01
-8.564744591712951660e-01
2.132295131683349609e+00
-9.967696666717529297e-01
3.882999718189239502e-01
5.115311741828918457e-01
3.358062729239463806e-02
-1.854938417673110962e-01
-1.216761589050292969e+00
-1.456202119588851929e-01
1.108542084693908691e-01
-7.136977314949035645e-01
1.198668003082275391e+00
-6.016667485237121582e-01
-6.260930895805358887e-01
5.048781633377075195e-02
8.088388442993164062e-01
2.587199509143829346e-01
7.379627823829650879e-01
2.084822952747344971e-01
9.806133508682250977e-01
-5.278356745839118958e-02
-5.566234588623046875e-01
-1.685058832168579102e+00
-1.145684599876403809e+00
4.119981527328491211e-01
-6.312647461891174316e-01
2.092039585113525391e-02
-8.689149022102355957e-01
-4.708304405212402344e-01
4.869345426559448242e-01
-1.035973429679870605e-01
3.558917343616485596e-01
-3.982591331005096436e-01
-3.206053376197814941e-01
2.683231532573699951e-01
-1.300362586975097656e+00
-2.534508705139160156e-01
-6.963526010513305664e-01
-7.908926010131835938e-01
4.239187836647033691e-01
-6.250358223915100098e-01
-3.876273930072784424e-01
-3.575379848480224609e-01
1.049744009971618652e+00
-1.442538946866989136e-01
3.775981664657592773e-01
-1.706048101186752319e-01
3.690967261791229248e-01
2.666682302951812744e-01
-7.126160264015197754e-01
9.495145082473754883e-01
1.117644086480140686e-02
1.062041640281677246e+00
-7.620745301246643066e-01
-9.145746827125549316e-01
-8.260073065757751465e-01
3.955215588212013245e-02
9.967225193977355957e-01
5.141311883926391602e-01
-1.624439239501953125e+00
-1.214810848236083984e+00
9.032230377197265625e-01
-4.822998940944671631e-01
-7.383607625961303711e-01
-7.933967709541320801e-01
-7.794791460037231445e-01
2.938434183597564697e-01
-5.707317590713500977e-01
-1.323023587465286255e-01
8.397344350814819336e-01
8.134409189224243164e-01
2.058492302894592285e-01
-9.643518924713134766e-01
2.670261144638061523e+00
-8.439826369285583496e-01
-1.337989866733551025e-01
-8.436851203441619873e-02
-1.183792352676391602e+00
7.107976913452148438e+00
3.396579027175903320e-01
1.519666910171508789e-01
2.915638387203216553e-01
-2.024178951978683472e-01
-8.129379749298095703e-01
-3.001134693622589111e-01
-1.180497333407402039e-01
5.505638718605041504e-01
-3.465951606631278992e-02
2.223193347454071045e-01
3.225759267807006836e-01
5.147489309310913086e-01
5.360265970230102539e-01
-2.377044916152954102e+00
-6.826855540275573730e-01
-5.466106161475181580e-02
1.476425766944885254e+00
-1.297351002693176270e+00
-2.274369634687900543e-02
2.596448659896850586e-01
-9.879062175750732422e-01
-3.019520342350006104e-01
-5.893208980560302734e-01
1.074929237365722656e+00
-8.656913042068481445e-02
1.800929784774780273e+00
3.476414084434509277e-01
2.215089350938796997e-01
-2.207753062248229980e-01
3.905180990695953369e-01
1.158425807952880859e+00
4.382188320159912109e-01
4.247278347611427307e-02
-2.134134292602539062e+00
1.816230297088623047e+00
-7.893501520156860352e-01
-5.478040575981140137e-01
-1.921817898750305176e+00
-5.410068035125732422e-01
4.122089147567749023e-01
1.081552982330322266e+00
6.898496150970458984e-01
3.436164185404777527e-02
-7.909952998161315918e-01
-6.827148795127868652e-01
5.678775906562805176e-01
-6.230213120579719543e-02
-8.922947943210601807e-02
7.274593114852905273e-01
4.040743038058280945e-02
8.117295503616333008e-01
1.229103803634643555e+00
1.770980238914489746e+00
-9.146208167076110840e-01
-2.298176288604736328e-01
1.331273019313812256e-01
-1.802498459815979004e+00
8.081933110952377319e-02
9.639184474945068359e-01
-4.700284600257873535e-01
3.704532086849212646e-01
8.443031907081604004e-01
-6.249808147549629211e-02
-2.917457818984985352e-01
-4.702639579772949219e-01
5.358193516731262207e-01
1.196160674095153809e+00
4.861576259136199951e-01
5.968070626258850098e-01
-1.740754961967468262e+00
7.261093258857727051e-01
-2.526513636112213135e-01
-4.958899617195129395e-01
-7.382654547691345215e-01
4.901629686355590820e-01
2.636584639549255371e-01
9.207444787025451660e-01
-8.338620513677597046e-02
-7.136018276214599609e-01
-6.230393648147583008e-01
-8.891237974166870117e-01
-1.424608230590820312e-01
6.086988449096679688e-01
3.226785063743591309e-01
9.639857411384582520e-01
2.053589344024658203e+00
5.224389433860778809e-01
2.005024105310440063e-01
6.990008354187011719e-01
1.198517918586730957e+00
-9.541428685188293457e-01
-7.966189980506896973e-01
5.071492791175842285e-01
2.630392313003540039e-01
5.997207760810852051e-01
-8.294122219085693359e-01
-2.710244655609130859e-01
-1.004811048507690430e+00
2.389265447854995728e-01
-5.625694394111633301e-01
-1.409020543098449707e+00
4.705474674701690674e-01
-5.963901877403259277e-01
4.908433854579925537e-01
4.936480522155761719e-02
-1.003631830215454102e+00
-6.135394573211669922e-01
1.981697678565979004e-01
-6.135182976722717285e-01
-3.172665238380432129e-01
-1.626403689384460449e+00
-3.204681575298309326e-01
4.262525737285614014e-01
7.522869706153869629e-01
6.154004931449890137e-01
2.943436205387115479e-01
8.169139921665191650e-02
6.531404852867126465e-01
-2.464757919311523438e+00
-1.544282585382461548e-02
6.187677383422851562e-01
-8.057588338851928711e-01
3.582187741994857788e-02
1.710859179496765137e+00
-2.571603059768676758e-01
7.747541069984436035e-01
-5.918727517127990723e-01
-9.195665121078491211e-01
1.645670384168624878e-01
-2.143844366073608398e-01
-3.796416521072387695e-01
7.760100960731506348e-01
-8.507213592529296875e-01
4.448232948780059814e-01
-1.799234867095947266e+00
6.746600866317749023e-01
8.211846947669982910e-01
1.130306944251060486e-01
-8.024400472640991211e-01
6.149791181087493896e-03
-1.070822104811668396e-01
3.609467446804046631e-01
-3.153461515903472900e-01
1.904905587434768677e-01
9.332448989152908325e-02
2.000660896301269531e+00
8.314105272293090820e-01
-5.401646494865417480e-01
4.769985973834991455e-01
2.474529296159744263e-01
2.077463716268539429e-01
5.840796828269958496e-01
-7.466064095497131348e-01
-6.076217889785766602e-01
1.293809115886688232e-01
-1.730288386344909668e+00
-1.994039267301559448e-01
1.008028507232666016e+00
9.567400813102722168e-02
1.752069354057312012e+00
-1.317761063575744629e+00
-3.998381793498992920e-01
-5.061438083648681641e-01
4.885398149490356445e-01
-7.198583483695983887e-01
4.744767844676971436e-01
3.922083675861358643e-01
3.389360904693603516e-01
-9.161178469657897949e-01
-4.547930657863616943e-01
-1.330001831054687500e+00
-1.020180583000183105e+00
-4.841160476207733154e-01
7.704296708106994629e-01
-1.133164763450622559e+00
2.068626880645751953e-01
7.563550472259521484e-01
1.773585915565490723e+00
1.766166687011718750e+00
1.434375524520874023e+00
-4.640283584594726562e-01
2.145407795906066895e-01
5.669192075729370117e-01
-3.596108555793762207e-01
-3.609859384596347809e-03
1.022124886512756348e-01
9.796441793441772461e-01
-4.990208745002746582e-01
6.089412569999694824e-01
-1.564210653305053711e-01
-2.465315312147140503e-01
-8.452571034431457520e-01
-1.362450599670410156e+00
7.070747017860412598e-01
3.499480485916137695e-01
-1.197301596403121948e-01
1.310115575790405273e+00
-1.098475575447082520e+00
-6.536032538861036301e-03
-1.348032832145690918e+00
3.043740987777709961e-01
-1.026906847953796387e+00
2.853333055973052979e-01
2.206182330846786499e-01
1.304827570915222168e+00
-1.928443647921085358e-02
-6.637789309024810791e-02
-1.736347079277038574e+00
-4.386509954929351807e-01
-4.768612086772918701e-01
-6.421701312065124512e-01
-1.737646937370300293e+00
-2.238758057355880737e-01
4.979779720306396484e-01
1.679203808307647705e-01
4.560542702674865723e-01
1.452444195747375488e+00
-2.485198736190795898e+00
-1.152031302452087402e+00
-1.393355250358581543e+00
-3.417391777038574219e-01
-4.570931792259216309e-01
-9.413333535194396973e-01
-2.057663202285766602e-01
4.260866940021514893e-01
5.516892671585083008e-01
-7.781237959861755371e-01
-8.472809195518493652e-01
-1.025619916617870331e-02
1.771079003810882568e-02
6.178217530250549316e-01
1.108182907104492188e+00
3.309536576271057129e-01
-2.992264032363891602e-01
1.902302354574203491e-02
1.299069762229919434e+00
-1.752482354640960693e-01
2.720879018306732178e-01
1.481420278549194336e+00
5.548222661018371582e-01
1.039063572883605957e+00
1.049765229225158691e+00
7.218526005744934082e-01
1.770785599946975708e-01
-1.071444749832153320e-01
-3.162395358085632324e-01
-2.416379153728485107e-01
6.613002419471740723e-01
-1.158792734146118164e+00
-3.768913745880126953e-01
-3.415138125419616699e-01
-4.639135003089904785e-01
1.514279365539550781e+00
-2.029255151748657227e+00
-6.572127938270568848e-01
-3.207014501094818115e-01
5.275887846946716309e-01
7.102286219596862793e-01
-7.125907540321350098e-01
-2.844638526439666748e-01
7.139394283294677734e-01
5.630822852253913879e-02
8.240072131156921387e-01
8.867029547691345215e-01
1.786929488182067871e+00
1.144681796431541443e-01
-8.651548624038696289e-02
-1.692646026611328125e+00
5.722973346710205078e-01
3.819400370121002197e-01
5.529901385307312012e-01
2.951902747154235840e-01
-3.357255160808563232e-01
9.632550925016403198e-02
-3.850453794002532959e-01
1.064219549298286438e-01
-3.769806325435638428e-01
2.882731556892395020e-01
7.146139740943908691e-01
-2.486206442117691040e-01
3.135332167148590088e-01
2.705779969692230225e-01
-1.420843482017517090e+00
-1.449186086654663086e+00
-6.466752290725708008e-01
-4.386558011174201965e-02
-1.478910207748413086e+00
-4.672617316246032715e-01
5.139171481132507324e-01
-1.475023031234741211e-01
5.979223847389221191e-01
-3.535682559013366699e-01
5.366276502609252930e-01
1.357380509376525879e+00
4.100080132484436035e-01
-1.637437939643859863e+00
-1.466438055038452148e+00
-2.503167688846588135e-01
4.438382983207702637e-01
-3.576044738292694092e-01
4.153910279273986816e-01
2.133723974227905273e+00
5.568041801452636719e-01
-4.046473801136016846e-01
2.296858310699462891e+00
1.241989135742187500e+00
-4.166557919234037399e-03
-3.494018912315368652e-01
2.207470387220382690e-01
3.000427782535552979e-01
-8.990788459777832031e-01
-9.242577552795410156e-01
6.528918147087097168e-01
-4.739533178508281708e-03
1.604198217391967773e+00
1.229868754744529724e-01
7.937546372413635254e-01
-2.427242882549762726e-02
9.422842860221862793e-01
-1.558246135711669922e+00
-7.944424748420715332e-01
-3.715770319104194641e-02
-1.525816917419433594e+00
-1.077833890914916992e+00
9.513031244277954102e-01
-1.343332409858703613e+00
4.482937157154083252e-01
-3.384266793727874756e-01
-9.087626338005065918e-01
-1.106373429298400879e+00
-6.909102797508239746e-01
-6.551705598831176758e-01
2.904026508331298828e-01
2.095320820808410645e-02
-7.652080655097961426e-01
7.494407296180725098e-01
1.005733013153076172e-02
5.976328626275062561e-02
-6.447529196739196777e-01
1.415323972702026367e+00
1.353840708732604980e+00
6.846678256988525391e-01
1.553083304315805435e-02
1.327598810195922852e+00
-7.066265344619750977e-01
7.892537713050842285e-01
1.004033565521240234e+00
3.294880986213684082e-01
-2.070011854171752930e+00
-1.355378776788711548e-01
9.212184548377990723e-01
