1.745258644223213196e-02
4.223191440105438232e-01
-1.293200373649597168e+00
5.786969661712646484e-01
6.524152159690856934e-01
4.912111163139343262e-01
-1.799761414527893066e+00
8.193772435188293457e-01
-1.304508328437805176e+00
4.059104025363922119e-01
-1.103727698326110840e+00
1.262905359268188477e+00
2.360211610794067383e+00
-1.873884916305541992e+00
5.153802037239074707e-01
6.639417409896850586e-01
-1.909351497888565063e-01
-2.814220190048217773e-01
6.705797314643859863e-01
-1.523506522178649902e+00
-1.035090923309326172e+00
8.624053597450256348e-01
-4.119982421398162842e-01
9.327802658081054688e-01
9.702039882540702820e-03
-1.874865651130676270e+00
-3.362756371498107910e-01
-8.515731096267700195e-01
6.667746305465698242e-01
3.884110152721405029e-01
4.612064957618713379e-01
-8.762276768684387207e-01
5.422604084014892578e-01
-1.167929530143737793e+00
3.778119683265686035e-01
-8.228836059570312500e-01
5.697902441024780273e-01
-1.111706256866455078e+00
1.158542856574058533e-01
3.639584779739379883e-01
-2.500297129154205322e-01
-2.117814868688583374e-01
3.121844291687011719e+00
-3.068350255489349365e-01
9.253436923027038574e-01
6.145982742309570312e-01
2.624753236770629883e+00
1.344168484210968018e-01
-6.050124168395996094e-01
-1.219996094703674316e+00
-1.438381709158420563e-02
4.950477480888366699e-01
-9.021047502756118774e-02
-3.331015408039093018e-01
-7.375437617301940918e-01
1.969408512115478516e+00
-7.755995392799377441e-01
1.244724869728088379e+00
-3.215217292308807373e-01
5.225695371627807617e-01
2.230213433504104614e-01
-1.855424523353576660e+00
-8.347124606370925903e-02
1.319962739944458008e+00
-1.010690808296203613e+00
-1.287908196449279785e+00
-2.014218568801879883e+00
-8.246281147003173828e-01
7.943082451820373535e-01
4.196753799915313721e-01
3.155548572540283203e-01
1.319648772478103638e-01
-1.162109300494194031e-01
-1.135669182986021042e-02
-7.261018753051757812e-01
-4.733723998069763184e-01
7.521613836288452148e-01
-1.670838594436645508e-01
2.770133614540100098e-01
1.195802688598632812e+00
-2.422523200511932373e-01
-5.464650392532348633e-01
-8.914318680763244629e-01
8.523669838905334473e-01
-9.945643544197082520e-01
-2.538804709911346436e-01
-2.559706382453441620e-02
1.072049736976623535e+00
-1.079190015792846680e+00
1.941540986299514771e-01
-1.246403455734252930e-01
-1.701088100671768188e-01
-8.132079839706420898e-01
-7.859961390495300293e-01
6.169666647911071777e-01
-1.077346950769424438e-01
-2.235468178987503052e-01
-2.101494073867797852e-01
1.112879663705825806e-01
3.809348866343498230e-02
2.094751358032226562e+00
-9.686845541000366211e-01
-1.272219419479370117e+00
3.439655303955078125e-01
1.104038715362548828e+00
1.016515970230102539e+00
5.080864429473876953e-01
6.966014504432678223e-01
-6.267555952072143555e-01
8.862531185150146484e-01
5.160355940461158752e-02
4.309406280517578125e-01
-1.518261730670928955e-01
-1.755800604820251465e+00
-4.708918556571006775e-02
7.243393659591674805e-01
-4.558719694614410400e-02
3.304089233279228210e-02
-1.948177963495254517e-01
7.398047447204589844e-01
-3.903420567512512207e-01
-7.516365647315979004e-01
6.543924659490585327e-02
-1.818930625915527344e+00
5.529630184173583984e-01
7.118228077888488770e-01
-1.647831797599792480e-01
-9.163917899131774902e-01
6.871434450149536133e-01
-5.502423644065856934e-02
2.220325946807861328e+00
5.029136538505554199e-01
1.503529250621795654e-01
-1.313852071762084961e+00
9.415881037712097168e-01
-2.024259716272354126e-01
1.370237469673156738e+00
-1.610579848289489746e+00
9.474685788154602051e-01
1.487483620643615723e+00
-2.428569495677947998e-01
1.205956697463989258e+00
-4.512956738471984863e-01
9.667867422103881836e-01
-3.506199121475219727e-01
1.936028242111206055e+00
4.557609260082244873e-01
-3.206818401813507080e-01
-8.595201373100280762e-01
5.726549029350280762e-01
-2.851887345314025879e-01
5.068275332450866699e-01
8.909024596214294434e-01
5.678462982177734375e-01
-1.887594342231750488e+00
-7.807127237319946289e-01
1.429359078407287598e+00
2.539423406124114990e-01
-3.757220804691314697e-01
8.531895279884338379e-01
-1.117713928222656250e+00
3.351036608219146729e-01
-6.328169107437133789e-01
-2.024294137954711914e-01
-1.001720502972602844e-01
-1.915384531021118164e-01
-7.555512785911560059e-01
3.877412974834442139e-01
4.360493719577789307e-01
-7.950401306152343750e-01
1.356126368045806885e-01
1.582604289054870605e+00
-1.045935988426208496e+00
-8.273076415061950684e-01
-7.639126777648925781e-01
4.174018651247024536e-02
2.944833040237426758e-01
2.730456292629241943e-01
5.856590867042541504e-01
-2.815929055213928223e-01
-5.643407702445983887e-01
-3.996918201446533203e-01
-8.499423861503601074e-01
7.243993878364562988e-02
-1.241337776184082031e+00
-7.141358256340026855e-01
-1.189082022756338120e-02
-1.166225910186767578e+00
-8.459467887878417969e-01
5.533480644226074219e-01
-2.996029555797576904e-01
4.794552624225616455e-01
-1.098752379417419434e+00
-7.186638116836547852e-01
2.133233547210693359e+00
-6.942199468612670898e-01
-1.741597801446914673e-01
1.962844491004943848e+00
3.263754248619079590e-01
1.262809514999389648e+00
-7.385686635971069336e-01
-5.569523572921752930e-01
-1.163090020418167114e-01
5.514479279518127441e-01
1.197751313447952271e-01
-1.043705344200134277e+00
-1.843434870243072510e-01
-8.458063006401062012e-03
-1.497856900095939636e-02
-4.181909561157226562e-01
-6.983026862144470215e-01
-1.113297104835510254e+00
6.633484363555908203e-01
-7.483952641487121582e-01
-5.412135720252990723e-01
1.042167425155639648e+00
-1.164614081382751465e+00
1.417122930288314819e-01
-5.019997358322143555e-01
3.882106244564056396e-01
-6.822605729103088379e-01
1.321935772895812988e+00
2.891145646572113037e-01
-4.807410538196563721e-01
1.704608798027038574e+00
5.588011741638183594e-01
-7.201443314552307129e-01
-3.940736129879951477e-02
-5.237731337547302246e-01
-6.056050062179565430e-01
-2.270328551530838013e-01
5.153604745864868164e-01
1.062252223491668701e-01
-1.270096842199563980e-02
-9.824283123016357422e-01
1.923750340938568115e-01
-1.402253150939941406e+00
-6.750886440277099609e-01
-1.268754124641418457e+00
7.534824609756469727e-01
9.180369377136230469e-01
3.373681068420410156e+00
5.012323856353759766e-01
-1.031756401062011719e+00
5.726761221885681152e-01
-2.398528531193733215e-02
-8.260268568992614746e-01
6.346827745437622070e-01
5.870890021324157715e-01
1.696778982877731323e-01
-6.889425516128540039e-01
-3.652422130107879639e-01
-1.101646780967712402e+00
5.112306475639343262e-01
1.637057065963745117e-01
-7.507015764713287354e-02
-2.858843207359313965e-01
2.618727385997772217e-01
-5.088188052177429199e-01
2.967965900897979736e-01
-5.537852272391319275e-02
4.147739708423614502e-01
-1.729031324386596680e+00
9.208874702453613281e-01
4.843777120113372803e-01
8.990164399147033691e-01
2.264662384986877441e-01
-8.552405238151550293e-01
-1.144205093383789062e+00
1.008333444595336914e+00
7.032116651535034180e-01
-1.097143650054931641e+00
2.694194018840789795e-01
1.236923813819885254e+00
1.207962989807128906e+00
-1.960308432579040527e+00
2.970485389232635498e-01
-3.550283983349800110e-02
2.282890677452087402e-01
-1.067517042160034180e+00
-1.250161230564117432e-01
8.195223212242126465e-01
-1.033300757408142090e+00
-1.457928180694580078e+00
7.602131962776184082e-01
-7.847602963447570801e-01
4.691742956638336182e-01
-3.343237340450286865e-01
5.894852280616760254e-01
-8.262863755226135254e-01
1.241769418120384216e-01
-9.523469209671020508e-01
-1.254093647003173828e+00
-2.467407286167144775e-01
3.923178315162658691e-01
7.346669435501098633e-01
-9.080798625946044922e-01
-1.292627930641174316e+00
1.180549621582031250e+00
6.910366415977478027e-01
-8.707199096679687500e-01
-7.861339449882507324e-01
-7.635201215744018555e-01
-1.622484803199768066e+00
4.152551293373107910e-01
1.205602288246154785e+00
-8.329213261604309082e-01
9.378755688667297363e-01
2.047270774841308594e+00
2.588658034801483154e-01
1.372467279434204102e-01
4.670411646366119385e-01
-5.255250930786132812e-01
-7.420042753219604492e-01
-5.704370141029357910e-01
1.555447876453399658e-01
-1.265258193016052246e-01
-1.412157654762268066e+00
-1.033613085746765137e+00
1.192241787910461426e+00
-2.517653405666351318e-01
-2.046895027160644531e+00
-1.172275185585021973e+00
1.114920496940612793e+00
-3.257629275321960449e-01
-2.245373576879501343e-01
-1.786439418792724609e-01
1.675538420677185059e+00
-2.696209028363227844e-02
4.327135905623435974e-02
-4.510888159275054932e-01
2.110581696033477783e-01
2.098303556442260742e+00
-1.762138158082962036e-01
-5.889909863471984863e-01
9.938388466835021973e-01
1.313562870025634766e+00
-2.956012487411499023e-01
-7.387836575508117676e-01
2.181632995605468750e+00
-1.004440546035766602e+00
6.942802071571350098e-01
5.302776694297790527e-01
-4.810213148593902588e-01
-5.817621350288391113e-01
-6.765801310539245605e-01
5.883329510688781738e-01
-1.666395962238311768e-01
-9.284612536430358887e-01
8.856903314590454102e-01
-6.542586684226989746e-01
-1.029955029487609863e+00
-1.201236009597778320e+00
1.257437020540237427e-01
3.268516659736633301e-01
1.054192543029785156e+00
7.309358119964599609e-01
5.025355219841003418e-01
-3.262305259704589844e-02
1.012010052800178528e-01
-6.211628913879394531e-01
-8.626725673675537109e-01
5.128911137580871582e-01
-2.421797811985015869e-01
-7.440165877342224121e-01
-6.560980528593063354e-02
2.164380252361297607e-01
-1.482184678316116333e-01
-1.582911312580108643e-01
-1.557579636573791504e-01
-4.285503625869750977e-01
3.012214303016662598e-01
-2.072692960500717163e-01
7.196500897407531738e-02
-1.497221469879150391e+00
-1.134850010275840759e-01
-1.160873055458068848e+00
-2.951711602509021759e-02
-7.527386546134948730e-01
-8.158566057682037354e-02
-6.591099500656127930e-01
2.873055636882781982e-01
-1.438896507024765015e-01
2.485959827899932861e-01
-7.457569837570190430e-01
8.909320831298828125e-01
-7.817808389663696289e-01
-2.645525932312011719e-01
7.203260064125061035e-01
1.157381176948547363e+00
8.790695667266845703e-01
-2.318575829267501831e-01
-7.921024560928344727e-01
-2.332319736480712891e+00
8.035687804222106934e-01
5.978617072105407715e-01
2.375439256429672241e-01
-2.947648167610168457e-01
-1.298912882804870605e+00
1.177995800971984863e+00
-1.150913357734680176e+00
-4.219003021717071533e-01
2.250939458608627319e-01
-1.461088955402374268e-01
-3.437776267528533936e-01
-6.597689986228942871e-01
8.934407234191894531e-01
5.321370959281921387e-01
3.172263205051422119e-01
-7.953646183013916016e-01
-3.683884739875793457e-01
1.250935316085815430e+00
-4.722724258899688721e-01
6.761224567890167236e-02
2.974566221237182617e-01
-2.105128288269042969e+00
6.489908218383789062e+00
3.430973589420318604e-01
-8.067110180854797363e-01
-3.952758312225341797e-01
-4.067359864711761475e-01
-4.243878126144409180e-01
1.569368839263916016e-01
-3.245194554328918457e-01
5.484789013862609863e-01
-6.666054129600524902e-01
8.049966692924499512e-01
5.167729854583740234e-01
3.571764826774597168e-01
7.470698356628417969e-01
-2.415385246276855469e+00
4.177383482456207275e-01
-2.024971693754196167e-01
9.472074508666992188e-01
-1.528940320014953613e+00
-4.317370653152465820e-01
-2.130895555019378662e-01
-8.411897420883178711e-01
-2.089199274778366089e-01
-2.654821276664733887e-01
1.471507191658020020e+00
3.517102682963013649e-03
1.061724066734313965e+00
7.263268232345581055e-01
4.245538115501403809e-01
-2.227466739714145660e-02
1.521110832691192627e-01
6.917376518249511719e-01
3.233773708343505859e-01
1.980175822973251343e-01
-1.300754427909851074e+00
2.156270742416381836e+00
-1.093240976333618164e+00
-1.377825856208801270e+00
-2.165304422378540039e+00
-5.916446447372436523e-01
1.281211078166961670e-01
3.861786127090454102e-01
2.418320477008819580e-01
2.625178992748260498e-01
-1.054386854171752930e+00
-8.270874619483947754e-01
3.162735998630523682e-01
-1.182730719447135925e-01
-7.454693317413330078e-01
6.976696848869323730e-01
1.096794962882995605e+00
6.656909584999084473e-01
8.788607716560363770e-01
2.420023918151855469e+00
5.577390789985656738e-01
7.762641906738281250e-01
-4.866838157176971436e-01
-1.570446372032165527e+00
-8.766176551580429077e-02
1.202250361442565918e+00
4.032411146908998489e-03
1.067564249038696289e+00
8.278880715370178223e-01
2.893042564392089844e-01
-6.108344197273254395e-01
-1.325277209281921387e+00
1.125836730003356934e+00
1.067225575447082520e+00
-3.369177579879760742e-01
1.664045751094818115e-01
-1.008292198181152344e+00
1.104403138160705566e+00
4.706260561943054199e-01
-5.684440732002258301e-01
-1.778827905654907227e+00
2.475249171257019043e-01
4.431868791580200195e-01
3.334421515464782715e-01
-2.644729614257812500e-01
-1.129616260528564453e+00
3.551656007766723633e-02
-8.919069170951843262e-01
-9.668746963143348694e-03
8.558921813964843750e-01
3.916834592819213867e-01
3.766130805015563965e-01
2.210794210433959961e+00
4.571200609207153320e-01
-1.593837291002273560e-01
6.990788578987121582e-01
1.619041562080383301e+00
-4.205795377492904663e-02
-5.954208970069885254e-01
1.530956625938415527e+00
1.264578461647033691e+00
2.415359616279602051e-01
-4.880083501338958740e-01
-4.146950542926788330e-01
-1.821121215820312500e+00
-7.252596318721771240e-03
-4.661876559257507324e-01
-4.932613968849182129e-01
4.595245122909545898e-01
5.799795314669609070e-02
1.501873582601547241e-01
-6.636484265327453613e-01
-8.258569836616516113e-01
-5.033994913101196289e-01
3.923633694648742676e-01
-1.022422313690185547e+00
-5.635300874710083008e-01
-9.974461793899536133e-01
-8.260586857795715332e-01
1.367009997367858887e+00
-3.422367870807647705e-01
-5.555692911148071289e-01
-1.008753553032875061e-01
-2.085953801870346069e-01
5.668926835060119629e-01
-1.142641782760620117e+00
-4.309108853340148926e-01
-1.306651234626770020e-01
-1.766778469085693359e+00
-6.549144983291625977e-01
1.637903809547424316e+00
2.312402576208114624e-01
-3.791981935501098633e-02
2.034495174884796143e-01
-1.259377360343933105e+00
-2.852267324924468994e-01
1.822577230632305145e-02
-1.880716830492019653e-01
1.065534114837646484e+00
-8.425509929656982422e-01
-2.059479504823684692e-01
-1.212043881416320801e+00
1.268097758293151855e-01
1.086980700492858887e+00
4.800850152969360352e-01
-8.261469006538391113e-01
-6.104993224143981934e-01
-2.844450771808624268e-01
2.197078019380569458e-01
-7.434727549552917480e-01
1.175117865204811096e-01
2.479252666234970093e-01
1.942661285400390625e+00
1.247562915086746216e-01
-8.092427849769592285e-01
-2.079203873872756958e-01
-4.103487432003021240e-01
-1.345690041780471802e-01
7.509546875953674316e-01
-1.049184441566467285e+00
-1.187203049659729004e+00
6.308220624923706055e-01
-1.266811013221740723e+00
-2.784923315048217773e-01
8.924613595008850098e-01
8.574110865592956543e-01
6.400589346885681152e-01
-1.916331291198730469e+00
-3.705844879150390625e-01
-6.286731362342834473e-01
1.182614803314208984e+00
-1.060975074768066406e+00
1.168612241744995117e+00
6.521347761154174805e-01
-1.010363459587097168e+00
2.271562349051237106e-03
-4.749425649642944336e-01
-8.095611333847045898e-01
-3.951249122619628906e-01
-7.016841769218444824e-01
3.033968806266784668e-01
-6.908528208732604980e-01
1.057627890259027481e-02
9.730784893035888672e-01
5.366867780685424805e-01
1.843894124031066895e+00
2.053877592086791992e+00
-3.941829502582550049e-01
-8.375956863164901733e-02
-3.734601140022277832e-01
5.809782817959785461e-02
-4.520267546176910400e-01
3.171824812889099121e-01
3.507454693317413330e-01
-2.561084628105163574e-01
8.068379014730453491e-02
2.559369504451751709e-01
-6.841334104537963867e-01
-2.079315632581710815e-01
-8.598045706748962402e-01
5.323966145515441895e-01
2.845044136047363281e-01
4.838314652442932129e-02
1.342909574508666992e+00
-4.696340560913085938e-01
5.038243532180786133e-01
-4.954333901405334473e-01
-1.353594511747360229e-01
-1.406483173370361328e+00
4.462192058563232422e-01
-3.395897448062896729e-01
4.686354696750640869e-01
-1.979192942380905151e-01
3.564127385616302490e-01
-1.294673204421997070e+00
-4.717218577861785889e-01
-1.737814068794250488e+00
4.006711840629577637e-01
-1.628345608711242676e+00
-8.451340198516845703e-01
-1.011976879090070724e-02
-1.489270329475402832e-01
1.075732931494712830e-01
7.505064010620117188e-01
-1.801852822303771973e+00
-4.378874301910400391e-01
-8.594886660575866699e-01
-5.462893843650817871e-01
-3.066534176468849182e-02
-3.595164418220520020e-01
2.873692214488983154e-01
7.455320358276367188e-01
6.325526237487792969e-01
1.213118433952331543e+00
-1.695566415786743164e+00
-4.702402651309967041e-02
-4.338169693946838379e-01
2.995355129241943359e-01
3.693781197071075439e-01
-3.775199502706527710e-02
-5.278353691101074219e-01
-2.100710123777389526e-01
1.465404748916625977e+00
-2.405919879674911499e-01
2.035509943962097168e-01
1.349087357521057129e+00
8.040221929550170898e-01
2.317016273736953735e-01
-3.390685841441154480e-02
1.336164593696594238e+00
4.578405916690826416e-01
-6.762651354074478149e-02
-2.952068150043487549e-01
1.070378303527832031e+00
7.559571266174316406e-01
-1.024452209472656250e+00
-4.028261639177799225e-03
-7.174842953681945801e-01
-1.083657592535018921e-01
9.207511544227600098e-01
-1.102172613143920898e+00
-7.039822340011596680e-01
5.440765619277954102e-01
7.641333341598510742e-01
1.198353767395019531e+00
-2.525231540203094482e-01
-1.346779823303222656e+00
1.094467878341674805e+00
-3.556402167305350304e-03
3.663312196731567383e-01
1.609504461288452148e+00
1.926470160484313965e+00
-6.009610295295715332e-01
-2.421342134475708008e-01
-1.430638074874877930e+00
5.277622342109680176e-01
7.554869651794433594e-01
-1.783003062009811401e-01
4.413972795009613037e-01
1.655102670192718506e-01
-1.552778780460357666e-01
-4.738981723785400391e-01
1.879180222749710083e-02
-3.915973007678985596e-01
7.385934591293334961e-01
1.689090967178344727e+00
-1.955983489751815796e-01
4.556779265403747559e-01
3.445359170436859131e-01
-1.222830772399902344e+00
-6.667550206184387207e-01
-4.840279519557952881e-01
-6.818478107452392578e-01
-1.412249207496643066e+00
6.484652310609817505e-02
1.101991161704063416e-01
-6.151145696640014648e-01
-6.115779280662536621e-01
-2.344049513339996338e-01
-7.454867362976074219e-01
5.573614239692687988e-01
1.283017158508300781e+00
-1.883108973503112793e+00
-1.111164450645446777e+00
-3.543058037757873535e-01
4.800934791564941406e-01
5.873902440071105957e-01
-4.647495448589324951e-01
1.505621910095214844e+00
1.780756562948226929e-01
4.353893697261810303e-01
2.755505561828613281e+00
-2.576307654380798340e-01
1.991933584213256836e-01
-3.438811376690864563e-02
5.351439714431762695e-01
7.244300246238708496e-01
-9.074060320854187012e-01
-8.663280606269836426e-01
6.270675659179687500e-01
-1.723545193672180176e-01
6.088742613792419434e-01
1.598536074161529541e-01
8.111803531646728516e-01
8.144142031669616699e-01
2.716863453388214111e-01
-1.902502417564392090e+00
-1.082925796508789062e+00
4.052066057920455933e-02
-1.768623232841491699e+00
-1.487460255622863770e+00
3.672224283218383789e-01
-2.343608617782592773e+00
-9.487541019916534424e-02
-6.790683865547180176e-01
-1.382172107696533203e+00
-5.204188227653503418e-01
-8.030121922492980957e-01
-4.052144587039947510e-01
1.167394280433654785e+00
3.111257851123809814e-01
-7.829358577728271484e-01
5.033294558525085449e-01
4.399151802062988281e-01
-8.545849472284317017e-02
-9.451449513435363770e-01
1.170872807502746582e+00
1.177209734916687012e+00
1.166431665420532227e+00
2.076655998826026917e-02
4.561650753021240234e-01
-3.763159513473510742e-01
1.087515711784362793e+00
1.094645559787750244e-01
8.139358758926391602e-01
-1.576990604400634766e+00
-3.663938045501708984e-01
1.029049634933471680e+00
