-2.075513750314712524e-01
2.406696230173110962e-01
-9.781742095947265625e-01
-4.469339847564697266e-01
-6.597071886062622070e-01
-4.166060090065002441e-01
-1.790263772010803223e+00
3.687084913253784180e-01
-8.387536406517028809e-01
4.168002903461456299e-01
-8.668635785579681396e-02
4.921034872531890869e-01
1.207851886749267578e+00
-2.576028823852539062e+00
7.470045685768127441e-01
-1.851895600557327271e-01
-7.211324572563171387e-01
-9.400283545255661011e-02
1.458221554756164551e+00
-2.246378898620605469e+00
-3.677895665168762207e-01
2.373684048652648926e-01
-7.138450741767883301e-01
1.016036868095397949e+00
1.398476213216781616e-01
-2.021298885345458984e+00
3.762447834014892578e-01
-9.365381598472595215e-01
3.738755285739898682e-01
4.139055609703063965e-01
3.176014125347137451e-01
-3.848480284214019775e-01
-2.618517279624938965e-01
3.511573374271392822e-01
-4.749585986137390137e-01
-9.054895639419555664e-01
8.665493130683898926e-01
-1.094644665718078613e+00
-4.896735846996307373e-01
3.431718647480010986e-01
-4.047482013702392578e-01
-3.315255343914031982e-01
1.783325672149658203e+00
1.116817668080329895e-01
2.312545925378799438e-01
8.911617398262023926e-01
1.738669276237487793e+00
-2.772654891014099121e-01
-4.625073671340942383e-01
-1.140391945838928223e+00
-3.166877627372741699e-01
-2.034809589385986328e-01
-2.921374142169952393e-01
-3.472669795155525208e-02
-3.667594492435455322e-01
8.906071782112121582e-01
4.572983980178833008e-01
1.067106842994689941e+00
-6.100313737988471985e-02
5.452054738998413086e-01
-2.863971330225467682e-02
-1.521460652351379395e+00
6.272011995315551758e-01
8.665549159049987793e-01
-2.780592143535614014e-01
-1.676194071769714355e-01
-1.672516465187072754e+00
2.804358899593353271e-01
8.036570996046066284e-02
5.672159194946289062e-01
-3.333656117320060730e-02
2.084909528493881226e-01
6.779589056968688965e-01
-6.740389764308929443e-02
-5.524960160255432129e-01
-1.051115751266479492e+00
7.301987409591674805e-01
-3.288818523287773132e-02
5.421524047851562500e-01
8.409842848777770996e-01
-2.551890909671783447e-01
-2.064374238252639771e-01
-7.687041163444519043e-01
-7.849532961845397949e-01
-7.180835008621215820e-01
-2.518935501575469971e-01
-3.712786734104156494e-02
3.830073475837707520e-01
-2.254133522510528564e-01
8.865897543728351593e-03
1.505722641944885254e+00
-1.131733432412147522e-01
9.316184371709823608e-02
-4.957915246486663818e-01
-3.206596076488494873e-01
8.282517790794372559e-01
-4.349246025085449219e-01
-4.037747383117675781e-01
8.265309929847717285e-01
-3.056224286556243896e-01
4.133723080158233643e-01
2.921481430530548096e-01
-1.325672268867492676e+00
9.537928104400634766e-01
1.107851490378379822e-01
8.737074136734008789e-01
4.763892590999603271e-01
1.984838247299194336e+00
2.711680531501770020e-01
-1.981094330549240112e-01
-2.222181111574172974e-01
-7.219600081443786621e-01
3.398099243640899658e-01
-1.547837972640991211e+00
-1.143234819173812866e-01
4.137535989284515381e-01
-1.255360603332519531e+00
7.834103107452392578e-01
-6.008400917053222656e-01
-2.149882018566131592e-01
-4.857124388217926025e-01
-3.152477443218231201e-01
9.786731004714965820e-01
-6.303783059120178223e-01
1.159475922584533691e+00
1.235515594482421875e+00
-8.027673959732055664e-01
4.844009876251220703e-01
-1.330922245979309082e-01
3.875245749950408936e-01
1.831008553504943848e+00
6.926467418670654297e-01
2.709276378154754639e-01
-2.322911024093627930e+00
3.011001050472259521e-01
-3.166978657245635986e-01
7.839019298553466797e-01
-7.455124258995056152e-01
-4.165376424789428711e-01
8.914237618446350098e-01
-8.270077109336853027e-01
-6.879051029682159424e-02
1.595874130725860596e-01
3.334874212741851807e-01
-8.850558996200561523e-01
1.206453680992126465e+00
6.995840072631835938e-01
1.110832333564758301e+00
-4.304531812667846680e-01
-5.726590752601623535e-01
-1.609124898910522461e+00
1.827817201614379883e+00
7.549867630004882812e-01
5.746571421623229980e-01
-1.457538843154907227e+00
2.524787187576293945e-01
1.719671845436096191e+00
-6.051734685897827148e-01
-2.293669618666172028e-03
1.221043348312377930e+00
-5.662198662757873535e-01
-5.136918425559997559e-01
1.344552934169769287e-01
-1.661746263504028320e+00
2.091173648834228516e+00
-2.769500017166137695e-01
-4.552161395549774170e-01
2.347269654273986816e-01
-7.219316959381103516e-01
-1.195462226867675781e+00
-7.807835340499877930e-01
1.281571626663208008e+00
-3.074182868003845215e-01
-1.575999736785888672e+00
-1.934567242860794067e-01
-1.315751820802688599e-01
-1.979987323284149170e-01
-3.149290978908538818e-01
3.056103587150573730e-01
7.681182622909545898e-01
-9.650810360908508301e-01
4.610956013202667236e-01
-4.354718923568725586e-01
-5.527891516685485840e-01
-1.285199403762817383e+00
-1.463132858276367188e+00
-1.404816955327987671e-01
-1.514948368072509766e+00
-3.667253851890563965e-01
5.837401747703552246e-01
-1.854797266423702240e-02
9.561767578125000000e-01
-4.634139835834503174e-01
-3.527765274047851562e-01
8.607273697853088379e-01
-1.047776222229003906e+00
-1.779452860355377197e-01
1.769486904144287109e+00
2.421490550041198730e-01
-5.568061470985412598e-01
-8.602406382560729980e-01
-9.652200937271118164e-01
4.309398829936981201e-01
-1.554058343172073364e-01
-1.406290769577026367e+00
-1.993099689483642578e+00
4.393009841442108154e-02
-2.098849415779113770e-01
7.754082232713699341e-02
7.975406050682067871e-01
-4.935046732425689697e-01
-1.246570229530334473e+00
5.395876765251159668e-01
-1.731569766998291016e-01
7.376421093940734863e-01
1.035019278526306152e+00
-6.918427944183349609e-01
-4.682157933712005615e-01
-1.222751975059509277e+00
9.617825597524642944e-02
-1.042575478553771973e+00
1.865213871002197266e+00
-4.913406912237405777e-03
-6.387224793434143066e-01
1.078034281730651855e+00
-9.791643917560577393e-02
5.834732651710510254e-01
-1.535339057445526123e-01
-1.067552208900451660e+00
-8.785891532897949219e-01
-5.902492403984069824e-01
5.010407883673906326e-03
7.394382953643798828e-01
2.645130455493927002e-01
-2.833471298217773438e-01
2.883924841880798340e-01
-1.324542522430419922e+00
1.643491983413696289e-01
-1.059171319007873535e+00
-1.367197483777999878e-01
-2.657040655612945557e-01
3.047749280929565430e+00
-1.067919015884399414e+00
-4.286271631717681885e-01
-2.501039206981658936e-01
-5.215034484863281250e-01
-7.405622601509094238e-01
5.219947695732116699e-01
-9.899968281388282776e-03
2.187186181545257568e-01
1.638443470001220703e-01
-2.895925641059875488e-01
-1.272793173789978027e+00
-6.265956759452819824e-01
3.737333416938781738e-01
-5.685114860534667969e-02
-7.809674739837646484e-01
-1.557316780090332031e-01
-1.024779319763183594e+00
5.165633559226989746e-01
4.260891079902648926e-01
2.108821272850036621e-01
-5.539752840995788574e-01
3.803597092628479004e-01
6.120358705520629883e-01
1.522348046302795410e+00
3.228045403957366943e-01
-6.842904090881347656e-01
-1.584920167922973633e+00
1.521746873855590820e+00
6.514080762863159180e-01
-8.661417961120605469e-01
-8.451991081237792969e-01
1.099987387657165527e+00
1.151322126388549805e+00
-2.346441030502319336e+00
-1.240389719605445862e-01
-3.041344583034515381e-01
1.180721074342727661e-01
-1.246593236923217773e+00
-1.023472905158996582e+00
7.019496560096740723e-01
1.155516386032104492e+00
-8.543797135353088379e-01
9.681773781776428223e-01
-3.951528668403625488e-02
9.489522576332092285e-01
-4.585308134555816650e-01
2.057574689388275146e-01
-8.858544826507568359e-01
2.068729698657989502e-01
-1.155351042747497559e+00
-6.591008901596069336e-01
-4.167022556066513062e-02
1.937616020441055298e-01
1.770254075527191162e-01
-5.832173824310302734e-01
5.974280834197998047e-01
8.113911747932434082e-01
6.447512507438659668e-01
-2.073559314012527466e-01
-6.431082487106323242e-01
-8.901762217283248901e-02
-8.542567491531372070e-01
1.032210826873779297e+00
1.613508939743041992e+00
-5.498134717345237732e-02
-5.696023702621459961e-01
2.729025363922119141e+00
2.629426121711730957e-01
5.694610625505447388e-02
-5.672830939292907715e-01
-7.663913816213607788e-02
-9.532239437103271484e-01
-9.749609827995300293e-01
3.197460770606994629e-01
-1.211565807461738586e-01
-1.438883185386657715e+00
-1.505381345748901367e+00
1.967118501663208008e+00
3.613249063491821289e-01
-7.717191576957702637e-01
-1.029389351606369019e-01
5.684392452239990234e-01
-4.698004722595214844e-01
-1.496277749538421631e-01
-1.180075883865356445e+00
6.785805821418762207e-01
-1.171868015080690384e-02
-5.819522142410278320e-01
-1.848338693380355835e-01
-4.981753826141357422e-01
1.472553372383117676e+00
-2.080520629882812500e+00
-4.296711981296539307e-01
1.163738727569580078e+00
5.997395515441894531e-01
-7.006579041481018066e-01
-1.290477395057678223e+00
1.610232353210449219e+00
-6.242255568504333496e-01
8.245730996131896973e-01
1.053087711334228516e+00
-7.524317502975463867e-02
1.013690352439880371e+00
-1.457437396049499512e+00
1.781670302152633667e-01
8.936895988881587982e-03
5.142999887466430664e-01
8.496669530868530273e-01
-4.228858351707458496e-01
-4.440465569496154785e-01
-1.008239667862653732e-02
1.194592237472534180e+00
3.912214934825897217e-02
1.144038215279579163e-01
7.928251028060913086e-01
3.155557215213775635e-01
2.476183176040649414e-01
-7.145230174064636230e-01
-1.116121888160705566e+00
-1.646812796592712402e+00
2.980678677558898926e-01
1.375254392623901367e-01
-1.286690384149551392e-01
-6.023897528648376465e-01
-1.344827562570571899e-01
1.389389753341674805e+00
3.732692301273345947e-01
-2.708336710929870605e-01
-8.690630197525024414e-01
-1.733273714780807495e-01
1.274698972702026367e+00
-1.327193737030029297e+00
-1.081981658935546875e-01
-8.604034185409545898e-01
5.376890301704406738e-01
5.085877776145935059e-01
7.048363797366619110e-03
-3.738252520561218262e-01
-7.453818917274475098e-01
-2.079194486141204834e-01
-1.441091448068618774e-01
7.060825228691101074e-01
9.920741319656372070e-01
-1.318201422691345215e-01
1.709529459476470947e-01
-3.683698773384094238e-01
2.498614490032196045e-01
3.153930604457855225e-01
9.513321518898010254e-01
-2.942384919151663780e-03
1.691284626722335815e-01
-5.158160328865051270e-01
4.341628253459930420e-01
2.862027585506439209e-01
6.517220139503479004e-01
-1.837287783622741699e+00
-7.238522768020629883e-01
1.643375396728515625e+00
2.425493746995925903e-01
-1.308697581291198730e+00
-8.695027828216552734e-01
9.863243997097015381e-02
-2.129424959421157837e-01
-2.053725905716419220e-02
-5.870764851570129395e-01
-1.596687734127044678e-01
1.978738903999328613e-01
1.034815430641174316e+00
-1.055157303810119629e+00
2.190555095672607422e+00
-4.511143565177917480e-01
-1.574902832508087158e-01
3.482506573200225830e-01
-1.164362430572509766e+00
4.960322380065917969e+00
-3.309895694255828857e-01
5.413280129432678223e-01
6.279602050781250000e-01
-9.973616153001785278e-02
-7.265973687171936035e-01
-4.324748516082763672e-01
-2.037607431411743164e-01
7.105177640914916992e-01
6.487487256526947021e-02
9.470928907394409180e-01
-9.502344578504562378e-02
5.412706732749938965e-01
5.300296545028686523e-01
-1.928556919097900391e+00
9.403007030487060547e-01
1.167802140116691589e-01
4.968370497226715088e-01
-9.168778657913208008e-01
1.045166850090026855e+00
4.964890480041503906e-01
-1.104446053504943848e+00
-2.628526687622070312e-01
1.904318332672119141e-01
1.852560341358184814e-01
-8.007044196128845215e-01
1.837051510810852051e+00
2.356801778078079224e-01
7.383249402046203613e-01
-3.507345318794250488e-01
5.057011842727661133e-01
4.786100387573242188e-01
4.463548660278320312e-01
5.353928804397583008e-01
-1.329611897468566895e+00
1.427770972251892090e+00
-1.487629055976867676e+00
-9.379329085350036621e-01
-1.777595043182373047e+00
-5.962602496147155762e-01
2.619480192661285400e-01
1.098089575767517090e+00
6.301016807556152344e-01
-1.712589710950851440e-01
-1.146090984344482422e+00
-8.549369573593139648e-01
1.157683372497558594e+00
-5.297051668167114258e-01
-6.596887111663818359e-01
4.427698552608489990e-01
6.677309274673461914e-01
3.719414174556732178e-01
1.289480805397033691e+00
1.444610476493835449e+00
-8.503074645996093750e-01
-5.638190507888793945e-01
-3.512233197689056396e-01
-1.691176295280456543e+00
8.932814002037048340e-02
1.536810398101806641e+00
1.086567267775535583e-01
8.687300980091094971e-02
5.380600690841674805e-01
-4.992280304431915283e-01
-1.129836440086364746e+00
-1.042567610740661621e+00
1.803651303052902222e-01
4.543014466762542725e-01
9.526050835847854614e-02
1.087134331464767456e-01
1.294545233249664307e-01
3.316263854503631592e-01
-3.177089095115661621e-01
9.223330616950988770e-01
-7.469179034233093262e-01
7.446204423904418945e-01
1.127942353487014771e-01
6.173636913299560547e-01
-7.974244952201843262e-01
-7.683551907539367676e-01
2.720308899879455566e-01
1.890760213136672974e-01
-4.001851379871368408e-01
7.770814299583435059e-01
7.720760703086853027e-01
4.416504502296447754e-01
1.225044369697570801e+00
-7.205610722303390503e-02
2.334063947200775146e-01
1.365010738372802734e+00
1.936263084411621094e+00
-4.096911847591400146e-01
-6.396484375000000000e-01
2.444730848073959351e-01
6.344228386878967285e-01
6.232309937477111816e-01
-7.610521912574768066e-01
-1.284374237060546875e+00
-7.651265263557434082e-01
1.033478975296020508e+00
-9.021225571632385254e-01
-8.746126294136047363e-01
-2.456125058233737946e-02
8.238020539283752441e-01
7.948070019483566284e-02
-2.437790632247924805e-01
-3.268998265266418457e-01
-4.919625222682952881e-01
5.089966058731079102e-01
-1.255241513252258301e+00
-9.376115798950195312e-01
-1.873381257057189941e+00
-3.372016549110412598e-01
6.899277567863464355e-01
1.197035908699035645e+00
1.683530509471893311e-01
2.474071532487869263e-01
-2.042121812701225281e-02
1.595099270343780518e-02
-1.330314159393310547e+00
3.151638805866241455e-01
8.721449375152587891e-01
-1.194103002548217773e+00
-1.043480157852172852e+00
1.844623684883117676e+00
-4.602107703685760498e-01
1.410758495330810547e+00
-2.684457004070281982e-01
-9.385928511619567871e-01
-1.795996427536010742e-01
3.826078176498413086e-01
-8.148922920227050781e-01
1.298065185546875000e+00
-1.790323138236999512e+00
1.949521899223327637e-01
-2.433732509613037109e+00
3.095860481262207031e-01
2.022568464279174805e+00
-2.585985958576202393e-01
-9.989715218544006348e-01
1.633002758026123047e-01
6.684395670890808105e-01
8.659645318984985352e-01
-9.437728524208068848e-01
1.909386664628982544e-01
3.228606283664703369e-01
1.168738842010498047e+00
9.258766770362854004e-01
-2.153432965278625488e-01
1.949426531791687012e-01
6.642140746116638184e-01
1.516560167074203491e-01
6.874442100524902344e-01
-7.116720676422119141e-01
-1.076194047927856445e+00
4.620769321918487549e-01
-2.130293846130371094e+00
-1.020512104034423828e+00
1.132790923118591309e+00
7.803443074226379395e-01
1.585081219673156738e+00
-2.008327722549438477e+00
-6.842101216316223145e-01
3.140649199485778809e-02
3.922907635569572449e-02
-5.641292929649353027e-01
3.587068319320678711e-01
-5.325481295585632324e-01
-2.748369276523590088e-01
-2.319916486740112305e-01
-6.041517853736877441e-01
-1.772976398468017578e+00
-1.022270441055297852e+00
-5.587139725685119629e-01
5.695469975471496582e-01
-7.642481327056884766e-01
1.229405760765075684e+00
1.196609735488891602e+00
1.117346167564392090e+00
1.146049737930297852e+00
2.782999873161315918e-01
-1.525709182024002075e-01
-3.046569824218750000e-01
9.487872011959552765e-03
-2.501987814903259277e-01
4.577838256955146790e-02
1.192948967218399048e-01
1.272211074829101562e+00
-3.865672647953033447e-01
3.231361508369445801e-01
2.898781597614288330e-01
2.487390637397766113e-01
-4.109852612018585205e-01
-8.360678553581237793e-01
1.113773703575134277e+00
-2.396996505558490753e-02
-1.843109279870986938e-01
3.390187621116638184e-01
-5.708612874150276184e-02
2.130257934331893921e-01
-1.185113787651062012e+00
-5.184062719345092773e-01
-5.499061942100524902e-01
8.916649222373962402e-01
3.814955055713653564e-01
1.263701319694519043e+00
-4.278356134891510010e-01
-6.793639063835144043e-02
-1.878425240516662598e+00
-4.659674763679504395e-01
-6.585434079170227051e-01
-3.010003268718719482e-01
-1.028406977653503418e+00
1.328991800546646118e-01
5.050124526023864746e-01
8.422780036926269531e-01
5.084732174873352051e-01
1.138881802558898926e+00
-2.742929935455322266e+00
-4.957198500633239746e-01
-8.658248186111450195e-01
-3.342898786067962646e-01
-1.386672556400299072e-01
-1.771781444549560547e+00
-1.113294243812561035e+00
-2.239659987390041351e-02
1.224480867385864258e+00
6.303135156631469727e-01
-6.086671352386474609e-01
3.740222752094268799e-01
-1.960067600011825562e-01
9.231176972389221191e-02
4.345213472843170166e-01
5.869976878166198730e-01
-3.944878876209259033e-01
-1.467827558517456055e-01
9.339087009429931641e-01
7.904142141342163086e-01
-2.767641469836235046e-02
8.179860711097717285e-01
8.551275134086608887e-01
9.456492066383361816e-01
8.740757107734680176e-01
-4.482447728514671326e-02
8.916718363761901855e-01
5.436169505119323730e-01
-4.629200696945190430e-01
7.183065414428710938e-01
7.469645142555236816e-01
-9.511280655860900879e-01
-7.909234166145324707e-01
-9.162176251411437988e-01
-9.117194414138793945e-01
1.820917248725891113e+00
-1.498885631561279297e+00
-2.895607948303222656e-01
4.740587994456291199e-02
5.731173157691955566e-01
3.842289447784423828e-01
-5.487022399902343750e-01
-3.146006166934967041e-02
1.087481856346130371e+00
1.718715205788612366e-02
6.554425358772277832e-01
1.850998699665069580e-01
2.822136402130126953e+00
5.380666851997375488e-01
-2.773526310920715332e-01
-1.346608042716979980e+00
5.492502450942993164e-01
2.810662984848022461e-01
6.808530688285827637e-01
8.706178665161132812e-01
-1.506300568580627441e-01
3.417488634586334229e-01
-7.443078756332397461e-01
-7.794861197471618652e-01
-9.390082359313964844e-01
6.984939426183700562e-02
1.239405632019042969e+00
-5.329854488372802734e-01
-6.980822421610355377e-03
4.848507642745971680e-01
-1.310031771659851074e+00
-2.040870189666748047e+00
-1.181750774383544922e+00
-4.147316515445709229e-01
-1.185718417167663574e+00
5.739056468009948730e-01
8.313781023025512695e-01
7.099800705909729004e-01
1.811669617891311646e-01
5.303844213485717773e-01
-2.729483544826507568e-01
1.062417149543762207e+00
3.362004756927490234e-01
-2.646655082702636719e+00
-1.891126990318298340e+00
1.362949237227439880e-02
-1.841347515583038330e-01
4.864203557372093201e-02
1.109198257327079773e-01
1.999639749526977539e+00
3.901979923248291016e-01
4.361967742443084717e-02
2.359306335449218750e+00
4.879838228225708008e-01
-5.977994203567504883e-02
-1.151107549667358398e+00
7.737721800804138184e-01
-2.090550959110260010e-02
-8.014259338378906250e-01
-1.250882506370544434e+00
4.081173837184906006e-01
-3.445201516151428223e-01
1.077846765518188477e+00
2.570053637027740479e-01
4.663586914539337158e-01
3.680351972579956055e-01
8.964903354644775391e-01
1.882245391607284546e-01
-9.874431490898132324e-01
2.167853116989135742e-01
-1.043544530868530273e+00
-8.156044483184814453e-01
3.976549804210662842e-01
-1.433810830116271973e+00
3.440662324428558350e-01
2.362931221723556519e-01
-1.662113189697265625e+00
-1.147285223007202148e+00
8.383094519376754761e-02
-1.165853261947631836e+00
-1.515489667654037476e-01
-1.654663532972335815e-01
-1.095809817314147949e+00
8.786540478467941284e-02
-9.477171301841735840e-01
6.884167343378067017e-02
-4.803403019905090332e-01
1.207533359527587891e+00
1.299403667449951172e+00
9.888118505477905273e-01
9.984409436583518982e-03
6.663671135902404785e-01
9.911212325096130371e-02
8.520209789276123047e-01
8.406733274459838867e-01
-5.874063372611999512e-01
-1.709464907646179199e+00
3.735605478286743164e-01
1.227598786354064941e+00
