-2.949144244194030762e-01
8.533210754394531250e-01
-1.379716515541076660e+00
1.435620039701461792e-01
-2.514461576938629150e-01
-3.663795590400695801e-01
-2.006409883499145508e+00
6.109434366226196289e-01
-2.336252331733703613e-01
4.443407058715820312e-02
-4.563380479812622070e-01
1.169535398483276367e+00
1.794745445251464844e+00
-2.145145416259765625e+00
4.265227913856506348e-01
-1.684260964393615723e-01
6.214508414268493652e-01
5.387093424797058105e-01
9.922361373901367188e-01
-1.277320265769958496e+00
-6.941533088684082031e-01
1.156599879264831543e+00
-5.847350955009460449e-01
1.023227810859680176e+00
-4.428627192974090576e-01
-1.718922495841979980e+00
-6.679556965827941895e-01
-2.872902154922485352e-01
4.569262266159057617e-01
2.392778396606445312e-01
1.032781526446342468e-01
-6.572427749633789062e-01
5.068160891532897949e-01
-7.422634959220886230e-01
-5.748167634010314941e-01
-9.968451857566833496e-01
7.213845849037170410e-01
-6.082541346549987793e-01
-2.348594665527343750e-01
6.628049612045288086e-01
2.438236027956008911e-02
-3.763610720634460449e-01
2.548310995101928711e+00
2.922697961330413818e-01
7.710279822349548340e-01
5.903082489967346191e-01
3.199618577957153320e+00
-4.793180227279663086e-01
-2.001485675573348999e-01
-1.619538664817810059e+00
-5.867897868156433105e-01
2.203151732683181763e-01
-5.238574147224426270e-01
-5.668452382087707520e-01
-3.981890976428985596e-01
1.172419428825378418e+00
-5.274766087532043457e-01
7.323865890502929688e-01
-3.538964092731475830e-01
-7.860670089721679688e-01
1.008081316947937012e+00
-1.701841115951538086e+00
2.700576186180114746e-01
1.444467663764953613e+00
-7.518228888511657715e-01
-2.994717955589294434e-01
-9.456035494804382324e-01
-8.280753344297409058e-02
4.301606416702270508e-01
8.694505691528320312e-01
2.337532788515090942e-01
2.304580062627792358e-01
-4.440457224845886230e-01
-3.628689330071210861e-03
-6.530023217201232910e-01
-5.229626297950744629e-01
-5.258933901786804199e-01
-3.322329372167587280e-02
1.076686978340148926e+00
7.785238027572631836e-01
-4.475796222686767578e-01
-4.850210249423980713e-01
-1.215483918786048889e-01
-6.501348018646240234e-01
-2.105128318071365356e-01
-5.732797980308532715e-01
-6.262420862913131714e-02
6.867399066686630249e-02
-9.861979484558105469e-01
5.850146338343620300e-02
6.573311090469360352e-01
-9.672845602035522461e-01
6.305783987045288086e-02
2.904222905635833740e-01
-3.997785449028015137e-01
1.297742724418640137e+00
-1.247911810874938965e+00
-3.111490905284881592e-01
5.284044891595840454e-02
1.859510540962219238e-01
1.077311277389526367e+00
-6.481119990348815918e-01
-1.168090581893920898e+00
1.510372638702392578e+00
7.673331499099731445e-01
6.099135875701904297e-01
1.032168507575988770e+00
1.328183412551879883e+00
-9.793226718902587891e-01
4.860115051269531250e-01
1.513908505439758301e-01
-5.176218748092651367e-01
-3.242513239383697510e-01
-1.486572623252868652e+00
-4.119247496128082275e-01
1.208166718482971191e+00
6.177433207631111145e-02
3.450652211904525757e-02
-9.581192731857299805e-01
1.130209326744079590e+00
-7.194619178771972656e-01
-1.217767119407653809e+00
3.349910974502563477e-01
-1.442906856536865234e+00
-3.956842049956321716e-02
5.755534172058105469e-01
-3.748863637447357178e-01
5.097595453262329102e-01
-1.534737050533294678e-01
5.764108896255493164e-02
1.351928472518920898e+00
1.026034712791442871e+00
-2.972330152988433838e-01
-1.551963686943054199e+00
7.601317167282104492e-01
-1.133222818374633789e+00
1.461843371391296387e+00
-2.642567455768585205e-01
1.344545483589172363e-01
7.582695037126541138e-02
1.871584728360176086e-02
5.042104125022888184e-01
7.171128392219543457e-01
4.869025349617004395e-01
-1.104807019233703613e+00
1.217048764228820801e+00
3.387832045555114746e-01
4.212603569030761719e-01
-6.277603507041931152e-01
-1.931993104517459869e-02
-8.021606206893920898e-01
6.591424345970153809e-02
1.045735001564025879e+00
6.121758818626403809e-01
-1.585978269577026367e+00
4.303029924631118774e-02
1.616389870643615723e+00
-4.920591115951538086e-01
-8.974319100379943848e-01
5.059531927108764648e-01
-3.603052496910095215e-01
-3.859194219112396240e-01
-5.492754578590393066e-01
-5.109109878540039062e-01
1.968189120292663574e+00
-2.504591047763824463e-01
-6.543782949447631836e-01
6.017895042896270752e-02
-5.959950089454650879e-01
-6.757937669754028320e-01
-7.008875012397766113e-01
1.175890564918518066e+00
-7.179064750671386719e-01
-1.439462542533874512e+00
-7.322910428047180176e-01
3.097443580627441406e-01
4.181300699710845947e-01
-8.921554088592529297e-01
-1.279897242784500122e-01
-3.056391775608062744e-01
-3.928498029708862305e-01
8.731532096862792969e-01
-3.748879432678222656e-01
-1.595360785722732544e-01
-1.103334426879882812e+00
-1.561665534973144531e+00
-1.382037758827209473e+00
-1.704068660736083984e+00
-3.269508183002471924e-01
5.675725936889648438e-01
-1.499922722578048706e-01
9.459825158119201660e-01
-7.564604282379150391e-01
-1.151115223765373230e-01
9.292553663253784180e-01
-1.822596311569213867e+00
2.260868549346923828e-01
1.626664638519287109e+00
5.947742983698844910e-02
1.451758027076721191e+00
-9.099286794662475586e-01
-7.242512106895446777e-01
2.666084468364715576e-01
-1.617551892995834351e-01
-4.365915656089782715e-01
-8.272810578346252441e-01
-6.612982749938964844e-01
-7.431722432374954224e-02
2.946811020374298096e-01
8.275046944618225098e-01
1.983392685651779175e-01
-1.094542503356933594e+00
2.136566936969757080e-01
-6.734645366668701172e-01
3.021730780601501465e-01
9.562240242958068848e-01
-1.039192453026771545e-01
-7.154889702796936035e-01
-4.743685722351074219e-01
1.849114894866943359e-01
-7.899705767631530762e-01
1.223168492317199707e+00
-9.178428351879119873e-02
-7.665655612945556641e-01
6.634970307350158691e-01
2.753299772739410400e-01
1.131416857242584229e-01
-5.440148711204528809e-01
-7.658137679100036621e-01
-5.043264478445053101e-02
-5.690796375274658203e-01
-3.917242586612701416e-02
2.609559893608093262e-01
3.608648478984832764e-02
-1.450682520866394043e+00
2.022373303771018982e-02
-8.905841112136840820e-01
1.542033255100250244e-01
-1.341378808021545410e+00
1.212949529290199280e-01
4.873246848583221436e-01
2.683562517166137695e+00
-2.714444100856781006e-01
-4.259925186634063721e-01
5.242881178855895996e-01
3.832469880580902100e-01
-1.386622190475463867e+00
8.876962661743164062e-01
3.660066053271293640e-02
2.617664635181427002e-01
-3.438782989978790283e-01
-1.000055670738220215e+00
-2.049345523118972778e-01
3.924181312322616577e-02
1.874873638153076172e-01
-3.640445172786712646e-01
-4.172241985797882080e-01
-8.231515437364578247e-02
-2.833496034145355225e-01
4.441735446453094482e-01
-7.934798300266265869e-02
-5.595628619194030762e-01
-1.101912856101989746e+00
-1.220462545752525330e-01
1.122404858469963074e-01
9.919792413711547852e-01
-3.177555501461029053e-01
-5.714462995529174805e-01
-9.134719371795654297e-01
9.671306014060974121e-01
9.252258539199829102e-01
-7.753125429153442383e-01
-2.105724662542343140e-01
1.133939862251281738e+00
3.637075126171112061e-01
-2.522784233093261719e+00
-1.052456945180892944e-01
3.757005333900451660e-01
5.362883955240249634e-02
-1.077366709709167480e+00
-9.198988676071166992e-01
8.388321399688720703e-01
4.501631855964660645e-01
-6.218236088752746582e-01
1.960125118494033813e-01
2.501237951219081879e-02
4.512718021869659424e-01
-7.660489082336425781e-01
-1.234514117240905762e-01
-2.720545232295989990e-01
7.247841954231262207e-01
-1.093774795532226562e+00
-7.916084527969360352e-01
-4.028385505080223083e-02
4.004323482513427734e-01
3.080767691135406494e-01
-2.114008218050003052e-01
2.496701478958129883e-01
9.045382738113403320e-01
-5.184949040412902832e-01
-6.512104272842407227e-01
-8.423948287963867188e-01
-1.885513514280319214e-01
-3.692260086536407471e-01
1.193763613700866699e+00
7.791670560836791992e-01
-7.766792774200439453e-01
8.388803005218505859e-01
2.141546487808227539e+00
5.726812481880187988e-01
4.012158215045928955e-01
5.123361349105834961e-01
-1.418095111846923828e+00
9.464159607887268066e-02
7.648020386695861816e-01
3.020482063293457031e-01
-1.200962811708450317e-01
-1.627557039260864258e+00
-4.874224960803985596e-01
2.400318622589111328e+00
9.068614840507507324e-01
-1.927804589271545410e+00
-3.436805605888366699e-01
1.059160590171813965e+00
-3.301225006580352783e-01
6.027761697769165039e-01
-1.215226650238037109e+00
6.748144030570983887e-01
4.927681088447570801e-01
-3.862008750438690186e-01
6.408648490905761719e-01
-8.886726498603820801e-01
1.302650928497314453e+00
-1.531998634338378906e+00
-3.964378535747528076e-01
9.524605274200439453e-01
1.534980773925781250e+00
2.400069385766983032e-01
-4.341285526752471924e-01
1.796534657478332520e+00
-1.254202723503112793e+00
6.566153764724731445e-01
1.814481914043426514e-01
-4.234046861529350281e-02
2.174580991268157959e-01
-1.622899174690246582e+00
-2.387545555830001831e-01
2.716422267258167267e-02
-4.437184631824493408e-01
7.247852087020874023e-01
-8.299472928047180176e-01
-5.331452488899230957e-01
-8.049271106719970703e-01
7.753659486770629883e-01
4.485064744949340820e-01
7.332307696342468262e-01
1.239148497581481934e+00
4.555986225605010986e-01
2.194195687770843506e-01
-3.226134777069091797e-01
-1.321309447288513184e+00
-1.592776656150817871e+00
4.669967591762542725e-01
-9.884967803955078125e-01
1.928360164165496826e-01
-1.027147769927978516e+00
-1.622853726148605347e-01
2.200189530849456787e-01
3.426783382892608643e-01
6.995081156492233276e-02
-2.596422731876373291e-01
2.987073063850402832e-01
-9.667617082595825195e-01
-9.361593127250671387e-01
-5.262411832809448242e-01
-2.942106425762176514e-01
-1.253112316131591797e+00
1.393551677465438843e-01
-4.701927900314331055e-01
2.830408141016960144e-02
-9.762145876884460449e-01
7.846120595932006836e-01
-1.424327939748764038e-01
7.245510816574096680e-01
2.686511278152465820e-01
-5.660951137542724609e-02
-2.154857814311981201e-01
-2.144296914339065552e-01
1.212872982025146484e+00
7.761093974113464355e-01
2.352884709835052490e-01
-1.047527641057968140e-01
-8.512730002403259277e-01
-1.249562263488769531e+00
-2.398162931203842163e-01
1.480776309967041016e+00
3.069736957550048828e-01
-1.439500927925109863e+00
-1.035624146461486816e+00
1.088930964469909668e+00
-2.026953697204589844e-01
-1.328093767166137695e+00
-7.726255655288696289e-01
1.486170440912246704e-01
-6.078202724456787109e-01
-3.319795131683349609e-01
-4.267329871654510498e-01
8.972809910774230957e-01
6.088204979896545410e-01
-1.606788635253906250e-01
-1.016728878021240234e+00
2.913542747497558594e+00
-1.013829469680786133e+00
6.791904568672180176e-02
2.651040852069854736e-01
-1.162419199943542480e+00
6.698671817779541016e+00
5.058673620223999023e-01
1.956442445516586304e-01
6.161025166511535645e-01
-3.339831531047821045e-01
-5.487518310546875000e-01
-4.541583657264709473e-01
-2.896950840950012207e-01
8.755555152893066406e-01
2.250394225120544434e-01
7.940154671669006348e-01
1.113867461681365967e-01
4.463588893413543701e-01
1.029806256294250488e+00
-1.934061050415039062e+00
-1.882090717554092407e-01
1.071679115295410156e+00
1.217830300331115723e+00
-1.602968454360961914e+00
-8.077222704887390137e-01
1.907249689102172852e-01
-5.593485236167907715e-01
-1.938199102878570557e-01
-9.931913018226623535e-02
1.633344888687133789e+00
2.851487994194030762e-01
1.778386592864990234e+00
2.357236742973327637e-01
2.591127753257751465e-01
1.561044063419103622e-02
1.154166340827941895e+00
1.241085529327392578e+00
3.804714679718017578e-01
6.951898336410522461e-01
-1.892793536186218262e+00
1.882081031799316406e+00
-1.035635709762573242e+00
-8.991545438766479492e-01
-1.241657495498657227e+00
-3.961658775806427002e-01
8.797631859779357910e-01
1.316886067390441895e+00
1.741640269756317139e-01
-1.145383566617965698e-01
-1.266555190086364746e+00
-5.837650299072265625e-01
6.908350586891174316e-01
-6.132209897041320801e-01
-7.771105319261550903e-02
6.221123337745666504e-01
6.301843523979187012e-01
7.445346564054489136e-02
1.178764224052429199e+00
1.686596393585205078e+00
-4.004794657230377197e-01
-4.059624671936035156e-01
-5.378073453903198242e-01
-2.011608362197875977e+00
5.335572734475135803e-02
1.080431580543518066e+00
1.025677472352981567e-01
7.223753929138183594e-01
6.305521726608276367e-01
1.114899069070816040e-01
-5.583064556121826172e-01
-4.814845919609069824e-01
3.834268450736999512e-01
1.109641551971435547e+00
6.079382896423339844e-01
6.788151860237121582e-01
-1.190357089042663574e+00
1.269968271255493164e+00
3.049206137657165527e-01
-6.077451705932617188e-01
-5.313121676445007324e-01
4.514982998371124268e-01
1.097105026245117188e+00
1.019289493560791016e+00
-2.852608561515808105e-01
-5.109320878982543945e-01
1.865457892417907715e-01
-1.005859851837158203e+00
1.133314594626426697e-01
8.219810575246810913e-02
6.949762105941772461e-01
1.920815259218215942e-01
1.963984966278076172e+00
5.448342561721801758e-01
-2.422184646129608154e-01
2.309997677803039551e-01
1.083665013313293457e+00
-5.306603312492370605e-01
-5.015777349472045898e-01
5.478658676147460938e-01
-1.209153085947036743e-01
7.558946609497070312e-01
-3.159711062908172607e-01
-2.518466711044311523e-01
-1.300886869430541992e+00
1.748374104499816895e-01
-2.495701760053634644e-01
-5.680165886878967285e-01
5.813165307044982910e-01
-7.052224278450012207e-01
2.435187101364135742e-01
-3.967483341693878174e-01
-7.327169775962829590e-01
8.526816368103027344e-01
7.033132314682006836e-01
-5.065289139747619629e-01
-4.774888455867767334e-01
-1.626913070678710938e+00
8.295874297618865967e-02
1.512679457664489746e+00
7.970400452613830566e-01
-9.415279626846313477e-01
4.415912628173828125e-01
-2.070670872926712036e-01
2.840982675552368164e-01
-2.725914001464843750e+00
-6.647185683250427246e-01
5.242529511451721191e-01
-8.640432953834533691e-01
3.224808275699615479e-01
1.069673061370849609e+00
6.912770867347717285e-01
7.341371178627014160e-01
-1.641454249620437622e-01
-1.295057773590087891e+00
9.041181206703186035e-02
-1.959289163351058960e-01
-7.934124469757080078e-01
7.337027788162231445e-01
-8.729221820831298828e-01
7.970424890518188477e-01
-1.450997948646545410e+00
2.116507887840270996e-01
1.220827817916870117e+00
4.642092809081077576e-02
-1.625225782394409180e+00
-4.823089540004730225e-01
-5.014198422431945801e-01
1.424892693758010864e-01
-5.240587592124938965e-01
-2.905432879924774170e-01
-6.840480118989944458e-02
2.150207519531250000e+00
5.589500069618225098e-01
-7.292561233043670654e-02
-9.042980074882507324e-01
-1.729883998632431030e-01
-7.997885346412658691e-01
1.115279316902160645e+00
-9.151291251182556152e-01
-6.402469873428344727e-01
1.996781378984451294e-01
-1.038438677787780762e+00
-7.546894997358322144e-02
1.154848337173461914e+00
3.810907006263732910e-01
5.097256302833557129e-01
-1.280981540679931641e+00
-7.554653286933898926e-01
-1.036334276199340820e+00
1.171586871147155762e+00
-7.589681148529052734e-01
1.515865087509155273e+00
2.416776716709136963e-01
-2.733233869075775146e-01
-1.109435200691223145e+00
-3.441040217876434326e-01
-8.800883293151855469e-01
-1.271132469177246094e+00
-8.766536116600036621e-01
6.906521320343017578e-01
-1.443208098411560059e+00
3.295238316059112549e-01
5.447465777397155762e-01
1.746914267539978027e+00
1.924089074134826660e+00
9.313316345214843750e-01
-6.043574810028076172e-01
4.092813432216644287e-01
5.987965464591979980e-01
4.480650424957275391e-01
-1.056196689605712891e-01
6.117908954620361328e-01
6.803992986679077148e-01
-6.461452692747116089e-02
4.690936505794525146e-01
-5.815724283456802368e-02
2.636838555335998535e-01
-7.102905511856079102e-01
-7.209134101867675781e-01
3.738770186901092529e-01
-1.023629456758499146e-01
-1.985610574483871460e-01
5.021848678588867188e-01
-2.724249958992004395e-01
9.509268403053283691e-02
-1.110180020332336426e+00
-2.536882460117340088e-01
-1.371581435203552246e+00
-1.583964824676513672e-01
-7.389637827873229980e-01
8.946717977523803711e-01
-1.906477212905883789e-01
2.842859625816345215e-01
-1.616274714469909668e+00
-1.088823601603507996e-01
-6.215056777000427246e-01
2.585425674915313721e-01
-1.045597553253173828e+00
-1.774404346942901611e-01
4.357892572879791260e-01
4.670324921607971191e-02
9.810104966163635254e-01
4.051644802093505859e-01
-2.177390813827514648e+00
-9.674952626228332520e-01
-1.079418897628784180e+00
-2.661897838115692139e-01
2.711856663227081299e-01
-1.065372705459594727e+00
7.180401682853698730e-02
6.094157323241233826e-02
4.649280309677124023e-01
3.193734586238861084e-01
-1.735499739646911621e+00
-2.894372344017028809e-01
1.950322650372982025e-02
5.810387134552001953e-01
2.923535704612731934e-01
8.262012004852294922e-01
-3.747524619102478027e-01
6.296755075454711914e-01
1.605404734611511230e+00
-1.896023601293563843e-01
3.755285143852233887e-01
7.492783665657043457e-01
7.932341694831848145e-01
-1.564088463783264160e-01
-2.544619739055633545e-01
5.397710800170898438e-01
2.269420176744461060e-01
2.275043576955795288e-01
6.286292672157287598e-01
6.279199719429016113e-01
1.049172520637512207e+00
-9.422635436058044434e-01
-6.495829224586486816e-01
-7.700737118721008301e-01
-1.468283385038375854e-01
1.149480700492858887e+00
-2.116329431533813477e+00
-1.471245527267456055e+00
-1.016979888081550598e-01
1.000450015068054199e+00
2.941368222236633301e-01
-6.743506193161010742e-01
-4.051713049411773682e-01
8.026930689811706543e-01
6.131422892212867737e-02
6.910687088966369629e-01
-1.003886088728904724e-01
1.603953123092651367e+00
3.923371434211730957e-01
-5.199999809265136719e-01
-1.731708765029907227e+00
-2.506299912929534912e-01
5.010268092155456543e-01
9.121664166450500488e-01
2.255944013595581055e-01
-2.750999331474304199e-01
2.736487686634063721e-01
-8.656696081161499023e-01
7.499672472476959229e-02
-4.974890947341918945e-01
3.327780663967132568e-01
1.021879434585571289e+00
-5.021271109580993652e-01
-1.703994423151016235e-01
2.717894017696380615e-01
-8.708321452140808105e-01
-7.290846705436706543e-01
-7.236707806587219238e-01
3.587221801280975342e-01
-8.476215004920959473e-01
-7.454308867454528809e-01
6.208702921867370605e-01
-7.802823185920715332e-02
-6.810422986745834351e-02
1.109910011291503906e-01
-5.202661156654357910e-01
1.470178484916687012e+00
7.579513788223266602e-01
-2.337401151657104492e+00
-8.107962012290954590e-01
-2.422243207693099976e-01
6.909903883934020996e-02
-2.126607745885848999e-01
1.899322420358657837e-01
1.833726882934570312e+00
7.340407967567443848e-01
-3.675210177898406982e-01
2.437558650970458984e+00
1.113162517547607422e+00
-3.870246410369873047e-01
5.295494943857192993e-02
6.513133645057678223e-01
-9.095436334609985352e-02
-9.316036105155944824e-01
-1.014639735221862793e+00
7.531004399061203003e-02
5.845103263854980469e-01
1.150350809097290039e+00
9.509817957878112793e-01
2.683685719966888428e-01
-9.210944920778274536e-02
7.503396868705749512e-01
-9.198595285415649414e-01
-4.062471091747283936e-01
-2.431322932243347168e-01
-5.451814457774162292e-02
-1.150673508644104004e+00
7.705211639404296875e-01
-1.009299278259277344e+00
8.774675726890563965e-01
-3.874365389347076416e-01
-2.967494726181030273e-01
-1.173911333084106445e+00
-3.092755973339080811e-01
-7.729421854019165039e-01
5.806362032890319824e-01
-6.024044752120971680e-01
-8.983532190322875977e-01
5.922750234603881836e-01
1.513043195009231567e-01
1.443167775869369507e-01
-4.170944094657897949e-01
9.963729977607727051e-01
2.302289009094238281e+00
-1.049541682004928589e-01
5.702010355889797211e-03
1.218143224716186523e+00
-5.101446509361267090e-01
7.525041699409484863e-01
-5.974841713905334473e-01
6.030265092849731445e-01
-2.413695812225341797e+00
4.590513557195663452e-02
3.278069496154785156e-01
