-4.363636374473571777e-01
3.992061018943786621e-01
-1.034846782684326172e+00
3.802067041397094727e-01
-1.066778898239135742e-01
4.230643212795257568e-01
-2.169057846069335938e+00
4.958208799362182617e-01
5.546888336539268494e-02
7.542360424995422363e-01
-1.295447826385498047e+00
1.108391284942626953e+00
-3.337586224079132080e-01
-1.961016654968261719e+00
9.746957421302795410e-01
2.094666808843612671e-01
-7.414255142211914062e-01
-2.073383890092372894e-02
1.930276602506637573e-01
-2.391644001007080078e+00
-2.109892517328262329e-01
1.816699504852294922e-01
-2.870439589023590088e-01
5.676062107086181641e-01
-1.817084252834320068e-01
-1.501821398735046387e+00
2.853161990642547607e-01
-1.263309478759765625e+00
3.065701723098754883e-01
3.842232525348663330e-01
-6.356162428855895996e-01
-3.614619374275207520e-01
9.707468152046203613e-01
-7.578420639038085938e-01
-3.927824795246124268e-01
-9.021356105804443359e-01
5.441774725914001465e-01
-5.773957371711730957e-01
-3.053166270256042480e-01
-5.926335453987121582e-01
-6.234316229820251465e-01
-6.283186078071594238e-01
3.735883474349975586e+00
3.531386554241180420e-01
-1.865978986024856567e-01
1.684159040451049805e-01
5.192692875862121582e-01
4.646879620850086212e-03
1.016103625297546387e-01
-1.807497262954711914e+00
7.426390051841735840e-02
3.195470273494720459e-01
-3.898554742336273193e-01
4.354663789272308350e-01
-7.252007126808166504e-01
1.554572463035583496e+00
-1.301663666963577271e-01
1.362318754196166992e+00
4.267721176147460938e-01
-5.244525074958801270e-01
7.796532511711120605e-01
-6.452631354331970215e-01
7.244904637336730957e-01
1.490684747695922852e+00
-8.024724572896957397e-02
-9.161546826362609863e-01
8.844719827175140381e-02
-1.180946946144104004e+00
-1.626219451427459717e-01
-8.414313942193984985e-02
-1.164441943168640137e+00
3.893041312694549561e-01
2.249379605054855347e-01
-5.354630351066589355e-01
-6.563203334808349609e-01
-7.548882365226745605e-01
4.820692241191864014e-01
-2.541934251785278320e-01
9.508258700370788574e-01
1.006029725074768066e+00
2.982512414455413818e-01
-1.150737285614013672e+00
-7.604793459177017212e-02
3.384388089179992676e-01
-5.174571275711059570e-01
-2.093770354986190796e-02
1.153132785111665726e-02
8.919667005538940430e-01
-1.411647319793701172e+00
-1.695523858070373535e-01
1.433174014091491699e+00
2.787500387057662010e-03
-1.360393881797790527e+00
-9.728026390075683594e-01
-1.071636900305747986e-01
1.274432778358459473e+00
-7.023044824600219727e-01
-1.521397233009338379e+00
-5.887541174888610840e-01
-8.445247262716293335e-02
1.041394919157028198e-01
-4.874616265296936035e-01
-1.116874933242797852e+00
1.439563632011413574e+00
1.243670821189880371e+00
1.121083021163940430e+00
1.061818838119506836e+00
1.221168041229248047e+00
-5.704081058502197266e-01
9.472371339797973633e-01
7.066267132759094238e-01
-1.233365774154663086e+00
-5.139942765235900879e-01
-1.868398427963256836e+00
4.609332382678985596e-01
1.087433472275733948e-01
-2.426298111677169800e-01
-2.556917667388916016e-01
-1.042865216732025146e-01
-2.032201923429965973e-02
-5.561314225196838379e-01
-1.046942353248596191e+00
2.033575773239135742e+00
-1.319875478744506836e+00
1.135252341628074646e-01
7.720332145690917969e-01
-1.240565419197082520e+00
1.946769803762435913e-01
-9.954698681831359863e-01
-1.964128576219081879e-02
1.092296004295349121e+00
5.481990575790405273e-01
-1.356881111860275269e-01
-6.716143488883972168e-01
8.990331888198852539e-01
-2.596352994441986084e-01
1.567144632339477539e+00
-2.028181552886962891e-01
1.463138580322265625e+00
1.542735219001770020e+00
-9.104612469673156738e-01
-4.464527666568756104e-01
1.220092058181762695e+00
6.695283651351928711e-01
-1.131469607353210449e+00
1.981593012809753418e+00
2.961463034152984619e-01
-1.034923791885375977e-01
2.200852036476135254e-01
-3.076066672801971436e-01
-1.188151001930236816e+00
-8.203462511301040649e-02
1.075618982315063477e+00
1.004820942878723145e+00
-2.730884313583374023e+00
-1.344623267650604248e-01
1.116465568542480469e+00
2.471036016941070557e-01
-8.672177791595458984e-01
8.813888430595397949e-01
-5.136317014694213867e-01
-4.262637794017791748e-01
5.097001194953918457e-01
-1.941085606813430786e-01
1.231946468353271484e+00
-1.750864237546920776e-01
-6.260872483253479004e-01
-5.711397528648376465e-02
-2.435343265533447266e-01
-9.697727560997009277e-01
-1.139021277427673340e+00
1.219924926757812500e+00
-1.092232912778854370e-01
-1.157105922698974609e+00
-4.216718971729278564e-01
2.864077687263488770e-01
7.740150690078735352e-01
4.845587909221649170e-02
1.319263696670532227e+00
2.984293103218078613e-01
-8.479838371276855469e-01
-9.360471367835998535e-01
-1.155982732772827148e+00
2.397072315216064453e-01
-5.910292267799377441e-01
-3.198901712894439697e-01
-1.072557806968688965e+00
-1.148037910461425781e+00
-1.244881868362426758e+00
8.437988162040710449e-02
6.027672886848449707e-01
5.136982202529907227e-01
-2.248101085424423218e-01
-2.110083103179931641e-01
4.539926350116729736e-01
-4.579672813415527344e-01
-3.004000894725322723e-02
9.814760088920593262e-01
-6.565413475036621094e-01
1.479814171791076660e+00
-5.527717471122741699e-01
-1.513117074966430664e+00
-1.012672036886215210e-01
4.623924568295478821e-02
-4.771954119205474854e-01
-9.996677637100219727e-01
-5.363594889640808105e-01
-2.645635902881622314e-01
-9.156140685081481934e-01
8.972035646438598633e-01
-1.528996676206588745e-01
-9.547479152679443359e-01
4.114138185977935791e-01
-2.466769963502883911e-01
1.748201623558998108e-02
3.787053227424621582e-01
-1.191937804222106934e+00
2.264369279146194458e-01
-1.656338691711425781e+00
7.190433144569396973e-01
-1.115191936492919922e+00
7.541797161102294922e-01
-3.024350665509700775e-02
-6.240144968032836914e-01
3.114742636680603027e-01
7.830518484115600586e-01
3.577839732170104980e-01
-2.197373956441879272e-01
-7.322834730148315430e-01
-3.302999734878540039e-01
-9.638801217079162598e-01
5.821461081504821777e-01
7.085700035095214844e-01
5.926899984478950500e-02
4.778849184513092041e-01
2.401576191186904907e-01
-9.271310567855834961e-01
-3.371121883392333984e-01
-1.161661505699157715e+00
-5.102128982543945312e-01
1.885733008384704590e+00
1.992796301841735840e+00
-2.718604505062103271e-01
7.890309393405914307e-02
-1.795055270195007324e-01
-1.281603425741195679e-01
-6.286466717720031738e-01
-4.504187107086181641e-01
-6.429469585418701172e-02
1.117500782012939453e+00
-2.673584818840026855e-01
-7.791203856468200684e-01
-1.077838778495788574e+00
2.418555468320846558e-01
8.824226260185241699e-01
1.143913626670837402e+00
-8.200336694717407227e-01
1.146078482270240784e-01
-9.690461158752441406e-01
1.975217461585998535e-01
9.126310944557189941e-01
-5.308157801628112793e-01
-1.705286502838134766e+00
-6.327566504478454590e-02
1.149302601814270020e+00
2.256970405578613281e+00
-3.790647983551025391e-01
-8.806664347648620605e-01
-1.937966793775558472e-01
-3.075779080390930176e-01
3.446452915668487549e-01
3.611434102058410645e-01
-2.098387241363525391e+00
2.179829627275466919e-01
8.961677551269531250e-01
-9.092711210250854492e-01
5.832304358482360840e-01
6.060788035392761230e-02
-3.531695902347564697e-01
-4.923152625560760498e-01
-5.168501138687133789e-01
5.165193676948547363e-01
1.467311859130859375e+00
-1.059567928314208984e+00
4.095690548419952393e-01
-7.779224514961242676e-01
2.334739714860916138e-01
-2.451764047145843506e-01
6.268414258956909180e-01
-6.236652731895446777e-01
-1.085415035486221313e-01
-3.714049160480499268e-01
-4.227769561111927032e-03
-3.576319292187690735e-02
-1.736979842185974121e+00
-1.408616751432418823e-01
-5.131074786186218262e-01
-5.654203146696090698e-02
5.153462886810302734e-01
-8.794700503349304199e-01
-2.232351899147033691e-01
-7.923876643180847168e-01
-3.674612939357757568e-02
-1.412599205970764160e+00
9.698777198791503906e-01
4.007033407688140869e-01
-4.542177617549896240e-01
-1.147967576980590820e+00
2.999631643295288086e+00
5.890491604804992676e-02
3.374902904033660889e-01
-6.486951708793640137e-01
4.447175264358520508e-01
1.911892741918563843e-01
-2.573794722557067871e-01
9.039416909217834473e-01
-1.361276209354400635e-01
-6.653520464897155762e-01
-1.079520583152770996e+00
-2.717006802558898926e-01
-1.995512247085571289e-01
-1.586140513420104980e+00
-1.499035716056823730e+00
4.475745260715484619e-01
-4.568534195423126221e-01
-6.093578934669494629e-01
1.464338600635528564e-01
4.564431905746459961e-01
6.245790719985961914e-01
-3.510428071022033691e-01
-1.223152399063110352e+00
7.754682302474975586e-01
1.998980522155761719e+00
-6.513120532035827637e-01
-2.755305767059326172e-01
5.024783015251159668e-01
1.427087187767028809e-01
-4.163705408573150635e-01
-8.381213992834091187e-02
1.604774594306945801e+00
-4.693967103958129883e-01
8.039839267730712891e-01
2.012228012084960938e+00
-1.170439839363098145e+00
4.308690726757049561e-01
-1.255688190460205078e+00
-7.823438644409179688e-01
-2.143521606922149658e-01
4.592279195785522461e-01
7.219040393829345703e-01
-7.605068087577819824e-01
2.060814946889877319e-01
-6.785773634910583496e-01
1.196096651256084442e-02
9.222630262374877930e-01
-2.190987914800643921e-01
-3.994967415928840637e-02
1.054972887039184570e+00
-2.486730962991714478e-01
-1.337130784988403320e+00
-1.210087418556213379e+00
-1.171039700508117676e+00
5.880616903305053711e-01
1.207793503999710083e-02
6.140661239624023438e-01
7.687806338071823120e-02
-1.203672587871551514e-02
5.337048694491386414e-02
-2.719586193561553955e-01
8.474515676498413086e-01
5.857134461402893066e-01
-5.865581631660461426e-01
1.187904849648475647e-01
-1.221153378486633301e+00
2.132803499698638916e-01
2.168702632188796997e-01
-5.714858174324035645e-01
3.181909918785095215e-01
-5.096260309219360352e-01
-8.261489868164062500e-02
-8.024316430091857910e-01
-2.232165485620498657e-01
-1.522160619497299194e-01
1.282582432031631470e-01
-2.347173094749450684e-01
-5.898247361183166504e-01
8.195558190345764160e-01
-3.559321761131286621e-01
3.787632286548614502e-01
6.609460115432739258e-01
1.895792245864868164e+00
2.139880359172821045e-01
-1.663563728332519531e+00
-1.097795367240905762e+00
3.884039819240570068e-01
5.460022091865539551e-01
7.021205127239227295e-02
-1.450534582138061523e+00
-9.698104858398437500e-01
6.238847374916076660e-01
-1.524835586547851562e+00
-1.201389074325561523e+00
3.923945873975753784e-02
8.717536926269531250e-02
-2.426345348358154297e-01
-5.504024028778076172e-01
4.014892876148223877e-01
1.226282000541687012e+00
2.118935137987136841e-01
-3.893721103668212891e-01
-9.736154079437255859e-01
1.265265226364135742e+00
-1.668445110321044922e+00
1.264236450195312500e+00
5.097278580069541931e-02
3.341372907161712646e-01
5.552030086517333984e+00
3.061375916004180908e-01
7.480195164680480957e-02
3.816848993301391602e-01
-1.299522966146469116e-01
-1.106209993362426758e+00
-2.970586419105529785e-01
-5.717692375183105469e-01
3.323251903057098389e-01
-4.719998836517333984e-01
8.611656427383422852e-01
9.803715944290161133e-01
1.256710290908813477e+00
1.458748221397399902e+00
-2.033938169479370117e+00
6.062073260545730591e-02
-5.098826885223388672e-01
6.064520478248596191e-01
-1.282002091407775879e+00
7.041802406311035156e-01
1.411386966705322266e+00
-1.044814705848693848e+00
-5.716543197631835938e-01
-2.069026827812194824e-01
4.507032036781311035e-01
1.249490141868591309e+00
1.813702106475830078e+00
7.188832163810729980e-01
3.003352880477905273e-01
-3.754426538944244385e-02
9.283382296562194824e-01
8.355488777160644531e-01
7.930950075387954712e-02
1.223195910453796387e+00
-1.882406711578369141e+00
1.796517252922058105e+00
-9.770399332046508789e-01
3.477994203567504883e-01
-1.492849469184875488e+00
-5.418981909751892090e-01
-2.808232009410858154e-01
1.665225267410278320e+00
1.055854678153991699e+00
-1.829746663570404053e-01
1.073921203613281250e+00
-9.350106120109558105e-01
5.783992409706115723e-01
3.343211412429809570e-01
1.090089440345764160e+00
1.512300372123718262e+00
3.481870293617248535e-01
5.462798476219177246e-01
6.973569989204406738e-01
2.804922342300415039e+00
-4.668631553649902344e-01
1.580603241920471191e+00
-6.268534064292907715e-01
-2.813367247581481934e-01
-2.744308412075042725e-01
1.099387884140014648e+00
-3.564811348915100098e-01
1.427594423294067383e+00
5.070627331733703613e-01
-3.410208821296691895e-01
-1.267522215843200684e+00
-8.690655231475830078e-01
4.014355242252349854e-01
-9.079532325267791748e-02
6.998124122619628906e-01
-4.732996821403503418e-01
-7.227499485015869141e-01
1.069671273231506348e+00
-6.885187625885009766e-01
-7.621820271015167236e-02
-1.143972992897033691e+00
1.006758332252502441e+00
2.479296028614044189e-01
3.698061108589172363e-01
1.623724400997161865e-01
-5.632110834121704102e-01
-3.503184393048286438e-02
-8.703543543815612793e-01
-2.151703089475631714e-01
9.639384746551513672e-01
7.492939233779907227e-01
1.730070710182189941e+00
1.370911002159118652e+00
4.634769856929779053e-01
-1.525927037000656128e-01
4.875041544437408447e-01
1.486175775527954102e+00
-2.572236359119415283e-01
-9.020602107048034668e-01
1.479278206825256348e+00
2.160031795501708984e-01
1.280162334442138672e+00
-3.498490452766418457e-01
1.925455778837203979e-01
-1.184202075004577637e+00
4.732573628425598145e-01
-1.658394098281860352e+00
-2.476264834403991699e-01
1.131100058555603027e+00
-1.343415081501007080e-01
1.644519865512847900e-01
-7.463641464710235596e-02
5.394666790962219238e-01
-1.095118373632431030e-01
9.241689443588256836e-01
-4.353229403495788574e-01
1.913603842258453369e-01
-2.116946458816528320e+00
-4.623144865036010742e-01
8.199627399444580078e-01
5.688950419425964355e-01
-1.060334801673889160e+00
-3.162743523716926575e-02
-2.532876729965209961e-01
2.360402494668960571e-01
-1.495839595794677734e+00
-7.851985692977905273e-01
5.898563265800476074e-01
-9.162948131561279297e-01
-8.029063940048217773e-01
1.637041211128234863e+00
-6.070828437805175781e-01
5.411468148231506348e-01
4.175522327423095703e-01
1.609111875295639038e-01
6.502913236618041992e-01
-8.672907948493957520e-02
-1.260246038436889648e+00
8.110210299491882324e-01
-8.048665523529052734e-01
-2.906588613986968994e-01
-1.179293274879455566e+00
-1.733612418174743652e-01
2.411037981510162354e-01
4.726544618606567383e-01
-1.280761480331420898e+00
-3.106868565082550049e-01
-1.940343528985977173e-01
-2.410781234502792358e-01
-4.744502305984497070e-01
-1.756141483783721924e-01
8.139276504516601562e-01
8.639298677444458008e-01
1.025783777236938477e+00
-6.728658080101013184e-01
-2.028773427009582520e-01
-4.227302372455596924e-01
2.685501277446746826e-01
7.277986407279968262e-01
-6.226991415023803711e-01
-1.810690045356750488e+00
-1.342930793762207031e-01
-9.192678332328796387e-01
-3.989983797073364258e-01
2.177786827087402344e+00
-4.399328231811523438e-01
2.681190490722656250e+00
-1.309664368629455566e+00
1.813327819108963013e-01
6.819199919700622559e-01
3.500603511929512024e-02
-1.401353597640991211e+00
1.094809293746948242e+00
7.136433124542236328e-01
-4.375326931476593018e-01
-3.437628746032714844e-01
3.266614675521850586e-01
-2.172314643859863281e+00
-8.252388238906860352e-01
-2.412022799253463745e-01
7.308558225631713867e-01
-1.805021166801452637e+00
6.933706402778625488e-01
8.774976730346679688e-01
9.789115190505981445e-01
1.808509945869445801e+00
1.051099419593811035e+00
-6.569563150405883789e-01
7.675869762897491455e-02
8.764510154724121094e-01
2.412685453891754150e-01
2.027988731861114502e-01
9.241155982017517090e-01
1.133534550666809082e+00
-4.994817078113555908e-01
7.188377976417541504e-01
5.271635055541992188e-01
-9.261565804481506348e-01
-6.835145503282546997e-02
-1.420448899269104004e+00
3.518628776073455811e-01
3.676849901676177979e-01
-4.819191396236419678e-01
-4.644039869308471680e-01
-1.676989942789077759e-01
1.169882893562316895e+00
2.783593535423278809e-02
-2.102223873138427734e+00
-4.580256342887878418e-01
4.275995492935180664e-01
-7.533116638660430908e-02
1.377557635307312012e+00
-4.875487387180328369e-01
4.674277007579803467e-01
-7.684287428855895996e-01
-7.190089225769042969e-01
-1.189371347427368164e+00
-1.707674562931060791e-01
-1.075092077255249023e+00
-3.767601847648620605e-01
1.093090891838073730e+00
2.480775564908981323e-01
3.918836116790771484e-01
1.103532075881958008e+00
-2.406718015670776367e+00
-9.158208370208740234e-01
-1.299188137054443359e+00
1.079806126654148102e-02
5.310096144676208496e-01
-1.067578196525573730e+00
-1.063858151435852051e+00
7.443297505378723145e-01
-7.517939805984497070e-02
-3.921154439449310303e-01
-2.410245180130004883e+00
-7.447537183761596680e-01
3.443262875080108643e-01
8.446128964424133301e-01
9.343054890632629395e-01
-1.044951006770133972e-01
-5.901145339012145996e-01
-1.196970105171203613e+00
1.813479781150817871e+00
-1.139021396636962891e+00
-1.382086992263793945e+00
1.907222509384155273e+00
4.362092912197113037e-01
1.093360900878906250e+00
-4.312163591384887695e-01
5.781636834144592285e-01
-6.076620817184448242e-01
1.453303247690200806e-01
4.234386384487152100e-01
4.427348077297210693e-01
1.011998057365417480e+00
-6.306731104850769043e-01
4.019008576869964600e-01
-1.416565179824829102e+00
-1.001945137977600098e+00
7.475262880325317383e-01
-8.109062910079956055e-01
1.167210116982460022e-01
7.269516587257385254e-01
7.370964437723159790e-02
-6.776627302169799805e-01
6.401220560073852539e-01
2.602316141128540039e-01
-3.993192017078399658e-01
-5.899703502655029297e-02
2.803936302661895752e-01
-7.730702757835388184e-01
1.958533763885498047e+00
-2.123994082212448120e-01
5.060064792633056641e-01
-1.504034876823425293e+00
5.064674019813537598e-01
1.268854141235351562e+00
6.273190975189208984e-01
1.631957411766052246e+00
4.606078863143920898e-01
-1.772635728120803833e-01
-4.617451131343841553e-01
-2.476907223463058472e-01
-7.574495673179626465e-01
4.087314009666442871e-01
1.469049930572509766e+00
-5.240923166275024414e-01
9.338746964931488037e-02
3.939835727214813232e-02
-1.303074717521667480e+00
-2.693959236145019531e+00
-1.141519665718078613e+00
-3.360310792922973633e-01
1.087883934378623962e-01
-7.444553971290588379e-01
-4.159305989742279053e-02
-1.303191035985946655e-01
-4.060346782207489014e-01
-3.558040037751197815e-02
5.712352991104125977e-01
1.275030732154846191e+00
6.440452337265014648e-01
-2.857134103775024414e+00
-2.204563856124877930e+00
-7.428317666053771973e-01
1.395499110221862793e-01
-1.545911580324172974e-01
4.771240651607513428e-01
1.049969673156738281e+00
4.312949627637863159e-02
1.236068129539489746e+00
1.635539770126342773e+00
7.307122349739074707e-01
-7.042452692985534668e-01
4.472327530384063721e-01
-1.587940007448196411e-02
-7.598263621330261230e-01
-9.558792114257812500e-01
-1.118542909622192383e+00
6.196094751358032227e-01
-3.609926626086235046e-02
2.467640489339828491e-01
1.039560198783874512e+00
4.701431393623352051e-01
-7.506986260414123535e-01
-2.092937082052230835e-01
6.314109545201063156e-03
-6.890984177589416504e-01
2.587446570396423340e-01
-2.324970483779907227e+00
-1.007100582122802734e+00
1.843807220458984375e+00
-2.109086275100708008e+00
-1.413245201110839844e+00
-5.202744007110595703e-01
7.946760058403015137e-01
1.943190097808837891e-01
-6.550686359405517578e-01
-5.359610915184020996e-01
3.853287398815155029e-01
1.379432559013366699e+00
3.133800625801086426e-01
1.364451646804809570e+00
-2.267457917332649231e-02
-4.168242514133453369e-01
-9.200254082679748535e-01
1.356269240379333496e+00
2.106042861938476562e+00
2.412503957748413086e-01
6.862123310565948486e-02
8.265111446380615234e-01
-6.359736323356628418e-01
1.737132221460342407e-01
2.359183877706527710e-01
5.741738677024841309e-01
-1.808063745498657227e+00
-1.329705268144607544e-01
4.697944223880767822e-01
