2.284897565841674805e-01
-1.057828903198242188e+00
1.020848304033279419e-01
1.399772167205810547e-01
5.836762785911560059e-01
-5.825408697128295898e-01
-7.163071632385253906e-01
8.068437576293945312e-01
7.840262055397033691e-01
-2.525711953639984131e-01
4.278703331947326660e-01
-1.011174917221069336e+00
2.865311503410339355e-01
-3.541823327541351318e-01
-8.542517423629760742e-01
8.822430372238159180e-01
1.202419400215148926e+00
-4.071911871433258057e-01
5.000957846641540527e-02
9.848616719245910645e-01
-1.576158165931701660e+00
1.204167127609252930e+00
4.737030565738677979e-01
-1.421875059604644775e-01
-7.637407779693603516e-01
-9.342705011367797852e-01
-5.757215619087219238e-01
-3.900033235549926758e-01
5.745863318443298340e-01
9.018269777297973633e-01
1.403731226921081543e+00
3.097738623619079590e-01
6.895932555198669434e-02
-6.720312237739562988e-01
1.939069330692291260e-01
-8.901091217994689941e-01
4.646516144275665283e-01
-2.599841952323913574e-01
8.762703835964202881e-02
2.298322677612304688e+00
6.633135080337524414e-01
-1.201506495475769043e+00
1.496959447860717773e+00
1.739815175533294678e-01
-5.951230525970458984e-01
1.552082657814025879e+00
8.518271446228027344e-01
-1.634124368429183960e-01
1.327926039695739746e+00
-5.915345251560211182e-02
8.212506175041198730e-01
-9.406986236572265625e-01
-1.593508005142211914e+00
-5.445061326026916504e-01
-3.003666400909423828e-01
2.072810173034667969e+00
-3.178754076361656189e-02
6.206508874893188477e-01
-7.158198356628417969e-01
-5.229729227721691132e-03
-4.895401298999786377e-01
1.138259291648864746e+00
7.494393587112426758e-01
2.565229237079620361e-01
1.188914060592651367e+00
-2.167309820652008057e-01
7.074461877346038818e-02
-4.641117155551910400e-01
6.673581600189208984e-01
1.602398753166198730e+00
-2.471634931862354279e-02
3.855686485767364502e-01
1.126204252243041992e+00
4.205955862998962402e-01
-1.154572486877441406e+00
-1.699265480041503906e+00
7.113197445869445801e-01
-1.801635771989822388e-01
4.753449261188507080e-01
4.836542606353759766e-01
-2.431066781282424927e-01
-3.432245850563049316e-01
-1.034854412078857422e+00
-9.028821587562561035e-01
9.681025743484497070e-01
9.324694871902465820e-01
-3.404707834124565125e-02
9.040005803108215332e-01
2.568731904029846191e-01
-4.562461972236633301e-01
-1.399329155683517456e-01
7.518916726112365723e-01
3.532646000385284424e-01
-1.615774631500244141e+00
5.914711952209472656e-02
3.836628496646881104e-01
5.830878019332885742e-01
-5.093243122100830078e-01
2.783433198928833008e-01
-3.983249366283416748e-01
1.133918642997741699e+00
5.411266535520553589e-02
1.379710674285888672e+00
4.318640828132629395e-01
1.000333547592163086e+00
5.993486642837524414e-01
-7.881679385900497437e-02
1.058390617370605469e+00
-9.499853253364562988e-01
1.499257326126098633e+00
-3.787656426429748535e-01
-6.422702074050903320e-01
9.535946846008300781e-01
1.068007707595825195e+00
5.068897008895874023e-01
2.114583253860473633e+00
3.353417292237281799e-02
2.466837614774703979e-01
-4.763700962066650391e-01
1.526697993278503418e+00
-3.047877848148345947e-01
5.599424242973327637e-03
-8.350157141685485840e-01
4.219152331352233887e-01
1.142054557800292969e+00
8.278383016586303711e-01
8.365901112556457520e-01
-4.520117864012718201e-02
-5.282560586929321289e-01
-4.290547687560319901e-03
4.342040717601776123e-01
-7.508998513221740723e-01
-1.670278012752532959e-01
-3.814756870269775391e-01
-1.020759820938110352e+00
-8.475405573844909668e-01
8.314427733421325684e-01
5.735855102539062500e-01
-4.107013344764709473e-01
3.978635668754577637e-01
6.858615279197692871e-01
6.107191443443298340e-01
2.921734154224395752e-01
-4.007121622562408447e-01
-5.920715928077697754e-01
2.467442274093627930e+00
1.280566453933715820e+00
-1.797304391860961914e+00
4.961968064308166504e-01
-9.277080297470092773e-01
1.262394070625305176e+00
2.951845824718475342e-01
6.340608596801757812e-01
-3.816089928150177002e-01
6.840229630470275879e-01
1.016936779022216797e+00
-1.690122783184051514e-01
1.496459126472473145e+00
5.353470444679260254e-01
-1.883492916822433472e-01
-2.444088608026504517e-01
3.251419782638549805e+00
-1.214617133140563965e+00
-6.222664713859558105e-01
1.047030925750732422e+00
2.229573279619216919e-01
2.418197393417358398e-01
2.539948523044586182e-01
9.480454325675964355e-01
1.021191358566284180e+00
1.049601584672927856e-01
-8.336378335952758789e-01
-1.208273172378540039e+00
-4.042619764804840088e-01
-5.967893004417419434e-01
1.291134595870971680e+00
-4.136820137500762939e-01
1.731588970869779587e-03
-8.655059337615966797e-01
8.900785446166992188e-01
1.082966089248657227e+00
-1.467644333839416504e+00
-1.647456169128417969e+00
-6.642171144485473633e-01
-5.109016895294189453e-01
4.615581035614013672e-01
-7.796750217676162720e-02
-2.168128013610839844e+00
-2.802410125732421875e-01
3.714435398578643799e-01
-5.786702036857604980e-01
1.222476601600646973e+00
-6.456452608108520508e-01
-5.850270986557006836e-01
-5.776239931583404541e-02
1.271678209304809570e+00
-1.147333502769470215e+00
1.462037086486816406e+00
1.252848505973815918e+00
6.437033414840698242e-01
-4.248311221599578857e-01
1.944480538368225098e-01
-8.267444372177124023e-01
-2.868818044662475586e-01
4.094911813735961914e-01
-2.841357700526714325e-02
-1.483603477478027344e+00
1.529604792594909668e-01
1.999651268124580383e-02
-1.723492622375488281e+00
-7.613877654075622559e-01
2.862792313098907471e-01
4.686573743820190430e-01
-5.290738344192504883e-01
3.066596984863281250e-01
-6.125210523605346680e-01
-1.972707211971282959e-01
-2.196377366781234741e-01
1.070376515388488770e+00
3.339490592479705811e-01
1.416265368461608887e-01
-9.194810390472412109e-01
-1.636653542518615723e-01
-7.804837822914123535e-01
5.466634631156921387e-01
-4.921030700206756592e-01
4.732720181345939636e-02
1.750638484954833984e-01
-5.196673870086669922e-01
-4.027038216590881348e-01
-1.870929077267646790e-02
-4.217338189482688904e-02
-2.336907088756561279e-01
6.509906053543090820e-01
-1.020701289176940918e+00
-4.158541560173034668e-01
-1.807643651962280273e+00
7.659990191459655762e-01
-6.672593355178833008e-01
6.273475289344787598e-01
-4.026069343090057373e-01
-8.476881682872772217e-02
-9.459460377693176270e-01
-1.271404027938842773e+00
-8.841717839241027832e-01
-4.385286569595336914e-01
-4.116655290126800537e-01
-2.010326236486434937e-01
-5.119720101356506348e-01
-1.435778379440307617e+00
7.364153265953063965e-01
1.630212962627410889e-01
-1.022729516029357910e+00
-1.475581973791122437e-01
1.284997701644897461e+00
6.907104253768920898e-01
-6.604294180870056152e-01
1.631601452827453613e-01
1.574467718601226807e-01
1.221058815717697144e-01
-4.821329414844512939e-01
1.475392341613769531e+00
-4.948636889457702637e-01
-5.423470735549926758e-01
1.003565073013305664e+00
1.719293713569641113e+00
3.039843402802944183e-02
4.621400833129882812e-01
3.904997110366821289e-01
9.106643795967102051e-01
-1.524417281150817871e+00
-1.548066735267639160e+00
-1.761097609996795654e-01
-5.730287637561559677e-03
2.607636339962482452e-02
3.707676827907562256e-01
-4.007096290588378906e-01
-6.855960488319396973e-01
3.766129016876220703e-01
-8.229212164878845215e-01
1.138906121253967285e+00
1.467982828617095947e-01
2.404128015041351318e-01
-2.706969678401947021e-01
2.912445366382598877e-01
-3.524269163608551025e-01
-3.336658775806427002e-01
-6.459214687347412109e-01
-6.079334020614624023e-01
9.599136114120483398e-01
4.354589283466339111e-01
-3.880612254142761230e-01
5.102252960205078125e-01
1.140331029891967773e+00
-5.306258201599121094e-01
-2.245335727930068970e-01
-1.383229494094848633e+00
-2.097232937812805176e-01
-1.233092069625854492e+00
4.880337417125701904e-01
-8.929479122161865234e-01
-3.166954815387725830e-01
-2.624260425567626953e+00
-4.168005585670471191e-01
-7.247507572174072266e-01
1.196901559829711914e+00
-6.788949370384216309e-01
-8.039505779743194580e-02
-8.587911128997802734e-01
-8.874275088310241699e-01
5.674900412559509277e-01
-2.928085625171661377e-01
1.990854382514953613e+00
-5.288833975791931152e-01
4.517468810081481934e-01
5.691100955009460449e-01
-1.262075453996658325e-01
5.857083201408386230e-01
-2.657812595367431641e+00
1.269600987434387207e+00
-5.973228812217712402e-02
1.562718152999877930e+00
-7.940409779548645020e-01
3.116098418831825256e-02
3.004425764083862305e-01
9.247785806655883789e-01
-1.033170819282531738e+00
1.313214898109436035e-01
-1.392244696617126465e+00
-1.333025097846984863e+00
1.072499677538871765e-01
7.266090251505374908e-03
3.765087127685546875e-01
3.134288489818572998e-01
8.483152985572814941e-01
-9.539751410484313965e-01
-2.577014267444610596e-01
2.225223481655120850e-01
-5.209234356880187988e-01
7.346721291542053223e-01
-1.094598531723022461e+00
2.148157358169555664e+00
8.047283291816711426e-01
-9.147451072931289673e-02
5.350947976112365723e-01
1.036982655525207520e+00
1.329761505126953125e+00
-5.011232495307922363e-01
6.639746427536010742e-01
-1.196388006210327148e+00
7.658805847167968750e-01
-4.459932446479797363e-01
-5.133771896362304688e-01
5.979753732681274414e-01
-2.511176764965057373e-01
-1.758735626935958862e-01
-8.608350902795791626e-02
-4.697426855564117432e-01
-4.492548406124114990e-01
-2.108683347702026367e+00
3.862071931362152100e-01
-1.422797679901123047e+00
-1.085865497589111328e+00
-1.651143550872802734e+00
-9.882215261459350586e-01
-1.012443065643310547e+00
-3.902937769889831543e-01
1.042349457740783691e+00
5.919201374053955078e-01
1.208618998527526855e+00
-3.179305791854858398e-01
-3.458966612815856934e-01
-9.608836174011230469e-01
-1.445180058479309082e+00
-4.572171568870544434e-01
-7.834444642066955566e-01
6.954249739646911621e-01
-4.757107198238372803e-01
-1.478059053421020508e+00
1.186730265617370605e+00
1.739356368780136108e-01
2.106430828571319580e-01
-1.528144329786300659e-01
2.607593238353729248e-01
-1.399806380271911621e+00
-4.779230058193206787e-01
8.575195074081420898e-01
-7.421335577964782715e-01
1.731376409530639648e+00
1.216994762420654297e+00
9.866029620170593262e-01
1.720562577247619629e-01
-1.428530067205429077e-01
4.061428904533386230e-01
1.461085677146911621e-01
-1.409698128700256348e-01
-6.198449432849884033e-02
4.613206386566162109e-01
-2.137336283922195435e-01
-1.261856794357299805e+00
-2.601059675216674805e-01
-1.594766043126583099e-02
1.437214255332946777e+00
-8.815896511077880859e-01
8.266442418098449707e-01
1.713433712720870972e-01
5.713263154029846191e-02
-8.919009566307067871e-02
-6.335934251546859741e-02
-3.857715427875518799e-01
5.920580029487609863e-01
3.055111169815063477e-01
-4.592512249946594238e-01
1.991985440254211426e-01
-8.217287063598632812e-02
6.148735284805297852e-01
-1.113991856575012207e+00
8.248443603515625000e-01
-2.019682884216308594e+00
-6.652218699455261230e-01
-1.952017545700073242e-01
-1.680203914642333984e+00
2.801204025745391846e-01
1.003288984298706055e+00
-5.505767464637756348e-01
1.572102606296539307e-01
-5.599340796470642090e-01
5.529348254203796387e-01
-1.580972075462341309e-01
-2.042714506387710571e-01
7.477658987045288086e-01
1.284212708473205566e+00
-9.149722456932067871e-01
1.183216646313667297e-01
-3.752994835376739502e-01
-1.084903359413146973e+00
-6.328543182462453842e-03
3.259544670581817627e-01
7.074221968650817871e-01
-9.143130779266357422e-01
3.818163275718688965e-01
1.567129194736480713e-01
-4.257436394691467285e-01
-8.798546195030212402e-01
-5.249027013778686523e-01
-2.231297194957733154e-01
-1.935900598764419556e-01
1.917900443077087402e-01
3.268307745456695557e-01
-2.838962376117706299e-01
-1.868697404861450195e+00
-2.746797204017639160e-01
7.882577180862426758e-01
-1.287253141403198242e+00
3.568092584609985352e-01
1.517377853393554688e+00
-1.800614595413208008e-01
-4.431138336658477783e-01
-1.966390967369079590e+00
-4.170111566781997681e-02
-1.613305926322937012e+00
-6.175544857978820801e-01
8.198369145393371582e-01
-4.477563798427581787e-01
-1.130283236503601074e+00
3.483113348484039307e-01
5.460774898529052734e-01
-1.378711938858032227e+00
-7.015891671180725098e-01
-2.420594453811645508e+00
-1.252519845962524414e+00
3.438235998153686523e+00
-3.407604694366455078e+00
-2.685818970203399658e-01
-5.280079245567321777e-01
3.694299459457397461e-01
5.174158811569213867e-01
1.410211771726608276e-01
6.431121230125427246e-01
1.160764217376708984e+00
3.638924658298492432e-01
-1.608663916587829590e+00
2.609203338623046875e+00
-6.926611810922622681e-02
1.360702157020568848e+00
-1.309240460395812988e+00
2.045573472976684570e+00
-8.233551383018493652e-01
-9.249259829521179199e-01
-7.534496784210205078e-01
-6.424468159675598145e-01
-2.222332060337066650e-01
1.269378066062927246e+00
-1.312570691108703613e+00
8.643881082534790039e-01
1.544018268585205078e+00
-1.319240629673004150e-01
8.158085495233535767e-02
-1.091374829411506653e-01
-5.187367200851440430e-01
-4.766668379306793213e-01
-2.027060270309448242e+00
4.425223767757415771e-01
3.385472893714904785e-01
3.089394569396972656e-01
-5.534203648567199707e-01
-4.692329764366149902e-01
1.247833967208862305e-01
-7.357271909713745117e-01
-9.301428794860839844e-01
5.711732506752014160e-01
-3.105347156524658203e-01
-4.603297114372253418e-01
3.883337676525115967e-01
-5.018479228019714355e-01
1.480893641710281372e-01
2.387080043554306030e-01
-3.664413094520568848e-02
4.890629947185516357e-01
-5.353970527648925781e-01
7.149285078048706055e-01
-9.676310420036315918e-02
1.014991402626037598e+00
-1.263809323310852051e+00
-7.956257462501525879e-02
9.109826683998107910e-01
6.864537596702575684e-01
1.043362379074096680e+00
-3.653231263160705566e-01
7.730199694633483887e-01
3.451999723911285400e-01
-4.368538558483123779e-01
-8.525069355964660645e-01
-9.896250963211059570e-01
-4.268189966678619385e-01
-3.159500122070312500e+00
-8.414468169212341309e-02
-6.540932059288024902e-01
-7.804630398750305176e-01
1.389743566513061523e+00
2.315416187047958374e-01
-8.610650897026062012e-01
7.453406453132629395e-01
-4.836173951625823975e-01
-1.321164250373840332e+00
1.006605625152587891e+00
-5.510686710476875305e-02
2.796892542392015457e-03
3.455819189548492432e-01
2.024177074432373047e+00
-6.745895147323608398e-01
-1.417077779769897461e+00
-1.018940210342407227e+00
-5.611276626586914062e-01
-1.664335131645202637e-01
-7.870135307312011719e-01
-1.402139961719512939e-01
-2.408191680908203125e+00
5.073929429054260254e-01
-3.012934625148773193e-01
4.705568253993988037e-01
1.924559712409973145e+00
-5.498957037925720215e-01
6.857208609580993652e-01
4.764791727066040039e-01
7.979643344879150391e-01
-1.566677987575531006e-01
-2.690472006797790527e-01
9.984473586082458496e-01
-6.740276813507080078e-01
-7.724384069442749023e-01
9.686255455017089844e-01
-1.381708860397338867e+00
-2.004042826592922211e-02
3.388987109065055847e-02
9.121874570846557617e-01
-4.656949341297149658e-01
-1.122390627861022949e+00
-3.919667005538940430e-01
-7.200753688812255859e-01
6.156036853790283203e-01
1.484544515609741211e+00
-9.257550239562988281e-01
2.399467229843139648e+00
-3.612537384033203125e-01
-1.824249505996704102e+00
-5.060846731066703796e-02
4.201473891735076904e-01
-3.500950336456298828e-01
-1.409295499324798584e-01
2.424770295619964600e-01
4.388230443000793457e-01
2.403970509767532349e-01
5.311792492866516113e-01
1.215811967849731445e+00
9.198865294456481934e-01
9.879382252693176270e-01
9.846724867820739746e-01
-1.231161355972290039e+00
6.774126291275024414e-01
9.786131381988525391e-01
-6.154001951217651367e-01
-9.062469601631164551e-01
-1.905995160341262817e-01
3.893926441669464111e-01
-8.352801203727722168e-02
2.036008089780807495e-01
9.694532155990600586e-01
-2.058251202106475830e-01
-9.342049360275268555e-01
7.186982035636901855e-01
7.380915284156799316e-01
6.548302173614501953e-01
7.146576792001724243e-02
-6.417065858840942383e-01
9.318834543228149414e-01
3.216392993927001953e-01
7.946172952651977539e-01
-1.132623553276062012e+00
-1.709413826465606689e-01
-8.848010301589965820e-01
-1.170227900147438049e-01
-5.219088867306709290e-02
1.013212442398071289e+00
7.057079076766967773e-01
-5.060333013534545898e-02
-1.228232264518737793e+00
8.944346308708190918e-01
5.847489237785339355e-01
-2.000956296920776367e+00
-2.079294681549072266e+00
-1.191825270652770996e+00
5.375852584838867188e-01
8.452917933464050293e-01
1.422214210033416748e-01
1.067337155342102051e+00
-8.293156623840332031e-01
-4.256210029125213623e-01
-1.828733682632446289e-01
-2.896212935447692871e-01
3.952396512031555176e-01
9.381021261215209961e-01
-5.099937319755554199e-01
-1.311363339424133301e+00
-2.133551597595214844e+00
1.083732843399047852e+00
-3.604393303394317627e-01
5.811745524406433105e-01
-1.265215277671813965e+00
1.417020112276077271e-01
-2.618201971054077148e+00
1.163362741470336914e+00
-5.970597267150878906e-01
3.099176585674285889e-01
7.043663412332534790e-02
6.449226737022399902e-01
-1.014128684997558594e+00
-8.918521404266357422e-01
-6.039910316467285156e-01
1.425173506140708923e-02
-2.443810850381851196e-01
7.436732947826385498e-02
-9.245767593383789062e-01
1.116639256477355957e+00
-3.784933686256408691e-01
6.629356741905212402e-01
1.658822596073150635e-02
-9.794189929962158203e-01
-7.796170711517333984e-01
-4.440639913082122803e-01
-1.812811732292175293e+00
1.533443927764892578e+00
8.677076101303100586e-01
-1.457618713378906250e+00
1.438920378684997559e+00
-1.002979397773742676e+00
-1.078329682350158691e+00
-1.245475485920906067e-01
2.750568836927413940e-02
-1.443623661994934082e+00
-2.036772072315216064e-01
1.412186585366725922e-02
-1.402937024831771851e-01
-5.075263381004333496e-01
1.158180385828018188e-01
5.233311057090759277e-01
2.780374884605407715e-01
1.992177218198776245e-02
1.219938874244689941e+00
-1.467214077711105347e-01
-1.563934683799743652e-01
4.959478676319122314e-01
-1.295348167419433594e+00
1.492830276489257812e+00
2.241251170635223389e-01
9.946389198303222656e-01
6.847284436225891113e-01
1.776709914207458496e+00
1.146156072616577148e+00
-7.814411520957946777e-01
2.108212113380432129e-01
-5.293471217155456543e-01
1.131998002529144287e-01
7.127888202667236328e-01
6.591752767562866211e-01
-1.306792736053466797e+00
-9.584776312112808228e-02
8.979316055774688721e-02
-4.971925914287567139e-01
5.794450044631958008e-01
1.978714913129806519e-01
-4.369309544563293457e-01
-1.251559734344482422e+00
-2.107385173439979553e-02
8.656563758850097656e-01
4.735600203275680542e-02
-3.013668656349182129e-01
3.066452741622924805e-01
1.008296012878417969e+00
-5.971741396933794022e-03
-1.417991876602172852e+00
6.744112819433212280e-02
-7.790791988372802734e-01
-3.343148827552795410e-01
-4.994970858097076416e-01
-4.408806860446929932e-01
5.250334143638610840e-01
2.830051481723785400e-01
8.878688812255859375e-01
2.426740229129791260e-01
-1.424845695495605469e+00
2.968994677066802979e-01
1.458973765373229980e+00
-5.124168097972869873e-02
-2.735367715358734131e-01
-1.625364422798156738e+00
-8.228777348995208740e-02
-4.604361057281494141e-01
-2.177079319953918457e-01
-6.341724991798400879e-01
-2.541585266590118408e-01
2.036218881607055664e+00
3.427115976810455322e-01
1.000760078430175781e+00
9.897292256355285645e-01
1.858119964599609375e+00
6.499055027961730957e-01
-1.262077927589416504e+00
-5.371373295783996582e-01
1.365014314651489258e-01
1.277356408536434174e-02
-4.022674262523651123e-01
7.306593060493469238e-01
-8.334296941757202148e-01
-2.922907471656799316e-01
-8.192381262779235840e-01
2.539631724357604980e-01
8.410883694887161255e-02
7.484937310218811035e-01
6.669747829437255859e-02
7.106289267539978027e-01
1.013256072998046875e+00
-1.195881664752960205e-01
-1.193218231201171875e+00
-2.634004950523376465e-01
-2.606234848499298096e-01
9.761419296264648438e-01
5.798861384391784668e-01
