-1.215749979019165039e-01
-6.977262496948242188e-01
-5.616995096206665039e-01
-5.544928908348083496e-01
1.184672355651855469e+00
3.966327011585235596e-01
1.717790961265563965e-01
1.207651257514953613e+00
9.258607774972915649e-02
3.265010416507720947e-01
6.848452091217041016e-01
-1.194479703903198242e+00
-5.148315429687500000e-01
-1.185661554336547852e+00
2.129153311252593994e-01
1.158490777015686035e+00
6.384577155113220215e-01
6.482019424438476562e-01
-1.167441457509994507e-01
-3.293709754943847656e-01
-1.877876877784729004e+00
2.076309442520141602e+00
4.691135585308074951e-01
1.081517696380615234e+00
3.598281443119049072e-01
-5.304474234580993652e-01
-7.347124218940734863e-01
-9.107249975204467773e-01
-3.014384210109710693e-01
8.540810346603393555e-01
1.664353966712951660e+00
7.478513717651367188e-01
-6.264005601406097412e-02
-1.339591503143310547e+00
2.826442122459411621e-01
6.837903708219528198e-02
-6.529078632593154907e-02
4.622590839862823486e-01
4.233212769031524658e-01
2.177359819412231445e+00
7.873541712760925293e-01
-1.910353779792785645e+00
1.979032278060913086e+00
-1.103241816163063049e-01
-7.671341896057128906e-01
9.204586148262023926e-01
8.084142208099365234e-01
-1.280034184455871582e-01
1.074722886085510254e+00
-1.086955785751342773e+00
1.176382064819335938e+00
-3.014166355133056641e-01
-8.329701423645019531e-01
9.265845268964767456e-02
-1.009530425071716309e-01
1.663024425506591797e+00
7.157301902770996094e-01
5.758028030395507812e-01
-5.459327101707458496e-01
-7.953428030014038086e-01
-2.017752826213836670e-01
1.320174098014831543e+00
2.049217939376831055e+00
8.680171966552734375e-01
3.345488905906677246e-01
-5.950712561607360840e-01
1.246617317199707031e+00
-5.020720362663269043e-01
-9.314037561416625977e-01
1.222174882888793945e+00
4.994733333587646484e-01
-4.218258559703826904e-01
3.856427371501922607e-01
3.344734013080596924e-02
-1.769327640533447266e+00
-1.772766828536987305e+00
3.745139837265014648e-01
-5.419495701789855957e-01
3.694486320018768311e-01
9.341451525688171387e-01
3.731137216091156006e-01
-1.200889468193054199e+00
-8.832578659057617188e-01
2.542105317115783691e-01
5.635570883750915527e-01
4.270544648170471191e-01
7.139086374081671238e-04
1.214069008827209473e+00
-4.382294416427612305e-01
-1.185722112655639648e+00
1.074601888656616211e+00
8.622949719429016113e-01
9.962626099586486816e-01
-5.108461380004882812e-01
-4.720000326633453369e-01
4.471968114376068115e-01
3.997459709644317627e-01
1.765976399183273315e-01
-1.033086255192756653e-01
5.081623792648315430e-02
1.150899887084960938e+00
8.371462225914001465e-01
1.765346527099609375e-01
2.153780162334442139e-01
-4.918690025806427002e-02
4.734895527362823486e-01
7.710617780685424805e-01
1.801680326461791992e+00
-1.006060004234313965e+00
1.728895068168640137e+00
-5.839748978614807129e-01
9.711764752864837646e-02
5.212783813476562500e-01
6.441928148269653320e-01
4.478572309017181396e-01
1.597884774208068848e+00
7.015132158994674683e-02
5.108375549316406250e-01
6.789010763168334961e-02
9.867180585861206055e-01
-1.364014744758605957e+00
-4.241061806678771973e-01
6.568008065223693848e-01
-6.019392013549804688e-01
-2.606316804885864258e-01
2.364012956619262695e+00
9.127372503280639648e-02
1.293449640274047852e+00
-2.888688445091247559e-01
-1.600074470043182373e-01
1.488824605941772461e+00
-6.246554255485534668e-01
-7.282768934965133667e-02
9.320134520530700684e-01
-9.567688703536987305e-01
-7.088941335678100586e-01
1.848525762557983398e+00
1.191964864730834961e+00
-9.073873162269592285e-01
1.254763007164001465e+00
5.601341724395751953e-01
4.363287687301635742e-01
5.368784666061401367e-01
-8.791873604059219360e-02
-2.922136187553405762e-01
8.594997525215148926e-01
-3.285963833332061768e-01
-1.880137681961059570e+00
2.459114491939544678e-01
-1.788720339536666870e-01
1.965347886085510254e+00
-2.718853056430816650e-01
-3.903994262218475342e-01
-1.232794404029846191e+00
1.095139145851135254e+00
1.638597398996353149e-01
4.778353273868560791e-01
1.132664203643798828e+00
6.230040192604064941e-01
-8.624343872070312500e-01
3.090849518775939941e-01
1.571480154991149902e+00
-2.647861242294311523e+00
-6.070948243141174316e-01
1.748133637011051178e-02
2.326520085334777832e-01
-3.519786894321441650e-01
2.612009085714817047e-02
1.920036077499389648e+00
8.399485349655151367e-01
7.679582834243774414e-01
-4.603334367275238037e-01
-1.338156700134277344e+00
3.593581914901733398e-01
-5.863944888114929199e-01
-8.884424567222595215e-01
-3.225589990615844727e-01
-1.011514663696289062e-01
-7.988232970237731934e-01
5.601264238357543945e-01
1.110208630561828613e+00
-2.047147512435913086e+00
-2.644259631633758545e-01
-6.293804049491882324e-01
-4.388747811317443848e-01
3.999762237071990967e-01
-1.869010478258132935e-01
-1.642102003097534180e+00
2.281972616910934448e-01
1.356353044509887695e+00
-7.815453410148620605e-01
5.870103240013122559e-01
7.385668810456991196e-03
-1.111555472016334534e-01
1.061968564987182617e+00
4.386832714080810547e-01
-4.839059114456176758e-01
1.268082261085510254e+00
1.351332545280456543e+00
1.184289455413818359e+00
2.788725495338439941e-01
6.954994052648544312e-02
-5.244363546371459961e-01
-4.173842072486877441e-01
6.364539265632629395e-01
6.329938769340515137e-01
-1.587140083312988281e+00
5.142971277236938477e-01
-1.038367629051208496e+00
-1.590653181076049805e+00
-7.051956653594970703e-01
-1.002006381750106812e-01
5.294395089149475098e-01
-2.974107861518859863e-01
-1.589557826519012451e-01
-3.214875161647796631e-01
-1.123855356127023697e-02
-7.627204656600952148e-01
1.291814565658569336e+00
6.470280140638351440e-02
1.007295027375221252e-01
-5.619751811027526855e-01
2.920667231082916260e-01
-5.393453836441040039e-01
7.991734147071838379e-02
-2.560452520847320557e-01
-3.698611259460449219e-01
-3.304700255393981934e-01
2.909056544303894043e-01
-2.001924961805343628e-01
1.975366622209548950e-01
2.521550059318542480e-01
4.054568111896514893e-01
8.771451711654663086e-01
-1.465964555740356445e+00
-3.192839026451110840e-02
-2.117727100849151611e-01
8.001422286033630371e-01
-2.015913486480712891e+00
4.287648200988769531e-01
-7.185621857643127441e-01
-7.157901525497436523e-01
-1.438973188400268555e+00
-9.790900945663452148e-01
-1.278611272573471069e-01
-6.179306507110595703e-01
-8.068751096725463867e-01
-4.743736088275909424e-01
-8.661838173866271973e-01
1.641414016485214233e-01
8.026496171951293945e-01
6.239554882049560547e-01
-6.430676579475402832e-01
2.846414446830749512e-01
1.613085865974426270e+00
-1.915084719657897949e-01
-8.536607027053833008e-01
-1.175980269908905029e-01
5.257502198219299316e-01
-5.800638794898986816e-01
-4.534974396228790283e-01
2.139910012483596802e-01
-1.326338887214660645e+00
-7.754511833190917969e-01
5.022939443588256836e-01
1.566559791564941406e+00
4.575528502464294434e-01
-3.589871823787689209e-01
-1.737377643585205078e-01
-7.359619736671447754e-01
-1.204048633575439453e+00
-1.037464857101440430e+00
-5.983267724514007568e-02
-1.470404744148254395e+00
2.128848284482955933e-01
7.468327283859252930e-01
-8.262685686349868774e-02
2.062773555517196655e-01
5.780906677246093750e-01
-1.422324538230895996e+00
1.100122928619384766e+00
-4.515689238905906677e-02
5.105016231536865234e-01
-6.608988046646118164e-01
6.530306339263916016e-01
3.591244816780090332e-01
-1.102588921785354614e-01
-4.649681448936462402e-01
3.836906254291534424e-01
-2.646766602993011475e-01
6.324850022792816162e-02
-5.206047296524047852e-01
2.040230631828308105e-01
1.940018892288208008e+00
2.792989611625671387e-01
5.355670452117919922e-01
-1.959607601165771484e+00
8.310276269912719727e-02
-2.998301088809967041e-01
1.404112726449966431e-01
-1.306834697723388672e+00
-5.567095875740051270e-01
-7.484180331230163574e-01
-1.045376420021057129e+00
-2.939728200435638428e-01
2.339866906404495239e-01
-3.101439476013183594e-01
1.634585499763488770e+00
-8.156224489212036133e-01
-7.367573976516723633e-01
1.299141068011522293e-02
2.733908034861087799e-02
1.542614936828613281e+00
2.428400516510009766e-02
2.220469474792480469e+00
-5.411548614501953125e-01
-1.226749867200851440e-01
-1.394384056329727173e-01
-1.813553452491760254e+00
-5.811560750007629395e-01
1.152425289154052734e+00
9.315100312232971191e-01
-1.805174112319946289e+00
-2.790596783161163330e-01
-2.224660366773605347e-01
3.406661152839660645e-01
-8.502345085144042969e-01
3.205457031726837158e-01
-6.457056403160095215e-01
2.601778507232666016e-01
4.646932184696197510e-01
6.546272635459899902e-01
9.454383850097656250e-01
4.699649512767791748e-01
5.136340260505676270e-01
-1.518017292022705078e+00
-3.385467529296875000e-01
6.420431733131408691e-01
3.462934866547584534e-02
-1.621950864791870117e+00
-1.169722318649291992e+00
2.048112869262695312e+00
7.835922837257385254e-01
-4.099314212799072266e-01
1.129532694816589355e+00
1.369343400001525879e+00
1.552669763565063477e+00
-6.446477770805358887e-01
1.321944355964660645e+00
-2.186496108770370483e-01
9.128199219703674316e-01
-6.269516944885253906e-01
-2.392524033784866333e-01
6.615865826606750488e-01
-8.672841787338256836e-01
4.424065053462982178e-01
-1.333216547966003418e+00
-2.216448038816452026e-01
-7.868797183036804199e-01
-1.701309561729431152e+00
3.749065697193145752e-01
-1.629904270172119141e+00
3.395196497440338135e-01
-9.534125924110412598e-01
-1.119745850563049316e+00
-1.508535027503967285e+00
5.599774047732353210e-02
1.432050347328186035e+00
2.097241133451461792e-01
7.371696829795837402e-01
-4.889492988586425781e-01
2.048497051000595093e-01
-1.713696122169494629e+00
-1.227025508880615234e+00
-1.773015499114990234e+00
-7.901777625083923340e-01
-1.054623443633317947e-02
-5.121886730194091797e-01
3.687548264861106873e-02
1.573762893676757812e-01
-4.321675598621368408e-01
1.001760840415954590e+00
-1.497570574283599854e-01
-1.447859555482864380e-01
-7.975294589996337891e-01
-3.514747023582458496e-01
1.845558881759643555e-01
6.337260603904724121e-01
2.530032396316528320e+00
1.735026717185974121e+00
3.077476285398006439e-02
-3.434513211250305176e-01
-6.445558071136474609e-01
-2.147397547960281372e-01
-1.215071201324462891e+00
4.824103415012359619e-01
2.684577703475952148e-01
1.763366162776947021e-01
-8.323103189468383789e-01
-8.254128694534301758e-01
-3.874264955520629883e-01
-7.193428277969360352e-02
8.459240794181823730e-01
-7.556755095720291138e-02
-4.528831839561462402e-01
4.300638101994991302e-03
-4.205807447433471680e-01
-3.319973945617675781e-01
1.113087758421897888e-01
-6.180817484855651855e-01
-7.221242785453796387e-01
-1.283928472548723221e-02
-4.218650758266448975e-01
9.551265239715576172e-01
-5.271151661872863770e-01
1.135411858558654785e+00
-1.794830203056335449e+00
4.389837682247161865e-01
-1.057846784591674805e+00
-1.490661263465881348e+00
-7.354372739791870117e-01
-1.400332450866699219e+00
-3.489093780517578125e-01
8.995689749717712402e-01
-5.884473919868469238e-01
-1.092390298843383789e+00
9.502421021461486816e-01
7.409922033548355103e-02
5.338265895843505859e-01
-7.966292090713977814e-03
5.818587541580200195e-01
3.077668190002441406e+00
-9.179139137268066406e-01
6.647650003433227539e-01
-6.599221229553222656e-01
-9.272103309631347656e-01
-6.709259748458862305e-01
7.898480296134948730e-01
7.637494802474975586e-01
-1.279478907585144043e+00
-1.538991481065750122e-01
-6.690824031829833984e-01
-1.868801563978195190e-01
-9.738515019416809082e-01
-3.609746228903532028e-03
-4.997649788856506348e-01
-3.601395757868885994e-03
7.371636033058166504e-01
-1.899381279945373535e-01
-3.782872557640075684e-01
-2.550446033477783203e+00
-2.940888404846191406e-01
9.231269359588623047e-01
-6.538649201393127441e-01
1.043748021125793457e+00
1.141526818275451660e+00
-3.577573224902153015e-02
6.189038157463073730e-01
-2.015470743179321289e+00
1.760378181934356689e-01
-9.695049524307250977e-01
-1.432118117809295654e-01
3.141202926635742188e-01
-5.141742825508117676e-01
-1.881520867347717285e+00
7.239571213722229004e-01
8.760949969291687012e-01
-7.611299157142639160e-01
-1.380669236183166504e+00
-2.486194610595703125e+00
1.867379248142242432e-01
1.951547026634216309e+00
-2.262405633926391602e+00
9.791404604911804199e-01
-5.847651958465576172e-01
6.191669106483459473e-01
2.283163741230964661e-02
6.871635317802429199e-01
7.904574871063232422e-01
1.161472439765930176e+00
-2.343738079071044922e-01
-1.390442848205566406e+00
1.073929429054260254e+00
4.915308356285095215e-01
9.756572842597961426e-01
-6.222891807556152344e-01
1.027349233627319336e+00
-2.326311357319355011e-02
-4.002853929996490479e-01
-1.060907006263732910e+00
-1.050229787826538086e+00
-1.216971158981323242e+00
1.303348094224929810e-01
-1.096142888069152832e+00
1.764892816543579102e+00
2.372743189334869385e-01
-1.003036856651306152e+00
7.802647948265075684e-01
4.365584254264831543e-01
-1.046640396118164062e+00
2.206506952643394470e-02
-2.020555019378662109e+00
1.701061241328716278e-02
-4.059362113475799561e-01
4.158351123332977295e-01
-4.662187397480010986e-01
-9.485604166984558105e-01
-7.784784305840730667e-03
-1.869419455528259277e+00
-1.907427906990051270e-01
1.045186519622802734e+00
-2.298190444707870483e-02
4.433552175760269165e-02
1.503130793571472168e+00
-7.526996731758117676e-01
4.331464469432830811e-01
1.517192602157592773e+00
-9.263132512569427490e-02
-2.854807972908020020e-01
-4.349202811717987061e-01
9.205953031778335571e-02
-2.559255361557006836e-01
8.714784383773803711e-01
-6.810743808746337891e-01
2.040459066629409790e-01
9.251996874809265137e-01
6.495176553726196289e-01
4.551602602005004883e-01
-1.865316629409790039e+00
1.270292997360229492e+00
-7.770639657974243164e-01
-1.973481178283691406e-01
-7.467002272605895996e-01
-1.201970458030700684e+00
1.500069350004196167e-01
-1.721539139747619629e+00
-5.110869407653808594e-01
-1.198295652866363525e-01
-2.170569658279418945e+00
1.376180291175842285e+00
5.928110480308532715e-01
-8.535567522048950195e-01
-1.998244076967239380e-01
-4.866692125797271729e-01
-9.975255727767944336e-01
2.872400581836700439e-01
1.057419776916503906e-01
-6.034125685691833496e-01
8.042500168085098267e-02
1.456239819526672363e+00
-6.761033535003662109e-01
-2.197607755661010742e-01
-3.971753269433975220e-02
-1.026940703392028809e+00
6.272251009941101074e-01
-2.153626270592212677e-02
3.249893486499786377e-01
-2.014645814895629883e+00
-6.613935232162475586e-01
-1.275881528854370117e-01
-1.161670982837677002e-01
1.090816140174865723e+00
-1.622284501791000366e-01
8.970963358879089355e-01
5.724873542785644531e-01
-4.472542405128479004e-01
-5.905268192291259766e-01
-1.893964856863021851e-01
1.017573356628417969e+00
-9.745518565177917480e-01
-6.074962615966796875e-01
8.062809109687805176e-01
-2.659521698951721191e-01
-9.491448998451232910e-01
3.397555053234100342e-01
1.482278227806091309e+00
-7.072508931159973145e-01
-2.241629600524902344e+00
-4.340244233608245850e-01
-3.447849452495574951e-01
7.738692760467529297e-01
1.612075805664062500e+00
9.158822894096374512e-01
2.620865583419799805e+00
-2.012910097837448120e-01
-1.911741614341735840e+00
-1.506038848310709000e-02
-1.066583395004272461e-01
3.113976120948791504e-01
7.696008086204528809e-01
-1.838489770889282227e-01
-1.166796803474426270e+00
-2.323844134807586670e-01
-2.440362870693206787e-01
3.972847163677215576e-01
1.461644530296325684e+00
4.204463958740234375e-01
2.169711440801620483e-01
-6.610278487205505371e-01
1.246648073196411133e+00
4.674448966979980469e-01
-7.057436704635620117e-01
-6.204675436019897461e-01
2.514813542366027832e-01
3.068370819091796875e-01
8.676646351814270020e-01
4.897976517677307129e-01
1.086425065994262695e+00
5.893124938011169434e-01
-3.125640451908111572e-01
3.702011704444885254e-01
1.660284698009490967e-01
1.110679730772972107e-01
3.286246359348297119e-01
-7.404596805572509766e-01
1.002470970153808594e+00
5.622588396072387695e-01
2.058538049459457397e-01
-1.157753348350524902e+00
-3.771862089633941650e-01
-2.802989184856414795e-01
1.232111096382141113e+00
4.554074406623840332e-01
-1.478795558214187622e-01
-6.417114287614822388e-02
6.591843813657760620e-02
-4.798233807086944580e-01
2.557002604007720947e-01
9.452971816062927246e-01
-6.495472788810729980e-01
-1.220030546188354492e+00
-1.675767898559570312e+00
3.896935284137725830e-01
1.577772498130798340e+00
-8.495212197303771973e-01
-7.414992451667785645e-01
-1.126932263374328613e+00
1.739346086978912354e-01
2.364637255668640137e-01
-1.020673155784606934e+00
2.517976760864257812e-01
4.202064871788024902e-01
-1.878720074892044067e-01
-5.937564373016357422e-01
-1.508502483367919922e+00
1.388462036848068237e-01
-3.351327478885650635e-01
-8.491065353155136108e-03
-8.956760168075561523e-01
-4.300265312194824219e-01
-2.397842645645141602e+00
1.311123371124267578e-01
-1.970423907041549683e-01
-7.190357446670532227e-01
-9.178326129913330078e-01
3.904013633728027344e-01
4.032044708728790283e-01
3.327021598815917969e-01
-1.897961139678955078e+00
6.468456387519836426e-01
-1.126717329025268555e+00
3.077846765518188477e-01
-3.660387396812438965e-01
9.177914261817932129e-01
3.159154057502746582e-01
3.980293869972229004e-01
7.823162078857421875e-01
-9.429658651351928711e-01
-7.084392905235290527e-01
-5.640622377395629883e-01
-1.253224730491638184e+00
4.538865983486175537e-01
4.351800680160522461e-01
1.015235543251037598e+00
-1.840095221996307373e-01
-4.450245499610900879e-01
-5.474557876586914062e-01
-1.041079163551330566e+00
-3.820361336693167686e-03
-1.039817571640014648e+00
-2.534975409507751465e-01
4.103465676307678223e-01
-1.620059907436370850e-01
-1.545974969863891602e+00
-1.082938984036445618e-01
4.583536982536315918e-01
3.398267924785614014e-01
-2.728614807128906250e-01
1.739290654659271240e-01
6.051816344261169434e-01
-7.911299467086791992e-01
-3.931162059307098389e-01
-1.001572966575622559e+00
1.172261595726013184e+00
4.965662583708763123e-02
4.807594716548919678e-01
2.447388172149658203e-01
2.495262861251831055e+00
2.250523090362548828e+00
-8.466910719871520996e-01
2.401397675275802612e-01
-5.494328737258911133e-01
2.258415967226028442e-01
1.095237851142883301e+00
-4.103572368621826172e-01
-1.547624230384826660e+00
7.244231104850769043e-01
1.376710683107376099e-01
-9.216052293777465820e-01
-5.892352461814880371e-01
5.372977852821350098e-01
-6.461910605430603027e-01
-1.107497215270996094e+00
-1.010376572608947754e+00
2.676745653152465820e-01
-5.591484308242797852e-01
-2.270786762237548828e-01
5.447252988815307617e-01
9.839481860399246216e-02
7.171370387077331543e-01
-1.138151526451110840e+00
-9.290517568588256836e-01
-4.932199120521545410e-01
-1.249755620956420898e+00
-9.100908041000366211e-01
-2.079763412475585938e-01
-4.220872521400451660e-01
5.833399891853332520e-01
1.360651373863220215e+00
-1.037894934415817261e-01
-2.782768905162811279e-01
1.808569788932800293e+00
2.065051555633544922e+00
-7.077996730804443359e-01
-6.620303988456726074e-01
-1.465553641319274902e+00
-4.182759225368499756e-01
1.069145441055297852e+00
2.735129594802856445e-01
7.281651496887207031e-01
-4.984899759292602539e-01
1.729945898056030273e+00
4.994059503078460693e-01
7.011259794235229492e-01
8.203458189964294434e-01
2.787690877914428711e+00
-7.664130926132202148e-01
-4.953466355800628662e-01
9.601834416389465332e-01
-5.416927933692932129e-01
-7.919712066650390625e-01
-6.412600874900817871e-01
1.307026743888854980e+00
-4.376050829887390137e-01
6.707695126533508301e-01
-5.332226753234863281e-01
3.161297142505645752e-01
-1.932821720838546753e-01
-4.495846629142761230e-01
5.720345675945281982e-02
3.566520214080810547e-01
2.946430146694183350e-01
-2.629421353340148926e-01
-1.001327514648437500e+00
2.106704562902450562e-01
-7.397017627954483032e-02
-4.976571798324584961e-01
7.396100759506225586e-01
