-6.436620354652404785e-01
-9.419053196907043457e-01
-5.776697397232055664e-01
-1.816656351089477539e+00
1.609896421432495117e+00
-4.262905120849609375e-01
-4.424432814121246338e-01
6.818221211433410645e-01
-2.965302765369415283e-01
4.613115638494491577e-02
-1.751304119825363159e-01
-2.311933279037475586e+00
1.696462035179138184e-01
-1.355154991149902344e+00
-1.859817981719970703e+00
-1.444600671529769897e-01
6.803200393915176392e-02
1.388663649559020996e+00
-5.365279316902160645e-01
6.735652685165405273e-02
-6.590170264244079590e-01
6.156170964241027832e-01
-1.119868755340576172e+00
1.007802128791809082e+00
-1.395333409309387207e+00
-1.063493728637695312e+00
-1.615900754928588867e+00
-1.949732184410095215e+00
2.890896201133728027e-01
2.371600270271301270e-01
2.208641022443771362e-01
4.111856818199157715e-01
-2.416887283325195312e-01
-4.833404123783111572e-01
-4.738864302635192871e-01
-6.120831370353698730e-01
8.055163621902465820e-01
-2.959106266498565674e-01
3.627547703217715025e-04
1.556342363357543945e+00
2.282636761665344238e-01
-1.377749443054199219e+00
2.571117401123046875e+00
1.416289091110229492e+00
-5.668309330940246582e-01
1.478746891021728516e+00
2.997545301914215088e-01
-8.221637010574340820e-01
1.062615156173706055e+00
6.557337641716003418e-01
1.307108163833618164e+00
-5.847669243812561035e-01
-1.223542809486389160e+00
1.950890123844146729e-01
-1.043304562568664551e+00
-3.677836656570434570e-01
8.112940192222595215e-01
1.635079264640808105e+00
-4.129567444324493408e-01
-4.463480114936828613e-01
1.038720250129699707e+00
8.349321484565734863e-01
-5.082510709762573242e-01
4.102503359317779541e-01
1.878540396690368652e+00
-1.161048486828804016e-01
-4.117558300495147705e-01
6.060522198677062988e-01
3.433690071105957031e-01
5.603978633880615234e-01
-2.266947925090789795e-01
-4.926523268222808838e-01
6.437779068946838379e-01
-7.709059715270996094e-01
-1.249871850013732910e+00
-3.147062659263610840e-01
2.003672067075967789e-03
-1.741274952888488770e+00
-5.385927557945251465e-01
9.403793215751647949e-01
-1.771973967552185059e-01
-7.029629349708557129e-01
-1.725515574216842651e-01
4.451763927936553955e-01
4.190223515033721924e-01
-9.689906239509582520e-01
7.889386266469955444e-02
1.917413353919982910e+00
-2.263738870620727539e+00
-3.373780250549316406e-01
1.445420384407043457e-01
-2.965210080146789551e-01
1.198847055435180664e+00
5.140917003154754639e-02
-9.476916193962097168e-01
1.677815318107604980e-01
-5.080950856208801270e-01
-1.559204459190368652e-01
7.906419634819030762e-01
-3.020734488964080811e-01
-1.017260551452636719e+00
9.249868988990783691e-01
8.253499865531921387e-01
6.366504728794097900e-02
1.607219934463500977e+00
5.034931898117065430e-01
1.447124600410461426e+00
-9.684404134750366211e-01
-6.694042086601257324e-01
1.247660040855407715e+00
-5.995967388153076172e-01
-3.975334465503692627e-01
5.744414329528808594e-01
-1.249380230903625488e+00
3.934990763664245605e-01
1.350413680076599121e+00
1.377223432064056396e-01
2.153811931610107422e+00
-1.150707244873046875e+00
-2.116499245166778564e-01
-1.574604511260986328e+00
7.293514907360076904e-02
-4.315365254878997803e-01
-1.468524187803268433e-01
6.234508156776428223e-01
1.167366981506347656e+00
6.030342578887939453e-01
5.795370936393737793e-01
-1.260171890258789062e+00
-6.447252631187438965e-01
-3.515805900096893311e-01
-8.986831307411193848e-01
-5.655621290206909180e-01
-1.489494323730468750e+00
3.131748139858245850e-01
-3.000264465808868408e-01
1.841978073120117188e+00
-9.109145998954772949e-01
1.537983268499374390e-01
1.058501243591308594e+00
8.492857813835144043e-01
1.343701243400573730e+00
-3.498661518096923828e-01
1.376644730567932129e+00
2.316386699676513672e-01
1.183909416198730469e+00
1.767849802970886230e+00
-7.278292775154113770e-01
4.244596362113952637e-01
-3.551327809691429138e-02
5.883573889732360840e-01
-4.393867552280426025e-01
2.939265072345733643e-01
-4.076683893799781799e-02
6.925085783004760742e-01
9.087243676185607910e-01
-4.940738677978515625e-01
1.080973863601684570e+00
-6.642703413963317871e-01
-9.234862327575683594e-01
1.476059257984161377e-01
5.684012174606323242e-01
-1.445833802223205566e+00
4.939251020550727844e-02
2.459293127059936523e+00
2.419928610324859619e-01
-1.617752313613891602e-01
2.039677858352661133e+00
-9.728763699531555176e-01
5.220323801040649414e-01
4.080511629581451416e-02
-6.149291396141052246e-01
-5.365980267524719238e-01
6.722093224525451660e-01
-1.547699123620986938e-01
4.969230294227600098e-01
-4.276757240295410156e-01
3.943000435829162598e-01
-6.782080531120300293e-01
6.452497839927673340e-01
7.041459679603576660e-01
-2.250178575515747070e+00
-6.374385952949523926e-01
-6.090841889381408691e-01
-1.860440075397491455e-01
-7.603924721479415894e-02
1.467557430267333984e+00
-8.114208579063415527e-01
1.637692600488662720e-01
7.010424137115478516e-01
-1.279455423355102539e+00
1.199501395225524902e+00
-9.951943755149841309e-01
-1.073824882507324219e+00
9.376435279846191406e-01
4.589473828673362732e-03
-3.073985576629638672e-01
1.925333857536315918e+00
8.599396347999572754e-01
-2.727179825305938721e-01
4.714049100875854492e-01
-7.965961694717407227e-01
-1.074992060661315918e+00
-3.328012824058532715e-01
-2.679127156734466553e-01
-1.318959742784500122e-01
-7.558320164680480957e-01
1.384955883026123047e+00
2.981420457363128662e-01
-1.358941555023193359e+00
-1.151055574417114258e+00
-3.655464947223663330e-01
-1.204027891159057617e+00
2.251525223255157471e-01
-9.768653512001037598e-01
4.295311272144317627e-01
-5.926305055618286133e-01
4.047312438488006592e-01
1.284851789474487305e+00
-8.050279021263122559e-01
6.516406536102294922e-01
1.135415911674499512e+00
-9.580919146537780762e-02
-1.811035752296447754e+00
2.773518860340118408e-01
-4.969290494918823242e-01
-1.682323336601257324e+00
-5.069601535797119141e-01
-5.754854083061218262e-01
-9.663747549057006836e-01
5.765292644500732422e-01
-1.323692321777343750e+00
6.036003828048706055e-01
5.813494324684143066e-01
1.653591543436050415e-01
1.139843225479125977e+00
-1.930941820144653320e+00
3.019584715366363525e-01
-5.812109112739562988e-01
2.854977846145629883e-01
-1.806104779243469238e+00
1.643047332763671875e+00
-6.263036727905273438e-01
-1.201255679130554199e+00
-4.330691099166870117e-01
-1.387547254562377930e-01
1.812296509742736816e+00
1.078086256980895996e+00
-1.467532396316528320e+00
-1.068826198577880859e+00
4.930018633604049683e-02
6.067096721380949020e-03
-1.210046887397766113e+00
-1.535135626792907715e+00
5.167484283447265625e-01
6.718747019767761230e-01
-2.388973683118820190e-01
-1.138714671134948730e+00
-9.107410907745361328e-01
3.615536391735076904e-01
3.139179944992065430e-01
1.250275224447250366e-02
1.462051272392272949e-01
2.526367664337158203e+00
3.900744020938873291e-01
1.698364853858947754e+00
-4.774251878261566162e-01
-1.736583858728408813e-01
-6.026560440659523010e-02
-1.993105262517929077e-01
-1.342112660408020020e+00
-1.207529187202453613e+00
-3.819427192211151123e-01
-1.659104943275451660e+00
-2.606027722358703613e-01
3.419754803180694580e-01
-4.404471218585968018e-01
9.254059791564941406e-01
9.801323413848876953e-01
-1.245629429817199707e+00
-6.137167811393737793e-01
-1.319953054189682007e-02
-2.620443701744079590e-01
1.343078073114156723e-02
7.795572280883789062e-01
5.794153809547424316e-01
-3.923476636409759521e-01
-2.608738243579864502e-01
5.841503739356994629e-01
-8.855385184288024902e-01
1.328044235706329346e-01
4.705972969532012939e-01
-4.628344774246215820e-01
1.118392705917358398e+00
1.235468149185180664e+00
1.119841098785400391e+00
-1.750923633575439453e+00
-1.064041852951049805e+00
-8.103582859039306641e-01
9.974914193153381348e-01
-1.246928930282592773e+00
9.803382158279418945e-01
-9.813802242279052734e-01
-8.764731287956237793e-01
-4.511254727840423584e-01
1.543706178665161133e+00
3.164196386933326721e-02
-1.211889386177062988e+00
2.945901751518249512e-01
4.069279879331588745e-03
1.817556738853454590e+00
5.780724808573722839e-02
2.606707334518432617e+00
-1.970492862164974213e-02
6.330111622810363770e-01
6.637235283851623535e-01
-1.438486278057098389e-01
6.126537919044494629e-01
-2.121624946594238281e+00
1.787698268890380859e+00
4.664414227008819580e-01
2.266004085540771484e+00
-1.353508353233337402e+00
7.698188424110412598e-01
6.279776692390441895e-01
5.673993229866027832e-01
-6.674835681915283203e-01
-2.416104972362518311e-01
-6.283144950866699219e-01
-2.362219810485839844e+00
8.521628379821777344e-01
-7.681712508201599121e-02
1.374288201332092285e+00
-1.113280534744262695e+00
-3.378839492797851562e-01
-3.224292099475860596e-01
1.915928870439529419e-01
1.616984724998474121e+00
-7.775177359580993652e-01
1.446952968835830688e-01
4.336877539753913879e-02
1.770846009254455566e+00
7.445016503334045410e-01
1.127046704292297363e+00
1.074191808700561523e+00
-5.234252810478210449e-01
9.483630061149597168e-01
-9.237590432167053223e-02
1.830643653869628906e+00
-1.913812607526779175e-01
1.635384932160377502e-02
4.342477619647979736e-01
-5.634081363677978516e-01
-2.714250087738037109e-01
-3.692517280578613281e-01
-5.183849930763244629e-01
-1.897791981697082520e+00
-1.928817868232727051e+00
6.992177367210388184e-01
-2.020054578781127930e+00
1.404698133468627930e+00
-1.225795388221740723e+00
1.260978579521179199e+00
2.171712964773178101e-01
-5.326353907585144043e-01
-5.301998257637023926e-01
7.983584403991699219e-01
2.318175554275512695e+00
9.608143568038940430e-01
9.619721174240112305e-01
-1.167392373085021973e+00
3.755624219775199890e-02
-2.432967662811279297e+00
-3.678309619426727295e-01
-9.108475446701049805e-01
-4.902785718441009521e-01
4.671313464641571045e-01
-1.697330772876739502e-01
-9.022799134254455566e-01
5.809384584426879883e-01
1.381382107734680176e+00
1.417529433965682983e-01
-1.632050573825836182e-01
-1.805841736495494843e-02
-2.774598896503448486e-01
9.246402978897094727e-02
4.015807807445526123e-01
-7.962348312139511108e-02
9.542570710182189941e-01
1.737976074218750000e+00
1.419937312602996826e-01
5.166164636611938477e-01
-7.267860770225524902e-01
1.005971357226371765e-01
-5.016822218894958496e-01
-3.818090632557868958e-02
8.580490946769714355e-01
1.524411439895629883e-01
-4.824353754520416260e-01
-4.893161654472351074e-01
-1.350160956382751465e+00
-1.654428839683532715e+00
2.966270148754119873e-01
-5.481929183006286621e-01
-1.329278498888015747e-01
-7.916104793548583984e-02
-4.092547893524169922e-01
-4.894664883613586426e-01
3.176730275154113770e-01
-1.334504969418048859e-02
-1.045437932014465332e+00
3.342115134000778198e-02
-6.569754481315612793e-01
-1.148626089096069336e+00
-9.932188987731933594e-01
8.619645833969116211e-01
-1.950214982032775879e+00
7.298722863197326660e-01
-2.832229614257812500e+00
-1.296335816383361816e+00
1.757630854845046997e-01
-1.896377682685852051e+00
-6.787721514701843262e-01
-2.567426860332489014e-01
-5.171106457710266113e-01
-1.131904032081365585e-02
-7.278563082218170166e-02
-1.415536999702453613e-01
-2.498958557844161987e-01
-5.411283373832702637e-01
-1.481902748346328735e-01
2.736103773117065430e+00
6.236592531204223633e-01
-5.287125706672668457e-01
-7.500220090150833130e-02
-1.779845833778381348e+00
-8.382821083068847656e-01
-2.496486306190490723e-01
1.836601793766021729e-01
4.753850400447845459e-01
-1.872730106115341187e-01
-3.614376783370971680e-01
-2.393803000450134277e-01
-1.694496989250183105e+00
4.362607002258300781e-01
-3.704439699649810791e-01
-8.975030779838562012e-01
1.246245577931404114e-01
-3.406723737716674805e-01
5.970244407653808594e-01
-2.153758108615875244e-01
-3.727827668190002441e-01
2.835549116134643555e-01
-1.235643506050109863e+00
-4.770979583263397217e-01
6.630846858024597168e-01
-3.999835848808288574e-01
-4.842928946018218994e-01
-6.781394779682159424e-02
8.571089506149291992e-01
-1.124364256858825684e+00
-1.129343640059232712e-03
8.696116209030151367e-01
4.904492795467376709e-01
5.321291089057922363e-01
7.294250130653381348e-01
1.189715027809143066e+00
-6.470298767089843750e-02
-7.438793033361434937e-02
-6.286679506301879883e-01
2.676433920860290527e-01
2.746149539947509766e+00
-3.047201633453369141e+00
7.955183386802673340e-01
5.171657204627990723e-01
4.056809842586517334e-01
7.551642060279846191e-01
3.689203038811683655e-02
1.617829084396362305e+00
1.219888567924499512e+00
-1.861257106065750122e-01
-9.254969358444213867e-01
1.537174940109252930e+00
6.612956523895263672e-01
-3.372664749622344971e-01
2.231181114912033081e-01
9.670148491859436035e-01
-9.431142210960388184e-01
7.898845523595809937e-02
-7.360383272171020508e-01
-5.295355916023254395e-01
-1.279086351394653320e+00
1.084056138992309570e+00
-9.505577683448791504e-01
7.484495639801025391e-02
5.758237242698669434e-01
6.752884387969970703e-01
7.449763417243957520e-01
-5.580919384956359863e-01
-5.693395733833312988e-01
6.358001232147216797e-01
-1.761108875274658203e+00
-3.553626239299774170e-01
4.423395395278930664e-01
4.009977877140045166e-01
-4.049563705921173096e-01
-6.543552279472351074e-01
-5.731390118598937988e-01
-3.316341042518615723e-01
-1.984652042388916016e+00
2.508061408996582031e+00
-2.718050479888916016e-01
-9.470326304435729980e-01
1.499993681907653809e+00
5.197175145149230957e-01
2.465991228818893433e-01
-5.952498316764831543e-01
7.510896921157836914e-01
2.574114203453063965e-01
-4.115338027477264404e-01
6.698138117790222168e-01
1.352980494499206543e+00
-7.216421961784362793e-01
-1.419399261474609375e+00
-2.078899741172790527e-01
8.919288516044616699e-01
1.523083150386810303e-01
-1.067594587802886963e-01
-4.725997895002365112e-02
1.380767703056335449e+00
1.391072869300842285e-01
-7.168212532997131348e-02
-1.060629606246948242e+00
-4.384187459945678711e-01
-2.402652241289615631e-02
-1.200152277946472168e+00
3.605917990207672119e-01
-1.080729126930236816e+00
-1.448197841644287109e+00
3.933198153972625732e-01
8.731219768524169922e-01
-7.576295137405395508e-01
9.711312651634216309e-01
5.522049665451049805e-01
-1.236405611038208008e+00
8.201939463615417480e-01
5.371256917715072632e-02
1.216731369495391846e-01
3.501218557357788086e-01
-2.099493332207202911e-02
-6.528039574623107910e-01
-8.735039830207824707e-01
1.210352778434753418e+00
-8.008108288049697876e-02
5.109299421310424805e-01
4.373130202293395996e-01
-1.867229193449020386e-01
-1.452908515930175781e+00
-5.149798989295959473e-01
-8.832226991653442383e-01
-1.314491033554077148e-01
5.315634608268737793e-01
-1.149951219558715820e+00
6.773413419723510742e-01
3.030134737491607666e-01
-7.371055483818054199e-01
1.321547508239746094e+00
-7.513158917427062988e-01
1.485939025878906250e+00
-5.945524573326110840e-01
-8.255251646041870117e-01
7.781221866607666016e-01
-1.089276075363159180e+00
-9.223586320877075195e-01
-4.811854064464569092e-01
1.278503894805908203e+00
7.253404259681701660e-01
-1.910007119178771973e+00
-6.305916309356689453e-01
-8.589168190956115723e-01
4.739444851875305176e-01
5.092790722846984863e-01
-3.650050610303878784e-02
5.625919103622436523e-01
4.048146605491638184e-01
-8.151175975799560547e-01
4.271023273468017578e-01
8.492236137390136719e-01
2.253780812025070190e-01
-2.770624756813049316e-01
-7.940046489238739014e-02
-1.613327383995056152e+00
1.702635407447814941e+00
7.578687071800231934e-01
-5.744440853595733643e-02
7.890279889106750488e-01
1.156163692474365234e+00
-1.229133382439613342e-01
1.451325267553329468e-01
2.617790549993515015e-02
1.224773526191711426e-01
7.181962728500366211e-01
-1.344167947769165039e+00
2.048274576663970947e-01
1.113560572266578674e-01
8.258296251296997070e-01
8.032769560813903809e-01
-1.674914956092834473e-01
3.552670478820800781e-01
-8.972387909889221191e-01
1.430424213409423828e+00
-8.117803931236267090e-02
9.525332450866699219e-01
7.384744882583618164e-01
9.237196445465087891e-01
8.393293023109436035e-01
8.684446215629577637e-01
-1.559902429580688477e-01
-5.670271515846252441e-01
1.995399743318557739e-01
-2.264597713947296143e-01
6.014748215675354004e-01
6.177441477775573730e-01
1.339535713195800781e+00
-1.397410184144973755e-01
-7.523101568222045898e-02
2.137368172407150269e-01
1.991559147834777832e+00
8.752734959125518799e-02
-1.318205744028091431e-01
-1.547242879867553711e+00
-1.968963384628295898e+00
8.730874061584472656e-01
1.499514341354370117e+00
1.481150928884744644e-02
1.774331450462341309e+00
-5.592050552368164062e-01
4.862679168581962585e-02
7.475817799568176270e-01
1.957895904779434204e-01
1.147868156433105469e+00
5.689843297004699707e-01
3.018971979618072510e-01
-1.178425073623657227e+00
-1.366850376129150391e+00
1.542369604110717773e+00
-2.220215201377868652e-01
1.467692852020263672e+00
-1.806744217872619629e+00
5.895239114761352539e-01
-1.540933847427368164e+00
-6.159211993217468262e-01
8.943174779415130615e-02
-2.717900574207305908e-01
-6.975665092468261719e-01
-1.742317155003547668e-02
-7.307805120944976807e-02
-7.040609717369079590e-01
6.951306015253067017e-02
4.400045275688171387e-01
-5.686938166618347168e-01
2.823235392570495605e-01
-3.122626803815364838e-03
1.135991573333740234e+00
1.912932544946670532e-01
-4.110299944877624512e-01
9.190289676189422607e-02
-1.257108211517333984e+00
-1.815817594528198242e+00
-1.262267351150512695e+00
-7.194334268569946289e-01
8.017867803573608398e-01
8.772687911987304688e-01
1.294845342636108398e-01
1.136330842971801758e+00
-6.765167117118835449e-01
2.366911917924880981e-01
6.396100521087646484e-01
-2.633507363498210907e-02
6.205501407384872437e-02
2.004031836986541748e-01
-1.930861622095108032e-01
5.569989085197448730e-01
-1.482234954833984375e+00
2.477630376815795898e-01
1.799033135175704956e-01
8.176286816596984863e-01
7.753169536590576172e-02
-8.057447671890258789e-01
-4.860265552997589111e-01
4.122038371860980988e-03
-1.001837849617004395e+00
-4.444167613983154297e-01
-3.731350004673004150e-01
-6.714624166488647461e-01
3.434982001781463623e-01
4.221067130565643311e-01
7.927946448326110840e-01
1.500313162803649902e+00
2.100200653076171875e-01
4.997346997261047363e-01
-8.596693873405456543e-01
-5.358352065086364746e-01
5.288446545600891113e-01
9.251050651073455811e-02
-2.243686199188232422e+00
-5.108836572617292404e-03
1.807791292667388916e-01
-1.706672430038452148e+00
-2.939798235893249512e-01
-3.550598323345184326e-01
-4.176702201366424561e-01
-1.543349623680114746e+00
-1.133338809013366699e+00
1.114559993147850037e-01
-9.466477036476135254e-01
9.173155575990676880e-02
4.405740499496459961e-01
-2.619604393839836121e-02
1.190100610256195068e-01
-8.407959938049316406e-01
6.217580288648605347e-02
-6.320775747299194336e-01
-1.130070090293884277e+00
6.359683275222778320e-01
1.703702509403228760e-01
-1.346698164939880371e+00
-2.222711890935897827e-01
2.133628606796264648e+00
-5.566301345825195312e-01
-5.788877606391906738e-01
8.638997673988342285e-01
8.662022948265075684e-01
2.655779719352722168e-01
-8.057612776756286621e-01
-2.787731289863586426e-01
7.895003557205200195e-01
1.652396798133850098e+00
-1.573795437812805176e+00
3.418441712856292725e-01
-3.003067523241043091e-02
2.078258275985717773e+00
-1.185439825057983398e+00
4.513444304466247559e-01
2.371304631233215332e-01
1.476429820060729980e+00
-9.309715032577514648e-02
-7.693266272544860840e-01
4.821603298187255859e-01
-4.454517364501953125e-01
8.951885104179382324e-01
-1.063618302345275879e+00
2.265181541442871094e-01
-5.050231814384460449e-01
-8.128603696823120117e-01
-1.007703423500061035e+00
9.045557379722595215e-01
2.226353995501995087e-02
1.431480050086975098e-01
1.124162077903747559e-01
-1.950651407241821289e-01
1.905847311019897461e+00
1.301681399345397949e-01
-2.262095957994461060e-01
-7.117913961410522461e-01
-4.473387897014617920e-01
-2.811629474163055420e-01
1.121235251426696777e+00
