-9.692145586013793945e-01
-2.356476068496704102e+00
-2.915225327014923096e-01
9.387269020080566406e-01
1.382141709327697754e+00
-8.622723817825317383e-01
2.401460111141204834e-01
1.294514060020446777e+00
2.874677181243896484e-01
-3.694612681865692139e-01
-1.389021426439285278e-01
-3.811480998992919922e-01
1.078063011169433594e+00
-1.056312918663024902e+00
-1.019688725471496582e+00
2.083397656679153442e-01
9.802172183990478516e-01
1.322385907173156738e+00
6.489503383636474609e-01
8.346372842788696289e-01
-7.878753542900085449e-01
1.232967734336853027e+00
-1.125835329294204712e-01
3.962223529815673828e-01
-1.659800887107849121e+00
-1.225812554359436035e+00
6.063878908753395081e-02
-9.780357480049133301e-01
1.741982065141201019e-02
7.390947341918945312e-01
6.348627805709838867e-01
1.508151650428771973e+00
-9.211724996566772461e-02
-6.004077792167663574e-01
3.963750600814819336e-01
-7.258951067924499512e-01
-4.086738228797912598e-01
2.856186330318450928e-01
-4.844006896018981934e-01
9.575894474983215332e-01
-6.478959321975708008e-02
-1.553434848785400391e+00
1.774763464927673340e+00
4.659466743469238281e-01
-5.181888341903686523e-01
1.185542821884155273e+00
7.902782559394836426e-01
-1.662387400865554810e-01
1.180909991264343262e+00
-5.993902087211608887e-01
9.488795995712280273e-01
-3.876783549785614014e-01
-1.618362069129943848e+00
2.858918011188507080e-01
-2.468894422054290771e-01
7.652507424354553223e-01
5.018504858016967773e-01
5.581961274147033691e-01
-8.874977827072143555e-01
-8.859279751777648926e-01
-4.165504276752471924e-01
5.751773715019226074e-01
6.900815963745117188e-01
1.086242198944091797e+00
7.529104501008987427e-02
-7.450895309448242188e-01
8.171315789222717285e-01
-4.251225888729095459e-01
2.094715684652328491e-01
1.446055173873901367e+00
5.051442384719848633e-01
1.672837287187576294e-01
1.555246949195861816e+00
-3.581389188766479492e-01
-1.354244589805603027e+00
-1.829195499420166016e+00
2.629831433296203613e-01
-4.071438610553741455e-01
-9.195388108491897583e-02
6.858476400375366211e-01
4.721416831016540527e-01
-1.857717633247375488e-01
-5.582873225212097168e-01
-7.083888649940490723e-01
7.347722649574279785e-01
7.787470817565917969e-01
-5.013726279139518738e-02
6.200436353683471680e-01
-1.034446001052856445e+00
-3.919070065021514893e-01
-2.919501960277557373e-01
5.606612563133239746e-01
6.670117378234863281e-01
7.158787250518798828e-01
5.978876948356628418e-01
-2.137043029069900513e-01
1.252413988113403320e-01
-5.050407052040100098e-01
5.491312146186828613e-01
-2.952509820461273193e-01
4.512261748313903809e-01
1.298984527587890625e+00
1.718900442123413086e+00
-8.892302215099334717e-02
1.848010718822479248e-01
1.460856795310974121e+00
-7.466955184936523438e-01
1.649343371391296387e+00
-8.609604835510253906e-01
1.276713252067565918e+00
-2.750366926193237305e-01
-7.722338438034057617e-01
7.329579591751098633e-01
8.400527238845825195e-01
5.474696755409240723e-01
2.179479360580444336e+00
-5.528942942619323730e-01
7.165426611900329590e-01
2.413671314716339111e-01
7.908830046653747559e-01
-5.857433080673217773e-01
-1.230169534683227539e-01
6.629475951194763184e-01
1.210469081997871399e-01
-6.565751507878303528e-03
1.273417830467224121e+00
1.457066893577575684e+00
9.217822924256324768e-03
-3.480493426322937012e-01
-3.727100193500518799e-01
1.955653168261051178e-02
-1.235434651374816895e+00
8.461789041757583618e-02
5.669723749160766602e-01
2.678324878215789795e-01
-1.646065235137939453e+00
1.220076322555541992e+00
7.210842967033386230e-01
2.260735034942626953e-01
1.454062610864639282e-01
8.885487914085388184e-01
-3.765382170677185059e-01
1.521277129650115967e-01
-1.471365094184875488e+00
-3.394874930381774902e-01
2.356869220733642578e+00
-8.652705550193786621e-01
-2.698311805725097656e+00
1.271543860435485840e+00
-1.090544581413269043e+00
7.435216903686523438e-01
7.149664759635925293e-01
-6.304666399955749512e-02
1.586058884859085083e-01
2.351276576519012451e-01
1.115919470787048340e+00
-6.177921891212463379e-01
1.228525400161743164e+00
-7.542938590049743652e-01
-7.785875797271728516e-01
-5.604045987129211426e-01
2.079258918762207031e+00
-5.984087660908699036e-02
-1.159293055534362793e+00
8.622990846633911133e-01
-4.871447086334228516e-01
-6.481906771659851074e-01
1.263279467821121216e-01
4.258086681365966797e-01
9.207690358161926270e-01
5.131986141204833984e-01
-1.801705837249755859e+00
-1.151430010795593262e+00
4.763455092906951904e-01
-7.940704226493835449e-01
-1.045561671257019043e+00
-2.466617226600646973e-01
9.463264048099517822e-02
-9.061219096183776855e-01
9.029035568237304688e-01
9.808717370033264160e-01
-1.704537391662597656e+00
-1.090153455734252930e+00
-8.504479527473449707e-01
-6.280553936958312988e-01
8.235653042793273926e-01
-3.419044017791748047e-01
-1.753401875495910645e+00
-8.879186958074569702e-02
6.085463762283325195e-01
-2.192147821187973022e-01
8.624116182327270508e-01
-6.922544240951538086e-01
-9.526598453521728516e-01
-6.153136491775512695e-03
-4.676581546664237976e-02
2.509418427944183350e-01
1.455523014068603516e+00
1.733590483665466309e+00
3.461940884590148926e-01
3.097222447395324707e-01
3.389174118638038635e-02
2.370104938745498657e-01
4.607785344123840332e-01
2.625449597835540771e-01
4.353081285953521729e-01
-1.508807420730590820e+00
2.110163122415542603e-01
4.821433871984481812e-02
-1.883827328681945801e+00
-7.055526375770568848e-01
-3.955198824405670166e-01
1.705847501754760742e+00
-2.809251546859741211e-01
3.734860420227050781e-01
5.012081265449523926e-01
-9.351312518119812012e-01
6.721242666244506836e-01
6.897182464599609375e-01
2.391281276941299438e-01
4.065315127372741699e-01
-2.146947681903839111e-01
-7.024178653955459595e-02
-7.340083122253417969e-01
8.592200875282287598e-01
-8.746522665023803711e-01
2.873508334159851074e-01
7.537648081779479980e-02
-5.824135541915893555e-01
-1.093290090560913086e+00
2.637605667114257812e-01
-2.454236298799514771e-01
5.418554693460464478e-02
1.161392807960510254e+00
-4.692590832710266113e-01
1.260157823562622070e+00
-8.143579363822937012e-01
9.019835591316223145e-01
-1.208817481994628906e+00
1.787986904382705688e-01
2.008943408727645874e-01
-1.710550338029861450e-01
-7.215545177459716797e-01
-4.425782263278961182e-01
-4.803524315357208252e-01
-6.156023144721984863e-01
7.858732938766479492e-01
2.414796203374862671e-01
-6.409910917282104492e-01
-5.758910179138183594e-01
1.296986222267150879e+00
1.650038063526153564e-01
3.541165888309478760e-01
3.297937512397766113e-01
1.002910733222961426e+00
-5.805327296257019043e-01
-3.313449323177337646e-01
-5.673576593399047852e-01
2.957010269165039062e-01
-3.066701591014862061e-01
9.700118005275726318e-02
5.361678600311279297e-01
-1.480962932109832764e-01
-7.178559303283691406e-01
1.116841793060302734e+00
7.370367646217346191e-01
-5.471158027648925781e-01
-2.132898807525634766e+00
2.485261559486389160e-01
-2.302508950233459473e-01
-1.606602549552917480e+00
-1.168525218963623047e+00
-1.071446314454078674e-01
-8.782792687416076660e-01
-6.393799930810928345e-02
1.690225362777709961e+00
1.645056456327438354e-01
-2.702630758285522461e-01
3.796473145484924316e-01
-1.460743904113769531e+00
9.922053813934326172e-01
-3.886588811874389648e-01
-2.434183359146118164e-01
-1.081579625606536865e-01
2.586988806724548340e-01
1.048708930611610413e-01
3.712035119533538818e-01
2.961541712284088135e-02
-6.867438089102506638e-03
9.675846248865127563e-02
-1.482006013393402100e-01
6.445072889328002930e-01
2.902313172817230225e-01
2.100618362426757812e+00
-3.663521111011505127e-01
-1.653630733489990234e-01
-1.149393081665039062e+00
-1.130059838294982910e+00
-1.391854166984558105e+00
1.715892314910888672e+00
-7.843570709228515625e-01
1.523249596357345581e-01
-1.951247453689575195e+00
-9.696457386016845703e-01
1.993376910686492920e-01
1.379446089267730713e-01
-1.153278946876525879e+00
-1.137991070747375488e+00
2.571889758110046387e-01
-2.942064702510833740e-01
6.784224510192871094e-01
-4.019258916378021240e-01
1.922634840011596680e+00
-4.883736371994018555e-01
1.544012904167175293e+00
3.349895477294921875e-01
-1.214367076754570007e-01
-2.736655771732330322e-01
-1.228003144264221191e+00
-1.611821949481964111e-01
7.872774004936218262e-01
6.278080344200134277e-01
-6.755861043930053711e-01
1.133438229560852051e+00
-7.147394418716430664e-01
-2.730132937431335449e-01
-7.483234405517578125e-01
1.021427512168884277e+00
-1.583358526229858398e+00
-4.817319810390472412e-01
3.458792269229888916e-01
7.916772961616516113e-01
1.389833211898803711e+00
-6.812875717878341675e-02
1.357984542846679688e-01
-4.953273236751556396e-01
-2.914302945137023926e-01
2.502035200595855713e-01
-8.686017245054244995e-02
-6.963619589805603027e-01
-6.309628486633300781e-01
1.373020529747009277e+00
1.160285711288452148e+00
4.157078564167022705e-01
6.732206940650939941e-01
-9.449854493141174316e-02
1.049902439117431641e+00
-3.686228692531585693e-01
1.099468350410461426e+00
-2.199029326438903809e-01
6.136716604232788086e-01
-1.113330960273742676e+00
-1.271865814924240112e-01
3.740097284317016602e-01
2.848274707794189453e-01
1.532877832651138306e-01
-1.396584987640380859e+00
-4.181824326515197754e-01
-5.588952302932739258e-01
-1.707816362380981445e+00
-5.786618590354919434e-01
-1.764617204666137695e+00
3.487230241298675537e-01
-6.062604784965515137e-01
-9.263954162597656250e-01
-1.156157016754150391e+00
2.386547327041625977e-01
2.514089107513427734e+00
1.071936488151550293e+00
8.030155301094055176e-01
-8.232090473175048828e-01
-1.224138140678405762e-01
-9.600770473480224609e-01
-6.253148317337036133e-01
-8.899601697921752930e-01
-1.096059322357177734e+00
6.753345131874084473e-01
2.217530127381905913e-04
-7.592529058456420898e-01
1.876848191022872925e-01
5.851261615753173828e-01
3.371350467205047607e-01
-1.496673375368118286e-01
1.095920056104660034e-02
-1.261814355850219727e+00
-7.027915120124816895e-02
1.125464558601379395e+00
-5.079828500747680664e-01
1.955456137657165527e+00
7.403360009193420410e-01
-1.853076368570327759e-01
4.208541810512542725e-01
-6.036413908004760742e-01
6.511921435594558716e-02
1.087558940052986145e-01
1.077472686767578125e+00
-3.777633905410766602e-01
1.291084170341491699e+00
1.296035051345825195e-01
-1.024104952812194824e+00
-6.904456019401550293e-01
5.288856029510498047e-01
6.869642734527587891e-01
-6.926928162574768066e-01
3.391092419624328613e-01
-7.343044877052307129e-02
-1.068354964256286621e+00
-2.358862459659576416e-01
-8.898358345031738281e-01
-6.320317387580871582e-01
4.586928486824035645e-01
1.091284990310668945e+00
-4.470392763614654541e-01
2.623536884784698486e-01
5.848960280418395996e-01
5.765601992607116699e-01
-1.913994908332824707e+00
9.731471538543701172e-01
-9.455703496932983398e-01
-1.185316681861877441e+00
3.040687739849090576e-01
-3.621728122234344482e-01
-7.523182034492492676e-01
9.367478080093860626e-03
-6.156371831893920898e-01
-7.392392158508300781e-01
-1.173156052827835083e-01
6.751090288162231445e-01
2.481742948293685913e-01
-4.961678385734558105e-01
7.541664838790893555e-01
2.413581371307373047e+00
-7.274091988801956177e-02
1.622861623764038086e-01
-2.050147950649261475e-01
-1.234107494354248047e+00
-2.671655714511871338e-01
-3.393518924713134766e-01
9.807372689247131348e-01
-1.247995972633361816e+00
-1.889784455299377441e+00
3.817663192749023438e-01
-8.794013857841491699e-01
-1.836914539337158203e+00
-2.134107947349548340e-01
-5.324608087539672852e-01
4.230338037014007568e-01
2.849220633506774902e-01
-5.759147405624389648e-01
9.253446012735366821e-03
-2.409819841384887695e+00
5.665937066078186035e-01
6.221285462379455566e-01
-1.413229465484619141e+00
5.065459012985229492e-01
4.906312823295593262e-01
1.100016161799430847e-01
-3.967163562774658203e-01
-2.570428371429443359e+00
5.828667879104614258e-01
-1.051440238952636719e+00
-1.155733019113540649e-01
9.092794656753540039e-01
2.399403601884841919e-01
-7.591105252504348755e-02
-9.121496081352233887e-01
1.233529925346374512e+00
-1.444202065467834473e+00
-1.166242718696594238e+00
-2.418418645858764648e+00
-2.526229918003082275e-01
3.008982658386230469e+00
-1.808822512626647949e+00
-1.702676415443420410e-01
-1.880465447902679443e-01
6.837183833122253418e-01
2.265135049819946289e-01
-2.876929640769958496e-01
7.551473379135131836e-01
1.746816515922546387e+00
-2.195783704519271851e-01
-4.172865152359008789e-01
9.465888142585754395e-01
-2.373568266630172729e-01
1.252991199493408203e+00
-3.193203210830688477e-01
1.670670747756958008e+00
-1.014201641082763672e+00
-5.250779986381530762e-01
-6.729551553726196289e-01
-1.348276257514953613e+00
-2.463970035314559937e-01
1.380279779434204102e+00
-1.228839278221130371e+00
1.837925076484680176e+00
9.780213236808776855e-01
-1.067028045654296875e+00
-9.610209614038467407e-02
6.445086747407913208e-02
-5.430890321731567383e-01
-1.791444420814514160e-01
-1.711188077926635742e+00
4.430001080036163330e-01
-1.204612031579017639e-01
-6.141236424446105957e-01
-8.112341165542602539e-01
-1.556341350078582764e-01
1.006974577903747559e+00
-6.572774052619934082e-01
-1.300920009613037109e+00
8.633943200111389160e-01
-5.015696287155151367e-01
-1.219051927328109741e-01
8.431040644645690918e-01
-1.258951663970947266e+00
3.128027170896530151e-02
-1.409779395908117294e-02
-6.131680011749267578e-01
5.953228473663330078e-01
1.372549086809158325e-01
1.397753715515136719e+00
2.573078274726867676e-01
1.542571067810058594e+00
-1.492814183235168457e+00
-2.961278147995471954e-02
9.509969353675842285e-01
1.862319856882095337e-01
2.865803539752960205e-01
-1.370116591453552246e+00
7.365466356277465820e-01
-4.520390629768371582e-01
6.596463322639465332e-01
-9.688324928283691406e-01
-1.531476974487304688e+00
7.357584238052368164e-01
-3.347149133682250977e+00
3.972767591476440430e-01
-6.094209551811218262e-01
-1.171114563941955566e+00
2.553083300590515137e-01
4.237170815467834473e-01
4.358150064945220947e-01
1.313538551330566406e-01
-2.963932156562805176e-01
-1.036435604095458984e+00
2.708601206541061401e-02
7.029612660408020020e-01
-1.689647734165191650e-01
-3.512191399931907654e-02
2.498734951019287109e+00
-1.063421607017517090e+00
-1.560477256774902344e+00
3.875271081924438477e-01
-4.940401613712310791e-01
7.155092060565948486e-02
-1.561991572380065918e+00
-4.050098955631256104e-01
-1.354772925376892090e+00
4.661371931433677673e-02
4.125700294971466064e-01
9.075416922569274902e-01
7.542789578437805176e-01
-2.379167973995208740e-01
4.050388932228088379e-01
2.662230134010314941e-01
-8.071883320808410645e-01
-4.433215260505676270e-01
-2.741776704788208008e-01
1.622264266014099121e+00
-1.354477524757385254e+00
2.152625173330307007e-01
4.579737782478332520e-01
-1.600834608078002930e+00
1.813088357448577881e-01
4.675402641296386719e-01
1.806959509849548340e+00
-6.184548735618591309e-01
-1.663069248199462891e+00
-1.722502112388610840e+00
9.990906715393066406e-02
7.107939720153808594e-01
1.043208360671997070e+00
-3.570007979869842529e-01
1.954391598701477051e+00
-3.990581035614013672e-01
-1.267796993255615234e+00
-3.961604237556457520e-01
7.534989714622497559e-01
2.899552285671234131e-01
-5.543417930603027344e-01
-6.534503102302551270e-01
-1.938713788986206055e-01
3.613836467266082764e-01
1.106507182121276855e-01
1.007843613624572754e+00
-4.475959241390228271e-01
-4.416539371013641357e-01
-5.567255020141601562e-01
-4.524694979190826416e-01
1.176485180854797363e+00
3.119929730892181396e-01
-3.013262450695037842e-01
-2.058734595775604248e-01
4.067979156970977783e-01
-2.973938286304473877e-01
3.927221298217773438e-01
1.625425577163696289e+00
1.199671268463134766e+00
1.933706104755401611e-01
-8.835537731647491455e-02
4.592314958572387695e-01
-3.257349729537963867e-01
-3.205117881298065186e-01
3.360891342163085938e-01
-9.713330864906311035e-02
1.097723960876464844e+00
1.460024356842041016e+00
-4.469139501452445984e-02
-1.338545560836791992e+00
3.969862759113311768e-01
-9.663686752319335938e-01
4.696827828884124756e-01
3.362229168415069580e-01
3.604885339736938477e-01
-6.426997780799865723e-01
1.165229439735412598e+00
-1.308970689773559570e+00
1.225092887878417969e+00
2.227265387773513794e-01
-8.630591630935668945e-01
-1.044633746147155762e+00
-1.891455054283142090e+00
9.941692948341369629e-01
7.960162162780761719e-01
-4.242287576198577881e-01
3.404317796230316162e-01
-8.840209245681762695e-01
-2.894583344459533691e-01
4.460742324590682983e-02
-2.594306170940399170e-01
-6.517697870731353760e-02
1.361907720565795898e+00
4.617218300700187683e-02
-8.389776945114135742e-01
-4.565907418727874756e-01
3.510963916778564453e-01
-2.220620028674602509e-02
3.193904161453247070e-01
-1.320674657821655273e+00
-2.505707442760467529e-01
-1.647160768508911133e+00
3.958916068077087402e-01
9.177476763725280762e-01
4.596142843365669250e-02
2.038498669862747192e-01
-6.901012733578681946e-03
8.359428048133850098e-01
-7.394821643829345703e-01
-1.791997909545898438e+00
-4.623237848281860352e-01
-9.973616153001785278e-02
-4.968790337443351746e-02
-3.068257272243499756e-01
1.947128653526306152e+00
-1.202693462371826172e+00
2.812007963657379150e-01
3.807862401008605957e-01
-1.461905002593994141e+00
-2.366110533475875854e-01
1.050752773880958557e-01
-1.720651388168334961e+00
1.037826180458068848e+00
6.093255057930946350e-02
-1.500207036733627319e-01
7.283690571784973145e-01
-9.596555233001708984e-01
-5.874672532081604004e-01
-3.738677799701690674e-01
2.955308742821216583e-02
-1.578529000282287598e+00
-3.537454605102539062e-01
-7.039231806993484497e-02
1.674325764179229736e-01
-8.202234506607055664e-01
-7.991172373294830322e-02
7.747285813093185425e-02
8.464217782020568848e-01
1.038155891001224518e-02
8.848230242729187012e-01
-1.125828251242637634e-01
3.537289798259735107e-01
-3.195408284664154053e-01
-9.404352903366088867e-01
2.243202447891235352e+00
6.684421747922897339e-02
-1.900590211153030396e-01
2.545458078384399414e-01
1.096889853477478027e+00
3.965393006801605225e-01
-1.070919752120971680e+00
1.285544484853744507e-01
-5.970160961151123047e-01
-9.582332521677017212e-02
4.455451369285583496e-01
5.916416645050048828e-01
-6.279554963111877441e-01
4.726817607879638672e-01
5.245926976203918457e-01
-5.815898776054382324e-01
4.001615345478057861e-01
1.209722608327865601e-01
-6.673981994390487671e-02
-6.224774718284606934e-01
-1.223117589950561523e+00
8.156021833419799805e-01
-1.311660885810852051e+00
1.370005607604980469e-01
6.993153095245361328e-01
-8.380741626024246216e-02
-5.118928104639053345e-02
-6.511853933334350586e-01
7.492471933364868164e-01
-1.952573418617248535e+00
-5.389994382858276367e-01
-4.240991771221160889e-01
-6.512729525566101074e-01
-2.237128764390945435e-01
3.186440169811248779e-01
2.840299606323242188e-01
2.990884780883789062e-01
-7.874891161918640137e-01
7.584978342056274414e-01
2.386456012725830078e+00
4.637386798858642578e-01
-6.047214269638061523e-01
-9.344092011451721191e-01
-1.349462568759918213e-01
1.271393895149230957e-01
1.502430532127618790e-02
-4.063664972782135010e-01
-6.523059010505676270e-01
1.169300198554992676e+00
-4.125250279903411865e-01
1.374979376792907715e+00
8.219642639160156250e-01
1.693829655647277832e+00
4.529969990253448486e-01
-8.954322934150695801e-01
-2.746012620627880096e-02
-5.631789565086364746e-01
-5.380322337150573730e-01
2.000689655542373657e-01
7.492116689682006836e-01
-1.148107796907424927e-01
2.430161386728286743e-01
-1.553373485803604126e-01
-9.691328555345535278e-02
-1.024712771177291870e-01
1.441807389259338379e+00
2.379355765879154205e-02
1.434848308563232422e-01
5.935350656509399414e-01
-6.290442943572998047e-01
-3.447979986667633057e-01
-3.105482757091522217e-01
-1.170792281627655029e-01
3.182824254035949707e-01
8.988177180290222168e-01
