-3.534273505210876465e-01
-1.363382577896118164e+00
-4.714002013206481934e-01
8.914914727210998535e-01
6.861085891723632812e-01
5.220945477485656738e-01
9.677252173423767090e-01
-4.693992137908935547e-01
4.024061933159828186e-02
1.045765042304992676e+00
8.103322982788085938e-01
1.329972967505455017e-02
9.738167375326156616e-02
-7.126029729843139648e-01
-4.370627701282501221e-01
6.576492786407470703e-01
-1.563183367252349854e-01
7.083486914634704590e-01
5.041261911392211914e-01
-3.150481283664703369e-01
-8.537569046020507812e-01
1.152097702026367188e+00
6.187736392021179199e-01
1.041015863418579102e+00
-2.963286042213439941e-01
-2.371927052736282349e-01
-3.790899515151977539e-01
-7.718667984008789062e-01
5.987040996551513672e-01
-2.413676977157592773e-01
4.213270843029022217e-01
8.667150735855102539e-01
2.286679446697235107e-01
-5.780227780342102051e-01
1.293596476316452026e-01
-6.566349267959594727e-01
-1.214070916175842285e+00
-2.515259087085723877e-01
-6.800193786621093750e-01
1.698002576828002930e+00
9.002317190170288086e-01
-1.307152986526489258e+00
2.155234575271606445e+00
8.186044692993164062e-01
-1.031320691108703613e-01
1.603648304939270020e+00
1.509539484977722168e+00
3.804306387901306152e-01
1.228365421295166016e+00
6.466452479362487793e-01
3.773040771484375000e-01
-1.141680002212524414e+00
-5.234181284904479980e-01
-1.321360021829605103e-01
2.495836913585662842e-01
1.192789912223815918e+00
-2.271555364131927490e-01
4.514658749103546143e-01
-1.766562908887863159e-01
-1.438678264617919922e+00
-1.031043410301208496e+00
8.353904485702514648e-01
1.237887978553771973e+00
4.850808084011077881e-01
1.280376195907592773e+00
-4.317373037338256836e-01
1.846237331628799438e-01
-5.430047586560249329e-02
-2.521401047706604004e-01
9.189149737358093262e-01
6.506517529487609863e-01
7.585657387971878052e-02
1.019589543342590332e+00
-1.484822988510131836e+00
-1.268327832221984863e+00
-3.540381789207458496e-01
2.010172009468078613e-01
-8.357290625572204590e-01
2.672102153301239014e-01
9.914463162422180176e-01
4.348948597908020020e-01
-7.684060931205749512e-01
-1.108446836471557617e+00
-4.554408192634582520e-01
-9.716237336397171021e-02
-3.197113052010536194e-02
2.257749438285827637e-02
2.375293225049972534e-01
2.435456067323684692e-01
-4.801677167415618896e-01
1.263986974954605103e-01
6.408774852752685547e-01
2.969968616962432861e-01
-7.324747443199157715e-01
-1.047398328781127930e+00
-1.139123812317848206e-01
-2.673627436161041260e-01
-4.872380495071411133e-01
8.904613256454467773e-01
-6.896950006484985352e-01
1.590066075325012207e+00
1.214724183082580566e+00
5.654416680335998535e-01
3.679782450199127197e-01
-4.455236792564392090e-01
1.111933946609497070e+00
5.928370952606201172e-01
6.136999726295471191e-01
-6.315737366676330566e-01
1.466924190521240234e+00
2.950120903551578522e-02
-1.244284436106681824e-01
1.251974344253540039e+00
-5.561887621879577637e-01
-2.924081981182098389e-01
1.139783859252929688e+00
6.724684834480285645e-01
2.207580357789993286e-01
1.903817802667617798e-02
-1.194488108158111572e-01
-1.403418898582458496e+00
2.415262758731842041e-01
1.249142169952392578e+00
7.659966349601745605e-01
3.278400301933288574e-01
1.030589103698730469e+00
-4.202665388584136963e-01
-9.706954658031463623e-02
-1.914334446191787720e-01
4.815133213996887207e-01
1.636461853981018066e+00
-9.782902002334594727e-01
5.483350157737731934e-01
4.816275089979171753e-02
-4.298317246139049530e-03
-5.513206720352172852e-01
1.972588539123535156e+00
5.916436910629272461e-01
1.366286631673574448e-02
1.214099407196044922e+00
1.802672445774078369e-01
2.739622890949249268e-01
-5.201718956232070923e-02
-2.283775061368942261e-01
-2.158271223306655884e-01
1.526722908020019531e+00
-7.835845351219177246e-01
-1.234038710594177246e+00
7.493870854377746582e-01
-6.027849316596984863e-01
1.379821896553039551e+00
-4.700743556022644043e-01
-1.554697901010513306e-01
-2.115896344184875488e-01
8.945013284683227539e-01
-9.713903814554214478e-02
1.405384898185729980e+00
1.358692765235900879e+00
4.699816107749938965e-01
-4.076592326164245605e-01
-9.357464313507080078e-01
1.444181799888610840e+00
-2.335115909576416016e+00
-7.541197538375854492e-01
3.431028127670288086e-01
-4.064910858869552612e-02
-1.222086310386657715e+00
5.429937839508056641e-01
1.016607046127319336e+00
5.966623779386281967e-03
8.386241197586059570e-01
-1.565199613571166992e+00
-1.144184708595275879e+00
-9.296637773513793945e-02
-1.148559451103210449e+00
-4.793269932270050049e-01
4.198504686355590820e-01
2.564458549022674561e-02
-9.303905963897705078e-01
4.550437331199645996e-01
1.991209506988525391e+00
-2.067387104034423828e+00
2.970427740365266800e-03
-9.095622301101684570e-01
-1.987322866916656494e-01
7.815575599670410156e-01
5.139240026473999023e-01
-1.361779332160949707e+00
1.267976403236389160e+00
7.601318359375000000e-01
-2.423402667045593262e-01
5.740970373153686523e-01
-1.428733348846435547e+00
-1.364284992218017578e+00
8.236327767372131348e-01
9.407716244459152222e-02
-1.119630575180053711e+00
2.279483795166015625e+00
1.829328656196594238e+00
7.260512113571166992e-01
4.140319526195526123e-01
2.398940548300743103e-02
-2.247871011495590210e-01
1.457667499780654907e-01
8.641635179519653320e-01
1.724477261304855347e-01
-1.195635676383972168e+00
1.260805487632751465e+00
-1.046266704797744751e-01
-8.924304246902465820e-01
-1.247330904006958008e+00
5.660599470138549805e-01
1.213338136672973633e+00
-1.820680350065231323e-01
-1.200908645987510681e-01
-5.363624095916748047e-01
-7.298663258552551270e-01
-5.027796030044555664e-01
1.275452136993408203e+00
-3.118655979633331299e-01
2.458622008562088013e-01
-4.906040132045745850e-01
8.761640787124633789e-01
2.113065272569656372e-01
3.691851496696472168e-01
-7.487226724624633789e-01
-2.686765789985656738e-01
-2.968954853713512421e-02
-7.632102966308593750e-01
-4.870376288890838623e-01
4.446502327919006348e-01
1.690442562103271484e-01
-1.242965906858444214e-01
-5.701116919517517090e-01
-1.456236004829406738e+00
1.253051459789276123e-01
-5.999543666839599609e-01
1.037042975425720215e+00
-1.746974825859069824e+00
2.834216952323913574e-01
-1.509143233299255371e+00
7.141438722610473633e-01
-1.294765949249267578e+00
-8.017017245292663574e-01
-1.825999915599822998e-01
-2.322035282850265503e-01
6.014834716916084290e-02
2.355786561965942383e-01
7.303856015205383301e-01
-4.307671487331390381e-01
1.743843197822570801e+00
6.557887792587280273e-02
1.286027282476425171e-01
1.150648832321166992e+00
1.419996738433837891e+00
5.938402414321899414e-01
-9.608367681503295898e-01
-3.495435416698455811e-01
2.133456617593765259e-01
-7.496327161788940430e-01
2.938420176506042480e-01
1.581764817237854004e-01
-7.372805476188659668e-01
3.366552591323852539e-01
6.845099329948425293e-01
7.055085301399230957e-01
-1.589168421924114227e-02
6.175550073385238647e-02
3.951808512210845947e-01
-2.308492213487625122e-01
-1.559557080268859863e+00
-1.716394186019897461e+00
-5.156005620956420898e-01
-1.426693677902221680e+00
4.442396461963653564e-01
1.277378201484680176e+00
-3.390788733959197998e-01
4.024598598480224609e-01
5.705873370170593262e-01
-2.166731096804141998e-02
6.425497531890869141e-01
-6.474251151084899902e-01
4.656852185726165771e-01
-4.884436726570129395e-01
2.079637289047241211e+00
-2.253380268812179565e-01
6.357677578926086426e-01
-4.130837619304656982e-01
1.845539510250091553e-01
-5.955763459205627441e-01
5.166245102882385254e-01
6.355229616165161133e-01
6.892896890640258789e-01
1.262807011604309082e+00
5.796607211232185364e-02
1.147171929478645325e-01
-1.584072351455688477e+00
-1.106510281562805176e+00
-2.750232815742492676e-01
6.989182233810424805e-01
-3.962894678115844727e-01
1.993000060319900513e-01
-3.309955596923828125e+00
-5.061321854591369629e-01
-1.488808393478393555e+00
7.124022245407104492e-01
-1.099412143230438232e-01
2.042056083679199219e+00
-5.678769946098327637e-01
-2.109803915023803711e+00
6.102385520935058594e-01
-4.137531816959381104e-01
2.183632373809814453e+00
-9.286749958992004395e-01
1.383370161056518555e+00
-1.147092059254646301e-01
-1.280300915241241455e-01
-9.064217805862426758e-01
-5.031896829605102539e-01
1.206037878990173340e+00
8.640316128730773926e-01
2.029716014862060547e+00
-8.368548750877380371e-01
1.774556159973144531e+00
-2.655647397041320801e-01
5.143260359764099121e-01
-9.038934707641601562e-01
4.203578531742095947e-01
-6.955509781837463379e-01
-2.767314016819000244e-01
3.249886035919189453e-01
1.261816978454589844e+00
1.389485955238342285e+00
-5.498368144035339355e-01
1.717838943004608154e-01
-5.299605131149291992e-01
-1.847434490919113159e-01
4.319831430912017822e-01
-7.752379179000854492e-01
-7.338228821754455566e-02
-5.034502148628234863e-01
1.241236209869384766e+00
-4.400925338268280029e-01
-5.503871440887451172e-01
1.412865638732910156e+00
9.419550895690917969e-01
1.485509753227233887e+00
-4.192587435245513916e-01
6.474149227142333984e-01
-2.229574322700500488e-01
3.728915750980377197e-01
-9.900267124176025391e-01
-1.171779870986938477e+00
7.150600552558898926e-01
-3.368192613124847412e-01
2.618727684020996094e-01
-8.053084611892700195e-01
-4.060572981834411621e-01
-4.657976329326629639e-01
-1.123673915863037109e+00
1.102871894836425781e+00
-1.048682808876037598e+00
-6.429168581962585449e-01
-1.718619614839553833e-01
-1.327753543853759766e+00
-3.241848051548004150e-01
1.432646214962005615e-01
1.784504532814025879e+00
-7.524125277996063232e-02
4.169052541255950928e-01
-1.203147247433662415e-01
-4.862484931945800781e-01
-7.682028412818908691e-01
-8.989948630332946777e-01
-1.226541996002197266e+00
-9.163893461227416992e-01
3.510768115520477295e-01
-2.837710976600646973e-01
-2.510203719139099121e-01
4.185051918029785156e-01
-2.585881352424621582e-01
3.458252549171447754e-01
-1.496073603630065918e-01
6.534153223037719727e-01
-6.760403513908386230e-02
2.610267996788024902e-01
2.457707524299621582e-01
-4.150963723659515381e-01
1.410773098468780518e-01
2.686592102050781250e+00
6.843738555908203125e-01
6.530748009681701660e-01
3.616280481219291687e-02
-6.984394043684005737e-02
-1.081776976585388184e+00
-3.447053730487823486e-01
8.019915223121643066e-01
1.265146732330322266e-01
-1.319258660078048706e-01
-8.589137196540832520e-01
-5.035653114318847656e-01
-2.281233370304107666e-01
3.898484408855438232e-01
7.528230547904968262e-01
-1.669281125068664551e+00
8.836392164230346680e-01
-4.490869641304016113e-01
2.625959515571594238e-01
-1.008878111839294434e+00
-2.550630569458007812e-01
-3.184389472007751465e-01
-4.506300985813140869e-01
-4.187344908714294434e-01
-2.444638013839721680e-01
-6.663477420806884766e-01
7.547571063041687012e-01
-3.399902105331420898e+00
5.456248521804809570e-01
-3.432378768920898438e-01
-1.259163618087768555e+00
-5.682988762855529785e-01
-1.157973408699035645e+00
2.264986485242843628e-01
5.421423912048339844e-01
-7.019230723381042480e-01
-7.196944355964660645e-01
6.453427672386169434e-01
-4.717957675457000732e-01
1.477493166923522949e+00
-1.491514146327972412e-01
1.848115473985671997e-01
2.501120090484619141e+00
-1.442748665809631348e+00
6.217036247253417969e-01
-1.398161500692367554e-01
-1.161336779594421387e+00
-1.725526899099349976e-01
-7.556610703468322754e-01
1.152187466621398926e+00
-8.505617380142211914e-01
5.760125443339347839e-02
-1.156923398375511169e-01
-1.060271263122558594e+00
-1.371814966201782227e+00
1.382212899625301361e-02
-4.279151558876037598e-01
-8.975419998168945312e-01
-9.203984402120113373e-03
2.722621858119964600e-01
-2.389671802520751953e-01
-8.967164158821105957e-01
-3.420840799808502197e-01
2.877712845802307129e-01
-3.465683758258819580e-01
-5.241227746009826660e-01
7.999299764633178711e-01
5.891184210777282715e-01
-1.058763146400451660e+00
-1.464352965354919434e+00
7.647704333066940308e-02
-1.252192497253417969e+00
-3.442065119743347168e-01
2.166739225387573242e+00
7.628090679645538330e-03
-1.815169095993041992e+00
-2.139405459165573120e-01
1.314144253730773926e+00
-5.663226842880249023e-01
-8.119210600852966309e-01
-1.811025977134704590e+00
-4.412326216697692871e-01
3.903843402862548828e+00
-3.687722444534301758e+00
-2.234945893287658691e-01
-2.018387466669082642e-01
9.706099629402160645e-01
4.781820476055145264e-01
-5.091925263404846191e-01
1.056086897850036621e+00
1.091369986534118652e+00
-4.798868596553802490e-01
-6.009941101074218750e-01
1.813417911529541016e+00
2.575364708900451660e-01
2.491195201873779297e-01
-1.789264440536499023e+00
1.548144578933715820e+00
-1.300186514854431152e+00
-2.104286104440689087e-01
-1.040160432457923889e-01
-1.902593255043029785e+00
-6.770204305648803711e-01
1.120854854583740234e+00
-1.764917731285095215e+00
8.151735663414001465e-01
7.779477834701538086e-01
9.443119913339614868e-02
-2.633706331253051758e-01
6.084715947508811951e-02
-1.599205017089843750e+00
-5.778198838233947754e-01
-2.097108602523803711e+00
-8.779060840606689453e-02
-1.016866207122802734e+00
6.881737112998962402e-01
-4.502833485603332520e-01
-1.247449040412902832e+00
-7.137448526918888092e-03
-1.163955211639404297e+00
-8.447275161743164062e-01
1.770210266113281250e+00
2.983204461634159088e-02
-7.179923704825341702e-04
4.139032661914825439e-01
-1.818999290466308594e+00
6.601272225379943848e-01
1.804894208908081055e-01
-2.641789019107818604e-01
-2.326753288507461548e-01
8.516005426645278931e-02
7.308626770973205566e-01
-7.641992568969726562e-01
1.303066968917846680e+00
-1.052445054054260254e+00
8.551811575889587402e-01
-3.070896565914154053e-01
9.323138594627380371e-01
9.504716992378234863e-01
-4.871316850185394287e-01
1.520016074180603027e+00
-6.755576133728027344e-01
-1.111147642135620117e+00
-6.986753344535827637e-01
-7.599487900733947754e-01
-4.353576898574829102e-01
-1.936027646064758301e+00
2.168541699647903442e-01
1.596419066190719604e-01
-1.516570925712585449e+00
-5.528681278228759766e-01
2.302888184785842896e-01
-1.260792732238769531e+00
5.443298220634460449e-01
-8.510672450065612793e-01
-6.243007183074951172e-01
-1.541532993316650391e+00
-4.283193349838256836e-01
-1.153770685195922852e+00
2.373371720314025879e-01
1.923943638801574707e+00
-1.603653073310852051e+00
-6.844791024923324585e-02
-1.362338423728942871e+00
-6.754953265190124512e-01
4.142696857452392578e-01
-9.186251759529113770e-01
-6.595059037208557129e-01
-2.684778213500976562e+00
-3.867556154727935791e-01
6.540886759757995605e-01
4.992113709449768066e-01
-7.025596499443054199e-02
2.150312364101409912e-01
3.282564282417297363e-01
2.134833335876464844e-01
-1.802742034196853638e-01
-3.433179259300231934e-01
-8.177673220634460449e-01
7.667471170425415039e-01
-9.129392504692077637e-01
-1.626057028770446777e+00
8.535504937171936035e-01
-1.269727706909179688e+00
-7.844861745834350586e-01
-1.942245066165924072e-01
1.175271272659301758e+00
-6.620672941207885742e-01
-1.161354899406433105e+00
-1.287249773740768433e-01
-8.484808206558227539e-01
-1.539284735918045044e-01
1.302832365036010742e+00
8.432173132896423340e-01
1.129309415817260742e+00
-2.518893778324127197e-01
-2.104024171829223633e+00
-4.644940197467803955e-01
-9.914474934339523315e-02
-3.252882063388824463e-01
-4.655842483043670654e-01
4.535867869853973389e-01
-1.544267296791076660e+00
9.050487279891967773e-01
2.312556952238082886e-01
6.915238499641418457e-01
5.214147567749023438e-01
3.473702073097229004e-01
3.595150113105773926e-01
-1.040987491607666016e+00
1.317022800445556641e+00
-1.307129114866256714e-01
-3.130643665790557861e-01
5.010043978691101074e-01
-1.912084072828292847e-01
-2.805996537208557129e-01
7.815697193145751953e-01
9.778756499290466309e-01
1.057544708251953125e+00
5.829809904098510742e-01
-7.043444365262985229e-02
8.275104314088821411e-02
5.584315657615661621e-01
8.376771211624145508e-01
2.889848947525024414e-01
9.244839847087860107e-02
1.214253902435302734e+00
-6.171053051948547363e-01
7.908638119697570801e-01
-1.151356577873229980e+00
2.615130841732025146e-01
-1.286679804325103760e-01
1.965442299842834473e+00
1.475976258516311646e-01
6.361634135246276855e-01
8.296443223953247070e-01
-4.555776715278625488e-01
-1.359604001045227051e+00
1.385982751846313477e+00
5.662583112716674805e-01
-5.754275918006896973e-01
-1.614403247833251953e+00
-2.406422138214111328e+00
3.367279171943664551e-01
3.951364755630493164e-01
-5.120431184768676758e-01
5.306955575942993164e-01
-5.533794760704040527e-01
-2.844880223274230957e-01
6.595088243484497070e-01
-1.571833372116088867e+00
5.600251555442810059e-01
3.528417348861694336e-01
-4.208014160394668579e-02
-1.975729316473007202e-01
-3.298716992139816284e-02
1.935246825218200684e+00
-5.544754862785339355e-01
-1.020317077636718750e+00
-5.831702351570129395e-01
-1.373444199562072754e-01
-2.152325391769409180e+00
-2.293506115674972534e-01
1.872812956571578979e-01
1.882716119289398193e-01
-3.036055266857147217e-01
-1.153056740760803223e+00
-2.450751811265945435e-01
8.077249675989151001e-02
-1.176466464996337891e+00
6.130593419075012207e-01
-9.935502707958221436e-02
3.947542905807495117e-01
-4.454847872257232666e-01
1.022184133529663086e+00
-1.604146212339401245e-01
4.366392791271209717e-01
1.211029529571533203e+00
-9.199478030204772949e-01
5.418058112263679504e-02
-8.850201964378356934e-01
-1.238788247108459473e+00
6.490620970726013184e-01
1.309844613075256348e+00
9.001731276512145996e-01
3.682815730571746826e-01
-8.773187398910522461e-01
6.999123841524124146e-02
-2.545630931854248047e-01
-1.430882979184389114e-02
-8.097820878028869629e-01
2.434859424829483032e-01
-9.264531135559082031e-01
6.895412504673004150e-02
-2.047069549560546875e+00
-7.297584414482116699e-01
4.655451774597167969e-01
1.070419192314147949e+00
-1.719178408384323120e-01
8.558953404426574707e-01
3.296989947557449341e-02
1.286167502403259277e-01
-3.772933185100555420e-01
-7.486820816993713379e-01
9.639790058135986328e-01
1.760357022285461426e-01
3.204539716243743896e-01
3.532841801643371582e-01
1.974883198738098145e+00
3.300321698188781738e-01
-1.379091620445251465e+00
1.005376577377319336e+00
-6.055313348770141602e-01
2.241697907447814941e-01
6.201509237289428711e-01
7.462835311889648438e-01
-1.351991176605224609e+00
-2.985492348670959473e-01
3.154270723462104797e-02
-1.286807060241699219e-01
-2.242115437984466553e-01
4.244008958339691162e-01
-1.479801088571548462e-01
-1.413061857223510742e+00
-4.587996304035186768e-01
5.401635766029357910e-01
-6.125751733779907227e-01
-3.812665939331054688e-01
-1.954190991818904877e-02
5.396478176116943359e-01
4.111815989017486572e-01
-3.026937544345855713e-01
4.787703752517700195e-01
-7.605247497558593750e-01
-1.211650609970092773e+00
-6.173663735389709473e-01
2.401457726955413818e-01
-6.585956215858459473e-01
-3.096928894519805908e-01
5.199248194694519043e-01
1.285883337259292603e-01
-5.267278552055358887e-01
9.197940230369567871e-01
1.496076226234436035e+00
7.291842699050903320e-01
-4.157848060131072998e-01
-1.240448832511901855e+00
-1.340866386890411377e-01
6.931523680686950684e-01
3.181400895118713379e-01
4.348956346511840820e-01
-2.815917432308197021e-01
1.809055447578430176e+00
1.975124627351760864e-01
2.787470817565917969e-01
4.247877001762390137e-01
1.731911659240722656e+00
-1.146371364593505859e+00
-1.467120885848999023e+00
4.708014726638793945e-01
-2.904828786849975586e-01
-6.246799603104591370e-02
-1.066347677260637283e-02
7.386878132820129395e-01
-1.074800938367843628e-01
-6.010296195745468140e-02
-9.256405234336853027e-01
5.126404762268066406e-01
1.001226663589477539e+00
9.730021953582763672e-01
4.707438126206398010e-02
-6.242365837097167969e-01
1.398642182350158691e+00
3.364014625549316406e-01
-1.318532466888427734e+00
1.071111917495727539e+00
-9.866595268249511719e-02
-9.453413486480712891e-01
9.152224063873291016e-01
