-7.924951314926147461e-01
-1.515899062156677246e+00
-2.394388169050216675e-01
-1.384906619787216187e-01
1.337421655654907227e+00
2.411963939666748047e-01
7.192431390285491943e-02
3.945983350276947021e-01
-9.462304711341857910e-01
-1.118947267532348633e+00
-1.624373555183410645e+00
5.184939503669738770e-01
5.165586471557617188e-01
5.713660120964050293e-01
9.414001107215881348e-01
4.501671493053436279e-01
-4.329462945461273193e-01
2.662455141544342041e-01
-9.526722431182861328e-01
-1.779518961906433105e+00
-4.172827899456024170e-01
8.868279457092285156e-01
1.446418285369873047e+00
1.295653581619262695e-01
-1.208312392234802246e+00
2.968541085720062256e-01
-5.872657299041748047e-01
-1.141250848770141602e+00
1.745886206626892090e-01
-3.358905017375946045e-01
-4.966695010662078857e-01
5.497675538063049316e-01
9.473802149295806885e-02
-3.074814677238464355e-01
-5.027419924736022949e-01
-1.456122994422912598e-01
-7.927511334419250488e-01
-9.610375761985778809e-02
2.029714584350585938e+00
2.563668489456176758e-01
1.245705485343933105e-01
3.545195758342742920e-01
1.221442520618438721e-01
-1.390102386474609375e+00
-1.060322046279907227e+00
1.835717558860778809e+00
7.158232927322387695e-01
-7.947270870208740234e-01
-4.492404758930206299e-01
-2.461409866809844971e-01
-1.590342998504638672e+00
1.117807999253273010e-01
1.978619545698165894e-01
-1.858184039592742920e-01
2.880895733833312988e-01
4.337390065193176270e-01
4.164687395095825195e-01
1.677417635917663574e+00
-2.097802050411701202e-02
-2.091072082519531250e+00
-7.254948616027832031e-01
2.444911956787109375e+00
-7.599864602088928223e-01
1.794038891792297363e+00
-3.536511659622192383e-01
1.558960229158401489e-01
1.079410407692193985e-02
-2.385799139738082886e-01
-1.039117693901062012e+00
-1.171943187713623047e+00
-7.935255169868469238e-01
5.955639481544494629e-01
2.662585079669952393e-01
-1.225544929504394531e+00
-7.217015624046325684e-01
1.184151291847229004e+00
8.188408017158508301e-01
-9.369138479232788086e-01
1.605533361434936523e-01
-8.716859221458435059e-01
-5.079210400581359863e-01
-1.374448060989379883e+00
-3.458089828491210938e-01
-1.301847100257873535e+00
-3.489029109477996826e-01
-6.029279232025146484e-01
1.720368415117263794e-01
-1.816091299057006836e+00
-8.292040824890136719e-01
-2.587933279573917389e-02
1.406413912773132324e+00
2.885610759258270264e-01
-4.139807820320129395e-01
-9.730956703424453735e-02
3.859639465808868408e-01
2.488435059785842896e-01
1.022023677825927734e+00
-5.384948253631591797e-01
-1.475998520851135254e+00
4.588761329650878906e-01
-6.130695343017578125e-01
1.587743759155273438e+00
-1.386247038841247559e+00
4.945964813232421875e-01
2.179326534271240234e+00
-1.433081388473510742e+00
6.726938486099243164e-02
3.501533269882202148e-01
3.834701329469680786e-02
6.257839798927307129e-01
9.436753392219543457e-01
-7.340084314346313477e-01
-6.429622769355773926e-01
-2.809774398803710938e+00
-3.816125690937042236e-01
-1.373486876487731934e+00
-6.447964906692504883e-01
5.710264444351196289e-01
-1.926364541053771973e+00
3.903640061616897583e-02
1.764805763959884644e-01
1.287681311368942261e-01
7.682728767395019531e-01
4.118479490280151367e-01
-7.389253377914428711e-01
2.166885584592819214e-01
-2.131417036056518555e+00
7.079719901084899902e-01
-8.180117607116699219e-01
2.395826205611228943e-02
1.403613388538360596e-01
-4.741681516170501709e-01
5.078144669532775879e-01
9.642515778541564941e-01
2.400409579277038574e-01
1.531935334205627441e-01
1.661557197570800781e+00
1.386681105941534042e-02
-3.525422811508178711e-01
1.439576297998428345e-01
1.257416129112243652e+00
-9.675364494323730469e-01
1.633798718452453613e+00
-1.756103277206420898e+00
-1.499217391014099121e+00
-3.211927711963653564e-01
8.494798541069030762e-01
1.225301742553710938e+00
9.486688300967216492e-03
4.406359493732452393e-01
7.786288857460021973e-01
-1.375778913497924805e+00
6.226364374160766602e-01
5.607794523239135742e-01
-1.044851094484329224e-01
-1.223358869552612305e+00
-9.372767210006713867e-01
3.057971894741058350e-01
1.469410359859466553e-01
-6.731366366147994995e-02
-2.227882385253906250e+00
6.185210943222045898e-01
5.217818617820739746e-01
6.853330731391906738e-01
-9.950986504554748535e-01
4.050954878330230713e-01
-5.712078809738159180e-01
9.805403649806976318e-02
1.016875728964805603e-01
-1.267484784126281738e+00
1.021809056401252747e-01
-6.258868575096130371e-01
-4.871511459350585938e-01
-1.269345283508300781e-01
2.897600650787353516e+00
-2.000797748565673828e+00
7.691171765327453613e-01
7.375701665878295898e-01
7.451950311660766602e-01
-1.691137790679931641e+00
-4.316807165741920471e-02
1.062176227569580078e+00
3.084619343280792236e-01
-4.865547120571136475e-01
-7.730444073677062988e-01
3.046016693115234375e-01
-2.251316905021667480e-01
-3.031561374664306641e-01
-1.310350596904754639e-01
-5.781859904527664185e-02
-2.742511928081512451e-01
5.560079813003540039e-01
-5.266011953353881836e-01
5.941033959388732910e-01
-3.125717043876647949e-01
7.893271446228027344e-01
-3.003107905387878418e-01
1.250140815973281860e-01
1.181046009063720703e+00
1.652603387832641602e+00
-1.970377564430236816e+00
7.025002837181091309e-01
-1.299431800842285156e+00
-1.928233802318572998e-01
4.877792000770568848e-01
-1.262532174587249756e-01
-7.904247641563415527e-01
3.381331861019134521e-01
-1.440063834190368652e+00
1.931369900703430176e+00
6.883275508880615234e-01
-7.877282500267028809e-01
2.922587990760803223e-01
-1.282562017440795898e+00
-1.743100434541702271e-01
8.955768346786499023e-01
1.825254917144775391e+00
-1.221385240554809570e+00
-1.626792192459106445e+00
5.106215476989746094e-01
-1.831119507551193237e-01
-7.398977875709533691e-01
7.447480559349060059e-01
-7.604507207870483398e-01
2.174331545829772949e-01
-1.173011511564254761e-01
9.337300062179565430e-01
-1.600368320941925049e-01
-1.326074242591857910e+00
-6.458272337913513184e-01
-1.236760639585554600e-03
5.468364357948303223e-01
-3.098915815353393555e-01
3.894510865211486816e-01
-1.605490207672119141e+00
5.651571229100227356e-02
1.447918772697448730e+00
5.275611951947212219e-02
-1.540998816490173340e-01
2.407562285661697388e-01
2.270419299602508545e-01
-1.702314168214797974e-01
-1.921639204025268555e+00
2.983319163322448730e-01
-1.443340063095092773e+00
-1.874799132347106934e-01
6.460709571838378906e-01
-1.241985708475112915e-02
2.887822687625885010e-01
1.176827549934387207e+00
-8.185414224863052368e-02
1.863903284072875977e+00
-4.199046492576599121e-01
-5.664992928504943848e-01
-6.823523044586181641e-01
3.640016317367553711e-01
2.881181240081787109e-01
1.269572377204895020e+00
-3.357301056385040283e-01
-1.644937157630920410e+00
-1.312270164489746094e+00
1.178888082504272461e+00
-1.072553396224975586e+00
1.052280902862548828e+00
-8.111832737922668457e-01
-3.505530655384063721e-01
8.009657263755798340e-02
1.629920005798339844e+00
8.677472472190856934e-01
7.990142107009887695e-01
9.626271724700927734e-01
-4.384025931358337402e-01
-1.080783158540725708e-01
6.787122488021850586e-01
-7.638635039329528809e-01
-2.324301242828369141e+00
9.370730519294738770e-01
-3.064955174922943115e-01
-9.475982189178466797e-01
-3.281182348728179932e-01
-1.289579272270202637e+00
-3.234143853187561035e-01
-8.260783553123474121e-01
-3.164412677288055420e-01
-3.550617694854736328e-01
-1.155150532722473145e+00
-2.568394243717193604e-01
1.046530365943908691e+00
7.115938663482666016e-01
1.044413924217224121e+00
-4.987543225288391113e-01
7.102321982383728027e-01
-1.012805700302124023e+00
1.171995997428894043e+00
-1.196664690971374512e+00
-1.042498126626014709e-01
-2.153060883283615112e-01
1.900649070739746094e+00
-3.693057298660278320e-01
3.269484341144561768e-01
6.208493709564208984e-01
-9.728680849075317383e-01
-7.698584198951721191e-01
-2.705495357513427734e-01
3.437239229679107666e-01
-9.053773880004882812e-01
9.404145479202270508e-01
2.338350296020507812e+00
1.191952705383300781e+00
-1.559427261352539062e+00
5.768820643424987793e-01
-1.078493833541870117e+00
5.527443066239356995e-02
-2.624504804611206055e+00
2.486359179019927979e-01
-1.245152279734611511e-01
-1.510310918092727661e-01
-1.221098780632019043e+00
4.851777106523513794e-03
-1.012825369834899902e+00
1.096712774597108364e-03
-1.735248446464538574e+00
7.521005868911743164e-01
-6.387737989425659180e-01
5.811470150947570801e-01
-1.382695436477661133e+00
2.140134096145629883e+00
5.950223207473754883e-01
-2.697628363966941833e-02
8.300310373306274414e-01
-4.384212791919708252e-01
3.033278226852416992e+00
6.057855486869812012e-01
-3.438840806484222412e-01
6.520588397979736328e-01
7.484555244445800781e-01
2.123498171567916870e-01
1.597386717796325684e+00
-1.199755668640136719e+00
5.733120441436767578e-01
-4.455493688583374023e-01
6.515493988990783691e-01
2.708340406417846680e+00
-1.938885748386383057e-01
1.175566673278808594e+00
1.537482738494873047e-01
-2.862168550491333008e-01
-1.420933127403259277e+00
3.696236386895179749e-02
-1.124793291091918945e+00
-4.845628440380096436e-01
-1.348266601562500000e-01
7.266829162836074829e-02
4.897035956382751465e-01
-4.600051939487457275e-01
-1.447778105735778809e+00
-1.883567124605178833e-01
4.659188985824584961e-01
7.468067109584808350e-02
-7.159749865531921387e-01
7.748203277587890625e-01
-1.802191257476806641e+00
1.084307432174682617e+00
-1.884147971868515015e-01
-5.987450480461120605e-01
1.128804981708526611e-01
1.154533773660659790e-01
-8.460097312927246094e-01
1.024488136172294617e-01
-2.074297517538070679e-01
-3.399300277233123779e-01
1.176169157028198242e+00
-4.751904010772705078e-01
-5.052000284194946289e-01
-7.490785121917724609e-01
5.382845401763916016e-01
-8.096196502447128296e-02
1.107004165649414062e+00
-2.816665172576904297e-01
-1.157878994941711426e+00
-2.170173376798629761e-01
7.697888463735580444e-02
-1.668690443038940430e-01
-3.681963086128234863e-01
6.519921422004699707e-01
-7.103546261787414551e-01
1.194600164890289307e-01
3.661141395568847656e-01
7.027377486228942871e-01
2.798650562763214111e-01
-1.127065345644950867e-01
-6.918448805809020996e-01
-1.383148074150085449e+00
-4.873044192790985107e-01
-8.309693336486816406e-01
1.400099515914916992e+00
9.700706601142883301e-01
1.600793600082397461e-01
2.272714525461196899e-01
9.439054131507873535e-02
-1.133618474006652832e+00
4.314526617527008057e-01
7.176470160484313965e-01
-3.821733295917510986e-01
-1.406499147415161133e-01
2.933843433856964111e-01
-7.892529368400573730e-01
-1.687669456005096436e-01
3.194724619388580322e-01
3.756295144557952881e-01
4.164736270904541016e-01
2.226372718811035156e+00
-3.562629818916320801e-01
1.541991233825683594e+00
-3.221167325973510742e-01
9.432625174522399902e-01
-3.915674611926078796e-02
-2.681387364864349365e-01
-1.034956946969032288e-01
-1.883863061666488647e-01
-7.818272709846496582e-01
-5.900145769119262695e-01
-2.190886974334716797e+00
-1.473217606544494629e+00
1.010959029197692871e+00
1.813369870185852051e+00
1.897616505622863770e+00
4.456258416175842285e-01
1.202468276023864746e+00
-1.114105224609375000e+00
-1.155498385429382324e+00
-2.302616536617279053e-01
1.150120422244071960e-01
-6.173238754272460938e-01
-9.839826822280883789e-01
2.550171613693237305e-01
-1.135874986648559570e+00
-1.732138544321060181e-01
5.681986212730407715e-01
-2.426502853631973267e-01
-1.133961677551269531e+00
6.484987139701843262e-01
4.713768884539604187e-02
6.286811549216508865e-03
6.928271055221557617e-02
-6.456753611564636230e-01
-5.652773380279541016e-01
1.769372820854187012e+00
-5.070958733558654785e-01
9.376644492149353027e-01
-8.129951357841491699e-01
1.995199441909790039e+00
-1.351634263992309570e-01
-7.700356841087341309e-01
1.010359764099121094e+00
4.792663156986236572e-01
1.883082208223640919e-03
1.275578618049621582e+00
-3.679136931896209717e-01
-6.886408925056457520e-01
6.465517282485961914e-01
-1.621703982353210449e+00
3.360679149627685547e-01
-1.738942861557006836e-01
1.324997097253799438e-01
1.596922874450683594e+00
7.778639197349548340e-01
5.956167578697204590e-01
-1.165986299514770508e+00
-1.085592210292816162e-01
1.684200644493103027e+00
1.457652449607849121e+00
-1.557013541460037231e-01
2.713080406188964844e+00
-2.296262979507446289e-01
8.326856791973114014e-02
-1.343583166599273682e-01
2.993609189987182617e+00
-6.678398847579956055e-01
-3.756359517574310303e-01
1.279563307762145996e+00
-1.281822919845581055e+00
7.709319591522216797e-01
-5.381702780723571777e-01
7.756096124649047852e-01
-2.485269069671630859e+00
-1.376644849777221680e+00
-1.338789612054824829e-01
6.039310097694396973e-01
-6.718852519989013672e-01
2.229008972644805908e-01
-4.446504414081573486e-01
4.668860733509063721e-01
-4.374009072780609131e-01
4.191089272499084473e-01
-1.535076379776000977e+00
-3.898901641368865967e-01
-5.614427924156188965e-01
8.078082203865051270e-01
-3.741276264190673828e-01
5.817426443099975586e-01
-5.783286094665527344e-01
3.995091915130615234e-01
5.372729301452636719e-01
3.581463098526000977e-01
1.414595842361450195e+00
1.927804827690124512e+00
1.407220602035522461e+00
-1.616371750831604004e+00
-9.500105381011962891e-01
-1.951594352722167969e-01
-5.359539985656738281e-01
7.001168131828308105e-01
2.202544927597045898e+00
4.868011176586151123e-01
7.031217813491821289e-01
1.497487306594848633e+00
-1.239843726158142090e+00
6.337953358888626099e-02
5.602225661277770996e-01
7.280723452568054199e-01
-2.599487602710723877e-01
1.179135441780090332e+00
2.020535469055175781e+00
4.510042667388916016e-01
6.799599528312683105e-01
-1.100039556622505188e-01
-3.614972233772277832e-01
1.148392200469970703e+00
-1.808990538120269775e-01
-9.712573289871215820e-01
-4.908411800861358643e-01
-1.510937333106994629e+00
7.199916988611221313e-02
-1.431518346071243286e-01
-2.335082292556762695e-01
-8.129507303237915039e-01
-8.553609251976013184e-01
1.001888036727905273e+00
1.150063425302505493e-01
1.265055775642395020e+00
-1.689568400382995605e+00
1.196696683764457703e-01
-8.831399679183959961e-01
-5.331880450248718262e-01
5.915269851684570312e-01
7.185413837432861328e-01
-8.458546400070190430e-01
1.349816918373107910e+00
1.485958695411682129e-01
-5.584502220153808594e-01
-4.790380001068115234e-01
-8.099235892295837402e-01
-7.557708621025085449e-01
-5.274262428283691406e-01
7.029794454574584961e-01
-1.771904528141021729e-01
-1.348728537559509277e+00
-2.670366466045379639e-01
1.531236767768859863e-01
-5.424799323081970215e-01
-1.869840770959854126e-01
-3.961624801158905029e-01
5.970209836959838867e-01
1.172416925430297852e+00
-1.990064382553100586e+00
1.479486376047134399e-01
-7.841663956642150879e-01
6.973809599876403809e-01
-2.850273847579956055e+00
-9.893301725387573242e-01
-7.806832790374755859e-01
-1.070449113845825195e+00
-2.155841588973999023e-01
-4.943169951438903809e-01
-9.970830753445625305e-03
3.147553801536560059e-01
-1.705441117286682129e+00
3.009217977523803711e-01
1.567040532827377319e-01
3.836480081081390381e-01
5.052426457405090332e-01
-5.720319151878356934e-01
7.941600084304809570e-01
-2.750313282012939453e-01
9.685081839561462402e-01
-3.325548768043518066e-01
7.956246137619018555e-01
-2.540857493877410889e-01
1.308791160583496094e+00
8.157050013542175293e-01
-1.624635696411132812e+00
7.846196889877319336e-01
-7.132560014724731445e-01
1.039145216345787048e-01
1.372848749160766602e+00
-3.063571751117706299e-01
5.816991925239562988e-01
-6.442716121673583984e-01
-2.875896692276000977e-01
-4.338161051273345947e-01
5.556567907333374023e-01
-7.528680562973022461e-01
9.152886271476745605e-01
3.584358990192413330e-01
1.698401927947998047e+00
1.954473704099655151e-01
-4.257549643516540527e-01
2.534515857696533203e-01
-8.683386445045471191e-02
2.170911312103271484e+00
-8.688694834709167480e-01
-1.466146409511566162e-01
-6.825201511383056641e-01
3.631618618965148926e-01
-5.385234355926513672e-01
7.303681969642639160e-01
3.452841043472290039e-01
-1.926389932632446289e-01
-4.222528934478759766e-01
-2.987438999116420746e-02
-3.250686526298522949e-01
1.065293252468109131e-01
1.881141662597656250e-01
-2.908658683300018311e-01
-8.818013072013854980e-01
-3.375078141689300537e-01
-3.660535216331481934e-01
-9.640660881996154785e-01
1.485096573829650879e+00
1.317163825035095215e+00
-1.070493340492248535e+00
5.014652013778686523e-01
1.117524981498718262e+00
-1.349970102310180664e+00
-1.591181904077529907e-01
7.159458398818969727e-01
1.848057508468627930e-01
3.003473579883575439e-01
-1.837102770805358887e+00
-1.372952610254287720e-01
2.278124392032623291e-01
4.455794692039489746e-01
-8.235030174255371094e-01
6.204441189765930176e-01
-7.050316929817199707e-01
2.273543775081634521e-01
-1.605870318599045277e-03
3.984566628932952881e-01
-1.974533081054687500e+00
1.017532348632812500e+00
-1.166978836059570312e+00
5.091241002082824707e-01
-8.196124434471130371e-01
-8.412494659423828125e-01
2.393570095300674438e-01
-4.263705611228942871e-01
1.566952943801879883e+00
1.932887196540832520e+00
6.464583277702331543e-01
-7.346413135528564453e-01
-1.296194076538085938e+00
1.471843004226684570e+00
-3.699302673339843750e-01
-9.134443849325180054e-02
-3.530644997954368591e-02
6.684165447950363159e-02
1.764882802963256836e-01
-2.456851750612258911e-01
-3.113838732242584229e-01
3.172018751502037048e-02
6.061150431632995605e-01
-8.221263289451599121e-01
-5.690923333168029785e-01
-2.293432950973510742e+00
-4.809083342552185059e-01
-1.942591965198516846e-01
-1.152413964271545410e+00
-7.325437664985656738e-02
1.629351973533630371e+00
3.297809064388275146e-01
-3.577612042427062988e-01
-9.401385486125946045e-02
4.726630449295043945e-01
-4.367780685424804688e-01
-1.432659924030303955e-01
-9.330469369888305664e-02
2.708677053451538086e+00
7.227579355239868164e-01
-1.039416313171386719e+00
5.672392249107360840e-01
4.826003685593605042e-02
7.894908785820007324e-01
6.657494604587554932e-02
-2.634546756744384766e-01
2.620169520378112793e-01
3.237947225570678711e-01
7.328513264656066895e-01
-1.125372886657714844e+00
-1.062758415937423706e-01
3.431442677974700928e-01
-8.873835206031799316e-01
1.406117081642150879e+00
-2.867967188358306885e-01
-9.198995828628540039e-01
8.614151179790496826e-02
1.813801050186157227e+00
1.159993410110473633e+00
-2.131935358047485352e+00
-7.226172834634780884e-03
2.258921384811401367e+00
-6.079253554344177246e-01
-9.596508741378784180e-01
-2.389429807662963867e+00
-5.059923529624938965e-01
-4.640487954020500183e-03
5.580560564994812012e-01
-4.552990794181823730e-01
-2.565792202949523926e-01
-3.199816048145294189e-01
-9.260368347167968750e-01
-1.732006967067718506e-01
-1.763029247522354126e-01
6.338664889335632324e-01
1.587253212928771973e+00
-1.817784011363983154e-01
2.722152471542358398e-01
9.419253468513488770e-01
8.288739919662475586e-01
-2.987659871578216553e-01
6.917390823364257812e-01
-1.567928642034530640e-01
-3.873952031135559082e-01
9.593914449214935303e-02
-2.823199629783630371e-01
1.228647828102111816e+00
5.268386602401733398e-01
1.332679867744445801e+00
2.262525856494903564e-01
-2.094569683074951172e+00
2.839376926422119141e-01
6.142304539680480957e-01
2.326701283454895020e-01
-2.146187424659729004e-01
-6.299697756767272949e-01
1.395644664764404297e+00
-3.467364311218261719e-01
5.307511687278747559e-01
-3.597778677940368652e-01
-1.042214751243591309e+00
1.425372242927551270e+00
-1.241717815399169922e+00
-1.817884389311075211e-03
6.543207764625549316e-01
-1.498824119567871094e+00
7.573564648628234863e-01
1.658020496368408203e+00
1.521004796028137207e+00
1.223933577537536621e+00
1.542964279651641846e-01
-9.818112254142761230e-01
-9.944678097963333130e-02
-1.350108146667480469e+00
8.257295936346054077e-02
5.053319931030273438e-01
-1.624896168708801270e+00
1.429059058427810669e-01
-8.386161923408508301e-01
