-7.622982859611511230e-01
-6.601741909980773926e-02
-7.250850796699523926e-01
-3.387876749038696289e-01
1.301599889993667603e-01
2.590003795921802521e-02
-6.441428661346435547e-01
9.506764411926269531e-01
-3.197586536407470703e-01
-3.274876773357391357e-01
-1.720731496810913086e+00
-1.239452123641967773e+00
1.180710196495056152e+00
-1.447302341461181641e+00
5.939489603042602539e-01
4.813516139984130859e-01
-8.424576371908187866e-02
1.232674717903137207e+00
3.198662027716636658e-02
-2.018230199813842773e+00
-1.906721711158752441e+00
1.165800929069519043e+00
1.060306429862976074e+00
-2.030663490295410156e-01
1.422518491744995117e-01
6.706236600875854492e-01
-1.887719482183456421e-01
2.200663387775421143e-01
7.459182143211364746e-01
3.810750246047973633e-01
-1.172538995742797852e-01
1.356000781059265137e+00
3.087009489536285400e-01
4.881381988525390625e-01
3.241683840751647949e-01
-3.269784748554229736e-01
-5.747583508491516113e-01
-2.660194039344787598e-01
3.727595806121826172e-01
4.243295639753341675e-02
-3.852378129959106445e-01
-2.675322890281677246e-01
5.550578236579895020e-01
-1.316208958625793457e+00
3.150395154953002930e-01
3.286938071250915527e-01
1.423542499542236328e+00
-1.347994804382324219e+00
-3.471545130014419556e-02
8.422931432723999023e-01
-1.071315526962280273e+00
-1.818783879280090332e-01
-2.839110195636749268e-01
-6.727429628372192383e-01
-1.717632859945297241e-01
2.331140756607055664e+00
-1.088971495628356934e+00
-5.873917415738105774e-02
5.526954531669616699e-01
-1.741417884826660156e+00
-9.073846340179443359e-01
1.836851596832275391e+00
-6.138396859169006348e-01
1.095946550369262695e+00
6.915569901466369629e-01
-9.439495205879211426e-01
1.383025497198104858e-01
-7.582327723503112793e-01
-7.879815101623535156e-01
-1.372014731168746948e-01
-7.644742727279663086e-02
5.201774835586547852e-01
2.536828815937042236e-01
-3.349103629589080811e-01
2.772335410118103027e-01
-9.047284126281738281e-01
-2.898106276988983154e-01
3.638592064380645752e-01
1.799870967864990234e+00
-4.170099794864654541e-01
-4.612491726875305176e-01
-7.432672977447509766e-01
-1.456212997436523438e+00
-1.130893588066101074e+00
-6.016200184822082520e-01
1.077943146228790283e-01
-1.253474354743957520e-01
-1.686010837554931641e+00
-1.956441402435302734e+00
6.901370882987976074e-01
1.669434428215026855e+00
4.046893119812011719e-01
7.140551209449768066e-01
-9.243943542242050171e-02
5.094600319862365723e-01
1.323889493942260742e+00
3.820840716361999512e-01
-9.258017539978027344e-01
-5.337951779365539551e-01
-1.332837581634521484e+00
4.529297947883605957e-01
1.698055386543273926e+00
-2.905132770538330078e-01
1.713442206382751465e+00
7.523783445358276367e-01
1.972707509994506836e-01
4.138732850551605225e-01
3.631619513034820557e-01
-1.375147253274917603e-01
1.309424042701721191e+00
1.063788414001464844e+00
8.625504374504089355e-01
5.587223172187805176e-02
2.320425808429718018e-01
-6.356040239334106445e-01
9.058193117380142212e-02
-1.057174131274223328e-01
7.659835219383239746e-01
1.286977678537368774e-01
3.314581215381622314e-01
-3.276104331016540527e-01
1.354440927505493164e+00
-1.074276566505432129e+00
-6.170701608061790466e-02
-1.341975688934326172e+00
1.653203845024108887e+00
-1.961410045623779297e+00
2.648318409919738770e-01
-6.368296742439270020e-01
-2.821492254734039307e-01
1.260398745536804199e+00
-9.309930801391601562e-01
3.474253714084625244e-01
2.955531477928161621e-01
-1.325595140457153320e+00
4.399064183235168457e-02
1.843586444854736328e+00
-1.633209466934204102e+00
1.273511886596679688e+00
8.546206355094909668e-02
5.961752533912658691e-01
-2.430166244506835938e+00
1.210658073425292969e+00
-2.650893926620483398e-01
-1.399805188179016113e+00
9.617735743522644043e-01
6.453867554664611816e-01
1.274823427200317383e+00
5.579910874366760254e-01
-5.564235448837280273e-01
-2.114371538162231445e+00
-1.228945374488830566e+00
-2.729499936103820801e-01
-5.732378363609313965e-01
-2.295007258653640747e-01
-2.019571065902709961e+00
-9.006524682044982910e-01
-5.504133701324462891e-01
3.767700493335723877e-01
2.627702057361602783e-01
-1.695789098739624023e+00
-9.129471778869628906e-01
-8.196553587913513184e-01
-1.292794823646545410e+00
-3.122392296791076660e-01
3.238619267940521240e-01
-3.781765699386596680e-01
-1.528344023972749710e-02
7.722488790750503540e-02
-7.192902565002441406e-01
-9.728515148162841797e-01
2.903718352317810059e-01
-1.679750978946685791e-01
-1.334351748228073120e-01
3.242915570735931396e-01
-1.459734201431274414e+00
1.914705514907836914e+00
3.984780609607696533e-01
3.879891335964202881e-01
-9.368320703506469727e-01
8.906875848770141602e-01
-4.103193581104278564e-01
1.664658635854721069e-01
-5.423092246055603027e-01
-5.837237238883972168e-01
-8.128125071525573730e-01
-1.961315035820007324e+00
-2.438623428344726562e+00
4.525546357035636902e-02
1.434502601623535156e-01
-3.984965384006500244e-01
4.549925327301025391e-01
2.081690877676010132e-01
5.429353713989257812e-01
-9.356285631656646729e-02
9.563701599836349487e-02
3.407135903835296631e-01
-1.222695112228393555e-01
9.137399196624755859e-01
1.709269165992736816e+00
-1.126059293746948242e+00
3.828208744525909424e-01
-8.437133431434631348e-01
5.882731080055236816e-02
3.267401754856109619e-01
1.565701067447662354e-01
-9.473967365920543671e-03
-3.719163686037063599e-02
1.216771528124809265e-01
9.436559677124023438e-01
-2.303372919559478760e-01
-5.207111239433288574e-01
3.764209747314453125e-01
-6.376973986625671387e-01
2.047097682952880859e-01
6.743623614311218262e-01
5.085474848747253418e-01
1.049321770668029785e+00
3.496232330799102783e-01
-2.568013072013854980e-01
-2.955497503280639648e-01
-9.300392866134643555e-01
3.980650603771209717e-01
-1.253663063049316406e+00
1.203600168228149414e+00
2.231297641992568970e-01
-3.042427599430084229e-01
-1.558984071016311646e-01
2.894661128520965576e-01
-1.829905867576599121e+00
2.747024595737457275e-01
4.376130700111389160e-01
-1.945282965898513794e-01
4.244042932987213135e-01
-1.916656613349914551e+00
2.533885538578033447e-01
1.000785361975431442e-02
2.060531526803970337e-01
-6.725327968597412109e-01
-4.443858861923217773e-01
-6.944472789764404297e-01
-1.661311745643615723e+00
-2.544206678867340088e-01
-2.034095823764801025e-01
-1.982093453407287598e-01
4.568538963794708252e-01
-4.128409326076507568e-01
1.400179117918014526e-01
-1.261413544416427612e-01
5.566235184669494629e-01
-7.054169178009033203e-01
-1.372891943901777267e-02
-5.373858287930488586e-02
-1.568164229393005371e-01
-8.613188266754150391e-01
-4.194942489266395569e-02
1.018404126167297363e+00
1.518677592277526855e+00
-1.101407647132873535e+00
-4.020205438137054443e-01
-1.047562122344970703e+00
1.302626252174377441e+00
-1.448179483413696289e+00
9.887848794460296631e-02
-7.494139075279235840e-01
-8.941200375556945801e-01
-1.150130271911621094e+00
9.974648356437683105e-01
1.010958194732666016e+00
-1.299679558724164963e-02
2.201457619667053223e-01
-3.175042271614074707e-01
-1.597969681024551392e-01
9.475450515747070312e-01
1.298156261444091797e+00
-9.238842129707336426e-01
1.152594313025474548e-01
2.648735940456390381e-01
-1.199523806571960449e+00
-3.713820576667785645e-01
5.919340252876281738e-01
2.458667308092117310e-01
-9.544021487236022949e-01
1.550558090209960938e+00
7.112464904785156250e-01
-3.125519156455993652e-01
-3.625195324420928955e-01
7.346090674400329590e-01
2.461149096488952637e-01
1.803520917892456055e-01
2.028794437646865845e-01
7.495439648628234863e-01
-9.887760281562805176e-01
1.137676119804382324e+00
-1.594048440456390381e-01
5.342718362808227539e-01
1.521654985845088959e-02
6.617429256439208984e-01
4.756075739860534668e-01
-7.008699774742126465e-01
-4.492900148034095764e-02
7.977730035781860352e-01
-6.120761632919311523e-01
-8.115335702896118164e-01
3.902641236782073975e-01
3.771676719188690186e-01
5.493242144584655762e-01
1.025179386138916016e+00
7.677537798881530762e-01
-7.516435384750366211e-01
3.995107114315032959e-01
-8.525616526603698730e-01
1.343478113412857056e-01
-6.550090312957763672e-01
4.965459704399108887e-01
7.922453284263610840e-01
-1.047980412840843201e-01
-3.465668484568595886e-02
7.933201789855957031e-01
-2.415069103240966797e+00
-1.480057537555694580e-01
-8.821318149566650391e-01
1.166182830929756165e-01
9.356417655944824219e-01
6.244474053382873535e-01
5.890863537788391113e-01
5.992507338523864746e-01
5.011619925498962402e-01
-4.079448878765106201e-01
-9.343891143798828125e-01
-2.813153266906738281e-01
1.175431847572326660e+00
-1.152444481849670410e+00
-9.835759401321411133e-01
7.178030610084533691e-01
9.270033240318298340e-01
1.166604235768318176e-01
1.085803627967834473e+00
-4.866431355476379395e-01
6.158905625343322754e-01
8.822975307703018188e-02
5.976746678352355957e-01
2.030543088912963867e+00
-7.774323821067810059e-01
2.086955457925796509e-01
4.503704011440277100e-01
-2.662173807621002197e-01
-1.011400103569030762e+00
-7.165022194385528564e-02
3.042085766792297363e-01
-8.622696399688720703e-01
-3.097787201404571533e-01
-4.019924402236938477e-01
5.612621083855628967e-02
-4.722084105014801025e-01
-2.828737199306488037e-01
-3.773833215236663818e-01
-1.322575807571411133e-01
-1.103476658463478088e-01
1.106926500797271729e-01
-3.363536894321441650e-01
-8.883742690086364746e-01
8.350363373756408691e-01
-2.228928208351135254e-01
-9.059527516365051270e-01
1.718001842498779297e+00
5.635786056518554688e-01
5.221595764160156250e-01
4.062359035015106201e-01
-7.028849720954895020e-01
-9.253708124160766602e-01
7.290144562721252441e-01
1.902212798595428467e-01
-6.436817049980163574e-01
2.481520026922225952e-01
1.053100705146789551e+00
-3.987980186939239502e-01
6.567516326904296875e-01
4.632282257080078125e-02
-1.088887453079223633e+00
8.659038543701171875e-01
2.854996621608734131e-01
-1.314608156681060791e-01
-7.102305293083190918e-01
1.270965337753295898e-01
3.365709185600280762e-01
-1.081967473030090332e+00
4.108954966068267822e-01
3.145763874053955078e-01
-4.359817206859588623e-01
6.588159799575805664e-01
1.067461133003234863e+00
-1.355307459831237793e+00
-1.394151568412780762e+00
-6.024416685104370117e-01
5.128687024116516113e-01
9.589169621467590332e-01
1.208461880683898926e+00
9.349368512630462646e-02
4.609818160533905029e-01
3.027572631835937500e-01
2.867874205112457275e-01
-6.677716225385665894e-02
-2.561151981353759766e-02
-8.805724382400512695e-01
-4.725193083286285400e-01
-7.358534932136535645e-01
-8.217005133628845215e-01
4.165385663509368896e-01
-4.528445899486541748e-01
9.930271655321121216e-02
1.442969679832458496e+00
-4.838652908802032471e-01
-5.285977721214294434e-01
-4.467598199844360352e-01
3.441963493824005127e-01
-1.165071487426757812e+00
-7.160823941230773926e-01
-1.142084836959838867e+00
-5.499494671821594238e-01
-8.024272918701171875e-01
-1.024942994117736816e+00
-2.530958414077758789e+00
-3.549113869667053223e-01
2.770448625087738037e-01
1.864057183265686035e+00
1.239431262016296387e+00
-7.237188816070556641e-01
-3.932155966758728027e-01
8.894391655921936035e-01
-7.625605463981628418e-01
1.412351727485656738e+00
-7.204981893301010132e-02
-1.857013702392578125e-01
-1.379657983779907227e+00
-8.093644380569458008e-01
-9.067398309707641602e-01
-1.069853544235229492e+00
-1.757466048002243042e-01
-7.594992220401763916e-02
-7.815709710121154785e-01
1.269803047180175781e-01
1.147496461868286133e+00
-1.187531113624572754e+00
-2.740236371755599976e-02
5.980730801820755005e-02
-8.444468379020690918e-01
9.817396402359008789e-01
5.263991951942443848e-01
1.400880098342895508e+00
-8.804454803466796875e-01
6.794013381004333496e-01
-1.056257784366607666e-01
-4.437849223613739014e-01
-1.216399595141410828e-01
-6.252956227399408817e-04
1.723098605871200562e-01
2.600679695606231689e-01
-2.968252599239349365e-01
7.371220737695693970e-02
-1.139625072479248047e+00
-2.281628549098968506e-01
1.776174269616603851e-02
3.294457495212554932e-02
6.643899679183959961e-01
1.038046717643737793e+00
1.294502139091491699e+00
6.534734964370727539e-01
-9.444780349731445312e-01
1.302772313356399536e-01
6.396539807319641113e-01
1.921057105064392090e+00
-1.117020174860954285e-01
1.398323059082031250e+00
-3.576410114765167236e-01
-2.894587814807891846e-01
6.146671175956726074e-01
1.382654428482055664e+00
6.306024193763732910e-01
-3.409070670604705811e-01
1.060877367854118347e-01
-5.715068578720092773e-01
-7.993586659431457520e-01
2.194565087556838989e-01
6.960498690605163574e-01
-1.842254996299743652e+00
5.327657461166381836e-01
-2.899738252162933350e-01
7.874597907066345215e-01
7.707840800285339355e-01
3.054842352867126465e-01
4.858509898185729980e-01
-2.115581743419170380e-02
3.863321244716644287e-01
1.554348915815353394e-01
-1.614977002143859863e+00
-7.253257632255554199e-01
-3.913345187902450562e-02
-3.863281309604644775e-01
-7.220399379730224609e-01
2.978721857070922852e-01
-7.201662659645080566e-01
9.493390917778015137e-01
1.403737664222717285e+00
-3.515546396374702454e-02
1.303413510322570801e+00
1.941969633102416992e+00
1.150579929351806641e+00
-1.968488812446594238e+00
3.023839183151721954e-02
-3.318054974079132080e-01
2.996160686016082764e-01
-7.252546399831771851e-02
5.289937257766723633e-01
-1.633261740207672119e-01
6.890456080436706543e-01
1.489885568618774414e+00
-1.480251073837280273e+00
-3.181118071079254150e-01
1.754187345504760742e-01
1.061546206474304199e+00
-5.978944301605224609e-01
5.038533806800842285e-01
-1.956702023744583130e-02
-1.006049036979675293e+00
1.506826467812061310e-02
7.487611174583435059e-01
-1.756507307291030884e-01
-4.981107413768768311e-01
2.715777158737182617e-01
-3.140420019626617432e-01
4.140824452042579651e-02
-1.580232858657836914e+00
-4.259479939937591553e-01
-1.444903463125228882e-01
-2.729274988174438477e+00
-5.508528947830200195e-01
-2.053802758455276489e-01
-2.717522978782653809e-01
4.055181443691253662e-01
7.521151304244995117e-01
-1.819972515106201172e+00
-1.195578575134277344e+00
4.698042571544647217e-02
-7.198734581470489502e-02
-1.234921932220458984e+00
4.911857545375823975e-01
-7.380530238151550293e-01
5.799438357353210449e-01
9.087346196174621582e-01
-1.007216930389404297e+00
-2.461665570735931396e-01
-2.487504035234451294e-01
1.151629909873008728e-01
6.340344548225402832e-01
-3.773541375994682312e-02
3.008346855640411377e-01
1.374501138925552368e-01
9.524033218622207642e-02
-8.915446400642395020e-01
4.279681295156478882e-02
4.842843413352966309e-01
-5.307121872901916504e-01
4.761891663074493408e-01
-2.969219684600830078e-01
-1.225573062896728516e+00
-6.616930365562438965e-01
-2.283570528030395508e+00
5.088825821876525879e-01
-1.366419345140457153e-01
-1.018914103507995605e+00
-7.565934211015701294e-02
-8.263061642646789551e-01
1.322991698980331421e-01
-1.498613715171813965e+00
-8.106163740158081055e-01
3.685022592544555664e-01
4.748908579349517822e-01
1.167864426970481873e-01
2.316274642944335938e-01
5.895324349403381348e-01
6.910218000411987305e-01
4.939376711845397949e-01
1.333415627479553223e+00
5.180090069770812988e-01
5.986605286598205566e-01
-5.565534904599189758e-02
8.905091285705566406e-01
2.908956706523895264e-01
1.206586718559265137e+00
5.154711008071899414e-01
1.296398490667343140e-01
-8.654271811246871948e-02
1.414103806018829346e-01
1.633891649544239044e-02
7.116939425468444824e-01
6.054949164390563965e-01
1.763483285903930664e+00
-7.393945455551147461e-01
-5.715808272361755371e-01
1.576920866966247559e+00
8.457913994789123535e-01
-4.464367926120758057e-01
1.331116318702697754e+00
6.065403819084167480e-01
-2.713832557201385498e-01
1.207142695784568787e-01
8.119828104972839355e-01
6.366531550884246826e-02
8.004648089408874512e-01
2.123818397521972656e-01
6.031476333737373352e-02
-3.136693686246871948e-02
9.623634219169616699e-01
-3.659618198871612549e-01
-6.635757088661193848e-01
8.936519622802734375e-01
-3.214813768863677979e-01
-3.717853426933288574e-01
-4.056032896041870117e-01
-8.591288924217224121e-01
-1.080963730812072754e+00
9.878828190267086029e-03
1.245859339833259583e-01
7.589446008205413818e-02
-1.006981492042541504e+00
-1.155997753143310547e+00
3.591689765453338623e-01
-2.951473928987979889e-02
-8.816547393798828125e-01
3.603987693786621094e-01
-3.631732761859893799e-01
2.301149815320968628e-02
1.233432412147521973e+00
-8.251749873161315918e-01
-9.011790156364440918e-02
1.120095849037170410e+00
2.111170142889022827e-01
1.120552942156791687e-01
-7.525720000267028809e-01
1.171366095542907715e+00
1.003477275371551514e-01
-2.782326042652130127e-01
-5.541998147964477539e-01
-1.062533497810363770e+00
-1.085209250450134277e+00
-1.214953213930130005e-01
7.699632644653320312e-01
-2.744051814079284668e-01
-1.703327298164367676e+00
-3.155729472637176514e-01
-9.428145289421081543e-01
-7.306695580482482910e-01
-4.020573496818542480e-01
-7.603696547448635101e-03
7.035285830497741699e-01
-4.854943454265594482e-01
1.271334290504455566e+00
1.530222296714782715e+00
-6.138881668448448181e-02
-8.239260315895080566e-01
-7.586659193038940430e-01
8.817592263221740723e-01
1.437945604324340820e+00
5.221577286720275879e-01
1.300333976745605469e+00
-5.571290850639343262e-01
1.111759066581726074e+00
7.969642877578735352e-01
1.459415629506111145e-02
-1.158041000366210938e+00
1.900534331798553467e-01
-8.401044607162475586e-01
1.397105678915977478e-02
-1.125690460205078125e+00
-5.460980534553527832e-01
-7.209051400423049927e-02
-4.139505922794342041e-01
3.160395473241806030e-02
-3.182759582996368408e-01
3.327312767505645752e-01
1.581701785326004028e-01
-7.676960527896881104e-02
2.372704029083251953e+00
-4.249584078788757324e-01
-1.398879051208496094e+00
-4.565943777561187744e-02
9.869793653488159180e-01
6.081635951995849609e-01
-3.912946581840515137e-01
9.293069839477539062e-01
-1.096589583903551102e-02
-4.794282019138336182e-01
-4.088577628135681152e-01
1.514080613851547241e-01
-4.621887803077697754e-01
1.093468189239501953e+00
4.613014459609985352e-01
-1.781652212142944336e+00
-7.507511377334594727e-01
7.396087795495986938e-02
-6.498045921325683594e-01
1.816871166229248047e+00
2.550373971462249756e-01
-3.572835028171539307e-01
5.026976466178894043e-01
4.631856977939605713e-01
6.534245610237121582e-01
-1.087461948394775391e+00
-8.215302228927612305e-01
2.582483291625976562e+00
-7.446456551551818848e-01
4.500747099518775940e-02
-6.449465751647949219e-01
-2.641324996948242188e-01
2.479317635297775269e-01
5.624964237213134766e-01
-5.675792694091796875e-01
-2.531087994575500488e-01
-4.876346886157989502e-01
-5.390892028808593750e-01
1.306195020675659180e+00
6.965367197990417480e-01
1.526251062750816345e-02
1.129006505012512207e+00
-4.260738492012023926e-01
-1.347263008356094360e-01
6.425558328628540039e-01
1.247233510017395020e+00
-3.524611294269561768e-01
-1.695819385349750519e-02
8.568375110626220703e-01
1.059837080538272858e-02
1.891690939664840698e-01
-9.454014152288436890e-02
2.851569652557373047e-01
-5.164466500282287598e-01
-7.920765876770019531e-01
-4.935577213764190674e-01
-1.408163785934448242e+00
7.918897271156311035e-01
9.007743000984191895e-01
1.097965165972709656e-01
-8.187348395586013794e-02
6.448277831077575684e-01
-1.345866322517395020e-01
-5.748897790908813477e-01
2.101204842329025269e-01
8.743211030960083008e-01
-2.001110315322875977e-01
1.352521777153015137e+00
-2.226535379886627197e-01
-5.048500299453735352e-01
-1.554450094699859619e-01
2.384100407361984253e-01
-7.387507557868957520e-01
4.810407161712646484e-01
8.232258558273315430e-01
2.150142431259155273e+00
-5.013069882988929749e-02
-1.926105260848999023e+00
1.610883116722106934e+00
-1.192834377288818359e+00
1.861465871334075928e-01
-1.014691233634948730e+00
-1.179416060447692871e+00
-2.606476843357086182e-02
1.638601422309875488e-01
