-1.103079915046691895e+00
-2.409627437591552734e-01
-1.043434262275695801e+00
6.052348017692565918e-01
-1.238209009170532227e+00
-7.460740208625793457e-02
-1.142068028450012207e+00
9.637778401374816895e-01
2.525254786014556885e-01
-3.521603047847747803e-01
-2.539676189422607422e+00
-1.244196534156799316e+00
4.799399971961975098e-01
-1.196971058845520020e+00
1.414718985557556152e+00
-3.860863298177719116e-02
-4.641959965229034424e-01
1.227658033370971680e+00
-3.144713044166564941e-01
-1.039009928703308105e+00
-1.504092216491699219e+00
-4.352164641022682190e-02
1.479337811470031738e+00
-1.242863059043884277e+00
4.350998103618621826e-01
7.484173774719238281e-02
1.408947408199310303e-01
-7.930697500705718994e-02
1.981109529733657837e-01
8.628285527229309082e-01
-4.104685187339782715e-01
-1.779218949377536774e-02
5.501451715826988220e-02
8.579562306404113770e-01
-3.084988594055175781e-01
-3.297466039657592773e-01
-3.501469790935516357e-01
-1.635362803936004639e-01
6.002817749977111816e-01
4.204508662223815918e-02
-3.726473152637481689e-01
5.112173557281494141e-01
1.861221939325332642e-01
-9.152313470840454102e-01
8.512374758720397949e-01
1.042277812957763672e-01
-7.583046704530715942e-02
-1.254622220993041992e+00
3.047505617141723633e-01
7.029483318328857422e-01
-1.576888561248779297e+00
-3.890610858798027039e-02
1.023267149925231934e+00
-5.783500671386718750e-01
6.814121007919311523e-01
7.054430842399597168e-01
-7.873250246047973633e-01
5.243751406669616699e-01
-5.529388189315795898e-01
-1.395042657852172852e+00
-6.369814276695251465e-01
1.843052744865417480e+00
-7.172567248344421387e-01
1.312470793724060059e+00
1.012058734893798828e+00
2.333565615117549896e-03
-1.249425560235977173e-01
-6.881203055381774902e-01
-6.415405273437500000e-01
-4.615068435668945312e-02
-2.545885741710662842e-01
1.408477187156677246e+00
1.048183202743530273e+00
6.394765526056289673e-02
5.663501024246215820e-01
2.902046032249927521e-02
2.543489634990692139e-01
4.018352627754211426e-01
4.608832001686096191e-01
-1.373502314090728760e-01
-2.366191297769546509e-01
-7.238164544105529785e-02
-2.513318955898284912e-01
-1.528317093849182129e+00
1.063169121742248535e+00
3.854327201843261719e-01
-3.251254186034202576e-02
-9.205658435821533203e-01
-1.760668396949768066e+00
-2.492407113313674927e-01
2.983274161815643311e-01
9.254851341247558594e-01
-2.815717272460460663e-02
-2.793113291263580322e-01
1.090280413627624512e+00
1.095586299896240234e+00
5.854291319847106934e-01
-7.850844264030456543e-01
-5.894862413406372070e-01
-1.542602032423019409e-01
-2.652903832495212555e-02
1.365962266921997070e+00
-9.112473577260971069e-02
1.453291535377502441e+00
6.962652206420898438e-01
-4.659368395805358887e-01
5.174099802970886230e-01
-6.678390502929687500e-01
1.517527341842651367e+00
1.120449900627136230e+00
8.328502774238586426e-01
1.006229400634765625e+00
-5.413441658020019531e-01
-1.715219140052795410e+00
-3.782116472721099854e-01
-1.126070857048034668e+00
-1.386051774024963379e-01
7.894114851951599121e-01
-8.650009036064147949e-01
2.617767751216888428e-01
-9.433895349502563477e-01
6.849087476730346680e-01
6.598907988518476486e-03
8.170977234840393066e-01
-8.834353089332580566e-01
6.610023975372314453e-01
-2.805481433868408203e+00
6.696265935897827148e-01
-1.023389935493469238e+00
-1.496315300464630127e-01
-2.839817851781845093e-02
-1.096636414527893066e+00
-1.732807755470275879e-01
3.589546084403991699e-01
1.728213429450988770e-01
-3.082321723923087120e-03
2.333163261413574219e+00
-1.255344867706298828e+00
1.354650855064392090e+00
8.596946597099304199e-01
1.791899681091308594e+00
-1.741980671882629395e+00
9.611876606941223145e-01
-1.179862737655639648e+00
-5.178696513175964355e-01
3.328083753585815430e-01
8.368543982505798340e-01
2.049757957458496094e+00
-6.159505844116210938e-01
-2.850982546806335449e-01
-1.158508181571960449e+00
-9.909088611602783203e-01
-8.432382941246032715e-01
-7.607977390289306641e-01
-9.974693655967712402e-01
-7.065070867538452148e-01
-1.312310099601745605e+00
-4.045397043228149414e-02
5.354280471801757812e-01
-2.635652124881744385e-01
-2.195811986923217773e+00
-1.728950023651123047e+00
5.029720067977905273e-01
-1.177623629570007324e+00
-5.328684449195861816e-01
8.172448873519897461e-01
-2.088338136672973633e-01
-4.461365640163421631e-01
3.678110837936401367e-01
-8.968612551689147949e-01
-4.437203705310821533e-01
7.738327383995056152e-01
5.420374870300292969e-02
-1.705256104469299316e+00
1.192158818244934082e+00
-1.553216099739074707e+00
7.035041451454162598e-01
1.292948842048645020e+00
5.191884040832519531e-01
-1.204199552536010742e+00
1.857962161302566528e-01
-1.396967321634292603e-01
3.298009932041168213e-01
-3.377895653247833252e-01
-2.454919666051864624e-01
-5.918825864791870117e-01
-1.525572180747985840e+00
-2.145465373992919922e+00
-1.266306787729263306e-01
1.828518360853195190e-01
-1.123356938362121582e+00
-6.808102130889892578e-01
4.105330109596252441e-01
6.955031752586364746e-01
-5.809350609779357910e-01
-1.796202510595321655e-01
9.103320837020874023e-01
-2.399911582469940186e-01
8.167503476142883301e-01
6.773902773857116699e-01
-8.028164505958557129e-01
5.922032594680786133e-01
-1.143800377845764160e+00
1.742663085460662842e-01
-2.470967024564743042e-01
-8.619175553321838379e-01
2.043608874082565308e-01
-9.643940627574920654e-02
-5.550172328948974609e-01
1.256638050079345703e+00
-2.944732010364532471e-01
-6.215603947639465332e-01
1.474881321191787720e-01
-5.277608633041381836e-01
-1.616977602243423462e-01
-7.808095216751098633e-02
-6.698375940322875977e-01
1.445378184318542480e+00
2.575942873954772949e-01
3.092274367809295654e-01
1.504283100366592407e-01
-4.807662069797515869e-01
1.332755684852600098e+00
-4.110660851001739502e-01
1.406670689582824707e+00
-8.735600113868713379e-01
5.731716156005859375e-01
2.827404737472534180e-01
1.169646903872489929e-02
-1.021689534187316895e+00
3.340595364570617676e-01
6.512475609779357910e-01
8.419162034988403320e-01
-4.181047379970550537e-01
-1.138712286949157715e+00
9.267536997795104980e-01
-7.161971330642700195e-01
-4.337541460990905762e-01
-5.377289652824401855e-01
-1.441764712333679199e+00
-2.350366860628128052e-01
-1.137656211853027344e+00
-1.462514042854309082e+00
5.037157535552978516e-01
-5.453810691833496094e-01
3.612474501132965088e-01
-1.267502605915069580e-01
1.392763137817382812e+00
8.170304298400878906e-01
6.320959329605102539e-01
-1.390699148178100586e+00
7.623398900032043457e-01
9.166228771209716797e-01
-7.673193812370300293e-01
-1.842109113931655884e-01
-4.787674546241760254e-01
4.721904098987579346e-01
3.265262246131896973e-01
-7.641954421997070312e-01
-1.831905692815780640e-01
-6.811266541481018066e-01
1.062405586242675781e+00
1.339387446641921997e-01
-2.566071450710296631e-01
-3.165458440780639648e-01
-1.099932551383972168e+00
-8.844863772392272949e-01
4.037647042423486710e-03
8.560076951980590820e-01
-4.377840757369995117e-01
3.356482684612274170e-01
-3.297537267208099365e-01
-1.437395066022872925e-01
9.923283457756042480e-01
9.218633174896240234e-01
-2.139134645462036133e+00
-9.612002968788146973e-02
1.040042936801910400e-01
-2.208513259887695312e+00
-6.402875781059265137e-01
5.792493224143981934e-01
1.143640056252479553e-01
-8.600804209709167480e-01
4.852462410926818848e-01
6.398199200630187988e-01
-7.517223954200744629e-01
-3.049426078796386719e-01
1.148666143417358398e+00
6.174584031105041504e-01
7.994743585586547852e-01
-1.848860979080200195e-01
1.097866177558898926e+00
-1.255158931016921997e-01
1.724548101425170898e+00
-1.384126543998718262e+00
5.664328113198280334e-02
4.593673646450042725e-01
-2.266530543565750122e-01
5.790153890848159790e-02
-6.444807648658752441e-01
7.310321927070617676e-01
6.889749765396118164e-01
4.596897363662719727e-01
-5.850878357887268066e-02
4.073130488395690918e-01
-7.421841621398925781e-01
9.865195155143737793e-01
9.182757139205932617e-01
-4.730007052421569824e-01
-6.513340473175048828e-01
6.851898431777954102e-01
-1.408194422721862793e+00
-8.126676827669143677e-02
-9.673972725868225098e-01
3.827389478683471680e-01
7.449734807014465332e-01
-1.130030453205108643e-01
5.779423117637634277e-01
1.210660934448242188e+00
-1.907682895660400391e+00
-2.440458834171295166e-01
-1.624669075012207031e+00
-7.595776766538619995e-02
2.593704164028167725e-01
-1.983724832534790039e-01
1.477803826332092285e+00
6.911439895629882812e-01
1.095636248588562012e+00
-9.988869428634643555e-01
-3.192819654941558838e-01
-4.020809233188629150e-01
9.777545332908630371e-01
-1.378380656242370605e+00
-9.140268564224243164e-01
5.052717328071594238e-01
1.017451167106628418e+00
-8.188890814781188965e-01
1.203840732574462891e+00
-6.076054573059082031e-01
1.383117318153381348e+00
2.302765697240829468e-01
1.385644793510437012e+00
2.075559377670288086e+00
-6.284291148185729980e-01
6.737841758877038956e-03
2.038573771715164185e-01
-4.715083539485931396e-02
-2.992797791957855225e-01
1.826918423175811768e-01
7.267428189516067505e-02
-2.621477842330932617e-01
4.598246812820434570e-01
-1.061814665794372559e+00
-5.985764786601066589e-02
-6.541768908500671387e-01
-9.101386070251464844e-01
-3.467643857002258301e-01
-3.409511744976043701e-01
3.990950584411621094e-01
3.761638700962066650e-01
-4.414056241512298584e-01
-1.614784836769104004e+00
1.530603408813476562e+00
-2.525529079139232635e-02
-1.211552977561950684e+00
2.197517156600952148e+00
5.683133602142333984e-01
-4.245133996009826660e-01
5.825015306472778320e-01
-3.521595001220703125e-01
-1.189704537391662598e+00
4.512258172035217285e-01
4.196262955665588379e-01
-1.065979361534118652e+00
5.916571021080017090e-01
1.307416200637817383e+00
2.797880470752716064e-01
4.294904172420501709e-01
-7.082552183419466019e-03
-1.198000192642211914e+00
-4.365291818976402283e-02
-1.385215371847152710e-01
-1.423089355230331421e-01
-4.121767580509185791e-01
4.441584944725036621e-01
5.663912892341613770e-01
-4.269671142101287842e-01
7.558652758598327637e-02
3.879808187484741211e-01
-8.716996908187866211e-01
4.283858463168144226e-02
-7.375187277793884277e-01
-7.332395911216735840e-01
-1.031675338745117188e+00
-1.115258455276489258e+00
5.990140438079833984e-01
2.597636282444000244e-01
6.682509183883666992e-01
1.549352258443832397e-01
-1.982912421226501465e-01
2.605758607387542725e-01
6.948009729385375977e-01
2.936702370643615723e-01
-1.056181788444519043e+00
-9.971294403076171875e-01
1.704909466207027435e-02
-1.662529826164245605e+00
-7.571092844009399414e-01
3.552825450897216797e-01
1.198176741600036621e+00
-1.324682116508483887e+00
1.132424116134643555e+00
-1.912793368101119995e-01
1.114882901310920715e-01
4.664840400218963623e-01
4.677245914936065674e-01
-8.823056221008300781e-01
-1.822397410869598389e-01
-9.495351910591125488e-01
6.611656546592712402e-01
-1.216996192932128906e+00
-1.121422529220581055e+00
-1.262721180915832520e+00
-9.700589179992675781e-01
-7.320898175239562988e-01
1.164657950401306152e+00
1.173837542533874512e+00
7.951965928077697754e-01
2.175489664077758789e-01
9.076409339904785156e-01
-1.063945412635803223e+00
9.493461251258850098e-01
-5.042539238929748535e-01
-8.937234878540039062e-01
-1.219472885131835938e+00
5.623058080673217773e-01
-1.352066397666931152e+00
1.129060238599777222e-02
2.599251270294189453e-02
1.153553128242492676e+00
-5.948932170867919922e-01
-3.880622982978820801e-01
9.765141457319259644e-02
-4.180263280868530273e-01
-3.422085940837860107e-01
3.459168970584869385e-01
-1.361935734748840332e+00
6.024032235145568848e-01
-7.300638556480407715e-01
7.917696237564086914e-01
-8.950128555297851562e-01
7.818216681480407715e-01
-5.824292898178100586e-01
4.909173548221588135e-01
-2.434470206499099731e-01
8.659334778785705566e-01
7.691369652748107910e-01
3.380557894706726074e-01
-5.692689418792724609e-01
4.326482489705085754e-02
3.603236079216003418e-01
-3.533553779125213623e-01
-4.462269842624664307e-01
9.890670329332351685e-02
3.405802845954895020e-01
4.743469357490539551e-01
1.303810596466064453e+00
1.296518594026565552e-01
-2.714020609855651855e-01
-8.858150988817214966e-02
1.624499320983886719e+00
1.130587697029113770e+00
1.372031569480895996e+00
2.000478029251098633e+00
-5.214357376098632812e-01
6.801713109016418457e-01
2.095203660428524017e-02
1.761817336082458496e+00
-1.100555062294006348e+00
-8.289206624031066895e-01
6.620436310768127441e-01
-3.972840905189514160e-01
-4.030118882656097412e-01
-2.167918235063552856e-01
3.181025087833404541e-01
-6.562743186950683594e-01
-2.344078123569488525e-01
1.226503327488899231e-01
-2.672118693590164185e-02
6.594170928001403809e-01
-8.436851948499679565e-02
4.740304648876190186e-01
1.372760385274887085e-01
-1.835175007581710815e-01
-1.362872123718261719e-01
-1.715231537818908691e+00
-1.013378262519836426e+00
-1.022956132888793945e+00
1.518058627843856812e-01
6.581160426139831543e-02
3.199196159839630127e-01
-1.635900735855102539e+00
1.127132296562194824e+00
9.465000033378601074e-01
1.255155950784683228e-01
1.222605824470520020e+00
1.603537082672119141e+00
1.108896017074584961e+00
-1.650845646858215332e+00
-3.252050876617431641e-01
-6.248169541358947754e-01
6.528738141059875488e-01
-7.893286347389221191e-01
8.741959333419799805e-01
1.548128843307495117e+00
8.389768600463867188e-01
1.328431725502014160e+00
-9.343804717063903809e-01
2.833675742149353027e-01
-2.845225930213928223e-01
9.448141455650329590e-01
-6.203392520546913147e-02
4.862977564334869385e-01
5.792071819305419922e-01
-5.366792678833007812e-01
-5.288512706756591797e-01
3.334289491176605225e-01
9.769713282585144043e-01
-6.395385861396789551e-01
-3.805356621742248535e-01
-5.738579034805297852e-01
-7.233180999755859375e-01
-1.355014204978942871e+00
-2.425395101308822632e-01
-1.042253375053405762e+00
-1.500656127929687500e+00
-2.307415157556533813e-01
-5.359624624252319336e-01
1.155624508857727051e+00
-4.308329820632934570e-01
1.010419130325317383e+00
-9.604383111000061035e-01
-4.590695202350616455e-01
-2.035865545272827148e+00
-6.801955401897430420e-03
1.764685958623886108e-01
8.880758881568908691e-01
-3.296634256839752197e-01
-2.727921586483716965e-03
9.206730127334594727e-01
-6.609976887702941895e-01
-6.536641716957092285e-01
-4.606726169586181641e-01
1.220898985862731934e+00
1.750934720039367676e-01
7.991377115249633789e-01
2.427973598241806030e-01
-9.078641422092914581e-03
6.797893643379211426e-01
-1.294279813766479492e+00
3.830886483192443848e-01
-2.594462037086486816e-01
-1.091223120689392090e+00
1.546962499618530273e+00
7.388582825660705566e-02
-1.536780357360839844e+00
-5.913220643997192383e-01
-2.016533851623535156e+00
-8.926911950111389160e-01
-1.063601076602935791e-01
-2.469420284032821655e-01
-4.975286126136779785e-01
-1.477778792381286621e+00
-8.090028166770935059e-01
-1.548311114311218262e+00
-8.986368775367736816e-01
7.376697063446044922e-01
1.760448068380355835e-01
9.636158943176269531e-01
-1.016275048255920410e+00
1.681087017059326172e+00
-1.697821319103240967e-01
-2.966602742671966553e-01
1.038405895233154297e+00
3.687835335731506348e-01
1.748148679733276367e+00
4.350454509258270264e-01
7.825520634651184082e-01
9.574901312589645386e-02
-5.057008862495422363e-01
1.557397544384002686e-01
3.383795917034149170e-01
8.380631804466247559e-01
-4.113012254238128662e-01
8.942130953073501587e-02
1.583231925964355469e+00
8.280460834503173828e-01
1.315849661827087402e+00
-4.414063394069671631e-01
-9.537569880485534668e-01
4.903386235237121582e-01
2.107582613825798035e-02
-7.359124422073364258e-01
4.815101325511932373e-01
3.494438827037811279e-01
1.366814970970153809e-01
-4.431621730327606201e-01
2.049825906753540039e+00
-7.510705292224884033e-02
7.943973541259765625e-01
5.162767767906188965e-01
3.202496469020843506e-02
3.935243487358093262e-01
2.647857964038848877e-01
-7.063892483711242676e-01
-7.575271725654602051e-01
1.497143626213073730e+00
2.366620600223541260e-01
-3.399491310119628906e-01
-1.076218783855438232e-01
-1.381940245628356934e+00
-5.704584717750549316e-01
-5.278713703155517578e-01
2.443672269582748413e-01
-9.915475249290466309e-01
-1.113280057907104492e+00
-7.026239037513732910e-01
-1.163422703742980957e+00
9.345940351486206055e-01
3.775634989142417908e-02
1.903459280729293823e-01
-9.598725438117980957e-01
2.538857460021972656e-01
1.352104544639587402e+00
-1.423421740531921387e+00
5.548745766282081604e-02
2.439231395721435547e+00
2.508297860622406006e-01
1.019577383995056152e+00
-1.348191380500793457e+00
7.730196714401245117e-01
6.538935899734497070e-01
-2.060415297746658325e-01
-9.312356710433959961e-01
-9.476400017738342285e-01
-1.801486611366271973e+00
7.208534516394138336e-04
9.196013808250427246e-01
-9.064891338348388672e-01
-1.373797893524169922e+00
-4.274539649486541748e-01
-7.991259098052978516e-01
1.959708780050277710e-01
-1.666708827018737793e+00
-3.528350591659545898e-02
4.115287959575653076e-01
-4.477124810218811035e-01
4.357617795467376709e-01
1.576136350631713867e+00
-2.642472088336944580e-01
-8.056971430778503418e-01
-8.765059113502502441e-01
2.948280870914459229e-01
1.024990677833557129e+00
1.333845138549804688e+00
4.132204353809356689e-01
-2.905196249485015869e-01
1.266228556632995605e+00
1.056691288948059082e+00
-8.872621059417724609e-01
-4.207370281219482422e-01
4.049283862113952637e-01
-1.431946307420730591e-01
-5.503977537155151367e-01
-1.724960327148437500e+00
-1.479737088084220886e-02
6.630160808563232422e-01
-8.064877986907958984e-01
-2.081208117306232452e-02
-2.809118628501892090e-01
-6.386148929595947266e-01
2.316151708364486694e-01
-5.043821334838867188e-01
1.643378257751464844e+00
-1.165436625480651855e+00
-5.709802508354187012e-01
-2.423807829618453979e-01
7.465096712112426758e-01
1.895415306091308594e+00
2.674899250268936157e-02
5.072352886199951172e-01
-3.969266414642333984e-01
1.034699380397796631e-01
2.771612107753753662e-01
-1.746605522930622101e-02
-6.572091579437255859e-02
-2.105753310024738312e-02
7.611609697341918945e-01
-1.864589929580688477e+00
7.454814314842224121e-01
-3.568226993083953857e-01
-1.132072329521179199e+00
1.927503108978271484e+00
5.751550942659378052e-02
-8.957540392875671387e-01
5.335345268249511719e-01
1.635827302932739258e+00
6.909614205360412598e-01
-1.879008650779724121e+00
-6.436818838119506836e-01
2.629993200302124023e+00
-1.033205389976501465e+00
1.905271857976913452e-01
-7.774723768234252930e-01
4.489241540431976318e-01
4.464481770992279053e-02
1.453737735748291016e+00
6.312305480241775513e-02
7.987100481986999512e-01
-1.104784235358238220e-01
3.284052610397338867e-01
1.457606196403503418e+00
5.843220949172973633e-01
-1.587867140769958496e-01
1.048655748367309570e+00
-1.148644447326660156e+00
3.162126243114471436e-01
7.647469043731689453e-01
5.852023363113403320e-01
-3.816140890121459961e-01
-1.425574272871017456e-01
-6.744086146354675293e-01
4.467878937721252441e-01
-1.228582859039306641e-02
3.679643198847770691e-02
9.525116682052612305e-01
5.816596746444702148e-01
-1.405091732740402222e-01
-5.127558112144470215e-01
-1.376330256462097168e+00
-2.243869937956333160e-02
1.534555315971374512e+00
-1.073964476585388184e+00
4.037728011608123779e-01
7.963178157806396484e-01
1.339509844779968262e+00
-1.878740787506103516e+00
5.573766678571701050e-02
9.498196095228195190e-02
1.584157645702362061e-01
1.051098585128784180e+00
-8.317494988441467285e-01
5.567350983619689941e-02
1.791739463806152344e-01
9.383810162544250488e-01
-2.930110692977905273e-01
1.373616099357604980e+00
4.146789908409118652e-01
1.376951575279235840e+00
-2.170583046972751617e-02
-7.964577078819274902e-01
1.819892525672912598e-01
-2.200737476348876953e+00
6.691582798957824707e-01
-4.838582873344421387e-01
-5.123453140258789062e-01
1.890450865030288696e-01
-4.086736142635345459e-01
