-3.476119339466094971e-01
1.627597451210021973e+00
-2.832437992095947266e+00
2.756778478622436523e+00
2.687489509582519531e+00
-1.937118887901306152e+00
-1.061172842979431152e+00
6.554916501045227051e-01
7.394597679376602173e-02
1.209395885467529297e+00
-1.642804384231567383e+00
-2.138922810554504395e-01
1.301520466804504395e+00
-1.495492339134216309e+00
9.440641999244689941e-01
-2.190819829702377319e-01
1.493955492973327637e+00
-5.783259272575378418e-01
-3.642134070396423340e-01
6.011192202568054199e-01
-1.284639388322830200e-01
1.262612819671630859e+00
4.722917452454566956e-02
-4.001673460006713867e-01
1.517170071601867676e+00
-1.574777007102966309e+00
5.332911387085914612e-02
8.230060338973999023e-01
3.708197474479675293e-01
1.182006955146789551e+00
-8.247153162956237793e-01
-2.381314337253570557e-01
-1.173315718770027161e-01
1.424841046333312988e+00
-6.868603080511093140e-02
5.661037564277648926e-02
-1.207890748977661133e+00
5.028889179229736328e-01
7.958847880363464355e-01
-1.443278074264526367e+00
-7.230591177940368652e-01
-1.666336894035339355e+00
8.078246116638183594e-01
1.320043087005615234e+00
5.173080563545227051e-01
6.638495922088623047e-01
3.140417933464050293e-01
-1.003173112869262695e+00
7.209949940443038940e-02
1.311144381761550903e-01
1.416714042425155640e-01
2.819447815418243408e-01
-2.900090813636779785e-01
-1.817467510700225830e-01
2.131840586662292480e-01
1.762488484382629395e+00
-2.990351617336273193e-01
-8.996473997831344604e-02
1.213516071438789368e-01
-3.880169093608856201e-01
1.381030201911926270e+00
4.577402472496032715e-01
1.163991466164588928e-01
1.255662143230438232e-01
7.213140130043029785e-01
-3.578914701938629150e-01
-3.502324223518371582e-01
9.215067625045776367e-01
1.382413625717163086e+00
1.185878440737724304e-01
3.028804361820220947e-01
5.904323458671569824e-01
-9.970197081565856934e-01
-2.854726836085319519e-02
-1.149207234382629395e+00
-1.364477515220642090e+00
3.198096454143524170e-01
-9.096070528030395508e-01
4.760104417800903320e-01
3.390542566776275635e-01
5.503695011138916016e-01
-1.094840168952941895e+00
7.363722324371337891e-01
1.129025220870971680e+00
6.111167669296264648e-01
9.164760112762451172e-01
6.376002728939056396e-02
-3.188693225383758545e-01
-2.152601003646850586e+00
-6.932163238525390625e-01
-1.836645156145095825e-01
1.276290178298950195e+00
-1.573411822319030762e-01
3.845681548118591309e-01
-1.620095670223236084e-01
5.577903389930725098e-01
-1.052152991294860840e+00
-7.138048298656940460e-03
-1.321050077676773071e-01
5.442494750022888184e-01
-5.863077640533447266e-01
1.223969012498855591e-01
-9.155995845794677734e-01
2.403574228286743164e+00
1.171726226806640625e+00
2.537724494934082031e+00
-6.497668623924255371e-01
1.206532120704650879e+00
6.666608154773712158e-02
4.329829663038253784e-02
3.809391558170318604e-01
-3.558785021305084229e-01
5.387101769447326660e-01
-3.822718858718872070e-01
-7.725461125373840332e-01
-9.398388266563415527e-01
-3.959880769252777100e-01
-1.302772611379623413e-01
7.086946964263916016e-01
-5.261065363883972168e-01
-3.300549387931823730e-01
-8.846952319145202637e-01
1.152153015136718750e+00
-2.310523204505443573e-02
-1.927885651588439941e+00
7.835848331451416016e-01
3.624904453754425049e-01
1.512516856193542480e+00
8.944783806800842285e-01
-7.505842447280883789e-01
-7.414903640747070312e-01
2.965812683105468750e-01
9.129939079284667969e-01
4.957717955112457275e-01
-1.340748548507690430e+00
6.011186242103576660e-01
4.901577234268188477e-01
1.121521592140197754e+00
-1.774108409881591797e+00
-1.157558917999267578e+00
-1.471932381391525269e-01
5.058742761611938477e-01
-2.922435104846954346e-01
-9.500529170036315918e-01
-6.514403223991394043e-01
4.791458845138549805e-01
3.204277949407696724e-03
-5.443022027611732483e-02
2.183082401752471924e-01
3.410485088825225830e-01
-4.722145199775695801e-01
9.501599073410034180e-01
-1.098807826638221741e-01
1.059161424636840820e+00
-8.640802502632141113e-01
-4.820698201656341553e-01
1.206169843673706055e+00
1.239581704139709473e+00
-1.475068330764770508e+00
9.963484406471252441e-01
-2.189251482486724854e-01
7.005407214164733887e-01
4.032585322856903076e-01
-4.614443182945251465e-01
4.162414371967315674e-01
-1.509667038917541504e+00
1.261906743049621582e+00
-2.895843386650085449e-01
-1.258146762847900391e-01
1.058937191963195801e+00
-1.124768853187561035e-01
5.928589105606079102e-01
6.373716890811920166e-02
3.746662735939025879e-01
3.864467442035675049e-01
-1.904694080352783203e+00
1.096921563148498535e+00
7.598727345466613770e-01
-1.685515642166137695e+00
-1.218724846839904785e+00
-6.006090044975280762e-01
-2.098690271377563477e+00
1.236469626426696777e+00
-6.836649775505065918e-01
-2.610849738121032715e-01
-9.810361862182617188e-01
-1.557048082351684570e+00
-1.249034881591796875e+00
-5.081517100334167480e-01
3.319864571094512939e-01
-1.226404905319213867e+00
-1.055236384272575378e-01
-8.285661935806274414e-01
8.233197331428527832e-01
2.867382764816284180e-01
-1.016266465187072754e+00
5.760036408901214600e-02
1.248485088348388672e+00
5.231292843818664551e-01
6.316983103752136230e-01
-5.721498131752014160e-01
-6.477383375167846680e-01
1.155211687088012695e+00
-1.908630430698394775e-01
-9.144504666328430176e-01
-3.969457745552062988e-01
-4.954102039337158203e-01
-4.360240399837493896e-01
-1.446041613817214966e-01
8.948301672935485840e-01
6.136418581008911133e-01
-1.750858902931213379e+00
2.088368654251098633e+00
-1.086047887802124023e+00
-4.583187997341156006e-01
1.022809505462646484e+00
5.031931996345520020e-01
-1.406133025884628296e-01
-6.446246504783630371e-01
7.185412049293518066e-01
-1.055613636970520020e+00
-7.368161082267761230e-01
-5.004690289497375488e-01
4.436557888984680176e-01
8.351369500160217285e-01
-8.727629780769348145e-01
-2.094365507364273071e-01
-5.500162243843078613e-01
1.919038176536560059e+00
-8.319883942604064941e-01
7.985363602638244629e-01
-6.643228530883789062e-01
-2.035145521163940430e+00
4.392375424504280090e-02
3.071631304919719696e-02
7.734934687614440918e-01
2.835169732570648193e-01
-4.400571286678314209e-01
-2.760013937950134277e-01
-8.898985385894775391e-01
-8.564149588346481323e-02
1.034137248992919922e+00
-5.597895979881286621e-01
-9.578358530998229980e-01
-4.973058700561523438e-01
3.219760954380035400e-01
-7.235900163650512695e-01
2.460344731807708740e-01
-3.332166671752929688e-01
8.073224425315856934e-01
6.040930747985839844e-01
2.458629161119461060e-01
1.849754303693771362e-01
1.060357809066772461e+00
1.165935635566711426e+00
6.052621006965637207e-01
-3.740321695804595947e-01
7.003294229507446289e-01
1.871132016181945801e+00
-4.208491742610931396e-01
-5.742814540863037109e-01
-1.671937227249145508e+00
-3.023743033409118652e-01
3.459637463092803955e-01
8.824365139007568359e-01
9.802687764167785645e-01
-9.546139836311340332e-01
-1.351493716239929199e+00
1.777387261390686035e-01
9.082864522933959961e-01
-1.768615841865539551e+00
6.344274878501892090e-01
8.075071498751640320e-03
1.198472023010253906e+00
9.332162141799926758e-01
-1.857333183288574219e+00
4.829311966896057129e-01
-3.039704561233520508e-01
1.429421305656433105e+00
-7.037798166275024414e-01
2.410454601049423218e-01
-1.570188701152801514e-01
5.745533108711242676e-01
-2.674473226070404053e-01
-4.186296761035919189e-01
3.602263927459716797e-01
1.466951221227645874e-01
-1.543826341629028320e+00
2.060595154762268066e-01
-7.661597728729248047e-01
-4.287589788436889648e-01
7.678201794624328613e-01
9.647368788719177246e-01
-3.351289331912994385e-01
-2.007442951202392578e+00
4.578607976436614990e-01
4.561569690704345703e-01
-4.894486665725708008e-01
5.290105342864990234e-01
1.427989959716796875e+00
1.408255100250244141e+00
1.323365092277526855e+00
-2.164214372634887695e+00
9.568056464195251465e-01
9.209091663360595703e-01
-6.272018551826477051e-01
-4.082805812358856201e-01
-4.031958878040313721e-01
6.092596650123596191e-01
-5.734215974807739258e-01
2.637033462524414062e+00
8.413384854793548584e-02
-2.102828770875930786e-01
6.262369751930236816e-01
6.508207917213439941e-01
1.709573715925216675e-01
-1.375807672739028931e-01
1.683274209499359131e-01
-1.770069241523742676e+00
2.381591200828552246e-01
7.217123508453369141e-01
-2.304411888122558594e+00
-4.339734017848968506e-01
1.907523274421691895e+00
9.857727289199829102e-01
4.205084443092346191e-01
-1.859922528266906738e+00
2.038006067276000977e+00
-1.242917776107788086e+00
-1.406032323837280273e+00
-2.009935379028320312e-01
-6.912272572517395020e-01
1.162116646766662598e+00
-4.046189785003662109e-01
7.047099471092224121e-01
1.842477023601531982e-01
-4.980085194110870361e-01
-1.391675323247909546e-01
-6.891058087348937988e-01
-1.469366431236267090e+00
-7.541529536247253418e-01
1.490840911865234375e-01
2.168744087219238281e+00
6.690176725387573242e-01
-1.676580309867858887e+00
-6.967443972826004028e-02
-5.300975441932678223e-01
-1.635151624679565430e+00
-1.530137419700622559e+00
1.270529747009277344e+00
-5.498591065406799316e-01
3.425475656986236572e-01
1.501039981842041016e+00
6.104062795639038086e-01
3.996235132217407227e-02
-9.336266517639160156e-01
-5.421471595764160156e-01
6.948851943016052246e-01
-1.890337914228439331e-01
-3.313595950603485107e-01
-1.164198517799377441e+00
2.236645817756652832e-01
-1.385192871093750000e+00
2.590592950582504272e-02
-7.089536190032958984e-01
-6.914136931300163269e-03
-9.631267786026000977e-01
-1.158291697502136230e+00
-1.637934565544128418e+00
-2.345598697662353516e+00
5.563673973083496094e-01
4.961971938610076904e-01
-5.794258713722229004e-01
-1.506124496459960938e+00
5.701670795679092407e-02
-9.612749814987182617e-01
-5.605741590261459351e-02
2.964505255222320557e-01
7.061492800712585449e-01
-1.220896244049072266e-01
-6.990730166435241699e-01
1.347292423248291016e+00
-1.586392223834991455e-01
-8.465395569801330566e-01
-1.018432021141052246e+00
-9.462991356849670410e-01
-1.853553652763366699e-01
-1.009093284606933594e+00
8.891465663909912109e-01
1.354718301445245743e-02
2.210580259561538696e-01
1.027893066406250000e+00
-5.147888064384460449e-01
3.606376647949218750e-01
5.202750489115715027e-02
-9.583898186683654785e-01
-4.495403468608856201e-01
1.827664487063884735e-02
-3.532906472682952881e-01
-5.486816167831420898e-01
6.165470480918884277e-01
1.109008193016052246e+00
-1.049797654151916504e+00
7.231609821319580078e-01
-1.953816041350364685e-02
-2.490309625864028931e-02
1.727351188659667969e+00
-6.136307716369628906e-01
6.903434991836547852e-01
-3.753982484340667725e-01
-2.679157257080078125e-01
2.329259395599365234e+00
6.782538890838623047e-01
-8.062490820884704590e-01
3.410769701004028320e-01
4.879786446690559387e-02
1.882343053817749023e+00
1.029354572296142578e+00
-1.549492359161376953e+00
1.344211935997009277e+00
8.737048506736755371e-01
1.563971996307373047e+00
-7.094900608062744141e-01
3.190238177776336670e-01
4.445894658565521240e-01
-6.252942234277725220e-02
-2.990545332431793213e-01
-2.694246172904968262e-01
-3.938760757446289062e-01
-1.084062382578849792e-01
-1.270094960927963257e-01
2.429047822952270508e+00
4.620985686779022217e-01
1.318391799926757812e+00
-2.076201677322387695e+00
-2.775793969631195068e-01
-7.049406170845031738e-01
-1.012304067611694336e+00
7.795209288597106934e-01
-9.380931854248046875e-01
-4.143396019935607910e-02
1.077559351921081543e+00
2.707197666168212891e-01
1.092894196510314941e+00
-8.462253212928771973e-01
-3.097725212574005127e-01
3.382724896073341370e-02
-7.713929414749145508e-01
1.011953204870223999e-01
7.529975175857543945e-01
-6.265030503273010254e-01
-2.636860907077789307e-01
6.056777834892272949e-01
1.622558236122131348e+00
-1.195256948471069336e+00
1.699885278940200806e-01
5.438660979270935059e-01
6.459114551544189453e-01
6.960014104843139648e-01
-2.478459358215332031e+00
-7.851389050483703613e-02
-9.627656340599060059e-01
3.519479334354400635e-01
4.188456535339355469e-01
7.786182165145874023e-01
-4.012872874736785889e-01
1.210151314735412598e+00
-2.487886250019073486e-01
1.167356729507446289e+00
-8.973109126091003418e-01
-1.295044064521789551e+00
4.129680395126342773e-01
6.006259322166442871e-01
-6.235706210136413574e-01
5.349192023277282715e-01
8.537578582763671875e-01
-5.986025556921958923e-02
5.543206930160522461e-01
4.362201392650604248e-01
4.920802265405654907e-02
-1.062547206878662109e+00
-1.483523607254028320e+00
7.105771452188491821e-02
2.228420972824096680e-01
1.686867326498031616e-01
-1.128582358360290527e+00
1.072330832481384277e+00
-4.467321336269378662e-01
1.963315308094024658e-01
8.300116062164306641e-01
-5.601640343666076660e-01
1.470586508512496948e-01
-1.901483684778213501e-01
2.957236170768737793e-01
1.410829663276672363e+00
-9.777609109878540039e-01
-8.415683507919311523e-01
-9.845856428146362305e-01
-1.099645867943763733e-01
-7.652676105499267578e-01
-9.113391041755676270e-01
-1.433292627334594727e+00
5.023063421249389648e-01
-4.096006453037261963e-01
-6.219950318336486816e-01
-2.416855394840240479e-01
-3.105069100856781006e-01
-7.013413906097412109e-01
-1.182106852531433105e+00
2.833791263401508331e-02
-6.971930265426635742e-01
9.776859283447265625e-01
9.273605942726135254e-01
3.201148808002471924e-01
-1.591255784034729004e+00
4.641545414924621582e-01
-7.578785419464111328e-01
-7.246161699295043945e-01
-1.607486754655838013e-01
-6.414097547531127930e-01
4.335160553455352783e-01
-8.826782703399658203e-01
9.207495450973510742e-01
-2.347514778375625610e-01
8.944074511528015137e-01
-6.384872794151306152e-01
-4.307307004928588867e-01
3.942757546901702881e-01
2.492187976837158203e+00
-4.517251253128051758e-01
-5.829192399978637695e-01
-2.557450294494628906e+00
4.395747780799865723e-01
6.117205023765563965e-01
4.435911402106285095e-02
-1.868974208831787109e+00
9.669120311737060547e-01
2.115171194076538086e+00
-6.194065809249877930e-01
9.553127288818359375e-01
7.839135080575942993e-02
-1.225631117820739746e+00
1.070840120315551758e+00
1.179813873022794724e-02
-1.095742583274841309e+00
1.282259374856948853e-01
3.956948593258857727e-02
-9.874624609947204590e-01
2.442447245121002197e-01
-8.573135137557983398e-01
-1.016921877861022949e+00
-1.614139795303344727e+00
-1.959546804428100586e-01
-1.372296363115310669e-02
-4.622516334056854248e-01
-4.530756473541259766e-01
-1.477219611406326294e-01
7.248640656471252441e-01
5.493587851524353027e-01
9.018483012914657593e-02
-4.892897009849548340e-01
5.056123137474060059e-01
1.297284126281738281e+00
-1.056933641433715820e+00
1.053774118423461914e+00
1.039178133010864258e+00
-6.194215416908264160e-01
1.017539501190185547e+00
8.423259258270263672e-01
-1.428422629833221436e-01
-9.936283230781555176e-01
6.947210431098937988e-01
-1.507136464118957520e+00
-2.678768038749694824e-01
-1.030758738517761230e+00
-2.648613154888153076e-01
-4.302594363689422607e-01
-1.527310162782669067e-01
-8.135352283716201782e-02
2.687978744506835938e-01
-7.224613428115844727e-01
-6.596703827381134033e-02
-3.276313096284866333e-02
2.569588184356689453e+00
-3.389762043952941895e-01
-4.962243139743804932e-01
1.145700931549072266e+00
-1.798288673162460327e-01
1.761324048042297363e+00
-1.592166066169738770e+00
1.134658455848693848e+00
9.065607190132141113e-01
2.994520664215087891e-01
-3.461651504039764404e-01
6.296388506889343262e-01
-3.207770287990570068e-01
1.642075061798095703e+00
5.003035664558410645e-01
3.749062716960906982e-01
-1.140248894691467285e+00
-1.047725081443786621e+00
1.059289813041687012e+00
5.013587474822998047e-01
3.977601230144500732e-01
-9.590563774108886719e-01
-1.626637935638427734e+00
6.192651391029357910e-01
1.770602464675903320e+00
-3.189209699630737305e-01
7.206308841705322266e-01
2.857578694820404053e-01
-8.739417791366577148e-01
3.743929266929626465e-01
-4.540054798126220703e-01
8.696500658988952637e-01
-1.253664493560791016e-01
8.495585918426513672e-01
-1.259406566619873047e+00
-1.411909013986587524e-01
-9.276525378227233887e-01
-7.835580408573150635e-02
5.233485102653503418e-01
2.516722083091735840e-01
-1.010088920593261719e+00
2.195715606212615967e-01
7.642661780118942261e-02
3.878324627876281738e-01
-1.641154289245605469e+00
6.081250309944152832e-01
1.123734831809997559e+00
-3.106636106967926025e-01
-8.415051698684692383e-01
1.544514596462249756e-01
-1.719181299209594727e+00
-1.367095947265625000e+00
-4.988595247268676758e-01
-2.920615673065185547e-01
2.506136000156402588e-01
2.991434745490550995e-02
-1.306166887283325195e+00
2.634823620319366455e-01
2.985022068023681641e-01
-9.068586230278015137e-01
1.043146923184394836e-01
5.068436861038208008e-01
-1.127081871032714844e+00
1.049931421875953674e-01
6.844717264175415039e-01
-4.245604574680328369e-01
7.922162413597106934e-01
-1.866237521171569824e+00
-1.024079680442810059e+00
3.831290900707244873e-01
8.909551054239273071e-02
-3.572614789009094238e-01
8.782270550727844238e-01
1.217267155647277832e+00
-6.021173596382141113e-01
6.292958557605743408e-02
5.248090624809265137e-01
-5.711363554000854492e-01
7.990820407867431641e-01
1.543504834175109863e+00
-8.688374757766723633e-01
-6.758703589439392090e-01
-2.197405248880386353e-01
3.213616013526916504e-01
3.535734415054321289e-01
1.140231132507324219e+00
1.022198200225830078e+00
-5.182641744613647461e-01
9.098905920982360840e-01
1.137262210249900818e-01
1.887149572372436523e+00
-6.320002079010009766e-01
3.670515418052673340e-01
-4.118409752845764160e-01
-1.576843500137329102e+00
-4.888177290558815002e-02
4.706093966960906982e-01
-2.557620704174041748e-01
4.601092338562011719e-01
-1.666977554559707642e-01
2.355582237243652344e+00
8.748068474233150482e-03
-1.115462541580200195e+00
4.640187025070190430e-01
1.107277199625968933e-01
1.287787675857543945e+00
9.124867618083953857e-02
4.076749086380004883e-01
1.479581892490386963e-01
-1.312218189239501953e+00
9.160381555557250977e-01
-2.310963869094848633e-01
-3.403714299201965332e-01
2.950447797775268555e-01
1.410903096199035645e+00
-6.397457718849182129e-01
-7.864476442337036133e-01
-6.729539632797241211e-01
-7.936038374900817871e-01
5.798689126968383789e-01
-7.229223251342773438e-01
1.748104691505432129e-01
-8.298544287681579590e-01
1.306344866752624512e-01
3.401609361171722412e-01
-2.072016716003417969e+00
-2.393886595964431763e-01
1.579833030700683594e+00
-7.677798271179199219e-01
-9.805282950401306152e-01
1.478498131036758423e-01
-5.647873878479003906e-02
-3.248502686619758606e-02
2.662847638130187988e-01
1.445284843444824219e+00
6.082081794738769531e-01
1.022842884063720703e+00
-5.119619369506835938e-01
1.195380806922912598e+00
-1.744891256093978882e-01
-3.083034232258796692e-02
-7.367866635322570801e-01
-2.461536675691604614e-01
-2.578655183315277100e-01
1.358674615621566772e-01
-1.216132491827011108e-01
8.860880732536315918e-01
-4.403159916400909424e-01
-1.781482696533203125e-01
-3.645045449957251549e-03
6.391607522964477539e-01
7.761982679367065430e-01
-1.113371729850769043e+00
7.020038962364196777e-01
-1.331889152526855469e+00
-4.171848893165588379e-01
-2.297399789094924927e-01
4.704003930091857910e-01
5.192694067955017090e-01
-3.985811471939086914e-01
-4.023618698120117188e-01
-6.593174338340759277e-01
-9.838222861289978027e-01
-2.219560623168945312e+00
-2.014591097831726074e-01
-9.588512182235717773e-01
-8.844982981681823730e-01
1.021562576293945312e+00
-8.199683427810668945e-01
-5.383731797337532043e-02
1.351336091756820679e-01
-2.913055196404457092e-02
-1.354840993881225586e+00
-7.548255324363708496e-01
5.322778820991516113e-01
1.035444736480712891e+00
6.555747240781784058e-02
-2.594856917858123779e-01
-8.753273487091064453e-01
-9.200240373611450195e-01
-8.176054805517196655e-02
-8.966762423515319824e-01
-6.169450879096984863e-01
6.952255368232727051e-01
-5.939639210700988770e-01
