-3.143690228462219238e-01
7.122640609741210938e-01
-1.674504995346069336e+00
1.377590298652648926e+00
-2.255146354436874390e-01
-6.667057275772094727e-01
-3.807877600193023682e-01
-8.930900692939758301e-01
-3.000283539295196533e-01
-1.086998224258422852e+00
-7.095742970705032349e-02
-1.580091476440429688e+00
6.644194722175598145e-01
1.248186230659484863e+00
3.824751079082489014e-01
4.510202109813690186e-01
-1.051215887069702148e+00
-4.981367886066436768e-01
6.118312478065490723e-01
-1.921621441841125488e+00
1.211026757955551147e-01
1.930797815322875977e+00
1.345088720321655273e+00
-1.035598739981651306e-01
-3.889561593532562256e-01
-1.777843952178955078e+00
9.698544442653656006e-02
-2.085685014724731445e+00
9.410437196493148804e-02
1.300300210714340210e-01
8.731040358543395996e-02
5.199003815650939941e-01
-2.676261961460113525e-01
1.554955244064331055e+00
4.917088449001312256e-01
-8.490520715713500977e-01
9.114683270454406738e-01
1.044333696365356445e+00
3.647693693637847900e-01
-4.025092348456382751e-03
-3.790591955184936523e-01
-1.300640821456909180e+00
1.534552574157714844e+00
8.238547444343566895e-01
1.944670081138610840e+00
5.713996291160583496e-01
4.425372555851936340e-02
-8.135715723037719727e-01
-7.044594883918762207e-01
-1.130464673042297363e-01
-1.229651212692260742e+00
-1.114159822463989258e+00
4.844148159027099609e-01
9.177034497261047363e-01
-3.132833540439605713e-01
-2.101257741451263428e-01
4.141221642494201660e-01
4.443071186542510986e-01
-4.972155988216400146e-01
3.902406096458435059e-01
-4.416622593998908997e-02
1.238969922065734863e+00
6.830962896347045898e-01
-1.942494362592697144e-01
4.821139872074127197e-01
-1.053375840187072754e+00
-2.222364664077758789e+00
1.661729931831359863e+00
-7.829606533050537109e-01
-1.219849944114685059e+00
7.291489839553833008e-01
1.010709643363952637e+00
2.388742446899414062e+00
-2.214529037475585938e+00
-1.192977190017700195e+00
-1.364635109901428223e+00
2.581286132335662842e-01
-5.850938558578491211e-01
-1.223023891448974609e+00
1.370313286781311035e+00
1.120985507965087891e+00
-4.939926862716674805e-01
1.266560435295104980e+00
-6.787706911563873291e-02
4.190341830253601074e-01
4.480016231536865234e-01
2.715385556221008301e-01
5.106356143951416016e-01
-1.175876379013061523e+00
3.445279896259307861e-01
-4.154920279979705811e-01
-3.642114400863647461e-01
5.868457555770874023e-01
-1.116614341735839844e+00
4.976917058229446411e-03
-8.266035318374633789e-01
-1.741466484963893890e-02
-4.271082282066345215e-01
-9.485633969306945801e-01
-1.723751127719879150e-01
-4.490945041179656982e-01
2.344116926193237305e+00
-8.078910410404205322e-02
1.768478870391845703e+00
1.168084070086479187e-01
2.180633306503295898e+00
9.300326928496360779e-03
6.173316240310668945e-01
-1.631496995687484741e-01
1.047829270362854004e+00
1.182563751935958862e-01
1.215983554720878601e-01
1.560196280479431152e+00
1.100044131278991699e+00
-2.963233590126037598e-01
-2.425722122192382812e+00
-4.673890769481658936e-01
7.676322460174560547e-01
-9.249320626258850098e-01
-8.883409500122070312e-01
1.477217674255371094e+00
-1.168171763420104980e+00
6.849334836006164551e-01
3.663944303989410400e-01
-7.293080091476440430e-01
1.278856635093688965e+00
-2.737751901149749756e-01
-4.832470417022705078e-01
-6.106998324394226074e-01
-4.624493718147277832e-01
4.416659474372863770e-01
-8.950290679931640625e-01
-1.611028015613555908e-01
1.928073912858963013e-01
-1.653197288513183594e+00
2.853012979030609131e-01
-1.978408396244049072e-01
1.067337512969970703e+00
-2.351157903671264648e+00
-2.345449209213256836e+00
-1.031645298004150391e+00
9.091165661811828613e-01
-5.708438754081726074e-01
1.420385241508483887e+00
2.160635590553283691e-01
6.511533856391906738e-01
4.300974011421203613e-01
9.405235052108764648e-01
-7.555369138717651367e-01
1.303101658821105957e+00
-8.458862453699111938e-02
2.107536315917968750e+00
4.600729420781135559e-02
-1.954517215490341187e-01
3.886518999934196472e-02
-9.770771265029907227e-01
1.979755520820617676e+00
7.822499871253967285e-01
-1.802479475736618042e-01
3.559336764737963676e-03
-9.500752687454223633e-01
1.068427920341491699e+00
-2.315848827362060547e+00
8.415553569793701172e-01
-5.578862428665161133e-01
-8.671995997428894043e-01
1.591328501701354980e+00
9.593243598937988281e-01
5.604048371315002441e-01
1.580722332000732422e-01
-5.262246131896972656e-01
1.306774318218231201e-01
-1.080909609794616699e+00
8.117991089820861816e-01
-3.856285810470581055e-01
-2.243019342422485352e+00
2.542216181755065918e-01
1.832713037729263306e-01
1.632080972194671631e-01
1.650591492652893066e-01
7.551342248916625977e-01
-4.666539132595062256e-01
2.641870021820068359e+00
6.568611264228820801e-01
-3.543649613857269287e-01
7.152798175811767578e-01
9.537709355354309082e-01
1.391613006591796875e+00
-9.513309001922607422e-01
4.901587069034576416e-01
-1.056150812655687332e-02
5.164679288864135742e-01
-8.562462329864501953e-01
-1.268346309661865234e+00
9.549252390861511230e-01
5.857906937599182129e-01
-8.165355324745178223e-01
1.656184792518615723e+00
3.963391780853271484e-01
-6.893092989921569824e-01
-3.003679811954498291e-01
-4.625970721244812012e-01
3.966398835182189941e-01
-2.275971174240112305e-01
1.903174072504043579e-01
-2.367888987064361572e-01
8.209168314933776855e-01
-1.101318597793579102e+00
-5.096651315689086914e-01
7.951466441154479980e-01
-1.190287590026855469e+00
-2.756448090076446533e-01
6.904183626174926758e-01
-7.753026485443115234e-02
5.315121412277221680e-01
1.275294870138168335e-01
-4.558361172676086426e-01
1.448935985565185547e+00
7.171437889337539673e-02
5.717431902885437012e-01
-1.133216619491577148e+00
1.569248318672180176e+00
4.123499691486358643e-01
1.318100214004516602e+00
-9.216377735137939453e-01
-2.147705316543579102e+00
-3.782566785812377930e-01
-3.712047934532165527e-01
-8.165838718414306641e-01
-4.488364458084106445e-01
-1.355684041976928711e+00
1.129329919815063477e+00
-8.135034441947937012e-01
-8.003432750701904297e-01
7.036129236221313477e-01
-6.127950176596641541e-02
1.353735923767089844e+00
-9.957469105720520020e-01
-1.182657927274703979e-01
-1.250927299261093140e-01
-1.466266870498657227e+00
1.776137232780456543e+00
-5.679878592491149902e-01
-1.185550570487976074e+00
-2.009941190481185913e-01
1.887941807508468628e-01
-9.355018734931945801e-01
3.131086528301239014e-01
-5.837849378585815430e-01
6.741610169410705566e-01
-1.263583600521087646e-01
-1.624547392129898071e-01
-2.124586582183837891e+00
2.773112356662750244e-01
1.160864353179931641e+00
4.820253849029541016e-01
5.270604491233825684e-01
-2.281370908021926880e-01
-1.043625622987747192e-01
3.119272887706756592e-01
-3.718165755271911621e-01
-9.637671709060668945e-01
-6.887124478816986084e-02
4.408998787403106689e-01
7.913908362388610840e-01
8.619235754013061523e-01
2.159346640110015869e-02
-4.249828755855560303e-01
1.678833514451980591e-01
-4.331500232219696045e-01
-1.691934347152709961e+00
-2.215810537338256836e+00
1.091060135513544083e-02
-6.019800305366516113e-01
1.713924407958984375e-01
1.009830236434936523e-01
-4.951608926057815552e-02
-2.765224277973175049e-01
-9.762030094861984253e-03
1.435649633407592773e+00
4.927677214145660400e-01
-2.921552360057830811e-01
-6.581515669822692871e-01
-2.564744092524051666e-02
9.094945192337036133e-01
6.762378662824630737e-02
9.361824393272399902e-01
-7.506013512611389160e-01
-6.795175671577453613e-01
-7.743334770202636719e-01
-3.465418517589569092e-01
1.128635883331298828e+00
1.526885777711868286e-01
-6.495521068572998047e-01
-2.217908143997192383e+00
3.398914262652397156e-02
-9.274646043777465820e-01
-1.154924869537353516e+00
3.513536602258682251e-02
7.322410345077514648e-01
2.197588384151458740e-01
-1.768035739660263062e-01
-1.562145203351974487e-01
-1.743463724851608276e-01
-1.056641578674316406e+00
1.578219681978225708e-01
1.736209988594055176e+00
1.661168098449707031e+00
1.671833038330078125e+00
-3.402340412139892578e-01
8.283067345619201660e-01
-6.294751167297363281e-01
9.878792762756347656e-01
-1.070647478103637695e+00
1.736021161079406738e+00
-1.271124482154846191e+00
-1.825088262557983398e-01
-1.071798801422119141e+00
-2.025869131088256836e+00
1.136067748069763184e+00
1.047329425811767578e+00
1.308665424585342407e-01
2.951457798480987549e-01
6.900374293327331543e-01
-1.527813076972961426e-01
6.938893795013427734e-01
1.638801246881484985e-01
1.933975219726562500e+00
-9.078808426856994629e-01
-1.163975238800048828e+00
-1.196690797805786133e+00
2.566768169403076172e+00
1.390662789344787598e+00
-3.625993430614471436e-01
1.114304542541503906e+00
-7.370519042015075684e-01
1.059855103492736816e+00
-1.112574577331542969e+00
-1.958228498697280884e-01
3.445313870906829834e-01
1.732507348060607910e-01
1.239857316017150879e+00
2.593763113021850586e+00
-9.321776032447814941e-01
8.701317906379699707e-01
-2.670910954475402832e-01
4.671258628368377686e-01
8.361910283565521240e-02
1.030905485153198242e+00
-9.888089895248413086e-01
-6.534024477005004883e-01
9.822961688041687012e-01
3.505115211009979248e-01
-2.298850119113922119e-01
-8.420599699020385742e-01
-1.258437752723693848e+00
-6.507577896118164062e-01
1.010899901390075684e+00
-2.019146643579006195e-02
-6.515085697174072266e-01
1.493814587593078613e+00
-6.949672698974609375e-01
-1.263418078422546387e+00
5.478412508964538574e-01
4.366973638534545898e-01
-1.593037843704223633e-01
-1.363005042076110840e+00
6.640081405639648438e-01
4.624099656939506531e-02
-8.722872734069824219e-01
6.974513530731201172e-01
-1.311360239982604980e+00
1.526750326156616211e+00
-9.704460948705673218e-02
-1.418059349060058594e+00
-2.616254612803459167e-02
1.330728054046630859e+00
-1.346028894186019897e-01
9.428149461746215820e-02
4.211950674653053284e-02
-1.234189271926879883e+00
-1.925607562065124512e+00
-1.819797754287719727e-01
-8.933810144662857056e-02
-4.936193227767944336e-01
1.731834858655929565e-01
7.929764389991760254e-01
1.586137712001800537e-01
-2.699220180511474609e+00
7.193554043769836426e-01
-2.688969075679779053e-01
2.458041906356811523e-01
-1.066302776336669922e+00
5.203323960304260254e-01
-1.131528258323669434e+00
-2.921439409255981445e-01
7.005441188812255859e-01
-8.399815857410430908e-02
6.690197438001632690e-02
7.312523126602172852e-01
-1.609439492225646973e+00
-5.870616436004638672e-01
2.518181502819061279e-01
-4.230619072914123535e-01
-1.354393720626831055e+00
-9.726896136999130249e-02
3.705148994922637939e-01
-3.895394131541252136e-02
-2.217979282140731812e-01
-1.290402054786682129e+00
5.961656570434570312e-01
9.989308118820190430e-01
-3.595070838928222656e-01
2.877351827919483185e-02
-1.954097002744674683e-01
7.302529215812683105e-01
-1.160372257232666016e+00
-7.788988947868347168e-01
-1.565581560134887695e-01
-4.575951695442199707e-01
-2.531046569347381592e-01
-5.409516096115112305e-01
-3.277607858180999756e-01
9.729149341583251953e-01
-4.878766536712646484e-01
-6.064492464065551758e-01
-5.008013248443603516e-01
9.954799711704254150e-02
-5.742251873016357422e-01
-2.084995806217193604e-01
4.489576816558837891e-01
2.175770282745361328e+00
-2.180500984191894531e+00
-1.000570535659790039e+00
-4.694777429103851318e-01
-4.353443682193756104e-01
-2.416338622570037842e-01
6.198729276657104492e-01
1.438616037368774414e+00
3.913697004318237305e-01
2.078513383865356445e+00
4.795053303241729736e-01
-1.383741348981857300e-01
3.608241975307464600e-01
-1.025498986244201660e+00
-8.461455106735229492e-01
4.901993274688720703e-01
-4.733225703239440918e-01
-5.272108912467956543e-01
7.440842688083648682e-02
-1.377037644386291504e+00
1.079432249069213867e+00
-5.888933539390563965e-01
-1.062414646148681641e+00
7.065480947494506836e-01
9.220775365829467773e-01
1.288814097642898560e-01
6.855671405792236328e-01
5.681105423718690872e-03
-1.044223189353942871e+00
-7.672654390335083008e-01
-7.500126957893371582e-01
1.310255289077758789e+00
2.095085859298706055e+00
-2.727582216262817383e+00
8.380024433135986328e-01
1.229708045721054077e-01
8.493900299072265625e-01
-6.039170622825622559e-01
-6.774399876594543457e-01
3.217552900314331055e-01
-5.120162665843963623e-02
-2.811932861804962158e-01
1.449350714683532715e+00
1.687087267637252808e-01
8.623023033142089844e-01
-6.056318283081054688e-01
2.750802934169769287e-01
1.835014969110488892e-01
-1.151511430740356445e+00
-1.049025297164916992e+00
1.524199843406677246e-01
7.356531172990798950e-02
-1.720371007919311523e+00
-1.271227121353149414e+00
-1.623023271560668945e+00
1.400840401649475098e+00
9.965001940727233887e-01
-3.210099339485168457e-01
1.355631351470947266e+00
1.685400456190109253e-01
-1.512536883354187012e+00
-7.762160897254943848e-01
-1.079030275344848633e+00
1.999939203262329102e+00
-2.476690560579299927e-01
6.078005582094192505e-02
-2.115007191896438599e-01
2.551428675651550293e-01
-2.187236845493316650e-01
-1.487613558769226074e+00
-4.901389479637145996e-01
-4.059309363365173340e-01
-5.781785845756530762e-01
-6.112301945686340332e-01
6.636013388633728027e-01
5.397034883499145508e-01
-7.175711989402770996e-01
5.551636219024658203e-01
2.825581729412078857e-01
2.167088352143764496e-02
1.227755069732666016e+00
1.943481117486953735e-01
1.321448206901550293e+00
-9.224305152893066406e-01
-9.114550054073333740e-02
-6.154719591140747070e-01
-1.962399631738662720e-01
1.425798144191503525e-02
1.435368895530700684e+00
5.388532876968383789e-01
4.607373774051666260e-01
2.012522816658020020e-01
-6.083164811134338379e-01
1.152465105056762695e+00
-3.207820057868957520e-01
-2.693780660629272461e-01
-1.688014715909957886e-01
5.201540589332580566e-01
-1.692516654729843140e-01
2.558679282665252686e-01
-2.820343732833862305e+00
3.280344009399414062e-01
-4.163913428783416748e-01
1.327823102474212646e-01
8.004181981086730957e-01
1.424463629722595215e+00
-6.292494535446166992e-01
-1.727478265762329102e+00
-6.611781716346740723e-01
1.720375940203666687e-02
-8.821855783462524414e-01
1.132994294166564941e+00
-1.457435131072998047e+00
9.996050596237182617e-01
-1.450909733772277832e+00
-1.494686678051948547e-02
-8.801331371068954468e-02
-1.070229113101959229e-01
-1.592910528182983398e+00
-1.188528776168823242e+00
-5.442566275596618652e-01
4.171778857707977295e-01
-2.338592112064361572e-01
9.692555069923400879e-01
-3.341641128063201904e-01
-5.446180105209350586e-01
-5.614921450614929199e-01
1.535556674003601074e+00
-7.680101394653320312e-01
4.633542522788047791e-02
-2.226146310567855835e-01
-5.339889526367187500e-01
-1.439961314201354980e+00
-3.806911408901214600e-01
1.196000277996063232e-01
-1.153013586997985840e+00
5.792548060417175293e-01
5.320746302604675293e-01
3.192631900310516357e-01
-1.076454043388366699e+00
-3.056464493274688721e-01
1.019594311714172363e+00
7.681526243686676025e-02
-2.610850930213928223e-01
-1.211241111159324646e-01
6.273697614669799805e-01
-1.010690689086914062e+00
-2.502507157623767853e-02
-9.924601316452026367e-01
-7.684633135795593262e-01
1.088747501373291016e+00
1.596285551786422729e-01
-3.266838490962982178e-01
-1.506845474243164062e+00
-8.202772736549377441e-01
-4.356310069561004639e-01
-9.545227289199829102e-01
1.034912347793579102e+00
1.430917143821716309e+00
1.435773730278015137e+00
-6.792524456977844238e-01
2.297051906585693359e+00
1.021894335746765137e+00
-9.532506465911865234e-01
8.259346485137939453e-01
6.192066669464111328e-01
-6.236453652381896973e-01
-4.256133921444416046e-03
-3.971617817878723145e-01
-2.743218839168548584e-01
5.084380507469177246e-01
-1.207715034484863281e+00
5.306404829025268555e-01
-6.718403100967407227e-01
1.259831905364990234e+00
9.337309002876281738e-01
-3.581006824970245361e-01
3.949866890907287598e-01
7.327876091003417969e-01
8.110178709030151367e-01
-8.152056336402893066e-01
1.627049744129180908e-01
-4.960793554782867432e-01
2.207178920507431030e-01
-2.379550486803054810e-01
2.897429168224334717e-01
-5.657683610916137695e-01
1.077756762504577637e+00
-1.824626624584197998e-01
1.556992411613464355e+00
1.330400824546813965e+00
-1.735510528087615967e-01
-8.502831459045410156e-01
-5.051060914993286133e-01
-6.452849507331848145e-01
-3.742828965187072754e-01
1.314228653907775879e+00
-4.857897758483886719e-01
-6.660388708114624023e-01
-7.493663430213928223e-01
-7.716883420944213867e-01
2.154851555824279785e-01
-5.209556221961975098e-01
-2.775882005691528320e+00
1.344612479209899902e+00
-6.798045039176940918e-01
-1.030665516853332520e+00
2.157951891422271729e-01
-7.117548584938049316e-01
-2.036068916320800781e+00
-9.308205246925354004e-01
-3.277854621410369873e-01
1.389939069747924805e+00
2.304366111755371094e+00
6.438791751861572266e-01
3.482260406017303467e-01
3.298653662204742432e-01
-2.184031456708908081e-01
4.984405636787414551e-01
-1.272945761680603027e+00
-4.047681093215942383e-01
7.513085603713989258e-01
-1.172313392162322998e-01
-1.077268838882446289e+00
1.064891338348388672e+00
3.208860754966735840e-01
1.000461578369140625e+00
-1.295915246009826660e+00
1.017421483993530273e+00
-8.311198353767395020e-01
3.377000391483306885e-01
-3.368963599205017090e-01
3.296493589878082275e-01
-1.939140111207962036e-01
1.827632486820220947e-01
-4.224379956722259521e-01
-5.313297510147094727e-01
-1.002523541450500488e+00
4.213849008083343506e-01
8.201115727424621582e-01
5.293177962303161621e-01
-4.956067502498626709e-01
1.599179029464721680e+00
-1.131442785263061523e+00
-1.008315920829772949e+00
1.028123855590820312e+00
-1.327525138854980469e+00
-1.920557618141174316e-01
6.562685370445251465e-01
-3.435067534446716309e-01
-1.493890404701232910e+00
-1.039150238037109375e+00
2.993125319480895996e-01
-2.979077994823455811e-01
1.750919342041015625e+00
-1.040854379534721375e-01
8.216977715492248535e-01
1.431047558784484863e+00
1.428019881248474121e+00
-3.585323989391326904e-01
-9.345098137855529785e-01
3.285672068595886230e-01
9.749265313148498535e-01
-2.929049730300903320e-01
9.472263976931571960e-03
-2.931365668773651123e-01
-5.499897003173828125e-01
9.001907706260681152e-01
-1.356988668441772461e+00
9.531587958335876465e-01
-4.878366887569427490e-01
1.631768941879272461e+00
-3.670860230922698975e-01
3.552498817443847656e-01
-3.824379742145538330e-01
8.442650437355041504e-01
-5.314968228340148926e-01
-1.816005468368530273e+00
-1.965014815330505371e+00
1.865287303924560547e+00
-3.825360164046287537e-02
-3.099912881851196289e+00
1.827507168054580688e-01
-5.961135625839233398e-01
-2.956598103046417236e-01
7.862391471862792969e-01
1.224487781524658203e+00
2.663930654525756836e-01
1.002548217773437500e+00
1.775026559829711914e+00
3.168995082378387451e-01
-1.223137021064758301e+00
-3.763040602207183838e-01
1.282336831092834473e+00
3.778647184371948242e-01
-4.260229170322418213e-01
2.332191169261932373e-01
-5.603340268135070801e-01
2.148581266403198242e+00
-1.706326454877853394e-01
5.228710174560546875e-01
1.120567917823791504e+00
8.350595831871032715e-01
1.248494148254394531e+00
-2.903132140636444092e-01
-3.177104145288467407e-02
2.628175318241119385e-01
-2.445310652256011963e-01
5.311913490295410156e-01
8.271790742874145508e-01
-1.575423330068588257e-01
-7.964372634887695312e-01
1.046611666679382324e-01
-2.287390232086181641e-01
2.683345973491668701e-01
-5.392880439758300781e-01
1.092548847198486328e+00
4.498153030872344971e-01
-3.234878480434417725e-01
-2.835935950279235840e-01
6.249304413795471191e-01
7.576295733451843262e-01
-5.134238004684448242e-01
2.479309588670730591e-01
-9.527185559272766113e-02
1.466294471174478531e-02
7.311657667160034180e-01
1.742919206619262695e+00
2.283986359834671021e-01
-1.510442495346069336e+00
-7.860960960388183594e-01
1.812068074941635132e-01
-1.553468465805053711e+00
-2.352246083319187164e-03
-6.402955055236816406e-01
-1.109543815255165100e-01
-3.323774412274360657e-02
