4.372651278972625732e-01
8.663728237152099609e-01
-1.233456373214721680e+00
3.036331415176391602e+00
2.292887687683105469e+00
-6.693494915962219238e-01
-9.228843450546264648e-01
-7.679383456707000732e-02
1.331149101257324219e+00
-1.778694689273834229e-01
-8.016480803489685059e-01
-8.373624682426452637e-01
5.059266090393066406e-01
-1.660769224166870117e+00
4.486269652843475342e-01
-6.016141772270202637e-01
2.241449207067489624e-01
5.837715864181518555e-01
-8.663055300712585449e-02
-5.330234766006469727e-01
-3.056115657091140747e-02
1.005123376846313477e+00
-1.402684301137924194e-01
3.663502931594848633e-01
3.772053420543670654e-01
-1.271571993827819824e+00
-8.798578977584838867e-01
-3.155168592929840088e-01
1.713621616363525391e-01
9.179882407188415527e-01
-8.059672117233276367e-01
-3.375703394412994385e-01
-2.375051677227020264e-01
1.161670684814453125e+00
-6.699422597885131836e-01
-1.163889646530151367e+00
-3.135823830962181091e-02
1.008589386940002441e+00
7.990438938140869141e-01
-9.618408083915710449e-01
4.439595937728881836e-01
-1.269888043403625488e+00
1.173544168472290039e+00
1.219689726829528809e+00
3.420022428035736084e-01
5.375764369964599609e-01
-1.019593000411987305e+00
-5.157485008239746094e-01
-1.149777173995971680e-01
-5.216493606567382812e-01
4.790838956832885742e-01
2.861548662185668945e-01
-9.401515722274780273e-01
1.122498393058776855e+00
8.463355302810668945e-01
-4.514212533831596375e-02
-3.241447210311889648e-01
-6.303012371063232422e-01
5.584092736244201660e-01
-1.173299908638000488e+00
-4.023651480674743652e-01
-4.019376039505004883e-01
9.079418778419494629e-01
1.212443970143795013e-02
-1.836367994546890259e-01
-9.320352226495742798e-02
-5.031668543815612793e-01
1.702915191650390625e+00
1.159808397293090820e+00
1.528531312942504883e-01
5.818184018135070801e-01
7.950431704521179199e-01
-1.299109458923339844e+00
4.527925848960876465e-01
-1.468947768211364746e+00
-2.580122351646423340e-01
-7.523497343063354492e-01
9.470872581005096436e-02
1.183416008949279785e+00
2.264246195554733276e-01
1.894794702529907227e-01
1.794373542070388794e-01
1.047297835350036621e+00
7.428115606307983398e-01
-2.540788352489471436e-01
5.122713446617126465e-01
1.263887137174606323e-01
-5.126364231109619141e-01
-1.306321978569030762e+00
4.865980446338653564e-01
-6.478707790374755859e-01
-1.248763203620910645e-01
-1.065707802772521973e-01
1.165919899940490723e-01
4.070537388324737549e-01
-6.426702737808227539e-01
-3.240070343017578125e-01
3.505430519580841064e-01
4.234263896942138672e-01
8.476451039314270020e-01
5.163314342498779297e-01
-4.840761423110961914e-01
-4.242522418498992920e-01
1.626717329025268555e+00
-6.651704758405685425e-02
1.691813945770263672e+00
-3.199959695339202881e-01
1.238833189010620117e+00
1.292113810777664185e-01
-2.735286951065063477e-01
-3.528782725334167480e-02
-4.487367868423461914e-01
-3.719973266124725342e-01
-4.190142154693603516e-01
-1.611947640776634216e-02
-4.171951413154602051e-01
-4.171284437179565430e-01
-5.182448658160865307e-04
4.040905833244323730e-01
-9.796292781829833984e-01
8.195585608482360840e-01
-2.310013771057128906e-01
2.622544467449188232e-01
4.377650022506713867e-01
-1.021062493324279785e+00
1.130225062370300293e+00
-7.908307909965515137e-01
8.705714344978332520e-01
3.387759029865264893e-01
-1.799298763275146484e+00
-7.006219029426574707e-01
4.066418483853340149e-02
3.435342907905578613e-01
-6.627819538116455078e-01
-7.952299118041992188e-01
7.663511633872985840e-01
7.009229063987731934e-01
-3.807082772254943848e-01
1.220388054847717285e+00
-1.236447930335998535e+00
2.773405909538269043e-01
-6.547757387161254883e-01
9.764076471328735352e-01
-1.261491775512695312e+00
-4.155753254890441895e-01
1.641611456871032715e+00
-4.276685416698455811e-01
-4.538629353046417236e-01
5.715189576148986816e-01
-4.674703776836395264e-01
7.150632143020629883e-01
1.362109780311584473e-01
-7.136033177375793457e-01
1.940899729728698730e+00
-7.342579960823059082e-01
-1.025983572006225586e+00
1.319127827882766724e-01
1.727202534675598145e-01
-1.205631256103515625e+00
1.162581801414489746e+00
-3.471806049346923828e-01
3.791216015815734863e-01
-4.286840185523033142e-02
-8.270474076271057129e-01
7.282957434654235840e-01
-1.475415825843811035e+00
7.844966053962707520e-01
-2.693283259868621826e-01
6.324443817138671875e-01
-7.376528978347778320e-01
-2.321623563766479492e-01
1.287736892700195312e+00
1.102272629737854004e+00
5.064349770545959473e-01
-7.497662305831909180e-01
-1.319520734250545502e-02
7.826961874961853027e-01
6.895652413368225098e-01
-9.979339838027954102e-01
-2.045561075210571289e+00
-2.971484065055847168e-01
-2.477412223815917969e+00
3.519892692565917969e-01
-3.841694891452789307e-01
1.002664208412170410e+00
-9.024985432624816895e-01
-1.006475210189819336e+00
-5.665975809097290039e-01
2.102760821580886841e-01
2.311105728149414062e-01
-1.354337453842163086e+00
-1.318859100341796875e+00
-1.616674661636352539e-01
6.291484832763671875e-01
-3.162713348865509033e-01
-8.825554847717285156e-01
1.331202536821365356e-01
9.806445986032485962e-02
-2.104398459196090698e-01
2.115138247609138489e-02
2.796860039234161377e-01
-1.489492535591125488e+00
1.525185108184814453e+00
-1.188074231147766113e+00
-6.511880159378051758e-01
-2.587734162807464600e-01
9.594234824180603027e-02
-8.992929458618164062e-01
-7.107677459716796875e-01
6.474885940551757812e-01
1.863019764423370361e-01
-1.705911159515380859e+00
2.147724390029907227e+00
-1.552413821220397949e+00
1.163324192166328430e-01
8.618944883346557617e-01
9.996294975280761719e-01
-5.208292007446289062e-01
-9.798365831375122070e-01
5.024664998054504395e-01
-6.458026915788650513e-02
-1.052875995635986328e+00
-1.364163309335708618e-01
1.219946384429931641e+00
8.823187947273254395e-01
-1.132341265678405762e+00
-3.038513064384460449e-01
-4.693326056003570557e-01
1.147557497024536133e+00
1.236629560589790344e-01
1.260842680931091309e+00
-7.026839852333068848e-01
-1.663042187690734863e+00
1.610600948333740234e-01
-4.588255286216735840e-01
1.168916821479797363e+00
1.683803498744964600e-01
-8.986895680427551270e-01
-4.572440683841705322e-01
-1.001208424568176270e-01
-2.531033158302307129e-01
9.651271700859069824e-01
-8.383337259292602539e-01
-1.001756548881530762e+00
5.004578232765197754e-01
1.308022886514663696e-01
1.984000392258167267e-02
4.738375842571258545e-01
-8.022867888212203979e-02
-1.683071851730346680e-01
-8.282460272312164307e-02
-3.533454239368438721e-01
1.048643469810485840e+00
1.065407872200012207e+00
8.221768140792846680e-01
-1.250066608190536499e-01
-8.875083923339843750e-01
9.633169770240783691e-01
5.064803361892700195e-02
-8.195240497589111328e-01
-6.577490568161010742e-01
-5.253257155418395996e-01
-3.954566717147827148e-01
-3.212896585464477539e-01
9.241786003112792969e-01
2.180310525000095367e-02
-7.841320633888244629e-01
-5.789278149604797363e-01
-8.116531968116760254e-01
4.740783870220184326e-01
-3.683473765850067139e-01
-1.446865685284137726e-02
3.321505486965179443e-01
7.114317417144775391e-01
-3.954258859157562256e-01
-1.771487951278686523e+00
-2.428332269191741943e-01
-8.184716105461120605e-01
8.513792604207992554e-02
-4.874183833599090576e-01
9.330547451972961426e-01
-7.159320116043090820e-01
5.773115754127502441e-01
1.221961379051208496e+00
-2.357761561870574951e-01
-5.847479104995727539e-01
8.094716072082519531e-02
-9.844827055931091309e-01
1.152050256729125977e+00
-1.321067333221435547e+00
4.402070939540863037e-01
1.007500290870666504e+00
5.708925127983093262e-01
-7.164989113807678223e-01
-9.069989323616027832e-01
-4.693744182586669922e-01
1.538126945495605469e+00
7.611749768257141113e-01
1.739202439785003662e-01
1.733288526535034180e+00
6.493350863456726074e-01
-3.849667012691497803e-01
-1.252194285392761230e+00
5.889346450567245483e-02
3.510120883584022522e-02
-2.639897465705871582e-01
-1.617177575826644897e-01
-1.090609312057495117e+00
2.344049692153930664e+00
-1.765843778848648071e-01
8.194159269332885742e-01
2.097747027873992920e-01
1.490645408630371094e-01
4.383665323257446289e-01
-1.925782114267349243e-01
2.953412830829620361e-01
-1.609632372856140137e-01
-2.641011402010917664e-02
-1.556084513664245605e+00
-7.198121547698974609e-01
2.121562004089355469e+00
-2.698194980621337891e+00
1.972884684801101685e-01
2.268960714340209961e+00
-6.386140584945678711e-01
1.734084129333496094e+00
-1.324266195297241211e+00
1.265119194984436035e+00
-4.163682162761688232e-01
-2.075615882873535156e+00
1.788659393787384033e-01
-1.640512228012084961e+00
1.173807382583618164e+00
-5.731759071350097656e-01
4.241234362125396729e-01
-1.654478758573532104e-01
-1.330478668212890625e+00
-1.831586360931396484e+00
8.134984225034713745e-02
3.206478431820869446e-02
-2.828727066516876221e-01
-3.589050769805908203e-01
7.793774008750915527e-01
3.877544105052947998e-01
-9.940910935401916504e-01
-1.007733464241027832e+00
-1.130386352539062500e+00
-1.375628590583801270e+00
-1.617560625076293945e+00
-6.163130402565002441e-01
-3.911536037921905518e-01
2.095387130975723267e-01
-4.233183264732360840e-01
-9.136387109756469727e-01
5.594558715820312500e-01
-2.729333341121673584e-01
-6.331163048744201660e-01
2.973258197307586670e-01
-2.665303945541381836e-01
-8.307349681854248047e-01
-1.458491683006286621e+00
-3.512376844882965088e-01
-6.196678280830383301e-01
-7.832598686218261719e-01
-1.018796086311340332e+00
3.059979379177093506e-01
-2.434926748275756836e+00
-3.824710249900817871e-01
3.418001532554626465e-01
-9.460411071777343750e-01
1.186954304575920105e-01
7.491034269332885742e-01
-1.803244233131408691e+00
-1.113136649131774902e+00
1.629484593868255615e-01
-1.792746901512145996e+00
6.263369917869567871e-01
2.865988910198211670e-01
-1.700169444084167480e+00
-9.120866060256958008e-01
-1.618911623954772949e+00
3.634743690490722656e-01
-1.692484021186828613e-01
-1.126115083694458008e+00
-1.646512150764465332e+00
-2.411347478628158569e-01
6.657689809799194336e-01
-8.143047094345092773e-01
1.094661802053451538e-01
6.316760778427124023e-01
2.010409086942672729e-01
1.918873190879821777e+00
-2.157711505889892578e+00
-3.968403339385986328e-01
-1.523829698562622070e-01
-1.280174136161804199e+00
-6.136593222618103027e-01
9.198927134275436401e-02
-1.070945620536804199e+00
-4.938964247703552246e-01
7.875554561614990234e-01
1.540419697761535645e+00
-2.031652450561523438e+00
6.914651989936828613e-01
5.088670253753662109e-01
5.463669896125793457e-01
1.163594245910644531e+00
-9.881336241960525513e-02
6.740232110023498535e-01
-1.882724046707153320e+00
-1.962079107761383057e-01
2.025462865829467773e+00
-4.754062891006469727e-01
-2.986046969890594482e-01
1.109480261802673340e+00
7.982306182384490967e-02
2.291583538055419922e+00
1.301492333412170410e+00
-6.980583667755126953e-01
1.864837884902954102e+00
9.930172562599182129e-01
6.850868463516235352e-01
3.344117105007171631e-01
3.204789459705352783e-01
-4.881673753261566162e-01
-8.357966542243957520e-01
7.271496653556823730e-01
1.819799281656742096e-02
-6.652308106422424316e-01
-5.196179747581481934e-01
-1.227653384208679199e+00
1.142918109893798828e+00
8.618088960647583008e-01
9.807408452033996582e-01
-1.845483303070068359e+00
4.511308670043945312e-01
3.262353837490081787e-01
-9.451929330825805664e-01
1.203174710273742676e+00
-7.450444102287292480e-01
7.443328201770782471e-02
9.437901973724365234e-01
-3.125222623348236084e-01
1.252415180206298828e+00
-1.110982894897460938e+00
-3.958574533462524414e-01
-4.454994201660156250e-01
1.975689828395843506e-01
5.282159447669982910e-01
-9.710163623094558716e-02
-6.688541173934936523e-01
2.446185052394866943e-01
-1.886905580759048462e-01
1.067345857620239258e+00
-1.482118844985961914e+00
3.578698337078094482e-01
1.181884050369262695e+00
9.387912154197692871e-01
-1.953298211097717285e+00
-1.857401132583618164e-01
2.884401082992553711e-01
-3.223268389701843262e-01
-8.013905286788940430e-01
-3.360291421413421631e-01
-3.117382526397705078e-01
-5.581885576248168945e-01
1.391434192657470703e+00
-1.339181542396545410e+00
1.189974784851074219e+00
-6.847165822982788086e-01
-1.374328136444091797e+00
4.467125833034515381e-01
2.941547632217407227e-01
-5.583048462867736816e-01
2.247950732707977295e-01
6.929960250854492188e-01
1.687096834182739258e+00
1.413909196853637695e+00
1.446034073829650879e+00
9.965164065361022949e-01
-7.949324697256088257e-02
-1.646616935729980469e+00
5.598527193069458008e-01
-1.083683729171752930e+00
-8.106237053871154785e-01
-1.398994684219360352e+00
8.988037705421447754e-01
-8.376652598381042480e-01
-8.427200317382812500e-01
8.435252308845520020e-01
8.534395694732666016e-01
4.571276009082794189e-01
1.434113740921020508e+00
-1.000972867012023926e+00
1.037796258926391602e+00
-1.235834121704101562e+00
-1.193690896034240723e+00
1.843160986900329590e-01
1.480734944343566895e-01
-8.965685963630676270e-01
-1.383488774299621582e+00
1.058687925338745117e+00
-5.131227970123291016e-01
5.520114302635192871e-01
-2.411244213581085205e-01
-5.653272271156311035e-01
6.314589977264404297e-01
-4.085452556610107422e-01
-1.118351459503173828e+00
1.636475473642349243e-01
1.038078814744949341e-01
2.036163091659545898e+00
5.540636181831359863e-01
3.519505560398101807e-01
-2.035833120346069336e+00
5.915058851242065430e-01
2.180813699960708618e-01
-9.243801236152648926e-01
-3.794645667076110840e-01
3.040489256381988525e-01
-6.452512741088867188e-01
-6.130763292312622070e-01
9.826189279556274414e-01
8.447300195693969727e-01
-2.059707939624786377e-01
-1.473132848739624023e+00
-4.082165062427520752e-01
-9.709563255310058594e-01
2.262414693832397461e+00
8.909905552864074707e-01
1.898665785789489746e+00
-9.289156198501586914e-01
4.589074850082397461e-02
1.681636452674865723e+00
1.823484748601913452e-01
-1.510017991065979004e+00
4.382216036319732666e-01
8.453496694564819336e-01
-1.682062387466430664e+00
-3.441026508808135986e-01
7.854568958282470703e-01
-4.471392929553985596e-01
4.798706471920013428e-01
-1.058345675468444824e+00
2.842467129230499268e-01
-8.660974353551864624e-02
6.294893622398376465e-01
-5.644288659095764160e-01
-2.114589661359786987e-01
-4.236383438110351562e-01
-9.554340839385986328e-01
-7.848284840583801270e-01
-8.109402060508728027e-01
2.258957624435424805e+00
7.456639409065246582e-01
-1.805398166179656982e-01
-7.370291352272033691e-01
1.023356080055236816e+00
1.786251068115234375e+00
-2.640136182308197021e-01
-1.089916825294494629e+00
-8.241591453552246094e-01
1.025767326354980469e+00
-1.828230738639831543e+00
8.899176716804504395e-01
8.377832174301147461e-01
-9.131826758384704590e-01
7.184194922447204590e-01
6.417776942253112793e-01
-1.143694400787353516e+00
-9.812352061271667480e-01
-5.158960819244384766e-01
-6.482122540473937988e-01
-2.309202700853347778e-01
3.949217200279235840e-01
1.336282610893249512e+00
3.374512195587158203e+00
-5.110370516777038574e-01
-2.166680544614791870e-01
1.198553204536437988e+00
-1.997008442878723145e+00
6.609551906585693359e-01
1.775411814451217651e-01
2.053881406784057617e+00
2.403822541236877441e-01
-3.366880416870117188e-01
6.732666492462158203e-01
1.029809862375259399e-01
5.445260405540466309e-01
-1.668554186820983887e+00
1.257984757423400879e+00
-8.344860076904296875e-01
-4.764672517776489258e-01
4.937857687473297119e-01
1.239845395088195801e+00
4.224005043506622314e-01
1.464394688606262207e+00
4.815425723791122437e-02
1.481168568134307861e-01
-3.454520106315612793e-01
-1.455998063087463379e+00
2.009469509124755859e+00
8.361931443214416504e-01
-1.561544388532638550e-01
-9.461376070976257324e-01
-5.011390447616577148e-01
2.090658396482467651e-01
1.074687123298645020e+00
3.417706489562988281e-01
8.398247361183166504e-01
-3.886796534061431885e-01
-7.273586392402648926e-01
-4.638068974018096924e-01
2.815514206886291504e-01
9.680943489074707031e-01
-8.486935496330261230e-02
9.948989152908325195e-01
-2.046763181686401367e+00
7.600329518318176270e-01
-1.206022858619689941e+00
-6.990473717451095581e-02
3.254270851612091064e-01
4.895052611827850342e-01
-1.102591380476951599e-01
-1.786428451538085938e+00
-1.112571239471435547e+00
1.255177021026611328e+00
-6.568073630332946777e-01
1.630442738533020020e+00
1.203133225440979004e+00
1.039212942123413086e-01
-5.972167849540710449e-01
-2.806953489780426025e-01
-1.204519629478454590e+00
-1.143250107765197754e+00
2.793375551700592041e-01
-1.047870278358459473e+00
1.431682854890823364e-01
1.237211942672729492e+00
-2.904099822044372559e-01
-1.344439268112182617e+00
2.909432351589202881e-02
-6.871598362922668457e-01
5.034676194190979004e-01
1.234607771039009094e-01
-6.298969388008117676e-01
6.546712517738342285e-01
1.770596265792846680e+00
-1.411975622177124023e+00
8.257163166999816895e-01
-2.772148847579956055e-01
-5.685584545135498047e-01
7.422202825546264648e-01
7.689803242683410645e-01
-3.889353275299072266e-01
2.345600843429565430e+00
4.407557472586631775e-02
2.935116365551948547e-02
4.224153757095336914e-01
3.670052289962768555e-01
4.805669486522674561e-01
3.360695242881774902e-01
1.321043252944946289e+00
2.585714459419250488e-01
1.071240305900573730e-01
-4.088732302188873291e-01
-3.360114395618438721e-01
-3.223071247339248657e-02
6.574037671089172363e-01
1.856572031974792480e+00
-6.394127607345581055e-01
1.054629683494567871e+00
-1.101242899894714355e+00
5.526763796806335449e-01
-1.345864772796630859e+00
2.186627686023712158e-01
6.751856803894042969e-01
-9.527035355567932129e-01
-9.928883612155914307e-02
1.294874191284179688e+00
-1.901190876960754395e-01
1.155080199241638184e+00
1.239066757261753082e-02
2.564929962158203125e+00
-1.181236878037452698e-01
-1.259228229522705078e+00
-3.406190574169158936e-01
8.203492164611816406e-01
9.096516370773315430e-01
3.673749566078186035e-01
7.845619320869445801e-01
4.706303477287292480e-01
-1.330338239669799805e+00
1.829203844070434570e+00
-4.498617053031921387e-01
-5.142794847488403320e-01
4.709416627883911133e-01
2.383922487497329712e-01
-5.000447630882263184e-01
-2.835382819175720215e-01
-2.034234851598739624e-01
-1.352239608764648438e+00
6.191337704658508301e-01
-2.061173915863037109e+00
-1.204540580511093140e-01
6.240530014038085938e-01
-5.669273436069488525e-02
4.573661983013153076e-01
-1.689105153083801270e+00
1.963730156421661377e-02
1.316567659378051758e+00
-1.094445228576660156e+00
-6.555911302566528320e-01
8.104975223541259766e-01
-3.276956975460052490e-01
1.366925239562988281e+00
-1.628053747117519379e-02
9.005287289619445801e-01
9.509268999099731445e-01
9.179939031600952148e-01
-4.487996697425842285e-01
2.087922096252441406e+00
5.417559146881103516e-01
-5.755575299263000488e-01
4.000540077686309814e-01
-7.920911312103271484e-01
-1.610397696495056152e-01
-9.538841247558593750e-01
-1.434198737144470215e+00
1.496525049209594727e+00
1.690992116928100586e-01
5.187771320343017578e-01
-5.899900197982788086e-01
3.023818731307983398e-01
6.657045483589172363e-01
1.708340346813201904e-01
1.466001570224761963e-01
-1.014385819435119629e+00
-3.398796916007995605e-01
-1.558566331863403320e+00
1.274040222167968750e+00
2.215171813964843750e+00
6.601162999868392944e-02
-1.033638000488281250e+00
-7.812425494194030762e-01
2.131093144416809082e-01
-1.921739220619201660e+00
6.274404525756835938e-01
9.850816726684570312e-01
-7.481378316879272461e-01
4.708716869354248047e-01
1.075212005525827408e-02
-5.620640888810157776e-02
4.054729938507080078e-01
8.171662092208862305e-01
-4.308891594409942627e-01
-3.680209815502166748e-01
4.150897562503814697e-01
1.573504686355590820e+00
1.569465696811676025e-01
-7.021836042404174805e-01
-6.351521015167236328e-01
4.889736771583557129e-01
-1.207703471183776855e+00
-3.400613963603973389e-01
-1.652294158935546875e+00
6.879433989524841309e-01
2.160044386982917786e-02
