1.475471556186676025e-01
-1.723808765411376953e+00
-1.094035029411315918e+00
-2.472007751464843750e+00
1.153157591819763184e+00
8.678920567035675049e-02
-5.483302474021911621e-01
6.453510522842407227e-01
-1.081612929701805115e-01
4.516848027706146240e-01
-9.932429343461990356e-02
-4.241322278976440430e-01
-1.491427898406982422e+00
-1.058732941746711731e-01
3.783108890056610107e-01
4.187338650226593018e-01
3.705889284610748291e-01
5.922542810440063477e-01
8.065829873085021973e-01
-3.655627742409706116e-02
1.731550335884094238e+00
5.921118259429931641e-01
1.363018989562988281e+00
-2.994721829891204834e-01
4.939013719558715820e-02
-2.928819954395294189e-01
6.418105363845825195e-01
-1.480018645524978638e-01
2.207406312227249146e-01
6.551558375358581543e-01
-3.592483699321746826e-01
-6.134803891181945801e-01
4.985886514186859131e-01
-1.770619869232177734e+00
1.138462066650390625e+00
-3.340449035167694092e-01
1.012088537216186523e+00
1.223738551139831543e+00
4.352446496486663818e-01
7.974627614021301270e-01
-1.385305881500244141e+00
-1.440156817436218262e+00
7.440490126609802246e-01
-3.304674625396728516e-01
8.252948522567749023e-01
-7.574430704116821289e-01
9.945880770683288574e-01
2.062295563519001007e-02
1.278214007616043091e-01
4.797904491424560547e-01
-8.150434494018554688e-01
-3.149004876613616943e-01
1.586658656597137451e-01
5.164328962564468384e-02
-4.674620628356933594e-01
1.589383482933044434e+00
-3.481396436691284180e-01
1.708029210567474365e-01
1.199347972869873047e+00
-9.149263054132461548e-02
1.645630598068237305e+00
1.306133747100830078e+00
-2.845374941825866699e-01
1.153671979904174805e+00
2.342520207166671753e-01
1.584425270557403564e-01
4.419585466384887695e-01
-5.986656546592712402e-01
-1.411333680152893066e+00
1.052779480814933777e-01
2.043977528810501099e-01
2.542099952697753906e-01
3.131356835365295410e-01
2.532347917556762695e+00
-1.647582501173019409e-01
-1.293987512588500977e+00
1.473356366157531738e+00
7.431069016456604004e-01
-5.056769251823425293e-01
-9.071505665779113770e-01
5.406398326158523560e-02
4.942289367318153381e-02
-1.093244552612304688e-01
1.097684264183044434e+00
5.252884700894355774e-03
5.785351395606994629e-01
1.341865807771682739e-01
1.108415365219116211e+00
-7.404289841651916504e-01
-6.192529797554016113e-01
4.784187674522399902e-01
4.602647945284843445e-02
-1.404660940170288086e+00
-2.484338283538818359e-01
-1.363471895456314087e-01
-5.315885543823242188e-01
-6.790412664413452148e-01
-3.619403243064880371e-01
-9.169476032257080078e-01
-3.251223638653755188e-02
8.840085268020629883e-01
-2.428557574748992920e-01
1.106966212391853333e-01
2.809509754180908203e+00
1.476399153470993042e-01
1.156816482543945312e-01
4.785884022712707520e-01
6.352153420448303223e-02
-3.006573617458343506e-01
1.304784417152404785e+00
7.438827157020568848e-01
-1.019233822822570801e+00
7.129411101341247559e-01
-1.868657469749450684e+00
9.800872802734375000e-01
-1.586633324623107910e+00
-1.294286251068115234e+00
9.293841719627380371e-01
6.003510579466819763e-02
-2.673395872116088867e+00
-4.957334399223327637e-01
1.516814708709716797e+00
1.874097704887390137e+00
-1.117055773735046387e+00
2.152346611022949219e+00
1.608014225959777832e+00
-2.659599781036376953e+00
1.310781121253967285e+00
-2.427791833877563477e+00
-3.236702382564544678e-01
-8.670864105224609375e-01
3.788563609123229980e-01
-7.002757787704467773e-01
5.309502482414245605e-01
-6.473996043205261230e-01
3.347244560718536377e-01
1.899890184402465820e+00
-5.603328347206115723e-02
-1.745932996273040771e-01
4.809201359748840332e-01
5.831266045570373535e-01
-1.187084197998046875e+00
-1.121671438217163086e+00
-6.924216449260711670e-02
-8.036681413650512695e-01
-6.360763311386108398e-01
-1.280782938003540039e+00
-6.894246935844421387e-01
9.220426678657531738e-01
-1.579602360725402832e-01
-1.035220623016357422e+00
5.981259942054748535e-01
7.568201050162315369e-03
9.560937881469726562e-01
-7.127349376678466797e-01
1.096368879079818726e-01
6.659597903490066528e-02
-6.853338479995727539e-01
-1.396991848945617676e+00
1.138162016868591309e+00
-1.070858120918273926e+00
-1.651860713958740234e+00
-2.386063814163208008e+00
-1.417209625244140625e+00
1.465081930160522461e+00
-2.553323805332183838e-01
1.972744166851043701e-01
-5.463610887527465820e-01
-1.209436535835266113e+00
-2.367886155843734741e-01
-4.870299696922302246e-01
6.990707516670227051e-01
-1.071733832359313965e+00
-2.122521162033081055e+00
-1.672544181346893311e-01
-6.010817289352416992e-01
-1.474949359893798828e+00
2.159454114735126495e-02
4.876168072223663330e-01
7.125087380409240723e-01
1.207000732421875000e+00
7.716871500015258789e-01
7.428761720657348633e-01
3.363988697528839111e-01
6.023529171943664551e-01
-1.396453976631164551e-01
3.346978127956390381e-01
-7.230080962181091309e-01
7.480936646461486816e-01
3.089661337435245514e-02
-4.355987608432769775e-01
-6.470155119895935059e-01
7.200841307640075684e-01
1.681754946708679199e+00
-6.957775950431823730e-01
8.494677394628524780e-02
7.202810049057006836e-01
1.571684002876281738e+00
-4.203390181064605713e-01
-5.252947211265563965e-01
5.567293763160705566e-01
5.905294418334960938e-01
-3.529419600963592529e-01
-2.989392578601837158e-01
7.275599986314773560e-02
-3.932126984000205994e-02
2.784773707389831543e-01
-1.480779498815536499e-01
1.637971520423889160e+00
4.582003057003021240e-01
-1.248091459274291992e+00
1.196901321411132812e+00
1.071353793144226074e+00
-8.770115673542022705e-02
-1.499211322516202927e-02
7.770316004753112793e-01
8.149700760841369629e-01
-1.179708838462829590e+00
-8.091392517089843750e-01
9.615306854248046875e-01
-2.891215123236179352e-02
-8.332667350769042969e-01
-1.834885329008102417e-01
8.007742166519165039e-01
-3.016504943370819092e-01
-1.077988624572753906e+00
3.165032267570495605e-01
6.538230180740356445e-01
4.338394999504089355e-01
-8.681958317756652832e-01
-6.897509694099426270e-01
-2.751687467098236084e-01
-1.228191733360290527e+00
-9.482991695404052734e-01
8.502507805824279785e-01
-5.173687934875488281e-01
-1.190691590309143066e+00
-4.957852065563201904e-01
-1.773679018020629883e+00
8.151922821998596191e-01
1.276344299316406250e+00
6.582907587289810181e-02
-7.970451712608337402e-01
5.153625607490539551e-01
1.428796499967575073e-01
1.391339600086212158e-01
-7.982486486434936523e-01
-6.315099000930786133e-01
-5.963913798332214355e-01
1.548189163208007812e+00
7.966508269309997559e-01
5.563295483589172363e-01
1.783203244209289551e+00
-4.758638441562652588e-01
1.403455808758735657e-02
7.517637610435485840e-01
4.164350926876068115e-01
-2.660363316535949707e-01
3.404619991779327393e-01
1.945034042000770569e-02
-1.512488245964050293e+00
-1.008109569549560547e+00
1.664362192153930664e+00
-1.082153677940368652e+00
-1.857009172439575195e+00
6.327335834503173828e-01
7.382484078407287598e-01
1.371064186096191406e+00
1.320374846458435059e+00
-9.102952666580677032e-03
-8.366934657096862793e-01
-1.484895199537277222e-01
4.074991047382354736e-01
-8.357778191566467285e-01
2.001309394836425781e-01
-1.226760149002075195e+00
-1.122221827507019043e+00
-3.643075525760650635e-01
5.936880111694335938e-01
-1.212800294160842896e-01
-3.224374353885650635e-01
6.041887775063514709e-02
2.596900224685668945e+00
5.348291993141174316e-01
-1.459044814109802246e+00
4.208660125732421875e-01
5.052875876426696777e-01
-9.803332090377807617e-01
9.761900901794433594e-01
-6.246533393859863281e-01
7.602121233940124512e-01
5.207662582397460938e-01
8.679992752149701118e-04
3.667969703674316406e-01
-2.927445173263549805e-01
2.125502824783325195e+00
-7.478576302528381348e-01
-1.633785009384155273e+00
-1.180114001035690308e-01
-8.546064496040344238e-01
-3.371301591396331787e-01
8.333926200866699219e-01
-9.617822170257568359e-01
-1.551143229007720947e-01
2.580335438251495361e-01
-2.919658422470092773e-01
-4.807183742523193359e-01
1.783809781074523926e+00
7.363654375076293945e-01
-3.499610185623168945e+00
-3.657065331935882568e-01
-7.994037866592407227e-01
-9.854958653450012207e-01
-5.591314435005187988e-01
1.441133499145507812e+00
1.299982309341430664e+00
-1.604465991258621216e-01
-4.105473458766937256e-01
1.842651218175888062e-01
6.298831701278686523e-01
5.321167707443237305e-01
2.550168931484222412e-01
-6.012612581253051758e-01
-6.279373764991760254e-01
1.213592648506164551e+00
-4.779420197010040283e-01
-8.808073997497558594e-01
-4.173342287540435791e-01
6.427438855171203613e-01
-3.028528094291687012e-01
3.225923478603363037e-01
1.046986460685729980e+00
-9.908871650695800781e-01
8.026716113090515137e-01
-2.689036354422569275e-02
2.869625985622406006e-01
-1.019925236701965332e+00
1.469433784484863281e+00
2.251282215118408203e+00
-6.106631159782409668e-01
2.217320948839187622e-01
-2.412367820739746094e+00
-4.503721371293067932e-02
1.491114974021911621e+00
-1.447397351264953613e+00
-6.496739387512207031e-01
1.555872678756713867e+00
-1.179492115974426270e+00
-1.838857889175415039e+00
4.256723076105117798e-02
9.153003990650177002e-02
1.125610828399658203e+00
-5.704612731933593750e-01
1.249676227569580078e+00
-7.736442089080810547e-01
1.782635897397994995e-01
3.188115656375885010e-01
8.213775157928466797e-01
-6.519600749015808105e-01
2.015985697507858276e-01
-4.764142334461212158e-01
1.440362334251403809e+00
6.668000817298889160e-01
5.816504359245300293e-01
-5.637143850326538086e-01
2.218797504901885986e-01
-1.686535961925983429e-02
-8.738386631011962891e-01
-3.031121015548706055e+00
-5.716258287429809570e-01
-1.167668104171752930e+00
-1.331444144248962402e+00
-1.211786627769470215e+00
-1.609805226325988770e+00
3.441210389137268066e-01
-4.012182950973510742e-01
3.234613239765167236e-01
-1.396036744117736816e-01
7.367718219757080078e-01
-1.522907853126525879e+00
-5.177567005157470703e-01
1.057907104492187500e+00
-1.687853634357452393e-01
1.192536115646362305e+00
-6.456151604652404785e-01
8.313089609146118164e-01
7.255886793136596680e-01
1.078534960746765137e+00
-1.266567349433898926e+00
1.150930002331733704e-01
1.773359417915344238e+00
-6.715477108955383301e-01
-2.505549192428588867e-01
2.754974737763404846e-02
-2.499336451292037964e-01
4.181610345840454102e-01
1.256784498691558838e-01
2.076386511325836182e-01
-8.404249697923660278e-02
1.622782498598098755e-01
1.985147714614868164e+00
-1.317108035087585449e+00
-6.293930411338806152e-01
-3.268980383872985840e-01
3.232850730419158936e-01
-1.881495304405689240e-02
-1.226904988288879395e+00
1.049998402595520020e+00
3.722537159919738770e-01
7.068372368812561035e-01
-1.933284103870391846e-01
-3.987114131450653076e-02
1.056717872619628906e+00
2.242682725191116333e-01
2.256956510245800018e-02
-6.020967364311218262e-01
-7.060533761978149414e-01
-7.800216078758239746e-01
-1.227416753768920898e+00
-5.583109259605407715e-01
-3.970277905464172363e-01
1.615967869758605957e+00
2.570134103298187256e-01
-1.390798926353454590e+00
3.079282045364379883e-01
-1.181676149368286133e+00
-4.031077027320861816e-01
7.569315433502197266e-01
1.600144624710083008e+00
2.116019576787948608e-01
-2.531604528427124023e+00
6.397335529327392578e-01
-8.119599819183349609e-01
-8.271049261093139648e-01
-7.055248618125915527e-01
3.020526170730590820e-01
8.896280527114868164e-01
-2.954912781715393066e-01
5.087116360664367676e-01
9.477528929710388184e-02
-1.028301566839218140e-01
-8.037871718406677246e-01
8.834644556045532227e-01
5.061597824096679688e-01
4.869183003902435303e-01
-2.368347644805908203e-01
5.421335697174072266e-01
-1.256706595420837402e+00
7.070164084434509277e-01
8.996626734733581543e-01
-1.824691414833068848e+00
-2.180976629257202148e+00
-7.755569219589233398e-01
1.525807976722717285e-01
9.554455280303955078e-01
-6.146222352981567383e-01
8.068837523460388184e-01
-2.332465536892414093e-02
3.214762210845947266e-01
-8.409000635147094727e-01
6.118140220642089844e-01
2.186617404222488403e-01
-4.120256006717681885e-01
9.048365950584411621e-01
-2.395207881927490234e+00
9.844891428947448730e-01
-5.507164001464843750e-01
-5.094063878059387207e-01
-2.761695384979248047e-01
-8.705958127975463867e-01
7.764914631843566895e-02
-1.121880933642387390e-01
5.703573226928710938e-01
-1.538718342781066895e+00
-5.671157836914062500e-01
3.447418212890625000e-01
-3.341159224510192871e-01
-4.493192136287689209e-01
6.939267516136169434e-01
-1.546680688858032227e+00
1.483761787414550781e+00
-1.904210329055786133e+00
1.298828840255737305e+00
7.783558368682861328e-01
1.213037729263305664e+00
-1.811472028493881226e-01
-5.427407026290893555e-01
1.438679099082946777e+00
-1.040391087532043457e+00
2.446904778480529785e-01
1.528572559356689453e+00
-1.326324343681335449e+00
-1.191147327423095703e+00
6.888999342918395996e-01
-6.042925715446472168e-01
-1.679529249668121338e-01
1.197030186653137207e+00
-8.560882210731506348e-01
1.041179895401000977e+00
-7.169321179389953613e-01
1.213826686143875122e-01
2.530730366706848145e-01
1.024519354104995728e-01
2.679509222507476807e-01
2.211971431970596313e-01
-4.092684388160705566e-02
-2.056110143661499023e+00
8.703287243843078613e-01
7.692143917083740234e-01
1.074392795562744141e+00
-7.824397087097167969e-02
-1.035614386200904846e-01
-5.331427454948425293e-01
-1.348448157310485840e+00
2.479866892099380493e-02
-3.327452242374420166e-01
9.321511983871459961e-01
5.233410000801086426e-01
8.146355152130126953e-01
-8.907964825630187988e-01
-1.710629649460315704e-02
1.692821383476257324e+00
-1.990560293197631836e+00
4.482533931732177734e-01
-3.739676624536514282e-02
-9.606064110994338989e-02
-2.430831491947174072e-01
1.207429915666580200e-01
1.495997667312622070e+00
-4.346319437026977539e-01
1.710211873054504395e+00
2.057914733886718750e-01
1.570710301399230957e+00
5.862967297434806824e-02
-1.254048824310302734e+00
-9.798297286033630371e-01
-5.097389221191406250e-01
-7.255483865737915039e-01
1.519119977951049805e+00
-1.362877607345581055e+00
3.028349578380584717e-01
1.389839053153991699e+00
2.100241780281066895e-01
-1.608103990554809570e+00
-1.247404336929321289e+00
8.310156464576721191e-01
-3.482095897197723389e-01
-2.509067952632904053e-01
-9.554184228181838989e-02
-2.203295677900314331e-01
-2.545765340328216553e-01
-2.557747960090637207e-01
2.540260851383209229e-01
-4.283742010593414307e-01
4.191801548004150391e-01
8.740184903144836426e-01
1.097685992717742920e-01
2.772664725780487061e-01
4.195425212383270264e-01
4.939770996570587158e-01
-3.155632317066192627e-01
-1.259281516075134277e+00
-8.337369561195373535e-01
-1.032814860343933105e+00
5.308944582939147949e-01
-1.282223105430603027e+00
2.308473140001296997e-01
9.914129972457885742e-01
4.351365864276885986e-01
1.158650279045104980e+00
-5.712842941284179688e-01
-8.479484915733337402e-01
-2.645948410034179688e+00
-7.378546595573425293e-01
-4.034882485866546631e-01
8.371004462242126465e-02
8.108618855476379395e-01
-1.361156404018402100e-01
-1.861172020435333252e-01
1.386456370353698730e+00
6.521444320678710938e-01
-1.070012331008911133e+00
6.676957607269287109e-01
-7.025490403175354004e-01
-1.057642027735710144e-01
2.293631553649902344e+00
2.743641100823879242e-02
-2.352210760116577148e+00
5.003597587347030640e-03
-6.822891235351562500e-01
-1.137189745903015137e+00
-1.937308758497238159e-01
-3.366374969482421875e-01
-6.502529382705688477e-01
-1.595496684312820435e-01
1.144272923469543457e+00
2.461590051651000977e+00
-1.168732643127441406e+00
6.932887434959411621e-01
-9.646892547607421875e-01
-2.184637069702148438e+00
5.500611066818237305e-01
-8.598704338073730469e-01
6.307913661003112793e-01
-1.973298490047454834e-01
-1.859862916171550751e-02
-5.523141622543334961e-01
-5.962080359458923340e-01
1.372961401939392090e-01
2.600964307785034180e-01
-2.205178141593933105e-01
7.614177465438842773e-01
1.173921942710876465e+00
-2.804429233074188232e-01
-1.162173971533775330e-01
-3.229504525661468506e-01
8.341742157936096191e-01
-2.496053278446197510e-01
6.078018546104431152e-01
1.199871674180030823e-01
6.145337224006652832e-01
3.188118338584899902e-01
-1.639385074377059937e-01
-6.529519557952880859e-01
3.328981399536132812e-01
9.823341965675354004e-01
3.185137212276458740e-01
-9.977387189865112305e-01
1.813126206398010254e+00
1.747070431709289551e+00
-7.310398817062377930e-01
-1.679544091224670410e+00
3.092652261257171631e-01
2.563603520393371582e-01
1.014335528016090393e-01
7.960534691810607910e-01
8.696228861808776855e-01
-3.578982949256896973e-01
2.320467978715896606e-01
8.568872809410095215e-01
-4.589023813605308533e-02
4.183541238307952881e-02
-5.216773748397827148e-01
-5.794023275375366211e-01
5.476327985525131226e-02
3.031199872493743896e-01
4.280745983123779297e-01
-2.340080261230468750e+00
-7.303816080093383789e-01
-9.752967953681945801e-02
3.431063890457153320e-01
-6.963058114051818848e-01
-4.767911434173583984e-01
-5.605385899543762207e-01
-4.711516797542572021e-01
-1.271871328353881836e+00
5.260007381439208984e-01
-7.588919401168823242e-01
5.644010379910469055e-02
-1.061982393264770508e+00
6.567618846893310547e-01
-4.511894285678863525e-01
2.491291612386703491e-01
-1.771489858627319336e+00
5.092321038246154785e-01
-1.593778848648071289e+00
3.796283155679702759e-02
1.492243766784667969e+00
3.145961165428161621e-01
5.617135167121887207e-01
-3.874662220478057861e-01
-4.129882156848907471e-02
-6.627533584833145142e-02
-3.855705857276916504e-01
-5.048557370901107788e-02
2.281982749700546265e-01
1.116038084030151367e+00
5.198537111282348633e-01
-1.190400570631027222e-01
5.200656056404113770e-01
7.271286845207214355e-01
-2.535593695938587189e-02
-4.625332728028297424e-02
-1.356121599674224854e-01
2.235125154256820679e-01
6.774495244026184082e-01
-4.099805653095245361e-01
1.129429459571838379e+00
-1.296533942222595215e+00
8.988547325134277344e-02
-7.172771692276000977e-01
-1.490391790866851807e-01
3.412849307060241699e-01
5.248766541481018066e-01
-1.136154413223266602e+00
2.369530200958251953e+00
-1.503135412931442261e-01
8.620669245719909668e-01
8.304864913225173950e-02
2.826516926288604736e-01
-6.637466549873352051e-01
-6.942732334136962891e-01
1.897372245788574219e+00
2.150343358516693115e-01
1.013021096587181091e-01
2.888531684875488281e+00
1.264020323753356934e+00
-1.103034019470214844e+00
-1.211362957954406738e+00
-4.763902127742767334e-01
1.083924412727355957e+00
-9.081001877784729004e-01
1.099800616502761841e-01
1.544407129287719727e+00
-3.774448633193969727e-01
-6.982586383819580078e-01
-1.957666277885437012e-01
-4.268624782562255859e-01
8.476753234863281250e-01
5.923762917518615723e-01
4.160549044609069824e-01
-1.458677530288696289e+00
-7.245312631130218506e-02
-1.144667029380798340e+00
4.302352964878082275e-01
-3.112047910690307617e-01
-6.577123701572418213e-02
3.147790133953094482e-01
2.859244346618652344e-01
8.046115636825561523e-01
4.687236621975898743e-02
-1.081983208656311035e+00
-4.469487965106964111e-01
-2.386907935142517090e-01
-8.416818380355834961e-01
-1.696977913379669189e-01
1.007170677185058594e+00
2.107405066490173340e-01
-4.931033253669738770e-01
-1.492460727691650391e+00
-3.055741079151630402e-02
-2.527109086513519287e-01
3.166826665401458740e-01
-1.331254959106445312e+00
-4.800551235675811768e-01
-1.966898560523986816e+00
6.781337857246398926e-01
1.027917742729187012e+00
-1.304431080818176270e+00
5.822256803512573242e-01
-1.142616500146687031e-03
-1.067023351788520813e-01
-1.180149435997009277e+00
-2.919832468032836914e-01
2.694105207920074463e-01
-2.603528499603271484e-01
-1.681547999382019043e+00
4.530307948589324951e-01
1.654701471328735352e+00
1.373052597045898438e-01
8.328675031661987305e-01
-1.651818752288818359e+00
-1.052698731422424316e+00
8.855314850807189941e-01
5.844892859458923340e-01
1.823813915252685547e+00
3.409247398376464844e-01
5.587998032569885254e-01
