-8.838177323341369629e-01
-7.417998313903808594e-01
-9.684681892395019531e-01
-1.637227058410644531e+00
-3.045947253704071045e-01
1.354780077934265137e+00
3.350777328014373779e-01
5.642327070236206055e-01
-1.216891527175903320e+00
1.727562993764877319e-01
-1.746642142534255981e-01
2.002880811691284180e+00
-6.654648184776306152e-01
-1.032500147819519043e+00
2.737196087837219238e-01
1.234563469886779785e+00
6.158338785171508789e-01
-2.850616276264190674e-01
6.486353278160095215e-01
3.266084194183349609e-01
-1.498176306486129761e-01
1.404585361480712891e+00
-1.580894552171230316e-02
-8.043204545974731445e-01
1.745761513710021973e+00
4.744376242160797119e-01
5.901441574096679688e-01
-8.228222131729125977e-01
-4.600498825311660767e-02
-1.967482268810272217e-01
-1.417809575796127319e-01
-3.121530115604400635e-01
-2.257935255765914917e-01
-1.546260595321655273e+00
1.320158335147425532e-04
3.001603530719876289e-03
1.042116403579711914e+00
2.617833316326141357e-01
-2.942943871021270752e-01
1.283311992883682251e-01
-4.527646303176879883e-01
-9.190938472747802734e-01
-1.547838091850280762e+00
-9.292032122611999512e-01
1.963553875684738159e-01
1.253488540649414062e+00
6.822076439857482910e-01
3.492296636104583740e-01
3.463105559349060059e-01
1.472409665584564209e-01
1.766945272684097290e-01
-1.018820330500602722e-02
-5.038508772850036621e-01
-2.718405425548553467e-02
1.200994253158569336e-01
2.795899212360382080e-01
1.098953366279602051e+00
3.063026368618011475e-01
3.979012370109558105e-01
-1.131217122077941895e+00
-8.853881955146789551e-01
8.685491681098937988e-01
5.279540419578552246e-01
-3.855783343315124512e-01
4.103457331657409668e-01
1.176797747611999512e-01
6.257029250264167786e-03
-3.802039027214050293e-01
4.617367312312126160e-02
2.718757390975952148e-01
3.159427940845489502e-01
-5.517626553773880005e-02
3.560794591903686523e-01
9.897922277450561523e-01
-1.782581508159637451e-01
-1.361416429281234741e-01
1.244763731956481934e+00
-2.127224020659923553e-02
7.438436150550842285e-01
-3.231098055839538574e-01
-4.320145249366760254e-01
4.914003908634185791e-01
-9.099348187446594238e-01
6.805473566055297852e-01
-7.292621135711669922e-01
-1.329873353242874146e-01
-9.344946593046188354e-02
1.513574600219726562e+00
-4.415782392024993896e-01
3.654938638210296631e-01
-8.428572416305541992e-01
-1.859446167945861816e-01
1.302050352096557617e-01
-1.842602849006652832e+00
3.727990686893463135e-01
-4.148972332477569580e-01
2.503937780857086182e-01
-3.003740906715393066e-01
-3.630863428115844727e-01
8.846349716186523438e-01
1.792850136756896973e+00
3.486994802951812744e-01
5.841923952102661133e-01
6.367014646530151367e-01
-4.235622882843017578e-01
-5.242185592651367188e-01
-2.769304439425468445e-02
-7.130318880081176758e-01
1.530549209564924240e-02
3.384925127029418945e-01
4.529144614934921265e-02
-1.479010581970214844e+00
8.184397220611572266e-01
-1.715607166290283203e+00
-1.411002725362777710e-01
5.949691534042358398e-01
-3.107582926750183105e-01
1.034734129905700684e+00
3.497298657894134521e-01
-1.579375267028808594e+00
-6.765640377998352051e-01
1.934439420700073242e+00
-1.225874796509742737e-01
-1.655234456062316895e+00
2.101321667432785034e-01
-9.506025910377502441e-02
-8.787176012992858887e-01
1.460794806480407715e+00
-8.485655784606933594e-01
-8.489829301834106445e-01
-6.956114172935485840e-01
-7.976930141448974609e-01
1.567775607109069824e+00
1.858740091323852539e+00
1.723326295614242554e-01
3.123843967914581299e-01
-3.047826886177062988e-01
1.101726412773132324e+00
4.767203703522682190e-02
1.842865824699401855e+00
1.913866996765136719e-01
-1.477830171585083008e+00
-1.617505401372909546e-01
1.236441493034362793e+00
-5.309289693832397461e-01
-1.028781771659851074e+00
3.295617699623107910e-01
5.275299549102783203e-01
1.279772520065307617e+00
-1.286503970623016357e-01
1.337140798568725586e+00
-8.589746356010437012e-01
5.727254152297973633e-01
1.194888800382614136e-01
-1.441344738006591797e+00
5.377665758132934570e-01
-2.466886490583419800e-02
-7.479155063629150391e-01
-1.922126531600952148e+00
1.276659965515136719e+00
-1.005992650985717773e+00
-6.239510774612426758e-01
9.531421065330505371e-01
-2.476685047149658203e-01
2.729269027709960938e+00
3.919303119182586670e-01
-4.095192253589630127e-01
4.644472301006317139e-01
-9.798030257225036621e-01
-9.838473051786422729e-02
6.936181783676147461e-01
6.741673350334167480e-01
-6.117554306983947754e-01
-7.387926578521728516e-01
-5.049794316291809082e-01
-5.236768126487731934e-01
4.377134740352630615e-01
2.339674681425094604e-01
6.384642720222473145e-01
-7.158615589141845703e-01
1.387769699096679688e+00
1.133619427680969238e+00
-5.634510517120361328e-01
-1.272652506828308105e+00
2.016095221042633057e-01
1.078889250755310059e+00
1.092756986618041992e+00
-2.674884080886840820e+00
6.963843852281570435e-02
9.609846025705337524e-02
1.369899362325668335e-01
-2.485384941101074219e-01
2.219582051038742065e-01
8.521713018417358398e-01
1.971241980791091919e-01
1.087988734245300293e+00
-1.100229173898696899e-01
1.328501820564270020e+00
2.931767404079437256e-01
-5.962619185447692871e-01
-7.345800995826721191e-01
-3.653430044651031494e-01
-1.254620403051376343e-01
5.285915732383728027e-01
-1.297062784433364868e-01
8.892763257026672363e-01
-8.371898531913757324e-02
-4.749341011047363281e-01
6.157603263854980469e-01
5.006006360054016113e-01
1.399027705192565918e+00
-6.180020570755004883e-01
-1.150498270988464355e+00
-7.465369254350662231e-02
1.479798406362533569e-01
5.860791727900505066e-02
7.263116836547851562e-01
-9.312666058540344238e-01
-1.955835103988647461e+00
2.150098830461502075e-01
1.353969097137451172e+00
1.573727726936340332e+00
3.805797696113586426e-01
-1.260480284690856934e+00
1.352223306894302368e-01
-5.278168916702270508e-01
-1.221285700798034668e+00
2.006852477788925171e-01
4.109717309474945068e-01
-1.247677803039550781e+00
9.923278540372848511e-02
9.358405470848083496e-01
-7.784222960472106934e-01
-1.087310314178466797e-01
-1.252827793359756470e-01
2.849284708499908447e-01
-1.373037099838256836e+00
-1.032247543334960938e+00
-1.046249389648437500e+00
3.875533044338226318e-01
8.576759696006774902e-01
-6.964083313941955566e-01
-5.159930586814880371e-01
1.179069995880126953e+00
1.454407334327697754e+00
-3.785351216793060303e-01
3.975743055343627930e-01
-3.833132088184356689e-01
1.518446445465087891e+00
1.592769026756286621e-01
3.175001442432403564e-01
6.578299403190612793e-01
-4.406322538852691650e-02
-6.396406888961791992e-01
2.811147868633270264e-01
5.867061018943786621e-02
-2.584537267684936523e-01
3.007635772228240967e-01
1.425406694412231445e+00
-2.291979081928730011e-02
3.547285795211791992e-01
-6.324193477630615234e-01
-1.105836480855941772e-01
-4.393094480037689209e-01
-1.153974056243896484e+00
2.400216609239578247e-01
1.141321897506713867e+00
1.048216938972473145e+00
9.688875675201416016e-01
-8.290023207664489746e-01
2.222213596105575562e-01
3.129138350486755371e-01
3.877362310886383057e-01
-1.784722879528999329e-02
-2.055754959583282471e-01
6.360555291175842285e-01
-1.176990628242492676e+00
4.211381450295448303e-02
-4.283665716648101807e-01
-3.540568351745605469e-01
-3.355415761470794678e-01
-5.220931172370910645e-01
8.333219289779663086e-01
-1.716955006122589111e-02
2.175209224224090576e-01
-6.818285677582025528e-03
-3.003894723951816559e-02
-3.184037804603576660e-01
1.208094730973243713e-01
1.183210834860801697e-01
6.171431541442871094e-01
-5.016906931996345520e-02
4.001824930310249329e-02
1.443172216415405273e+00
-1.126094441860914230e-02
1.787561416625976562e+00
9.942846894264221191e-01
-1.386187195777893066e+00
5.836699008941650391e-01
-8.586443066596984863e-01
-6.108535453677177429e-02
1.722425222396850586e+00
-1.796635836362838745e-01
3.083253800868988037e-01
2.227578163146972656e-01
-8.508229255676269531e-02
2.438735514879226685e-01
1.221392989158630371e+00
1.229665517807006836e+00
-1.910645365715026855e+00
2.689977288246154785e-01
-8.671397566795349121e-01
-1.425656557083129883e+00
4.906677007675170898e-01
1.343162178993225098e+00
1.354132652282714844e+00
-1.122699454426765442e-01
-8.402985930442810059e-01
-6.937332749366760254e-01
-9.632377028465270996e-01
1.096515059471130371e+00
2.534302473068237305e+00
-1.196428179740905762e+00
-8.204950094223022461e-01
6.663867235183715820e-01
-4.672442078590393066e-01
1.865920424461364746e-01
2.035604417324066162e-01
2.777839303016662598e-01
-8.597113490104675293e-01
-6.065375804901123047e-01
1.884487509727478027e+00
-3.046137392520904541e-01
1.093886613845825195e+00
-2.583697736263275146e-01
1.526862263679504395e+00
-8.910271525382995605e-01
-1.083814539015293121e-02
1.047989875078201294e-01
3.633887469768524170e-01
2.226188480854034424e-01
-2.874413013458251953e+00
4.048671200871467590e-02
-8.682394623756408691e-01
-7.023037672042846680e-01
-3.973359167575836182e-01
1.637468338012695312e+00
-7.880862057209014893e-02
-1.522592067718505859e+00
-2.821365892887115479e-01
1.103121280670166016e+00
1.363513171672821045e-01
-1.286357879638671875e+00
1.146600008010864258e+00
-6.643223762512207031e-02
3.105739653110504150e-01
1.208683371543884277e+00
-2.790701985359191895e-01
-5.966562628746032715e-01
1.437551856040954590e+00
-4.544126689434051514e-01
2.889877557754516602e-01
1.981115937232971191e+00
4.207612201571464539e-02
-1.025538682937622070e+00
2.692496180534362793e-01
-1.008713245391845703e+00
4.336493909358978271e-01
-1.571397542953491211e+00
-5.910543203353881836e-01
1.581312417984008789e-01
-1.703959584236145020e+00
-1.943882852792739868e-01
-9.022603034973144531e-01
2.623441219329833984e-01
9.997722506523132324e-01
1.764319419860839844e+00
-1.463430374860763550e-01
-5.882244706153869629e-01
-3.875632882118225098e-01
1.539766192436218262e+00
2.263022661209106445e-01
-1.448398530483245850e-01
4.572331905364990234e-01
-1.569701194763183594e+00
1.431459486484527588e-01
8.383090496063232422e-01
5.558649897575378418e-01
1.807847060263156891e-02
1.419614702463150024e-01
3.312281370162963867e-01
2.182392477989196777e-01
-1.813158839941024780e-01
5.739388465881347656e-01
-1.594715267419815063e-01
-5.113194584846496582e-01
1.540260165929794312e-01
8.194773793220520020e-01
-9.547851085662841797e-01
-4.226799309253692627e-01
1.676118493080139160e+00
2.773964405059814453e-01
9.139527082443237305e-01
-1.052144289016723633e+00
7.524286508560180664e-01
-8.643482923507690430e-01
1.454596668481826782e-01
-5.243238210678100586e-01
-6.180461049079895020e-01
1.524315834045410156e+00
2.131684273481369019e-01
1.283796072006225586e+00
8.276177048683166504e-01
-5.993165969848632812e-01
3.005965054035186768e-01
-9.492552876472473145e-01
1.754201531410217285e+00
-1.067705988883972168e+00
-1.252273082733154297e+00
7.869980484247207642e-02
-5.002590268850326538e-02
6.974508166313171387e-01
4.983064234256744385e-01
1.191525816917419434e+00
-7.543658018112182617e-01
-1.895847320556640625e+00
-8.366667032241821289e-01
4.532806873321533203e-01
7.293975353240966797e-01
-6.082085967063903809e-01
8.137790858745574951e-02
1.163458228111267090e+00
2.034870237112045288e-01
-9.700749516487121582e-01
-1.435991674661636353e-01
1.694421172142028809e-01
2.511170208454132080e-01
1.092541456222534180e+00
3.679377585649490356e-02
1.334708213806152344e+00
-9.409465789794921875e-01
-8.813540935516357422e-01
8.883538842201232910e-01
6.384810805320739746e-02
2.218508958816528320e+00
-1.339366912841796875e+00
3.495125770568847656e-01
-8.365909457206726074e-01
1.499140262603759766e-01
-2.302799373865127563e-01
-1.397646665573120117e+00
-1.477916598320007324e+00
3.534926567226648331e-03
2.934108674526214600e-01
-1.316152930259704590e+00
-1.159276127815246582e+00
2.203079938888549805e+00
-5.200783610343933105e-01
-5.604871511459350586e-01
-4.286126419901847839e-02
2.062228173017501831e-01
-5.462110042572021484e-01
-3.374086692929267883e-02
1.251277923583984375e-01
-2.298016071319580078e+00
4.096267223358154297e-01
-4.139243662357330322e-01
-4.290384054183959961e-01
-5.200097560882568359e-01
-1.316404461860656738e+00
5.640824511647224426e-02
7.278465628623962402e-01
6.077674627304077148e-01
2.642866671085357666e-01
3.486790060997009277e-01
-2.335753291845321655e-01
-1.077075242996215820e+00
3.654096126556396484e-01
3.092574477195739746e-01
-4.383966922760009766e-01
-1.965385489165782928e-02
-2.376783132553100586e+00
4.283969700336456299e-01
-2.163329869508743286e-01
1.956726312637329102e+00
1.278058409690856934e+00
-1.106097921729087830e-01
1.812502443790435791e-01
-9.841367602348327637e-02
4.301784634590148926e-01
5.998815894126892090e-01
-7.586345076560974121e-01
-1.273028969764709473e+00
-1.088116839528083801e-01
-1.170147895812988281e+00
8.648999929428100586e-01
1.125814676284790039e+00
-2.603434026241302490e-01
3.969031572341918945e-01
-8.822606801986694336e-01
-2.158478647470474243e-01
9.575635790824890137e-01
3.440249338746070862e-02
-4.301687180995941162e-01
1.246837973594665527e+00
2.346803992986679077e-01
-1.971092969179153442e-01
-4.707493185997009277e-01
1.007427215576171875e+00
3.497834801673889160e-01
-1.225523114204406738e+00
7.267920374870300293e-01
-6.657110452651977539e-01
4.626929461956024170e-01
-4.118447899818420410e-01
1.909823536872863770e+00
-6.846027970314025879e-01
-9.097877144813537598e-02
3.412272036075592041e-01
1.003646031022071838e-01
-4.264789074659347534e-02
1.222040057182312012e+00
3.765659034252166748e-01
2.284836024045944214e-01
-8.598424792289733887e-01
-9.532771110534667969e-01
-3.354623615741729736e-01
-4.972817301750183105e-01
-3.908684849739074707e-01
1.288348793983459473e+00
6.824311017990112305e-01
8.432414531707763672e-01
3.917278945446014404e-01
4.426352679729461670e-01
-1.832048535346984863e+00
-3.016147851943969727e+00
-1.408886432647705078e+00
-2.342646867036819458e-01
9.292124509811401367e-01
1.223454356193542480e+00
4.978643953800201416e-01
9.467252343893051147e-02
-2.067493498325347900e-01
-4.276740849018096924e-01
4.191090166568756104e-01
-3.028129339218139648e-01
-6.472983360290527344e-01
9.683385491371154785e-01
1.700812816619873047e+00
1.122460007667541504e+00
-3.311152458190917969e-01
-8.835853338241577148e-01
-1.386534929275512695e+00
2.735791802406311035e-01
2.203262746334075928e-01
-1.205299973487854004e+00
2.905190177261829376e-02
-2.339643798768520355e-02
4.577654004096984863e-01
-3.578197658061981201e-01
-2.991655170917510986e-01
-8.084385842084884644e-02
-1.789447307586669922e+00
-4.493751376867294312e-02
1.311238527297973633e+00
-1.545603394508361816e+00
-6.139293909072875977e-01
-5.636374354362487793e-01
6.648380160331726074e-01
4.813697934150695801e-01
5.581752657890319824e-01
1.168573975563049316e+00
1.573525071144104004e-01
-1.258047372102737427e-01
-8.272038102149963379e-01
2.117345482110977173e-01
-7.825110554695129395e-01
-6.868169903755187988e-01
-9.846252799034118652e-01
-1.277086019515991211e+00
1.406538724899291992e+00
7.309476137161254883e-01
1.178792476654052734e+00
-5.284392237663269043e-01
-1.139541149139404297e+00
-2.420079857110977173e-01
-8.953580260276794434e-01
-4.857127070426940918e-01
6.598859429359436035e-01
-1.036661028861999512e+00
2.538563013076782227e-01
5.878465771675109863e-01
-5.568508431315422058e-02
-1.077667474746704102e+00
2.822381556034088135e-01
5.560325980186462402e-01
1.163511872291564941e+00
-1.044824361801147461e+00
1.405508399009704590e+00
-5.352554321289062500e-01
-7.452891021966934204e-02
-8.983397483825683594e-01
-1.835406661033630371e+00
8.771720528602600098e-02
7.483602315187454224e-02
-5.673060417175292969e-01
2.665811777114868164e-01
-1.052739098668098450e-02
5.625196173787117004e-02
-4.614327549934387207e-01
-1.479665160179138184e+00
4.834159612655639648e-01
2.923176288604736328e-01
-7.956965565681457520e-01
3.840809166431427002e-01
1.713597327470779419e-01
1.857695281505584717e-01
-4.637708663940429688e-01
2.141298949718475342e-01
2.721907794475555420e-01
2.474742829799652100e-01
1.292140960693359375e+00
-2.705749683082103729e-02
6.427313089370727539e-01
1.553823202848434448e-01
1.339490711688995361e-01
5.731655359268188477e-01
-5.555716753005981445e-01
7.492331862449645996e-01
8.137647509574890137e-01
-2.820213079452514648e+00
-2.371883153915405273e+00
6.274858117103576660e-02
-3.312779068946838379e-01
-5.970634818077087402e-01
1.360666990280151367e+00
7.226768732070922852e-01
-1.311318427324295044e-01
-3.678744137287139893e-01
-7.726141810417175293e-01
-1.221578598022460938e+00
5.826417207717895508e-01
5.391219258308410645e-01
-4.205320477485656738e-01
1.378780126571655273e+00
3.811028599739074707e-01
1.254864484071731567e-01
-8.645069003105163574e-01
2.459416687488555908e-01
3.615127177909016609e-03
9.130808711051940918e-01
1.159368872642517090e+00
-7.459727525711059570e-01
3.068486750125885010e-01
-1.782043099403381348e+00
-1.445306539535522461e+00
7.031037211418151855e-01
5.385336652398109436e-02
-1.064618468284606934e+00
1.291529178619384766e+00
1.652580976486206055e+00
-1.147523045539855957e+00
1.412543952465057373e-01
-2.101667404174804688e+00
-5.862782597541809082e-01
-4.524950683116912842e-01
-3.086910843849182129e-01
3.414721488952636719e-01
4.090102738700807095e-04
4.103422760963439941e-01
-1.292013525962829590e+00
4.599547982215881348e-01
-6.909554004669189453e-01
-3.860673010349273682e-01
2.986137270927429199e-01
3.711229562759399414e-01
-2.628201842308044434e-01
-1.497188925743103027e+00
-4.266359377652406693e-03
-2.792705893516540527e-01
2.364959418773651123e-01
5.515877008438110352e-01
-2.384012490510940552e-01
-9.051939249038696289e-01
6.513258814811706543e-01
7.376564741134643555e-01
-4.555981457233428955e-01
4.492754936218261719e-01
-2.673872709274291992e+00
1.404098868370056152e-01
-1.910879850387573242e+00
7.859989255666732788e-02
9.060736298561096191e-01
1.554139018058776855e+00
-6.464560031890869141e-01
3.348264694213867188e-01
-5.260247588157653809e-01
1.609408378601074219e+00
-6.155974864959716797e-01
-2.643611133098602295e-01
-5.169081687927246094e-01
-7.336354851722717285e-01
5.588605999946594238e-01
6.269342899322509766e-01
-1.093716621398925781e+00
-4.209805130958557129e-01
3.406422436237335205e-01
-8.074839115142822266e-01
-3.869070708751678467e-01
-1.802655220031738281e+00
4.148350059986114502e-01
7.575597614049911499e-02
-6.202920079231262207e-01
6.948211789131164551e-01
-1.593393832445144653e-01
7.549466937780380249e-02
-4.435961600393056870e-03
4.321299791336059570e-01
3.438270092010498047e-02
-2.043894678354263306e-01
-9.080825448036193848e-01
2.881838008761405945e-02
-3.700800240039825439e-01
-9.383977055549621582e-01
-8.299875855445861816e-01
-9.313708543777465820e-01
-5.953661203384399414e-01
-7.411770224571228027e-01
-3.990432024002075195e-01
1.578908324241638184e+00
9.176586866378784180e-01
-2.888874113559722900e-01
-2.090631127357482910e-01
8.765559196472167969e-01
-1.004818916320800781e+00
-1.331828534603118896e-01
1.897126793861389160e+00
-2.102211713790893555e+00
-8.166908025741577148e-01
-5.834740400314331055e-01
-3.956757485866546631e-01
9.140828847885131836e-01
-4.367752075195312500e-01
-6.292489171028137207e-01
-1.363409757614135742e+00
3.873989731073379517e-02
8.158018589019775391e-01
5.431187748908996582e-01
6.389291882514953613e-01
-3.908637166023254395e-01
-6.093727350234985352e-01
-5.027126669883728027e-01
-1.366146445274353027e+00
-3.297094255685806274e-02
1.214275658130645752e-01
5.178456306457519531e-01
-1.118239521980285645e+00
-9.623779356479644775e-02
3.827562332153320312e-01
4.635053686797618866e-03
3.618712425231933594e-01
-1.011311650276184082e+00
-1.168301820755004883e+00
6.184580922126770020e-01
4.121305346488952637e-01
7.052255421876907349e-02
-2.479416579008102417e-01
5.563865900039672852e-01
