-1.190000772476196289e+00
-6.406255960464477539e-01
-1.267042160034179688e-01
3.031904995441436768e-01
-2.302896380424499512e-01
7.554809451103210449e-01
-1.107706546783447266e+00
3.255905210971832275e-01
2.329573333263397217e-01
-8.347005844116210938e-01
-1.141958355903625488e+00
1.232835888862609863e+00
-1.637836545705795288e-01
-7.109921574592590332e-01
-4.634939432144165039e-01
6.074157953262329102e-01
4.630548059940338135e-01
5.089724063873291016e-01
1.856972128152847290e-01
5.617513060569763184e-01
-8.528400063514709473e-01
1.201192855834960938e+00
7.496764063835144043e-01
-9.474189281463623047e-01
-6.976097822189331055e-01
1.191217750310897827e-01
2.973237931728363037e-01
9.348630905151367188e-01
5.350019931793212891e-01
-6.732134222984313965e-01
-6.508764624595642090e-01
1.137550354003906250e+00
-3.139213919639587402e-01
-6.640262603759765625e-01
8.616851568222045898e-01
5.084323287010192871e-01
1.206785202026367188e+00
7.547836899757385254e-01
8.132254332304000854e-02
-2.389458268880844116e-01
1.842414289712905884e-01
-1.582469105720520020e+00
-9.685856103897094727e-01
-3.958933055400848389e-01
1.268972158432006836e+00
6.472169160842895508e-01
3.326068446040153503e-02
4.114405438303947449e-02
2.668457925319671631e-01
7.204479575157165527e-01
-5.004344582557678223e-01
4.457865059375762939e-01
7.097739577293395996e-01
8.135330080986022949e-01
6.467019319534301758e-01
-3.798618614673614502e-01
8.918970078229904175e-02
-6.420038938522338867e-01
9.912816286087036133e-01
-2.118196524679660797e-02
-1.099238395690917969e+00
2.247955203056335449e-01
7.372410595417022705e-02
-8.786674141883850098e-01
7.954411953687667847e-02
8.099940419197082520e-01
5.370495319366455078e-01
3.623020052909851074e-01
-8.939827233552932739e-02
1.255725026130676270e-01
-9.801449626684188843e-02
-3.199437260627746582e-01
1.028749585151672363e+00
8.436471223831176758e-01
-5.785458683967590332e-01
6.155509874224662781e-02
-2.911517918109893799e-01
-4.003449976444244385e-01
7.040811181068420410e-01
-9.699873626232147217e-02
-7.817696332931518555e-01
-2.424237504601478577e-02
-8.531926870346069336e-01
4.912692904472351074e-01
2.792598009109497070e-01
3.977009654045104980e-01
-1.727629154920578003e-01
-2.501758337020874023e-01
-8.108016252517700195e-01
6.245824098587036133e-01
-5.586743950843811035e-01
4.059717059135437012e-01
1.303988814353942871e+00
-6.292409896850585938e-01
1.377154707908630371e+00
6.087136864662170410e-01
-3.531500101089477539e-01
-4.500695765018463135e-01
5.864430665969848633e-01
-6.862660646438598633e-01
1.174686029553413391e-01
2.291216105222702026e-01
1.429251283407211304e-01
7.303830385208129883e-01
-5.276319384574890137e-01
-8.401498198509216309e-01
-7.163439989089965820e-01
-2.382989227771759033e-01
-2.620048820972442627e-01
-2.572835385799407959e-01
1.046606183052062988e+00
-1.471095204353332520e+00
6.894519925117492676e-01
-1.812475323677062988e+00
-8.411495685577392578e-01
1.045961499214172363e+00
-2.661670148372650146e-01
-3.506778478622436523e-01
-1.357496827840805054e-01
-5.727678537368774414e-01
-8.553603291511535645e-01
5.067980289459228516e-01
-6.930720061063766479e-02
-7.345792055130004883e-01
1.050438761711120605e+00
3.964805901050567627e-01
-1.322298645973205566e+00
1.654225826263427734e+00
-1.821940779685974121e+00
6.002569794654846191e-01
-1.082616925239562988e+00
-7.767381668090820312e-01
1.448351025581359863e+00
7.404182553291320801e-01
9.935247898101806641e-01
2.048996984958648682e-01
8.155423402786254883e-01
8.355020284652709961e-01
-5.339764356613159180e-01
2.099744796752929688e+00
2.319737076759338379e-01
2.694784700870513916e-01
-3.860273063182830811e-01
9.499124288558959961e-01
-3.856226205825805664e-01
-5.906880497932434082e-01
7.259403467178344727e-01
-1.111360311508178711e+00
7.297475636005401611e-02
2.196893692016601562e-01
3.213017582893371582e-01
-9.660914540290832520e-01
8.583292365074157715e-01
-2.714559994637966156e-02
-5.711892247200012207e-01
-4.678716063499450684e-01
-7.357192039489746094e-01
4.279052913188934326e-01
-1.090203762054443359e+00
4.347391426563262939e-01
-1.427760839462280273e+00
-2.987233996391296387e-01
5.164119005203247070e-01
-3.065820634365081787e-01
1.887009143829345703e+00
2.335359454154968262e-01
-1.342749148607254028e-01
-3.858346939086914062e-01
-7.857243418693542480e-01
-1.880373716354370117e+00
5.738791823387145996e-01
-1.213006734848022461e+00
-1.448272913694381714e-01
-6.764848828315734863e-01
-5.923275947570800781e-01
1.496707051992416382e-01
2.510145902633666992e-01
1.715587228536605835e-01
-9.324581623077392578e-01
-6.971757113933563232e-02
-7.955306023359298706e-02
1.383243203163146973e+00
-5.367423295974731445e-01
-4.222410023212432861e-01
2.830940186977386475e-01
1.145192384719848633e+00
1.760520577430725098e+00
-3.576409816741943359e+00
-4.343594014644622803e-01
9.172966331243515015e-02
4.928611218929290771e-01
-5.651770830154418945e-01
3.922664821147918701e-01
4.373103380203247070e-01
-3.751176595687866211e-01
6.448976397514343262e-01
1.180333197116851807e-01
-5.235487818717956543e-01
2.329780459403991699e-01
-2.979269921779632568e-01
-1.205849170684814453e+00
-8.370420336723327637e-01
-6.772161722183227539e-01
5.935653448104858398e-01
-1.196311473846435547e+00
-5.067145824432373047e-01
5.513687729835510254e-01
-8.921666145324707031e-01
8.570320606231689453e-01
-4.585361778736114502e-01
-5.325008630752563477e-01
-3.720844909548759460e-02
-1.165615200996398926e+00
6.568658351898193359e-02
1.592509597539901733e-01
-1.056187033653259277e+00
8.117735385894775391e-01
3.797205388545989990e-01
-1.762580037117004395e+00
-2.932546734809875488e-01
-3.580755293369293213e-01
1.932505607604980469e+00
-2.872843444347381592e-01
-4.076733812689781189e-02
-7.936955690383911133e-01
-4.441833496093750000e-01
4.997435510158538818e-01
1.726262450218200684e+00
3.434903025627136230e-01
-5.660932660102844238e-01
6.398165225982666016e-01
3.449998795986175537e-01
-1.506089091300964355e+00
2.539185434579849243e-02
-5.985990762710571289e-01
-4.252772927284240723e-01
-1.701692223548889160e+00
1.283863782882690430e-01
3.093236684799194336e-01
8.412323892116546631e-02
9.468652009963989258e-01
-9.927417337894439697e-02
7.628458738327026367e-02
-4.502694010734558105e-01
2.979871816933155060e-02
-6.399795413017272949e-02
5.125499963760375977e-01
-7.016589045524597168e-01
1.403616189956665039e+00
-7.614589929580688477e-01
-5.463737249374389648e-01
7.361186742782592773e-01
-4.232103228569030762e-01
-3.737652897834777832e-01
-3.672729432582855225e-01
-6.728073954582214355e-02
-2.325074374675750732e-01
-5.082930326461791992e-01
7.163537740707397461e-01
2.023974508047103882e-01
-1.774680018424987793e-01
-3.318596184253692627e-01
1.163549542427062988e+00
-1.425776362419128418e+00
-4.853938221931457520e-01
1.446796357631683350e-01
1.254791140556335449e+00
9.224390387535095215e-01
2.981372177600860596e-01
-5.934731960296630859e-01
1.291012525558471680e+00
-5.756319761276245117e-01
8.531567454338073730e-01
-5.782137513160705566e-01
-3.497200608253479004e-01
3.649882376194000244e-01
-3.674699366092681885e-01
-2.444046437740325928e-01
-5.389843583106994629e-01
-1.763958334922790527e+00
-2.665717005729675293e-01
-4.724436104297637939e-01
-2.840188443660736084e-01
-6.795769929885864258e-01
-4.956797361373901367e-01
-3.882001936435699463e-01
8.881286382675170898e-01
-1.672834530472755432e-02
-1.220955625176429749e-01
-1.738212823867797852e+00
2.947317659854888916e-01
3.589025139808654785e-01
1.065613031387329102e+00
2.368017882108688354e-01
8.740287423133850098e-01
1.052645564079284668e+00
2.735032439231872559e-01
-7.402099967002868652e-01
-8.001308441162109375e-01
6.911122202873229980e-01
-1.568444252014160156e+00
3.461189270019531250e-01
-8.895534873008728027e-01
-2.899169549345970154e-02
-1.450966238975524902e+00
-1.253937333822250366e-01
-8.977408409118652344e-01
1.004160404205322266e+00
1.780485268682241440e-03
-1.028652429580688477e+00
4.317534565925598145e-01
4.879532456398010254e-01
4.271541833877563477e-01
5.617671012878417969e-01
1.124249339103698730e+00
1.443684339523315430e+00
-9.471429884433746338e-02
6.025663018226623535e-01
-4.450561106204986572e-01
-1.752034902572631836e+00
3.657034039497375488e-02
2.692565917968750000e-01
-9.305301308631896973e-01
4.602343738079071045e-01
4.175618290901184082e-01
-1.495455861091613770e+00
1.965082287788391113e-01
-8.009734153747558594e-01
5.465508699417114258e-01
2.325202226638793945e-01
-1.211829483509063721e-01
-2.363488823175430298e-01
-6.959794759750366211e-01
1.989746570587158203e+00
-4.125773608684539795e-01
7.848973572254180908e-02
-6.801840662956237793e-01
-1.760451048612594604e-01
9.972501397132873535e-01
1.809249520301818848e-01
4.650422185659408569e-02
-1.066246628761291504e+00
-1.139663308858871460e-01
-2.918087542057037354e-01
-8.224808573722839355e-01
2.046816647052764893e-01
7.876201868057250977e-01
2.120031565427780151e-01
-1.165106415748596191e+00
-2.150852233171463013e-01
1.775904655456542969e+00
1.025172591209411621e+00
-2.420941114425659180e+00
-1.405038312077522278e-02
1.033138275146484375e+00
1.998790949583053589e-01
4.953035712242126465e-01
-4.517816603183746338e-01
-2.725164592266082764e-01
1.650601923465728760e-01
-1.871218681335449219e+00
-1.455430686473846436e-01
7.119174599647521973e-01
-1.024438500404357910e+00
-1.007128715515136719e+00
2.087636739015579224e-01
-1.245722055435180664e+00
-4.645499885082244873e-01
5.538192987442016602e-01
-4.680132567882537842e-01
-4.788472056388854980e-01
3.388080000877380371e-02
-6.269422769546508789e-01
1.225758343935012817e-01
1.765107512474060059e-01
1.081610321998596191e+00
1.274728298187255859e+00
-2.355666272342205048e-02
-6.674801111221313477e-01
-8.745567202568054199e-01
-3.498302027583122253e-02
6.044603586196899414e-01
-1.342074126005172729e-01
-1.963810175657272339e-01
-1.294792652130126953e+00
6.437504291534423828e-01
1.858382076025009155e-01
-4.369545578956604004e-01
2.468598186969757080e-01
-1.879357218742370605e+00
4.699138700962066650e-01
-9.185189753770828247e-02
4.369423091411590576e-01
6.075419485569000244e-02
7.942222356796264648e-01
2.132046818733215332e-01
-1.149270057678222656e+00
7.277975976467132568e-02
5.971941351890563965e-01
9.456627368927001953e-01
8.861383199691772461e-01
-5.638655424118041992e-01
5.717923641204833984e-01
-1.717603564262390137e+00
-5.816913843154907227e-01
-4.827765747904777527e-02
-2.261188775300979614e-01
-4.970048666000366211e-01
-7.605337500572204590e-01
9.511155635118484497e-02
7.957152724266052246e-01
-4.021869599819183350e-01
9.314067959785461426e-01
-1.154488682746887207e+00
4.360151588916778564e-01
7.961091399192810059e-02
1.584919333457946777e+00
-8.113107681274414062e-01
-1.382418394088745117e+00
-2.677661180496215820e-01
2.576595246791839600e-01
8.186624646186828613e-01
6.632388234138488770e-01
2.274908781051635742e+00
1.105203554034233093e-01
7.563832402229309082e-01
-7.630028724670410156e-01
3.495257496833801270e-01
4.438813924789428711e-01
3.284118473529815674e-01
6.398580670356750488e-01
-2.318134754896163940e-01
3.843575716018676758e-01
-3.959880769252777100e-01
2.218833863735198975e-01
-2.805359065532684326e-01
-7.830631136894226074e-01
8.215822577476501465e-01
4.097536802291870117e-01
1.751933544874191284e-01
-1.517154455184936523e+00
-4.080544412136077881e-01
4.847854375839233398e-01
4.091656506061553955e-01
1.355329513549804688e+00
-5.483922362327575684e-01
5.013028979301452637e-01
2.303128540515899658e-01
-4.413205757737159729e-02
-3.027937114238739014e-01
-9.581441879272460938e-01
-1.349290609359741211e+00
-9.458675384521484375e-01
7.269507646560668945e-01
-1.927285045385360718e-01
9.575190022587776184e-03
2.751352488994598389e-01
-3.344771564006805420e-01
-2.867551147937774658e-01
8.677078485488891602e-01
-5.020466074347496033e-02
-5.924994349479675293e-01
3.088107407093048096e-01
2.852786183357238770e-01
1.440282538533210754e-02
-1.095743298530578613e+00
2.853493988513946533e-01
-9.545165896415710449e-01
7.762806415557861328e-01
1.745024323463439941e+00
1.736927330493927002e-01
5.949327945709228516e-01
2.059669971466064453e+00
-4.681040048599243164e-01
6.228995323181152344e-01
6.028772592544555664e-01
-1.238615065813064575e-01
-2.276221215724945068e-01
-1.027611374855041504e+00
-4.943378865718841553e-01
-8.451409339904785156e-01
-1.321667194366455078e+00
3.234913945198059082e-01
5.735435485839843750e-01
8.242481946945190430e-01
5.272817015647888184e-01
6.689366698265075684e-01
-1.374236226081848145e+00
-1.513226050883531570e-02
-7.626194506883621216e-02
4.817176163196563721e-01
2.151698768138885498e-01
-5.591227412223815918e-01
-8.093012571334838867e-01
-1.293253421783447266e+00
4.326651692390441895e-01
-3.334364295005798340e-01
-1.366678178310394287e-01
1.477261781692504883e-01
-4.430149793624877930e-01
2.511104345321655273e-01
1.057875633239746094e+00
4.299139082431793213e-01
3.760796487331390381e-01
5.208595395088195801e-01
6.869915872812271118e-03
-4.124846458435058594e-01
2.887050211429595947e-01
1.710745811462402344e+00
7.860270887613296509e-02
-6.622763276100158691e-01
-1.125756859779357910e+00
-7.145036458969116211e-01
6.381510496139526367e-01
-3.885304927825927734e-01
1.114571332931518555e+00
8.905258774757385254e-01
-9.381476640701293945e-01
9.276442527770996094e-01
7.613351345062255859e-01
2.569313533604145050e-02
2.063536494970321655e-01
3.586686551570892334e-01
-6.695123314857482910e-01
-1.536584973335266113e+00
-9.862908720970153809e-01
-4.017744958400726318e-01
5.659683421254158020e-02
-9.852663278579711914e-01
8.521836400032043457e-01
1.693180799484252930e+00
7.363098859786987305e-01
3.510809540748596191e-01
4.383153617382049561e-01
1.252109408378601074e-01
-3.134182929992675781e+00
1.248123198747634888e-01
4.670985639095306396e-01
1.161097168922424316e+00
1.863987565040588379e+00
1.457017809152603149e-01
3.587121963500976562e-01
-4.079255163669586182e-01
3.591141700744628906e-01
-1.844728291034698486e-01
-6.752165555953979492e-01
-1.441300034523010254e+00
7.695587873458862305e-01
1.080276966094970703e+00
1.125060796737670898e+00
-7.211302518844604492e-01
-2.587822079658508301e-01
-1.322798490524291992e+00
4.615800678730010986e-01
-3.276467621326446533e-01
9.139282703399658203e-01
7.861181497573852539e-01
4.490757584571838379e-01
-2.328631877899169922e-01
-7.821521759033203125e-01
-4.928585588932037354e-01
-4.175528585910797119e-01
3.692207634449005127e-01
-5.746030807495117188e-01
6.289834380149841309e-01
-8.611815571784973145e-01
1.919674724340438843e-01
-9.242119193077087402e-01
2.241894900798797607e-01
1.068982958793640137e+00
-1.990026086568832397e-01
1.686932802200317383e+00
-1.604902744293212891e-01
3.968475759029388428e-01
-1.034746408462524414e+00
-6.505832672119140625e-01
-1.262502074241638184e+00
-9.719036817550659180e-01
-2.336430698633193970e-01
-9.416107535362243652e-01
1.386170625686645508e+00
2.573215961456298828e-01
1.148511886596679688e+00
-7.731466293334960938e-01
-7.538214921951293945e-01
-8.583202958106994629e-01
-1.387301802635192871e+00
1.176496386528015137e+00
-7.190308719873428345e-02
-1.183798193931579590e+00
3.923706114292144775e-01
8.155588507652282715e-01
1.367656290531158447e-01
-2.059103222563862801e-03
1.196173548698425293e+00
2.266704440116882324e-01
7.304789423942565918e-01
5.951372385025024414e-01
1.251618266105651855e+00
-1.183841675519943237e-01
1.540455579757690430e+00
-1.410673379898071289e+00
-1.090596318244934082e+00
-6.078084707260131836e-01
-2.647784948348999023e-01
1.500237733125686646e-01
6.522465348243713379e-01
-7.192044258117675781e-01
-1.476416084915399551e-02
2.698807790875434875e-02
-8.897198438644409180e-01
3.075360059738159180e-01
-2.155050486326217651e-01
-1.485232859849929810e-01
2.291364967823028564e-01
-1.264630317687988281e+00
6.157296895980834961e-01
8.992559313774108887e-01
8.262693136930465698e-02
5.442197248339653015e-02
-1.537421345710754395e-01
-3.720971643924713135e-01
-5.032488703727722168e-01
-1.075878962874412537e-01
7.297415733337402344e-01
-3.570600152015686035e-01
8.432484269142150879e-01
5.887027978897094727e-01
8.373964428901672363e-01
-4.337737560272216797e-01
-1.180604934692382812e+00
-1.044908761978149414e+00
1.754148453474044800e-01
8.687522262334823608e-02
4.398134648799896240e-01
-4.982872903347015381e-01
1.413653969764709473e+00
-6.799252331256866455e-02
-4.598754942417144775e-01
-1.063620805740356445e+00
-5.738247632980346680e-01
-2.244228422641754150e-01
6.037829071283340454e-02
-1.241364479064941406e+00
2.707846462726593018e-01
-9.784596562385559082e-01
-5.231826305389404297e-01
4.451991617679595947e-01
7.600988745689392090e-01
7.666428685188293457e-01
1.366411924362182617e+00
-1.598718017339706421e-02
-4.079433977603912354e-01
-8.066375255584716797e-01
-8.144595623016357422e-01
1.964538544416427612e-01
1.339434027671813965e+00
-1.733274012804031372e-01
5.878937840461730957e-01
3.993281424045562744e-01
1.153014659881591797e+00
-3.966005146503448486e-02
2.768542170524597168e-01
2.554339468479156494e-01
-1.129677057266235352e+00
-6.471716761589050293e-01
-7.755520939826965332e-01
-6.573385745286941528e-02
-8.887276053428649902e-01
1.411887288093566895e+00
-1.654975414276123047e+00
1.069515585899353027e+00
-5.195503234863281250e-01
-1.363346815109252930e+00
-2.048252582550048828e+00
2.486477792263031006e-01
4.595562815666198730e-02
-1.135015606880187988e+00
1.271015312522649765e-02
1.004121899604797363e+00
1.583842873573303223e+00
2.942789494991302490e-01
-2.878152430057525635e-01
7.922468334436416626e-02
-2.067187547683715820e+00
5.400080680847167969e-01
-4.369073212146759033e-01
-5.417419672012329102e-01
-1.496159553527832031e+00
8.647287487983703613e-01
-1.978783726692199707e+00
-6.194875836372375488e-01
1.534554839134216309e+00
7.172280550003051758e-01
1.472424119710922241e-01
9.960493445396423340e-01
-1.638734340667724609e-01
-1.846173256635665894e-01
-9.572842121124267578e-01
5.153536051511764526e-02
-1.099754691123962402e+00
2.294942885637283325e-01
2.409725487232208252e-01
3.658397793769836426e-01
-3.066989779472351074e-01
-1.020756840705871582e+00
1.142967864871025085e-01
7.895034551620483398e-02
-1.462567687034606934e+00
-7.399385571479797363e-01
-9.806472063064575195e-02
-1.910957247018814087e-01
1.339607238769531250e+00
1.318524479866027832e-01
-1.331778466701507568e-01
-2.950803041458129883e-01
-9.242415428161621094e-01
-1.165476202964782715e+00
-6.291379928588867188e-01
-2.014729529619216919e-01
-6.416800022125244141e-01
-2.729026079177856445e-01
-2.415205836296081543e-01
-4.542079567909240723e-01
-4.882079064846038818e-01
-9.243586659431457520e-02
9.332929253578186035e-01
-4.801779687404632568e-01
1.990900486707687378e-01
-7.906793951988220215e-01
8.472322821617126465e-01
5.669526457786560059e-01
4.116642102599143982e-02
5.555382966995239258e-01
1.746670305728912354e-01
-5.670630335807800293e-01
3.280287504196166992e+00
9.734773635864257812e-02
-1.915287971496582031e-01
3.847092092037200928e-01
1.154526710510253906e+00
6.548256278038024902e-01
1.949346303939819336e+00
3.912836909294128418e-01
5.692080855369567871e-01
-1.232334971427917480e+00
3.817535340785980225e-01
3.844294697046279907e-02
9.205364584922790527e-01
7.922397851943969727e-01
-8.428175449371337891e-01
9.249780774116516113e-01
-5.068721771240234375e-01
8.732827901840209961e-01
4.593992829322814941e-01
7.632584571838378906e-01
-3.266362249851226807e-01
6.747006773948669434e-01
6.944293379783630371e-01
-5.267024785280227661e-02
1.560856103897094727e+00
-7.623935341835021973e-01
-5.308568477630615234e-01
2.659837007522583008e-01
-3.573013842105865479e-01
-3.262487053871154785e-01
1.935062110424041748e-01
-2.825419902801513672e-01
