-1.612689375877380371e+00
-6.845656037330627441e-01
3.290842771530151367e-01
6.838161349296569824e-01
1.031837582588195801e+00
5.282814502716064453e-01
-7.533066868782043457e-01
-4.606519341468811035e-01
-1.512488603591918945e+00
-1.248473301529884338e-01
4.138008654117584229e-01
1.623704910278320312e+00
4.548646211624145508e-01
-9.110483340919017792e-03
-4.881946444511413574e-01
2.875449657440185547e-01
6.046085357666015625e-01
5.591114982962608337e-02
1.428079009056091309e-01
4.272850751876831055e-01
-5.640568733215332031e-01
1.258562564849853516e+00
1.602632641792297363e+00
1.813836246728897095e-01
-1.652865767478942871e+00
1.646917939186096191e+00
2.411380708217620850e-01
4.373351931571960449e-01
-1.652515530586242676e-01
-9.451957345008850098e-01
9.270074963569641113e-01
1.097832396626472473e-01
-3.897372484207153320e-01
-1.699036478996276855e+00
-2.486493885517120361e-01
7.612128555774688721e-02
7.017088532447814941e-01
1.585790395736694336e+00
-4.517738521099090576e-01
3.258778154850006104e-01
2.004894495010375977e+00
-1.674104452133178711e+00
-6.541041731834411621e-01
-2.208876907825469971e-01
3.888265788555145264e-01
-5.233568549156188965e-01
-1.447640657424926758e-01
-8.902977108955383301e-01
-1.834322512149810791e-01
9.069158434867858887e-01
1.196230649948120117e+00
-1.397828906774520874e-01
1.863664627075195312e+00
1.045510768890380859e+00
1.885865569114685059e+00
1.616617739200592041e-01
2.301752418279647827e-01
4.604824483394622803e-01
4.714480638504028320e-01
-1.129331350326538086e+00
-1.653681248426437378e-01
3.683274686336517334e-01
1.476694703102111816e+00
-6.872216463088989258e-01
5.721259117126464844e-02
-5.772691965103149414e-01
5.444613099098205566e-01
9.493602067232131958e-02
-9.807077050209045410e-02
-6.197801232337951660e-01
8.815890550613403320e-01
2.610818445682525635e-01
6.047853827476501465e-01
1.199644327163696289e+00
2.327882349491119385e-01
4.342727363109588623e-02
9.874368458986282349e-02
-2.332526892423629761e-01
1.227319478988647461e+00
2.884021103382110596e-01
-1.410235762596130371e+00
-7.860568761825561523e-01
-8.104938268661499023e-02
3.816817402839660645e-01
8.545080572366714478e-02
-8.340644836425781250e-02
-6.730727851390838623e-02
2.044987916946411133e+00
-2.011385202407836914e+00
5.416426062583923340e-01
-4.474597573280334473e-01
-4.497912824153900146e-01
2.664415724575519562e-02
-4.282456636428833008e-01
7.543242573738098145e-01
1.137874484062194824e+00
-3.110267221927642822e-01
1.571522839367389679e-02
-4.010978043079376221e-01
-1.618738293647766113e+00
-9.719112515449523926e-02
3.281843066215515137e-01
-4.705109000205993652e-01
1.848158389329910278e-01
3.564723134040832520e-01
8.576858788728713989e-02
-6.066282466053962708e-02
7.544243335723876953e-01
-8.090219497680664062e-01
-2.692067623138427734e-01
1.115088820457458496e+00
-3.834534287452697754e-01
-7.202750444412231445e-02
-1.204613924026489258e+00
-8.405708074569702148e-01
3.678855597972869873e-01
-7.651548981666564941e-01
-6.583617925643920898e-01
-2.477123290300369263e-01
-6.809296011924743652e-01
-1.423796862363815308e-01
1.453187108039855957e+00
-1.144730091094970703e+00
6.374684721231460571e-02
1.096565604209899902e+00
1.439496636390686035e+00
-3.310893476009368896e-01
1.488011956214904785e+00
-1.342369318008422852e+00
-4.078576564788818359e-01
-2.194126129150390625e+00
-6.731314063072204590e-01
8.808895349502563477e-01
2.308826744556427002e-01
-1.821368217468261719e+00
-3.285877406597137451e-01
7.679435610771179199e-01
1.236809253692626953e+00
-9.242385029792785645e-01
1.426007032394409180e+00
-5.647147297859191895e-01
1.541126608848571777e+00
-1.173634648323059082e+00
9.864620119333267212e-02
-4.780821800231933594e-01
-3.924332261085510254e-01
-9.783442616462707520e-01
-2.365015745162963867e+00
3.327038586139678955e-01
-6.363548636436462402e-01
-8.587138652801513672e-01
2.180624753236770630e-01
1.536203622817993164e-01
1.160545825958251953e+00
-7.387788891792297363e-01
-9.051709175109863281e-01
-6.783463954925537109e-01
-1.400427222251892090e+00
-1.096708253026008606e-01
-4.542026221752166748e-01
-1.267805814743041992e+00
-9.944848716259002686e-02
-5.185714960098266602e-01
-7.776376605033874512e-01
6.188887953758239746e-01
4.879209399223327637e-02
-5.492665171623229980e-01
4.068776965141296387e-01
-7.720905542373657227e-01
-1.603427767753601074e+00
8.273960947990417480e-01
-5.619230866432189941e-01
-1.062674283981323242e+00
-5.367209315299987793e-01
1.142812967300415039e+00
-1.751237273216247559e+00
3.690859973430633545e-01
-2.423225194215774536e-01
4.815942794084548950e-02
9.956500530242919922e-01
-1.690277218818664551e+00
1.071456193923950195e+00
-8.148533105850219727e-01
-3.363653421401977539e-01
4.288153648376464844e-01
2.152462899684906006e-01
1.304152369499206543e+00
-2.213027000427246094e+00
8.295367360115051270e-01
2.289573848247528076e-01
8.810465335845947266e-01
2.162470519542694092e-01
7.294248342514038086e-01
1.713376164436340332e+00
7.284147143363952637e-01
5.779680013656616211e-01
-8.277192115783691406e-01
-9.826309680938720703e-01
4.619365930557250977e-01
-1.746617853641510010e-01
-9.794869422912597656e-01
-3.443807661533355713e-01
-3.458213806152343750e-01
1.084726750850677490e-01
-8.919121623039245605e-01
3.757202625274658203e-01
-7.088090777397155762e-01
-8.022947907447814941e-01
1.052147150039672852e+00
1.227500081062316895e+00
6.335003376007080078e-01
-6.018606424331665039e-01
-7.481168508529663086e-01
-1.175588294863700867e-01
-1.696084439754486084e-01
-8.974806666374206543e-01
1.698150992393493652e+00
3.124967813491821289e-01
-3.263851702213287354e-01
-5.316404700279235840e-01
-7.461584806442260742e-01
1.223380804061889648e+00
-7.548222690820693970e-02
-1.800111174583435059e+00
-4.669103026390075684e-01
6.582432389259338379e-01
1.002910256385803223e+00
7.918782234191894531e-01
2.187393754720687866e-01
-6.700945496559143066e-01
1.500853449106216431e-01
1.375192701816558838e-01
-1.525950789451599121e+00
6.840359568595886230e-01
4.981754124164581299e-01
-1.975732922554016113e+00
-4.113959968090057373e-01
4.940186738967895508e-01
3.235080540180206299e-01
-1.036600917577743530e-01
1.590256333351135254e+00
1.413055211305618286e-01
2.065204083919525146e-01
-5.052880048751831055e-01
-2.595298588275909424e-01
1.097632169723510742e+00
-1.086787343025207520e+00
2.739364206790924072e-01
1.776067495346069336e+00
-1.002337574958801270e+00
1.117569431662559509e-01
5.554882884025573730e-01
7.391595840454101562e-01
-6.987728476524353027e-01
2.451678663492202759e-01
-3.129958808422088623e-01
-8.724052906036376953e-01
4.186451807618141174e-02
5.362046957015991211e-01
1.403296232223510742e+00
6.644921004772186279e-02
-4.905164241790771484e-02
2.804386317729949951e-01
-3.965327739715576172e-01
-9.313191771507263184e-01
1.056057810783386230e+00
4.852612614631652832e-01
-3.937366232275962830e-02
8.318142890930175781e-01
6.331396102905273438e-01
7.402882575988769531e-01
-4.728116840124130249e-02
1.434359431266784668e+00
7.422788143157958984e-01
-9.821191430091857910e-01
3.409846127033233643e-01
-8.216963410377502441e-01
-2.182273007929325104e-02
-3.741749227046966553e-01
-1.377805948257446289e+00
-1.132862448692321777e+00
-2.314095944166183472e-01
1.316782981157302856e-01
2.142342031002044678e-01
-2.081780135631561279e-01
-1.058089062571525574e-01
-8.125799894332885742e-01
7.435771226882934570e-01
6.137223243713378906e-01
-1.627525568008422852e+00
4.137445390224456787e-01
2.723693251609802246e-01
2.447254955768585205e-01
-3.748282492160797119e-01
1.110210418701171875e+00
3.818453848361968994e-01
-1.493015289306640625e-01
-5.997801572084426880e-02
9.558904170989990234e-01
-1.135298371315002441e+00
-1.668624043464660645e+00
-1.063405275344848633e+00
-1.624818444252014160e+00
5.242995619773864746e-01
-9.992934018373489380e-02
7.367562055587768555e-01
-3.334024548530578613e-01
2.737476587295532227e+00
4.771648943424224854e-01
-1.506620407104492188e+00
-3.197626397013664246e-02
1.885484308004379272e-01
1.227507114410400391e+00
4.638578295707702637e-01
8.653286099433898926e-02
6.660426259040832520e-01
-1.232130825519561768e-01
7.344882488250732422e-01
-6.196820139884948730e-01
-2.285495698451995850e-01
8.378563523292541504e-01
1.073803663253784180e+00
4.691194593906402588e-01
3.515725731849670410e-01
-5.894941091537475586e-01
-6.744348406791687012e-01
-3.554118573665618896e-01
-1.119279742240905762e+00
3.943937271833419800e-02
5.817162990570068359e-01
-9.427464604377746582e-01
-5.128902792930603027e-01
5.459797754883766174e-02
1.630903005599975586e+00
-1.296021103858947754e+00
1.716980814933776855e+00
7.384407520294189453e-01
4.075801670551300049e-01
8.365198969841003418e-01
4.176653325557708740e-01
-2.706517875194549561e-01
-3.457181751728057861e-01
8.359041810035705566e-02
5.872791409492492676e-01
-8.816359639167785645e-01
8.360887765884399414e-01
2.780188024044036865e-01
2.470329999923706055e-01
-1.405152082443237305e-01
7.429741322994232178e-02
7.860336303710937500e-01
-4.011868312954902649e-02
-1.406732797622680664e+00
2.806597650051116943e-01
-3.453410863876342773e-01
-3.142742812633514404e-01
1.647144407033920288e-01
-5.849878191947937012e-01
-8.957881331443786621e-01
7.206995487213134766e-01
-1.406476855278015137e+00
-1.630980014801025391e+00
1.451621055603027344e+00
7.674177289009094238e-01
-6.541208028793334961e-01
-4.992141127586364746e-01
3.238356113433837891e-01
7.305726408958435059e-01
5.147864222526550293e-01
5.740027129650115967e-02
-3.950576484203338623e-01
4.058613255620002747e-02
-1.232984736561775208e-01
1.041355490684509277e+00
5.090075545012950897e-03
8.586012125015258789e-01
1.340641498565673828e+00
6.627855896949768066e-01
-4.279492199420928955e-01
2.477363497018814087e-01
2.218028753995895386e-01
2.516459226608276367e-01
-1.476601809263229370e-01
-1.098929286003112793e+00
-7.513022422790527344e-01
-7.009468674659729004e-01
1.927607059478759766e-01
-7.440072894096374512e-01
1.671196460723876953e+00
-1.412293195724487305e+00
-2.255192697048187256e-01
-3.704802095890045166e-01
-2.666497528553009033e-01
8.249953985214233398e-01
4.339867830276489258e-01
2.834724495187401772e-03
-7.928557991981506348e-01
-7.857216000556945801e-01
1.031341910362243652e+00
6.185447573661804199e-01
7.283776998519897461e-01
3.378454148769378662e-01
6.876854896545410156e-01
-7.077371478080749512e-01
-5.948144197463989258e-01
-4.282456934452056885e-01
-7.406083941459655762e-01
-5.936644673347473145e-01
-1.585567370057106018e-03
-3.179372549057006836e-01
-2.787408530712127686e-01
-5.725978016853332520e-01
1.098433375358581543e+00
-1.136178970336914062e+00
8.010926842689514160e-01
5.467553436756134033e-02
3.687586545944213867e+00
2.478197067975997925e-01
-5.067248344421386719e-01
-1.289713531732559204e-01
1.219995021820068359e+00
-5.068088881671428680e-03
9.609561413526535034e-02
2.153314828872680664e+00
5.576365441083908081e-02
9.593400955200195312e-01
-6.257891058921813965e-01
2.928338944911956787e-01
5.270449519157409668e-01
3.421200513839721680e-01
4.241419956088066101e-02
1.248635888099670410e+00
1.056875824928283691e+00
9.143261909484863281e-01
7.578293085098266602e-01
1.572005003690719604e-01
-5.861309766769409180e-01
1.551947355270385742e+00
-5.205239653587341309e-01
-5.912971217185258865e-03
-2.326470375061035156e+00
7.618009448051452637e-01
2.870387434959411621e-01
-3.006025850772857666e-01
4.212608933448791504e-01
-1.527370095252990723e+00
-1.812012791633605957e-01
4.168402552604675293e-01
-4.342589154839515686e-02
-8.500670194625854492e-01
-3.831874132156372070e-01
-1.307953596115112305e+00
-7.575521469116210938e-01
4.005696158856153488e-03
-1.293925642967224121e+00
3.446926176548004150e-02
7.177767157554626465e-01
9.012874215841293335e-02
-8.333626985549926758e-01
6.924726963043212891e-01
4.033851027488708496e-01
-1.290202856063842773e+00
2.899928390979766846e-01
-5.919815897941589355e-01
-2.852742075920104980e-01
9.818371534347534180e-01
1.279312014579772949e+00
-1.666399359703063965e+00
-1.192873477935791016e+00
2.313078641891479492e+00
1.308972358703613281e+00
5.709130764007568359e-01
1.128289625048637390e-01
-1.610848307609558105e+00
1.017973303794860840e+00
1.540571898221969604e-01
1.804407536983489990e-01
-4.169257581233978271e-01
-1.932982444763183594e+00
-5.923260748386383057e-02
-1.008950591087341309e+00
-1.763016819953918457e+00
1.210713982582092285e+00
3.762018382549285889e-01
2.570857107639312744e-01
9.765185117721557617e-01
-4.256437718868255615e-01
-8.910959213972091675e-02
1.845224052667617798e-01
1.131003260612487793e+00
-3.160924613475799561e-01
1.777292490005493164e+00
-1.464106738567352295e-01
-8.670683503150939941e-01
-7.493022680282592773e-01
3.433429300785064697e-01
-5.789888501167297363e-01
2.015311568975448608e-01
3.634249866008758545e-01
-3.510716855525970459e-01
-7.093416154384613037e-02
1.957097053527832031e-01
1.500667214393615723e+00
-1.118342056870460510e-01
1.632592827081680298e-01
-3.122951984405517578e-01
6.267449259757995605e-01
3.685026168823242188e-01
9.838877320289611816e-01
3.005134463310241699e-01
-1.370356440544128418e+00
-9.582772254943847656e-01
-2.218830734491348267e-01
1.183114886283874512e+00
5.014733672142028809e-01
1.380949497222900391e+00
-6.705757230520248413e-02
-1.364910960197448730e+00
4.121324121952056885e-01
9.603087902069091797e-01
7.898639887571334839e-02
-1.370913982391357422e+00
9.707017540931701660e-01
-4.862849116325378418e-01
-3.038502633571624756e-01
5.013968944549560547e-01
-2.745866477489471436e-01
4.419001042842864990e-01
-5.943609476089477539e-01
3.880474865436553955e-01
6.854974031448364258e-01
-9.559620171785354614e-02
-5.974525809288024902e-01
-1.545140892267227173e-01
-5.814841985702514648e-01
-4.621205806732177734e+00
6.037034988403320312e-01
-7.957703471183776855e-01
6.788955330848693848e-01
3.127430379390716553e-01
7.751210331916809082e-01
-8.895810842514038086e-01
-1.803867518901824951e-01
9.011417031288146973e-01
-9.601356983184814453e-01
-3.018508255481719971e-01
-9.419971704483032227e-01
2.018072903156280518e-01
1.405317187309265137e+00
2.231001615524291992e+00
-6.165845394134521484e-01
1.085550263524055481e-01
-2.984657287597656250e-01
-1.351895451545715332e+00
-4.772490262985229492e-01
5.838682651519775391e-01
-6.434501707553863525e-02
8.352730870246887207e-01
-1.087535142898559570e+00
-8.118529915809631348e-01
-6.218302249908447266e-01
-1.165065050125122070e+00
8.451635390520095825e-02
-5.842412114143371582e-01
1.525370031595230103e-01
-9.618951082229614258e-01
-5.391234159469604492e-01
-1.176229834556579590e+00
1.373502761125564575e-01
1.709133014082908630e-02
7.123737931251525879e-01
7.135624289512634277e-01
-1.383518815040588379e+00
7.473368048667907715e-01
1.072960138320922852e+00
-2.070064842700958252e-01
-1.056743741035461426e+00
-1.237980604171752930e+00
-7.864678651094436646e-02
-7.212142348289489746e-01
2.036974430084228516e-01
1.268594145774841309e+00
1.294421434402465820e+00
-1.061081767082214355e+00
-6.036182045936584473e-01
5.786852836608886719e-01
-6.777303814888000488e-01
9.791426360607147217e-02
-6.267820000648498535e-01
-2.549033053219318390e-02
-2.931168079376220703e-01
-4.982923865318298340e-01
-1.356004834175109863e+00
1.058802247047424316e+00
1.583992242813110352e+00
-1.235273003578186035e+00
6.724479794502258301e-01
-1.110495328903198242e+00
1.049183845520019531e+00
-9.580857157707214355e-01
1.491258144378662109e+00
-4.133460521697998047e-01
-1.203654170036315918e+00
-7.268537282943725586e-01
-5.761073231697082520e-01
-6.541424989700317383e-01
-2.837887965142726898e-02
-5.178806185722351074e-01
-6.492250561714172363e-01
-7.157950401306152344e-01
-5.639162659645080566e-01
3.087294697761535645e-01
3.784154728055000305e-02
-4.918284714221954346e-01
3.808034360408782959e-01
-2.638100385665893555e-01
-6.603652983903884888e-02
1.766396462917327881e-01
-4.317313432693481445e-01
4.103858172893524170e-01
-1.296277523040771484e+00
8.616074323654174805e-01
-2.376809865236282349e-01
3.905563801527023315e-02
5.195018053054809570e-01
-1.368100166320800781e+00
5.596928000450134277e-01
-4.912049472332000732e-01
8.213899135589599609e-01
6.719129681587219238e-01
-7.923610210418701172e-01
-7.846029400825500488e-01
1.132444620132446289e+00
-5.022447109222412109e-01
-2.117796540260314941e-01
5.263317227363586426e-01
6.755604743957519531e-01
2.333249896764755249e-01
-4.945470392704010010e-01
-1.463838934898376465e+00
-1.124371290206909180e+00
5.948987603187561035e-02
-3.194786012172698975e-01
-1.472885720431804657e-02
1.000883936882019043e+00
-7.252548336982727051e-01
2.227567136287689209e-01
5.039165019989013672e-01
1.014652609825134277e+00
-6.869985461235046387e-01
1.334154725074768066e+00
-7.569150328636169434e-01
-1.211513638496398926e+00
-2.463996261358261108e-01
-1.623943448066711426e-01
1.031399965286254883e+00
4.280340969562530518e-01
-1.626339703798294067e-01
6.412207335233688354e-02
3.561745882034301758e-01
1.934779047966003418e+00
-6.640877127647399902e-01
7.081904262304306030e-02
4.350337684154510498e-01
-6.721826195716857910e-01
-9.384260326623916626e-02
-6.160955429077148438e-01
1.271441698074340820e+00
-6.905573010444641113e-01
2.044343948364257812e+00
-2.536409854888916016e+00
-4.129645973443984985e-02
-4.650455713272094727e-01
-2.601883411407470703e+00
-2.053120136260986328e+00
1.639658361673355103e-01
-2.496586591005325317e-01
-1.485768109560012817e-01
4.256945103406906128e-02
1.440924406051635742e-01
1.441185832023620605e+00
-2.573439180850982666e-01
1.194113969802856445e+00
-3.849537074565887451e-01
-8.819615840911865234e-01
-1.684483587741851807e-01
5.907162427902221680e-01
-3.120579198002815247e-02
-2.263727635145187378e-01
8.734140992164611816e-01
-8.910096287727355957e-01
-8.866593241691589355e-01
6.539427638053894043e-01
3.525160551071166992e-01
3.238466680049896240e-01
5.197097063064575195e-01
-8.178814649581909180e-01
-1.429576128721237183e-01
-1.232231497764587402e+00
2.401148825883865356e-01
-1.391070842742919922e+00
-6.176726892590522766e-02
-6.222534179687500000e-01
5.693914890289306641e-01
-1.232819557189941406e+00
-4.377344846725463867e-01
-1.177322342991828918e-01
-2.127730697393417358e-01
-5.348573327064514160e-01
-1.881130486726760864e-01
-7.890321314334869385e-02
-4.351781308650970459e-02
-5.104077514261007309e-03
-3.115990161895751953e-01
5.572687387466430664e-01
1.756311506032943726e-01
-3.413542360067367554e-02
-5.140538811683654785e-01
-6.096408367156982422e-01
-6.736916899681091309e-01
9.818295948207378387e-03
2.966058254241943359e-01
-1.786050796508789062e-01
-1.251987934112548828e+00
-1.051543593406677246e+00
6.215612292289733887e-01
-2.413581758737564087e-01
-1.412069559097290039e+00
7.863453626632690430e-01
-1.544982314109802246e+00
6.399660110473632812e-01
1.308908700942993164e+00
1.555374264717102051e+00
8.699566721916198730e-01
4.386046528816223145e-01
-5.727527141571044922e-01
1.118454575538635254e+00
3.428648710250854492e-01
-6.947088241577148438e-01
-5.884631276130676270e-01
8.967088907957077026e-02
-7.484652400016784668e-01
6.975992321968078613e-01
7.327809929847717285e-01
-2.210850566625595093e-01
-2.460434436798095703e-01
5.392120480537414551e-01
-1.105157017707824707e+00
-8.859466910362243652e-01
1.105860352516174316e+00
1.429935932159423828e+00
5.097788572311401367e-01
1.827480792999267578e-01
-3.691059947013854980e-01
3.007704317569732666e-01
1.619987934827804565e-01
4.027267396450042725e-01
-1.279106084257364273e-02
-2.491818517446517944e-01
2.663928084075450897e-02
1.829673051834106445e+00
-1.791121721267700195e+00
-2.396538853645324707e-01
-9.156615138053894043e-01
1.254520099610090256e-02
3.680846467614173889e-02
7.112852334976196289e-01
2.706512212753295898e-01
