-5.014687776565551758e-01
-1.733423352241516113e+00
-9.296638369560241699e-01
-1.116207838058471680e+00
1.808272600173950195e+00
1.108610749244689941e+00
-8.112065196037292480e-01
-3.404578268527984619e-01
-6.147791147232055664e-01
1.048261284828186035e+00
1.631851315498352051e+00
2.868884325027465820e+00
-7.593816518783569336e-01
-7.927587628364562988e-02
-4.101144373416900635e-01
3.601516783237457275e-01
1.209267750382423401e-01
-5.799624323844909668e-01
-6.751862820237874985e-03
-3.648426532745361328e-01
4.154465198516845703e-01
1.144227743148803711e+00
2.264098167419433594e+00
8.698568493127822876e-02
-9.304732680320739746e-01
1.119830608367919922e+00
-4.343979358673095703e-01
-8.104662299156188965e-01
3.180762827396392822e-01
-5.464417338371276855e-01
-1.605854392051696777e+00
-4.397393465042114258e-01
2.900353968143463135e-01
-1.403659462928771973e+00
3.684368729591369629e-01
1.304219067096710205e-01
9.524375200271606445e-01
1.036288619041442871e+00
-7.541725039482116699e-01
2.012232840061187744e-01
8.095701932907104492e-01
1.858425140380859375e-01
-3.276166915893554688e-01
-2.118601560592651367e+00
-3.082551956176757812e-01
1.237866640090942383e+00
-2.474762052297592163e-01
9.009742736816406250e-01
5.068705677986145020e-01
1.936561316251754761e-01
-1.020760416984558105e+00
-2.607494592666625977e-01
8.566340804100036621e-01
-1.641362756490707397e-01
1.139547675848007202e-01
-2.960856258869171143e-02
-9.570161700248718262e-01
9.864571504294872284e-03
5.998410582542419434e-01
-2.951419353485107422e-01
-5.071244239807128906e-01
3.088122844696044922e+00
-5.802296400070190430e-01
-8.536180853843688965e-02
4.353318214416503906e-01
1.453560352325439453e+00
8.091719746589660645e-01
-8.699645400047302246e-01
-1.374251723289489746e+00
-8.055516481399536133e-01
-1.179154310375452042e-02
2.285432815551757812e-02
2.259458154439926147e-01
-4.584658518433570862e-02
-8.549309968948364258e-01
7.952845096588134766e-02
1.171116471290588379e+00
-1.701608300209045410e+00
-7.625853419303894043e-01
-1.650701403617858887e+00
-1.299771517515182495e-01
1.913226842880249023e-01
6.319888830184936523e-01
1.233133912086486816e+00
-5.324954390525817871e-01
-9.722936749458312988e-01
1.709146238863468170e-02
7.988183498382568359e-01
8.750516176223754883e-01
2.955898828804492950e-02
-1.076300382614135742e+00
3.892966210842132568e-01
-1.091047078371047974e-01
-6.718574762344360352e-01
5.050919651985168457e-01
-8.220003843307495117e-01
-1.107284128665924072e-01
-6.385550498962402344e-01
4.554956257343292236e-01
9.544929862022399902e-01
8.117880821228027344e-01
2.472339570522308350e-01
-8.203569650650024414e-01
1.172684669494628906e+00
-9.028168916702270508e-01
9.901978820562362671e-02
-4.786305129528045654e-01
-4.478088617324829102e-01
-4.044809043407440186e-01
-1.169541954994201660e+00
8.143009543418884277e-01
-1.815196394920349121e+00
-2.565660774707794189e-01
-7.265321016311645508e-01
7.368959188461303711e-01
-7.363573312759399414e-01
5.622162818908691406e-01
-3.820852339267730713e-01
3.086129389703273773e-02
-9.003476500511169434e-01
4.430881887674331665e-02
9.494147300720214844e-01
1.669237464666366577e-01
3.408952653408050537e-01
3.103446662425994873e-01
1.766392827033996582e+00
-3.724273145198822021e-01
1.791731119155883789e+00
-1.157045245170593262e+00
-5.927997827529907227e-01
-1.647637486457824707e+00
-1.825122117996215820e+00
1.081416487693786621e+00
1.269691586494445801e+00
-3.142025768756866455e-01
-1.159780979156494141e+00
3.844803869724273682e-01
8.158688247203826904e-02
2.908529341220855713e-01
1.475506782531738281e+00
-5.483230352401733398e-01
-9.673165678977966309e-01
-6.645426154136657715e-02
-1.758849807083606720e-02
-2.558344006538391113e-01
8.760626316070556641e-01
3.829672336578369141e-01
-1.644360600039362907e-03
2.442137002944946289e+00
8.944528698921203613e-01
6.143364906311035156e-01
-5.404970049858093262e-01
1.671940565109252930e+00
6.846380829811096191e-01
-1.806981682777404785e+00
4.555553793907165527e-01
-1.123924016952514648e+00
3.598611056804656982e-02
-2.428976297378540039e-01
4.311203062534332275e-01
1.354688107967376709e-01
-1.537515372037887573e-01
-5.428950190544128418e-01
-2.317700088024139404e-01
3.165088415145874023e+00
-6.137637495994567871e-01
5.284885764122009277e-01
7.009562849998474121e-01
-7.177573442459106445e-01
-9.401050806045532227e-01
1.454253792762756348e+00
4.292780756950378418e-01
-7.126894593238830566e-01
-2.669611573219299316e-01
1.610471606254577637e+00
-1.078980937600135803e-01
1.275271773338317871e+00
8.210309743881225586e-01
3.780192136764526367e-01
7.330691814422607422e-01
-3.812477290630340576e-01
9.699805825948715210e-02
-3.156487643718719482e-01
2.986135184764862061e-01
2.757641375064849854e-01
9.133935570716857910e-01
1.134079217910766602e+00
-1.084433674812316895e+00
-9.045127630233764648e-01
-9.507523775100708008e-01
3.360015451908111572e-01
6.024613380432128906e-01
-8.720387518405914307e-02
5.532482862472534180e-01
-1.334689408540725708e-01
-8.067774176597595215e-01
4.600903689861297607e-01
1.110684633255004883e+00
-4.120010882616043091e-02
7.622736096382141113e-01
-1.308949589729309082e+00
5.956068634986877441e-01
4.448119997978210449e-01
-8.333707451820373535e-01
2.633875012397766113e-01
7.140094637870788574e-01
-1.373486313968896866e-02
-1.103997230529785156e+00
-3.712396919727325439e-01
8.600192517042160034e-02
-4.994741082191467285e-01
2.632985077798366547e-02
-3.271097838878631592e-01
3.649052232503890991e-02
9.584150463342666626e-02
-5.901520252227783203e-01
1.231432676315307617e+00
-4.576865732669830322e-01
-1.638932704925537109e+00
9.155645966529846191e-02
-7.468555569648742676e-01
1.388816952705383301e+00
-2.699765264987945557e-01
-7.645963430404663086e-01
3.658896312117576599e-02
7.715104222297668457e-01
-1.070378422737121582e+00
-9.946012496948242188e-01
6.393175125122070312e-01
-9.877889752388000488e-01
3.549012839794158936e-01
5.262253284454345703e-01
6.510059833526611328e-01
3.358947932720184326e-01
1.201264977455139160e+00
-2.837693095207214355e-01
-1.936635017395019531e+00
-1.641047954559326172e+00
-2.801090180873870850e-01
1.257825940847396851e-01
1.180607080459594727e+00
5.750566124916076660e-01
1.131074070930480957e+00
-6.548774838447570801e-01
3.516402840614318848e-01
1.616437546908855438e-02
-5.694595575332641602e-01
-5.890929102897644043e-01
7.334952354431152344e-01
5.884407758712768555e-01
1.054198026657104492e+00
-2.926042675971984863e-01
-3.159627020359039307e-01
-4.128517806529998779e-01
4.467954337596893311e-01
1.272294670343399048e-02
-4.580911397933959961e-01
-1.294913530349731445e+00
1.162768959999084473e+00
9.500765204429626465e-01
1.483282923698425293e+00
5.303351879119873047e-01
1.629538685083389282e-01
-8.655197024345397949e-01
-1.688829779624938965e+00
2.463002204895019531e+00
7.490915656089782715e-01
-4.901833832263946533e-02
-2.020426988601684570e-01
9.119172692298889160e-01
2.509373053908348083e-02
-2.012909948825836182e-01
8.595957756042480469e-01
8.401303887367248535e-01
-8.645442128181457520e-01
2.263432025909423828e+00
-1.240497946739196777e+00
2.060400843620300293e-01
-4.397049844264984131e-01
3.862424790859222412e-01
-2.246329784393310547e+00
-9.272320568561553955e-02
1.100306749343872070e+00
5.028702020645141602e-01
7.492114305496215820e-01
9.921316504478454590e-01
-9.399250149726867676e-02
3.481614291667938232e-01
4.634787738323211670e-01
3.511232435703277588e-01
4.063578844070434570e-01
1.362171173095703125e-01
1.481237888336181641e+00
-5.358140468597412109e-01
1.843829274177551270e+00
3.967086076736450195e-01
9.121505022048950195e-01
-1.719964146614074707e+00
-4.723804891109466553e-01
2.787097096443176270e-01
-6.175731420516967773e-01
3.837449550628662109e-01
-4.749126732349395752e-01
-2.038488388061523438e-01
5.670182108879089355e-01
1.558221727609634399e-01
3.829169273376464844e-02
7.900247573852539062e-01
-1.475480079650878906e+00
-3.664505481719970703e-02
1.091958761215209961e+00
-1.219144344329833984e+00
-1.846306920051574707e-01
3.787666559219360352e-03
1.996578693389892578e+00
-1.039783433079719543e-01
-1.382041126489639282e-01
5.641125440597534180e-01
-1.645686626434326172e+00
-1.160225152969360352e+00
4.930553138256072998e-01
9.060477018356323242e-01
-6.016482785344123840e-02
1.745719552040100098e+00
-3.021220564842224121e-01
-9.698847532272338867e-01
3.414244055747985840e-01
-8.894831538200378418e-01
-7.132822275161743164e-02
-8.205305933952331543e-01
-7.127997279167175293e-01
1.110778689384460449e+00
9.464449286460876465e-01
8.127496242523193359e-01
5.913351178169250488e-01
8.026045560836791992e-01
-1.974142342805862427e-01
2.623101174831390381e-01
-3.385306298732757568e-01
-9.253383874893188477e-01
-5.949191451072692871e-01
-3.155834078788757324e-01
-2.298502683639526367e+00
-4.430778920650482178e-01
-1.123911380767822266e+00
-1.849389225244522095e-01
1.061278343200683594e+00
1.455676853656768799e-01
-1.396342754364013672e+00
1.476376891136169434e+00
8.664221763610839844e-01
-3.378330171108245850e-01
-2.153249263763427734e+00
1.547986984252929688e+00
7.512289881706237793e-01
3.614810109138488770e-01
-5.380879044532775879e-01
-6.357951164245605469e-01
4.764099121093750000e-01
6.298723816871643066e-01
-1.125585436820983887e+00
9.782022237777709961e-01
2.199281930923461914e+00
2.447802573442459106e-01
-8.533651828765869141e-01
-6.542921066284179688e-01
-6.491768360137939453e-01
3.298581242561340332e-01
-1.294589281082153320e+00
4.224186539649963379e-01
9.712922573089599609e-01
-2.563223123550415039e+00
-1.361495018005371094e+00
8.483909368515014648e-01
-3.847689628601074219e-01
5.667030215263366699e-01
1.458347320556640625e+00
3.472385555505752563e-02
-2.903771400451660156e-01
-4.810277223587036133e-01
3.671994507312774658e-01
3.773393630981445312e-01
-1.570286899805068970e-01
-4.849854409694671631e-01
-2.663538217544555664e+00
1.130274057388305664e+00
8.768559694290161133e-01
3.680047392845153809e-01
2.613235712051391602e-01
3.737508356571197510e-01
-2.889857292175292969e-01
4.032673537731170654e-01
-8.215194344520568848e-01
8.266795873641967773e-01
4.904468059539794922e-01
-2.138011693954467773e+00
-3.829900324344635010e-01
-4.933287799358367920e-01
5.010147690773010254e-01
1.137531638145446777e+00
1.482897758483886719e+00
6.162175536155700684e-01
-1.686259359121322632e-01
-1.148822188377380371e+00
-9.984099268913269043e-01
-8.739533424377441406e-01
3.692288398742675781e-01
-1.226175665855407715e+00
9.941737353801727295e-02
1.998802125453948975e-01
-1.795358210802078247e-01
-1.122021436691284180e+00
-9.296204149723052979e-02
-1.315738797187805176e+00
6.217675805091857910e-01
-4.693112149834632874e-02
-2.943371832370758057e-01
-6.278863549232482910e-01
-9.770247936248779297e-01
6.623834967613220215e-01
6.030489206314086914e-01
1.219789505004882812e+00
-8.339974880218505859e-01
7.570507526397705078e-01
-2.403389960527420044e-01
1.086638927459716797e+00
-1.518463343381881714e-01
-5.228113010525703430e-02
1.049430251121520996e+00
-5.853484272956848145e-01
-6.585278511047363281e-01
-7.405775040388107300e-02
6.072991490364074707e-01
-4.254313707351684570e-01
6.489943861961364746e-01
2.780566513538360596e-01
-5.758845806121826172e-01
1.959089517593383789e+00
-5.542649030685424805e-01
1.968243122100830078e+00
2.457302063703536987e-01
-2.906165644526481628e-02
-9.109038114547729492e-02
-6.363607645034790039e-01
1.644301056861877441e+00
-1.290856003761291504e+00
4.034012928605079651e-02
-3.461330235004425049e-01
-4.768814742565155029e-01
-1.736680567264556885e-01
-1.318420052528381348e+00
-2.405163526535034180e+00
2.390448004007339478e-01
-1.503488898277282715e+00
-1.599238276481628418e+00
-7.193554043769836426e-01
1.661430835723876953e+00
-1.680302381515502930e+00
1.714239716529846191e-01
-9.001734256744384766e-01
1.058737874031066895e+00
4.703133367002010345e-03
9.945002198219299316e-01
8.051660656929016113e-01
-9.564887881278991699e-01
1.090149998664855957e+00
3.542328178882598877e-01
-8.124915361404418945e-01
2.006790488958358765e-01
3.607959151268005371e-01
5.563471317291259766e-01
7.504303455352783203e-01
-8.810995221138000488e-01
-5.291508436203002930e-01
9.214709997177124023e-01
-2.429196685552597046e-01
-2.269391268491744995e-01
8.767734169960021973e-01
5.936497449874877930e-01
-1.518048524856567383e+00
-4.092317521572113037e-01
-1.079166889190673828e+00
-2.288272976875305176e-01
-3.762899637222290039e-01
3.387173712253570557e-01
1.007034540176391602e+00
-6.721716523170471191e-01
2.292215228080749512e-01
-1.382733106613159180e+00
6.509979963302612305e-01
2.746552824974060059e-01
-2.049876898527145386e-01
-4.995151162147521973e-01
-9.395898878574371338e-02
5.391464233398437500e-01
3.628517389297485352e-01
-8.323530107736587524e-02
-2.364046573638916016e-01
-1.668984293937683105e-01
-1.275408983230590820e+00
4.417687356472015381e-01
5.264655947685241699e-01
-3.756894469261169434e-01
1.691822886466979980e+00
1.405739545822143555e+00
1.217409968376159668e+00
2.676841020584106445e-01
1.528668403625488281e-01
1.100864648818969727e+00
5.722655057907104492e-01
-1.028053283691406250e+00
7.675257921218872070e-01
-1.291403532028198242e+00
2.230556011199951172e-01
-7.153146266937255859e-01
2.735686600208282471e-01
9.665901660919189453e-01
2.333426102995872498e-02
8.094710707664489746e-01
-5.122842788696289062e-01
1.157078817486763000e-01
1.475842714309692383e+00
6.722372174263000488e-01
4.320077896118164062e-01
-3.180450201034545898e-01
-1.583363533020019531e+00
-7.538587450981140137e-01
-6.148030515760183334e-03
-1.495083212852478027e+00
7.616987824440002441e-01
5.000336170196533203e-01
-4.371409714221954346e-01
1.508184790611267090e+00
-3.948958516120910645e-01
-1.413252830505371094e+00
-2.299295902252197266e+00
-1.154300928115844727e+00
-8.137676715850830078e-01
1.062770605087280273e+00
1.235614538192749023e+00
-3.584702908992767334e-01
-5.047275424003601074e-01
-1.060779094696044922e+00
1.780607104301452637e-01
-5.068022012710571289e-01
-1.726295053958892822e-01
-1.100502967834472656e+00
4.006285667419433594e-01
9.862917661666870117e-01
-6.538003087043762207e-01
-1.815821528434753418e+00
-9.491683840751647949e-01
-9.401160478591918945e-01
1.549033880233764648e+00
6.315255165100097656e-01
-1.781375706195831299e-01
7.507762312889099121e-01
-2.107789218425750732e-01
3.806033730506896973e-01
-1.511558294296264648e-01
-2.211731225252151489e-01
-5.477861166000366211e-01
-2.837951183319091797e+00
-7.368708848953247070e-01
1.911700010299682617e+00
-1.588824272155761719e+00
-6.878800392150878906e-01
4.503433778882026672e-02
-1.333787083625793457e+00
9.876938462257385254e-01
-7.340596616268157959e-02
4.136940538883209229e-01
-4.008734822273254395e-01
-6.652052402496337891e-01
8.809646219015121460e-02
6.158172488212585449e-01
-8.252026140689849854e-02
3.555356562137603760e-01
-7.801818847656250000e-01
-1.814235091209411621e+00
9.218353033065795898e-01
9.152528047561645508e-01
1.112595319747924805e+00
7.258131504058837891e-01
-2.482217922806739807e-02
-1.054989695549011230e+00
-5.920488238334655762e-01
-1.307926774024963379e+00
1.180501222610473633e+00
-2.082332611083984375e+00
-8.104975819587707520e-01
-5.818431973457336426e-01
-1.667263746261596680e+00
3.017862439155578613e-01
1.174938678741455078e+00
-2.474794089794158936e-01
6.483848690986633301e-01
7.290089130401611328e-02
8.201456069946289062e-01
1.523432970046997070e+00
6.417135596275329590e-01
1.435843110084533691e+00
-1.099888801574707031e+00
-1.685440540313720703e-01
-4.472993016242980957e-01
-5.020214915275573730e-01
-8.837018013000488281e-01
-9.422013163566589355e-02
6.481788754463195801e-01
2.386148422956466675e-01
-3.599331974983215332e-01
1.182134449481964111e-01
4.718743264675140381e-01
2.332137376070022583e-01
8.861826062202453613e-01
3.199276328086853027e-01
-1.014342069625854492e+00
3.709564507007598877e-01
-2.458697110414505005e-01
3.837742507457733154e-01
-4.893386065959930420e-01
7.625929117202758789e-01
1.479457318782806396e-01
-5.817518830299377441e-01
-1.041908383369445801e+00
-5.881844162940979004e-01
7.705619931221008301e-01
-4.808465838432312012e-01
2.139702796936035156e+00
-3.820695281028747559e-01
-5.951236486434936523e-01
-1.870127558708190918e+00
8.945246934890747070e-01
-4.940405786037445068e-01
8.670802414417266846e-02
1.241184473037719727e+00
8.901971578598022461e-01
-1.957115232944488525e-01
-1.117341518402099609e+00
2.020289301872253418e-01
-7.426372766494750977e-01
8.036335110664367676e-01
-1.569263219833374023e+00
2.099908739328384399e-01
3.997849225997924805e-01
4.537612199783325195e-01
-3.573938310146331787e-01
-2.112855017185211182e-01
7.513489723205566406e-01
9.271087646484375000e-01
-1.653797268867492676e+00
-9.683268070220947266e-01
-1.650772392749786377e-01
1.029515564441680908e-01
-1.609778523445129395e+00
-7.889831662178039551e-01
3.026940226554870605e-01
-1.456331014633178711e-01
-4.379853010177612305e-01
5.716111660003662109e-01
1.657917737960815430e+00
-5.194510817527770996e-01
1.396645903587341309e+00
-1.077260375022888184e+00
-9.280590415000915527e-01
-6.015282273292541504e-01
3.497244417667388916e-02
-3.807365000247955322e-01
-1.048706769943237305e+00
3.789063990116119385e-01
-1.018039226531982422e+00
5.161840319633483887e-01
1.164883151650428772e-01
-1.233323454856872559e+00
-6.672602891921997070e-01
-5.885420441627502441e-01
-8.395535945892333984e-01
6.520750522613525391e-01
-6.204214319586753845e-02
-3.312894701957702637e-01
3.664006292819976807e-01
1.437052249908447266e+00
3.809367418289184570e-01
-2.450554370880126953e+00
7.321364283561706543e-01
9.764163494110107422e-01
3.761296272277832031e-01
-2.865721285343170166e-01
-2.332674264907836914e+00
-5.872654318809509277e-01
-1.357357740402221680e+00
-9.722242355346679688e-01
9.246826171875000000e-01
1.170132756233215332e+00
2.313267588615417480e-01
1.602452158927917480e+00
2.744729518890380859e-01
5.594877004623413086e-01
5.317537784576416016e-01
-1.221718192100524902e-01
-1.673843979835510254e+00
-1.123922467231750488e+00
8.302024602890014648e-01
3.437074422836303711e-01
-9.618698358535766602e-01
-3.204508721828460693e-01
-1.457165956497192383e+00
-5.557929351925849915e-02
1.213081121444702148e+00
-2.308171749114990234e+00
-1.063420414924621582e+00
5.241042375564575195e-01
8.033154010772705078e-01
-2.606143057346343994e-01
4.213378429412841797e-01
-3.249681591987609863e-01
-1.064559578895568848e+00
-7.308167815208435059e-01
-5.951087474822998047e-01
9.116813540458679199e-02
2.368994951248168945e-01
-1.029943943023681641e+00
3.051322400569915771e-01
-9.585703015327453613e-01
-9.269411861896514893e-02
-1.455957651138305664e+00
-8.355484604835510254e-01
-2.604257464408874512e-01
6.951747536659240723e-01
-7.438785433769226074e-01
9.631984829902648926e-01
6.249961853027343750e-01
1.076021432876586914e+00
-1.336511969566345215e+00
5.362887978553771973e-01
-3.577967584133148193e-01
1.612141847610473633e+00
-3.543450832366943359e-01
-1.445980370044708252e-01
2.446722686290740967e-01
2.849762439727783203e-01
-1.176881551742553711e+00
3.741802871227264404e-01
-2.815617024898529053e-01
-1.362877130508422852e+00
-8.860436081886291504e-01
1.123958110809326172e+00
4.301819205284118652e-01
-3.070565760135650635e-01
1.566098690032958984e+00
-3.625724315643310547e-01
-3.788850307464599609e-01
1.120622992515563965e+00
-8.295230567455291748e-02
1.314704775810241699e+00
6.294770240783691406e-01
7.249732613563537598e-01
5.657698512077331543e-01
-6.354147791862487793e-01
7.573901861906051636e-02
9.853010773658752441e-01
-5.895512700080871582e-01
-1.446083664894104004e+00
-4.871572181582450867e-02
4.621363282203674316e-01
2.744644880294799805e-01
-2.369806617498397827e-01
-9.089902788400650024e-02
