-3.635820746421813965e-01
-1.174578666687011719e+00
-4.921250045299530029e-01
-2.712907493114471436e-01
-5.255896449089050293e-01
1.301445841789245605e+00
-1.328886508941650391e+00
-8.954499959945678711e-01
-5.675597190856933594e-01
-6.474972963333129883e-01
-1.045063257217407227e+00
1.123959422111511230e+00
-6.668332219123840332e-02
-1.482620835304260254e-01
-2.361169159412384033e-01
-8.295858502388000488e-01
1.108735442161560059e+00
2.658725976943969727e-01
3.903934955596923828e-01
8.274998068809509277e-01
3.415943384170532227e-01
1.901042819023132324e+00
6.693264245986938477e-01
2.726280093193054199e-01
1.237201020121574402e-01
4.155701398849487305e-01
-5.702227950096130371e-01
4.602380096912384033e-01
9.596681594848632812e-01
5.680150389671325684e-01
-2.038705497980117798e-01
2.924652397632598877e-01
-1.262144148349761963e-01
-6.531674265861511230e-01
-1.786745041608810425e-01
6.045547723770141602e-01
1.812112182378768921e-01
6.641820669174194336e-01
-7.208009064197540283e-02
-8.852406144142150879e-01
6.884427070617675781e-01
-1.278046607971191406e+00
-3.224616348743438721e-01
-7.464781403541564941e-01
1.582965254783630371e+00
7.437978982925415039e-01
3.743850886821746826e-01
-1.761186569929122925e-01
-1.822579056024551392e-01
7.038491219282150269e-02
-4.827073216438293457e-01
8.314533829689025879e-01
1.576049089431762695e+00
1.244034409523010254e+00
1.746731638908386230e+00
1.338143050670623779e-01
2.368072569370269775e-01
-1.152494072914123535e+00
7.284182310104370117e-01
6.580847501754760742e-01
-1.732943803071975708e-01
1.628553390502929688e+00
-5.392203330993652344e-01
-9.630168676376342773e-01
-5.614389181137084961e-01
1.517620563507080078e+00
1.875673890113830566e+00
3.468214571475982666e-01
4.824797511100769043e-01
6.314501166343688965e-01
-4.551292359828948975e-01
-6.990852355957031250e-01
2.516580522060394287e-01
-2.712820470333099365e-02
1.488549262285232544e-01
5.220897197723388672e-01
-5.373371765017509460e-02
-1.099396228790283203e+00
-1.535080671310424805e-01
4.991524815559387207e-01
-2.326962351799011230e-01
-9.009147435426712036e-02
-6.711563467979431152e-01
1.825476646423339844e+00
1.553359925746917725e-01
-2.793325185775756836e-01
-1.796628907322883606e-02
-1.297657966613769531e+00
-1.228995680809020996e+00
1.421412825584411621e-01
-5.463058128952980042e-02
-8.303945511579513550e-02
-4.487787783145904541e-01
-1.528089046478271484e-01
1.346709728240966797e+00
2.132341265678405762e-01
2.255199402570724487e-01
5.727578401565551758e-01
8.938583731651306152e-01
3.285179436206817627e-01
9.762403368949890137e-02
-4.754123687744140625e-01
2.370106242597103119e-02
-2.599058151245117188e-01
-1.790785312652587891e+00
3.089659512042999268e-01
2.229154258966445923e-01
-3.500052094459533691e-01
2.105074375867843628e-01
2.161438465118408203e-01
-7.273079752922058105e-01
-1.103521108627319336e+00
5.529723167419433594e-01
-1.123741388320922852e+00
-3.009714484214782715e-01
1.100186228752136230e+00
-4.959365352988243103e-02
-1.119000017642974854e-01
2.279881685972213745e-01
-1.096206545829772949e+00
-7.623625993728637695e-01
5.130028352141380310e-02
-9.349241852760314941e-01
-1.416664958000183105e+00
3.192592263221740723e-01
1.432748794555664062e+00
-3.186784982681274414e-01
1.848342299461364746e+00
-1.111555814743041992e+00
6.736260056495666504e-01
-1.407221794128417969e+00
-1.139936566352844238e+00
6.871029138565063477e-01
-3.250969350337982178e-01
1.507601737976074219e+00
-4.639270305633544922e-01
1.601134896278381348e+00
5.277118086814880371e-01
-1.511882185935974121e+00
2.392034053802490234e+00
1.714228034019470215e+00
-1.977687478065490723e-01
-1.835274577140808105e+00
1.171996712684631348e+00
-2.108292132616043091e-01
-9.456946849822998047e-01
4.917081594467163086e-01
-1.454882979393005371e+00
2.816975712776184082e-01
5.820080041885375977e-01
1.191445291042327881e-01
-4.306632876396179199e-01
-5.623725056648254395e-01
-7.080993652343750000e-01
4.491950869560241699e-01
4.839308932423591614e-02
-3.747078776359558105e-02
1.208451151847839355e+00
-7.164956927299499512e-01
7.292867898941040039e-01
-1.200807929039001465e+00
-1.580614447593688965e+00
1.633121222257614136e-01
4.081341028213500977e-01
1.656470775604248047e+00
4.944023787975311279e-01
1.041237354278564453e+00
-1.862265348434448242e+00
-1.076107740402221680e+00
-1.222620725631713867e+00
2.931463420391082764e-01
-1.503127813339233398e+00
-1.920034140348434448e-01
-1.283703148365020752e-01
4.047770425677299500e-02
-6.401409506797790527e-01
-1.044556260108947754e+00
2.303377687931060791e-01
-1.167098730802536011e-01
-5.363985300064086914e-01
-5.577903985977172852e-01
1.607075333595275879e+00
-8.897795081138610840e-01
-5.677698850631713867e-01
9.621579051017761230e-01
2.438490092754364014e-01
1.519996047019958496e+00
-2.282151699066162109e+00
1.099080294370651245e-01
9.950029850006103516e-01
-1.228553771972656250e+00
2.661097645759582520e-01
1.284669160842895508e+00
1.254809617996215820e+00
-2.508115530014038086e+00
-2.298557907342910767e-01
-9.439383745193481445e-01
-1.386095881462097168e+00
3.858620673418045044e-02
4.697454869747161865e-01
-1.476567506790161133e+00
-4.436742365360260010e-01
-1.464714407920837402e-01
7.224681377410888672e-01
-1.296346545219421387e+00
-4.292351603507995605e-01
2.219785898923873901e-01
-7.236210107803344727e-01
5.927643775939941406e-01
-3.211999833583831787e-01
7.511034607887268066e-01
-1.529491245746612549e-01
-1.202051043510437012e+00
4.537326991558074951e-01
7.175435423851013184e-01
-9.375580549240112305e-01
-3.701945543289184570e-01
-7.655139267444610596e-02
-1.485979318618774414e+00
-8.014085292816162109e-01
5.512967109680175781e-01
2.786875247955322266e+00
6.155399233102798462e-02
-7.955127954483032227e-01
-8.729355335235595703e-01
-8.126419782638549805e-01
-1.526195526123046875e+00
8.833078742027282715e-01
2.537937164306640625e-01
-5.593235492706298828e-01
8.219732642173767090e-01
9.700918793678283691e-01
-4.561372399330139160e-01
1.128077387809753418e+00
4.298520386219024658e-01
-3.307693302631378174e-01
-2.185365915298461914e+00
-2.579587399959564209e-01
4.090995788574218750e-01
2.116120755672454834e-01
4.387373626232147217e-01
5.830103531479835510e-02
9.466950595378875732e-02
-1.064494609832763672e+00
2.157300114631652832e-01
-3.629682958126068115e-01
4.563274085521697998e-01
-1.197529509663581848e-01
1.038403511047363281e+00
1.237439155578613281e+00
9.503268450498580933e-02
-4.309840798377990723e-01
-1.544705986976623535e+00
3.847642540931701660e-01
3.776990249752998352e-02
4.291142225265502930e-01
-1.817447245121002197e-01
6.299778819084167480e-03
4.325092136859893799e-01
-2.115086764097213745e-01
-1.477351188659667969e+00
-4.364842474460601807e-01
1.969580948352813721e-01
-2.478882551193237305e+00
4.008258581161499023e-01
1.792575120925903320e+00
1.067153573036193848e+00
1.861168630421161652e-02
-1.537422537803649902e-01
1.082615554332733154e-01
1.129781961441040039e+00
-1.346696019172668457e+00
1.030815482139587402e+00
-7.970950603485107422e-01
-4.402650594711303711e-01
1.664568305015563965e+00
-5.543247237801551819e-02
4.728789329528808594e-01
-2.232267618179321289e+00
-1.935689091682434082e+00
-4.684366583824157715e-01
3.038148283958435059e-01
3.977209627628326416e-01
6.511953473091125488e-01
-1.190999746322631836e+00
3.478812873363494873e-01
8.355576395988464355e-01
4.429098367691040039e-01
-7.699316740036010742e-01
-7.005464434623718262e-01
-3.488691449165344238e-01
2.194244265556335449e-01
9.104507565498352051e-01
3.838190138339996338e-01
1.310475349426269531e+00
1.532910857349634171e-02
4.699904322624206543e-01
-1.951070427894592285e+00
-2.025526046752929688e+00
8.809429407119750977e-01
-1.351976633071899414e+00
1.165622949600219727e+00
-1.315722227096557617e+00
-3.428865596652030945e-02
-1.442155838012695312e+00
-2.359760254621505737e-01
-2.452356368303298950e-01
8.916099667549133301e-01
-6.221332550048828125e-01
-1.143803715705871582e+00
-4.418842494487762451e-01
-1.152582526206970215e+00
1.932822465896606445e-01
3.030101060867309570e-01
1.579414248466491699e+00
1.652898073196411133e+00
-1.306960731744766235e-01
-7.923620343208312988e-01
-9.690021276473999023e-01
-1.810060262680053711e+00
1.009917110204696655e-01
-2.294253259897232056e-01
-2.170508146286010742e+00
1.166134834289550781e+00
-4.801259636878967285e-01
-1.093471765518188477e+00
8.382122516632080078e-01
-6.896456480026245117e-01
3.891245126724243164e-01
-1.773112453520298004e-02
-9.112727046012878418e-01
-9.203527122735977173e-02
4.070824980735778809e-01
2.552709341049194336e+00
1.128214299678802490e-01
5.624547004699707031e-01
2.272823750972747803e-01
1.995440840721130371e+00
5.882871150970458984e-01
-6.055659651756286621e-01
1.865850389003753662e-01
-9.819333553314208984e-01
-1.825717210769653320e+00
5.916108489036560059e-01
-3.641143143177032471e-01
-7.510206699371337891e-01
1.077146410942077637e+00
1.393311563879251480e-02
-3.598529100418090820e-01
2.188798189163208008e-01
4.244910180568695068e-01
8.870144486427307129e-01
-2.384674310684204102e+00
1.405298233032226562e+00
7.212843894958496094e-01
-6.360684335231781006e-02
-2.908563911914825439e-01
-1.976004093885421753e-01
2.243627309799194336e-01
3.719898462295532227e-01
-1.276245832443237305e+00
1.542039662599563599e-01
1.181762143969535828e-01
3.580671250820159912e-01
-2.058929391205310822e-02
-3.604798018932342529e-01
-9.270583391189575195e-01
-7.908447980880737305e-01
-1.392944097518920898e+00
-1.824419796466827393e-01
3.923860564827919006e-02
-9.203126430511474609e-01
-3.729957044124603271e-01
7.823473811149597168e-01
-1.016510844230651855e+00
6.422503590583801270e-01
1.385306954383850098e+00
-5.775151308625936508e-03
-8.916106820106506348e-01
-1.630911946296691895e+00
7.577133774757385254e-01
6.124169230461120605e-01
-1.570947915315628052e-01
2.156403511762619019e-01
-6.219092011451721191e-01
5.258098244667053223e-01
-6.555941700935363770e-01
-2.365040332078933716e-01
8.417073488235473633e-01
-2.111580133438110352e+00
7.449806332588195801e-01
4.372926950454711914e-01
1.082201525568962097e-01
-7.413377165794372559e-01
5.226893424987792969e-01
3.851942420005798340e-01
6.345757842063903809e-01
3.539974987506866455e-01
5.222850441932678223e-01
-4.557829797267913818e-01
5.077792406082153320e-01
-1.297501176595687866e-01
-2.373709827661514282e-01
-1.413133502006530762e+00
-1.532850265502929688e-01
-1.480036973953247070e-01
-1.062989458441734314e-01
-6.142365336418151855e-01
-8.623480200767517090e-01
-1.131122335791587830e-01
4.116188287734985352e-01
-1.446761250495910645e+00
6.867992877960205078e-01
-2.011439085006713867e+00
6.834209561347961426e-01
-7.595185637474060059e-01
6.707699894905090332e-01
-9.371455907821655273e-01
5.398430824279785156e-01
3.065880835056304932e-01
-9.555943012237548828e-01
6.005589365959167480e-01
-1.072044000029563904e-01
7.302027344703674316e-01
-3.349436223506927490e-01
-3.658675253391265869e-01
-7.873420119285583496e-01
2.898760437965393066e-01
3.095446527004241943e-01
1.582924008369445801e+00
-1.170704126358032227e+00
7.933335304260253906e-01
8.644654750823974609e-01
-1.183698549866676331e-01
6.644921302795410156e-01
-5.306866168975830078e-01
-1.007168054580688477e+00
1.745662808418273926e+00
-7.472731173038482666e-02
1.514292210340499878e-01
-9.565973281860351562e-01
6.056348979473114014e-02
5.966981053352355957e-01
-7.316847890615463257e-02
1.071829080581665039e+00
-5.005427002906799316e-01
1.974610924720764160e+00
-1.186376094818115234e+00
-1.121359467506408691e+00
5.982909798622131348e-01
-1.143535494804382324e+00
-1.175951794721186161e-03
3.904211819171905518e-01
7.132380455732345581e-02
-7.291414141654968262e-01
1.118899106979370117e+00
1.628441214561462402e-01
-2.801502943038940430e-01
5.954026579856872559e-01
7.814878225326538086e-01
5.731019973754882812e-01
-8.638076782226562500e-01
1.276447892189025879e+00
1.064718723297119141e+00
1.090305805206298828e+00
-8.061065077781677246e-01
-5.572683811187744141e-01
-8.155206218361854553e-03
-8.002240210771560669e-02
-9.080250859260559082e-01
-8.473533391952514648e-01
4.864822626113891602e-01
1.045124411582946777e+00
-9.389361739158630371e-01
6.009137034416198730e-01
4.355805814266204834e-01
-1.000020861625671387e+00
-2.741107642650604248e-01
-8.780881166458129883e-01
-4.624833762645721436e-01
-1.264724612236022949e+00
-1.695080041885375977e+00
2.744294106960296631e-01
-1.960836946964263916e-01
2.859484553337097168e-01
2.377923130989074707e-01
-1.890617758035659790e-01
-3.965376317501068115e-01
-4.713691305369138718e-03
-1.605609297752380371e+00
1.626160144805908203e+00
-6.204527020454406738e-01
-5.767268538475036621e-01
-5.623262524604797363e-01
-1.096236705780029297e+00
5.245012640953063965e-01
-1.756677776575088501e-01
-1.887060403823852539e-01
7.659861445426940918e-01
8.479993939399719238e-01
4.645752310752868652e-01
2.392076730728149414e+00
9.707666039466857910e-01
-7.371370196342468262e-01
2.707052230834960938e-01
8.444008827209472656e-01
-1.490041017532348633e+00
7.279299944639205933e-02
1.262966275215148926e+00
-2.769929468631744385e-01
-1.913234293460845947e-01
-2.922680377960205078e-01
-2.124836891889572144e-01
1.587671041488647461e+00
2.792054414749145508e-01
1.179168224334716797e+00
6.887914538383483887e-01
-4.659943282604217529e-01
5.292515754699707031e-01
-2.981552779674530029e-01
8.937035799026489258e-01
-5.987459421157836914e-02
-6.644029617309570312e-01
5.147653222084045410e-01
-1.789113402366638184e+00
-9.582313895225524902e-01
-1.233804106712341309e+00
-8.464117348194122314e-02
-1.510369777679443359e+00
5.436196327209472656e-01
1.744004964828491211e+00
1.759100079536437988e+00
5.576967000961303711e-01
-9.072563052177429199e-02
-4.664800465106964111e-01
-2.912375450134277344e+00
7.281628847122192383e-01
3.410505056381225586e-01
1.262076377868652344e+00
1.709737420082092285e+00
4.601642489433288574e-01
7.095771431922912598e-01
-2.369460612535476685e-01
1.001047611236572266e+00
1.654131561517715454e-01
-2.239903807640075684e-01
-1.568065404891967773e+00
1.265043020248413086e+00
5.960336327552795410e-01
4.098215997219085693e-01
8.212868869304656982e-02
-4.287105202674865723e-01
-9.503763318061828613e-01
3.152009248733520508e-01
-1.006824523210525513e-01
4.658031165599822998e-01
9.060339927673339844e-01
-8.485186845064163208e-02
9.707434773445129395e-01
-4.969402849674224854e-01
4.409409165382385254e-01
4.586654901504516602e-01
-1.244939088821411133e+00
-9.490256309509277344e-01
1.209081768989562988e+00
2.544332668185234070e-02
-1.049071431159973145e+00
-7.227351069450378418e-01
1.351852893829345703e+00
3.631165921688079834e-01
6.283522844314575195e-01
2.443512201309204102e+00
-2.520925700664520264e-01
1.060200929641723633e+00
-1.451128244400024414e+00
-2.779893577098846436e-01
-9.899627566337585449e-01
-1.531088829040527344e+00
-8.360068798065185547e-01
-1.224209785461425781e+00
1.857686638832092285e+00
-7.876830175518989563e-03
4.147054851055145264e-01
-6.350111365318298340e-01
-3.231399953365325928e-01
-1.576712250709533691e+00
-1.232742786407470703e+00
8.329120278358459473e-01
4.182380139827728271e-01
-1.845131397247314453e+00
1.234106272459030151e-01
-5.964050889015197754e-01
2.908970415592193604e-01
3.398381769657135010e-01
1.849313616752624512e+00
1.347731053829193115e-01
1.450351238250732422e+00
7.666012644767761230e-01
-6.574728488922119141e-01
5.248036980628967285e-01
6.406301856040954590e-01
-1.447824716567993164e+00
-8.894681930541992188e-01
-1.080400347709655762e+00
-9.713561832904815674e-02
-8.451222181320190430e-01
3.894935250282287598e-01
5.936031788587570190e-02
3.123015463352203369e-01
1.161912754178047180e-01
3.254128620028495789e-02
-3.109130859375000000e-01
-4.355983138084411621e-01
-6.053847670555114746e-01
-2.967928051948547363e-01
-7.583993077278137207e-01
3.741717934608459473e-01
-4.741055071353912354e-01
5.498741269111633301e-01
5.961023271083831787e-02
-1.180608645081520081e-01
7.420564889907836914e-01
-2.574908137321472168e-01
3.434755802154541016e-01
5.349315404891967773e-01
2.445622086524963379e-01
1.366736173629760742e+00
1.552401781082153320e+00
7.712759375572204590e-01
-2.322259917855262756e-02
-4.317620396614074707e-01
-1.880592346191406250e+00
-8.787633851170539856e-03
9.746312499046325684e-01
-3.162806332111358643e-01
2.778010666370391846e-01
1.480826973915100098e+00
-2.977110743522644043e-01
-4.942542016506195068e-01
-1.138606309890747070e+00
-5.416356921195983887e-01
8.435580730438232422e-01
-3.387062996625900269e-02
-9.269406199455261230e-01
-1.925675272941589355e-01
-2.455371320247650146e-01
-6.926370412111282349e-02
-7.288210839033126831e-02
8.949823379516601562e-01
-8.047875165939331055e-01
4.531807005405426025e-01
9.472285509109497070e-01
-8.974074125289916992e-01
-5.753106474876403809e-01
-1.213944435119628906e+00
-3.831749558448791504e-01
1.633176952600479126e-01
7.021962404251098633e-01
-2.950193583965301514e-01
-2.759326100349426270e-01
4.616902768611907959e-01
1.006339639425277710e-01
1.270085215568542480e+00
-5.787740945816040039e-01
-2.069801330566406250e+00
-7.183806896209716797e-01
-5.759006738662719727e-01
-2.173681110143661499e-01
-4.989585578441619873e-01
1.525929808616638184e+00
-1.419560313224792480e+00
1.668529212474822998e-01
-3.117390871047973633e-01
-1.648434400558471680e-01
-6.969776153564453125e-01
-4.839069247245788574e-01
-5.913411974906921387e-01
-1.720218777656555176e+00
-4.130692407488822937e-02
7.159310579299926758e-01
1.457154512405395508e+00
9.886974841356277466e-02
-6.884385943412780762e-01
-1.307084798812866211e+00
-2.728524446487426758e+00
1.743137598037719727e+00
-4.813935160636901855e-01
-8.863647580146789551e-01
-6.615565419197082520e-01
-2.329165786504745483e-01
-1.758669257164001465e+00
-3.378593921661376953e-01
9.755787849426269531e-01
4.952174127101898193e-01
3.065969645977020264e-01
1.289702177047729492e+00
1.049054622650146484e+00
9.124709963798522949e-01
-3.941147625446319580e-01
5.689838901162147522e-02
-5.705838799476623535e-01
7.607592642307281494e-02
1.131000995635986328e+00
3.253711760044097900e-01
6.117671728134155273e-01
-1.277376770973205566e+00
-3.833222091197967529e-01
-1.298644244670867920e-01
-4.857683479785919189e-01
-1.395076036453247070e+00
-3.733352422714233398e-01
1.008025765419006348e+00
1.226056694984436035e+00
-7.432313263416290283e-02
1.023251935839653015e-01
-3.019648790359497070e-01
-1.171946525573730469e+00
-9.847655296325683594e-01
-5.997218489646911621e-01
-8.922770619392395020e-01
-4.479975700378417969e-01
-2.563714087009429932e-01
-3.051439225673675537e-01
4.171969294548034668e-01
-1.135022282600402832e+00
-6.359381079673767090e-01
4.874960780143737793e-01
4.818561077117919922e-01
6.883270740509033203e-01
-9.108210355043411255e-02
7.209749221801757812e-01
8.819779157638549805e-01
-1.137486577033996582e+00
5.483714938163757324e-01
-7.224621772766113281e-01
-3.787176311016082764e-01
3.522623777389526367e+00
8.143556714057922363e-01
-2.343585528433322906e-02
3.376535698771476746e-02
9.430577158927917480e-01
3.306356668472290039e-01
1.767353892326354980e+00
-6.669268012046813965e-01
3.018249571323394775e-01
2.683199346065521240e-01
-2.777544558048248291e-01
6.398991495370864868e-02
1.038428187370300293e+00
2.611578404903411865e-01
-7.909499406814575195e-01
-1.137402355670928955e-01
-2.050669491291046143e-01
-2.386436462402343750e-01
8.494827151298522949e-01
1.149177432060241699e+00
1.131741046905517578e+00
2.652173042297363281e-01
1.187912702560424805e+00
4.649920389056205750e-02
1.995748877525329590e+00
-1.141868352890014648e+00
-2.119700163602828979e-01
9.324228763580322266e-02
3.871995806694030762e-01
-3.458819687366485596e-01
3.283490836620330811e-01
-7.278042286634445190e-02
