-6.396488547325134277e-01
-1.622693777084350586e+00
9.982162714004516602e-01
1.360764354467391968e-01
1.223867058753967285e+00
2.161815881729125977e+00
-1.195399641990661621e+00
-1.214976310729980469e-01
-1.382301092147827148e+00
-4.291734099388122559e-01
-2.849608659744262695e-01
2.655052542686462402e-01
-1.429311633110046387e-01
9.440750479698181152e-01
-1.267130970954895020e+00
7.349100112915039062e-01
3.527722358703613281e-01
8.222141861915588379e-01
9.351589679718017578e-01
-1.018700599670410156e+00
-3.340215682983398438e-01
5.430983901023864746e-01
7.005258798599243164e-01
7.020798921585083008e-01
3.561357259750366211e-01
-1.820353269577026367e-01
-8.295217752456665039e-01
1.323052883148193359e+00
2.406495213508605957e-01
-5.527920722961425781e-01
-3.817918002605438232e-01
4.051070213317871094e-01
-4.031800627708435059e-01
1.536968469619750977e+00
-3.895071148872375488e-01
-1.018819808959960938e-01
5.565874576568603516e-01
8.357563018798828125e-01
5.291592478752136230e-01
8.028761148452758789e-01
-6.404977440834045410e-01
-9.259080886840820312e-01
7.173674702644348145e-01
-8.499361276626586914e-01
2.482862949371337891e+00
7.179291248321533203e-01
2.830760002136230469e+00
3.984077274799346924e-01
1.388911753892898560e-01
6.447579264640808105e-01
-4.849626719951629639e-01
7.552797794342041016e-01
7.163165807723999023e-01
2.033615112304687500e+00
1.037508249282836914e+00
1.171917438507080078e+00
1.259652078151702881e-01
-6.706314682960510254e-01
8.825224637985229492e-01
2.673074305057525635e-01
3.981026411056518555e-01
7.699552178382873535e-01
8.059652447700500488e-01
-1.440541982650756836e+00
6.144435405731201172e-01
7.505344748497009277e-01
5.129826068878173828e-01
1.474678754806518555e+00
-7.662203907966613770e-01
1.385274678468704224e-01
3.739061951637268066e-01
2.103905938565731049e-02
7.276327610015869141e-01
8.435283303260803223e-01
-1.338815450668334961e+00
7.741890549659729004e-01
1.004092335700988770e+00
1.729058027267456055e-01
8.244878053665161133e-01
-8.249503970146179199e-01
2.663088142871856689e-01
9.655708074569702148e-01
-5.624561309814453125e-01
6.061695218086242676e-01
-4.133153706789016724e-02
-2.152321785688400269e-01
2.074470669031143188e-01
1.469762921333312988e+00
-4.903376698493957520e-01
1.376683115959167480e-01
-6.753959506750106812e-02
9.739748239517211914e-01
9.661134481430053711e-01
-4.867308139801025391e-01
-4.074187874794006348e-01
1.010000228881835938e+00
-8.020490407943725586e-01
-9.701249003410339355e-02
6.454984545707702637e-01
-3.984609842300415039e-01
-6.634904146194458008e-01
2.881998941302299500e-02
-1.029877185821533203e+00
4.953197017312049866e-02
1.135510921478271484e+00
-1.267742276191711426e+00
7.940021157264709473e-02
4.014600533992052078e-03
-7.066812515258789062e-01
-3.733716905117034912e-01
7.165614962577819824e-01
-1.164364099502563477e+00
8.684470653533935547e-01
-1.729959011077880859e+00
5.822458267211914062e-01
3.176585584878921509e-02
-8.289742469787597656e-02
2.236643731594085693e-01
-3.401582241058349609e-01
-1.242516160011291504e+00
1.801215857267379761e-01
7.047679424285888672e-01
1.252207756042480469e-01
-2.045878410339355469e+00
1.088284850120544434e+00
1.341767072677612305e+00
-8.036845326423645020e-01
1.950901746749877930e+00
-9.535531997680664062e-01
4.489022791385650635e-01
-3.223387479782104492e+00
-5.587983131408691406e-01
2.720545232295989990e-01
7.384171485900878906e-01
5.475749969482421875e-01
-5.180046558380126953e-01
9.702794551849365234e-01
-9.665075540542602539e-01
-5.934450030326843262e-01
8.377069830894470215e-01
7.461986541748046875e-01
3.071177303791046143e-01
-1.075432300567626953e+00
-6.528786420822143555e-01
-8.452729880809783936e-02
-1.274461746215820312e+00
-1.263711899518966675e-01
-1.035897374153137207e+00
1.077167868614196777e+00
5.176216959953308105e-01
-7.192863225936889648e-01
-3.009729385375976562e-01
8.743711709976196289e-01
-8.367210626602172852e-01
-1.385638475418090820e+00
1.224008679389953613e+00
-2.138947248458862305e+00
8.326367735862731934e-01
-5.002870559692382812e-01
1.198818922042846680e+00
-1.467753648757934570e+00
9.136770367622375488e-01
-1.487980484962463379e+00
4.671387076377868652e-01
7.023807764053344727e-01
1.232548713684082031e+00
-3.777425885200500488e-01
-1.396580189466476440e-01
-7.397042512893676758e-01
-8.787599802017211914e-01
1.611492156982421875e+00
-8.239374756813049316e-01
-6.952022910118103027e-01
-1.419154167175292969e+00
1.320362806320190430e+00
6.296856403350830078e-01
-5.055443048477172852e-01
1.389172792434692383e+00
-1.506032705307006836e+00
1.413796544075012207e-01
5.559685230255126953e-01
1.415478110313415527e+00
-9.019783735275268555e-01
-1.181942075490951538e-01
4.839060083031654358e-02
1.093051552772521973e+00
1.133209824562072754e+00
8.134032487869262695e-01
-6.484232544898986816e-01
8.499410748481750488e-01
-6.080635786056518555e-01
-1.692111611366271973e+00
-7.046917676925659180e-01
-4.336225390434265137e-01
1.819019615650177002e-01
-3.198511302471160889e-01
-1.165498733520507812e+00
3.312475979328155518e-01
-3.863135874271392822e-01
8.953269124031066895e-01
-2.000101327896118164e+00
7.207135856151580811e-02
-1.419696927070617676e+00
3.767092227935791016e-01
-1.828429222106933594e+00
-1.753152012825012207e+00
1.245763421058654785e+00
3.001678586006164551e-01
1.150959134101867676e+00
9.746577739715576172e-01
-2.351768732070922852e+00
1.056233048439025879e+00
-5.885538458824157715e-01
-1.436009556055068970e-01
-5.136022567749023438e-01
2.266491055488586426e-01
2.438877820968627930e+00
-3.693877160549163818e-02
-2.173523664474487305e+00
1.851559996604919434e+00
6.138640642166137695e-01
1.039226770401000977e+00
-9.079849347472190857e-03
-7.905035018920898438e-01
-8.811874389648437500e-01
3.626498878002166748e-01
-1.615518569946289062e+00
8.642396926879882812e-01
9.400708079338073730e-01
2.454555593430995941e-02
-3.639910519123077393e-01
6.419897675514221191e-01
-1.285184979438781738e+00
-3.238389194011688232e-01
2.830567657947540283e-01
-5.150229930877685547e-01
-1.851062297821044922e+00
-1.419678479433059692e-01
-1.165368705987930298e-01
3.382138609886169434e-01
1.457479596138000488e+00
8.875976800918579102e-01
9.762476682662963867e-01
-3.949381411075592041e-01
-7.833030819892883301e-01
-2.397893369197845459e-02
-5.389468073844909668e-01
-1.890756011009216309e+00
8.726307153701782227e-01
2.872697710990905762e-01
-3.462746143341064453e-01
3.940896391868591309e-01
3.765508830547332764e-01
-7.506785392761230469e-01
-6.975188255310058594e-01
-9.778189659118652344e-01
7.672585248947143555e-01
-1.077757716178894043e+00
9.426963329315185547e-01
-7.313219308853149414e-01
-9.534470438957214355e-01
-4.187621176242828369e-01
-4.536526650190353394e-02
-2.320761919021606445e+00
-7.113417387008666992e-01
7.816065549850463867e-01
1.074568629264831543e+00
1.463767886161804199e+00
-6.016245484352111816e-01
-2.418014764785766602e+00
8.228689432144165039e-01
-3.302094638347625732e-01
1.017399191856384277e+00
-2.007852345705032349e-01
-3.642628192901611328e-01
2.142373919486999512e-01
-1.324543118476867676e+00
-1.366949528455734253e-01
7.562003731727600098e-01
-1.151927232742309570e+00
1.350806653499603271e-01
-1.346955299377441406e-01
7.684239745140075684e-01
-7.376618385314941406e-01
-1.911478400230407715e+00
-8.361554741859436035e-01
-3.122935295104980469e-01
-4.596528783440589905e-02
2.061852216720581055e-01
-1.433591961860656738e+00
8.883150815963745117e-01
1.477022528648376465e+00
-1.901986598968505859e-01
1.223255515098571777e+00
-2.418341934680938721e-01
1.531371116638183594e+00
-5.645861029624938965e-01
1.841703653335571289e-01
-6.786039471626281738e-01
1.313259959220886230e+00
-1.452210545539855957e+00
-7.973296642303466797e-01
-2.900907397270202637e-01
5.518046021461486816e-01
-5.476021170616149902e-01
6.567524373531341553e-02
-5.385799407958984375e-01
1.555964231491088867e+00
-8.243935704231262207e-01
-1.074837684631347656e+00
-6.046727895736694336e-01
-5.318172574043273926e-01
-2.822844386100769043e-01
2.361208200454711914e-01
1.987074613571166992e-01
8.184663951396942139e-02
-1.799863874912261963e-01
8.716635704040527344e-01
-2.708601713180541992e+00
-2.755255937576293945e+00
2.961621284484863281e-01
9.322001934051513672e-01
-2.846393585205078125e+00
-4.373171329498291016e-01
1.808000445365905762e+00
-5.834659337997436523e-01
-6.503817439079284668e-02
-8.037907481193542480e-01
-8.467947244644165039e-01
-5.135105252265930176e-01
-9.900577664375305176e-01
-9.256532788276672363e-01
-2.165715694427490234e-01
8.454205393791198730e-01
-3.213178217411041260e-01
5.457457304000854492e-01
-8.153803348541259766e-01
8.384128808975219727e-01
1.318520605564117432e-01
-8.858004212379455566e-02
-5.329790711402893066e-01
-1.900067448616027832e+00
7.468953132629394531e-01
1.443468570709228516e+00
-6.741263270378112793e-01
1.105854392051696777e+00
1.035293698310852051e+00
4.591893255710601807e-01
-8.244614005088806152e-01
-1.060579299926757812e+00
-9.461089968681335449e-02
1.050323486328125000e+00
-2.304431915283203125e+00
1.054419875144958496e+00
2.674899399280548096e-01
-1.171412348747253418e+00
-1.355781912803649902e+00
-5.657306313514709473e-01
5.475239753723144531e-01
6.793185472488403320e-01
-5.462399125099182129e-01
-3.363009393215179443e-01
1.140905499458312988e+00
-5.244250893592834473e-01
1.681079715490341187e-01
9.253409504890441895e-01
-1.329686045646667480e+00
4.994530975818634033e-02
-7.597122192382812500e-01
-9.061127305030822754e-01
-1.591542005538940430e+00
1.279076039791107178e-01
3.232998251914978027e-01
-7.824560999870300293e-01
-1.706440567970275879e+00
8.095780014991760254e-01
1.579394698143005371e+00
4.849956929683685303e-01
-9.085916280746459961e-01
-9.098918437957763672e-01
-2.241371870040893555e-01
7.361532449722290039e-01
-1.763724833726882935e-01
2.600190639495849609e-01
-4.019731581211090088e-01
3.047001361846923828e-02
8.160310983657836914e-01
2.762494981288909912e-01
3.223206698894500732e-01
-2.267146825790405273e+00
1.678368449211120605e+00
-7.271693348884582520e-01
4.964727461338043213e-01
1.046835541725158691e+00
2.474925816059112549e-01
9.281262755393981934e-01
2.969738282263278961e-02
-8.447757959365844727e-01
-4.873858094215393066e-01
1.466131091117858887e+00
8.136379122734069824e-01
-6.490967869758605957e-01
-7.269846796989440918e-01
-5.529900193214416504e-01
-7.560848593711853027e-01
9.928080439567565918e-01
-4.040302336215972900e-01
-1.842131912708282471e-01
-1.082217335700988770e+00
8.390379548072814941e-01
9.950050711631774902e-01
-3.335449993610382080e-01
-7.649227380752563477e-01
-4.730304777622222900e-01
2.248880624771118164e+00
2.680046260356903076e-01
-1.320142507553100586e+00
-7.140333652496337891e-01
-5.081050563603639603e-03
-9.384108781814575195e-01
-1.138324499130249023e+00
7.663865685462951660e-01
3.639187812805175781e-01
6.704142093658447266e-01
4.917151629924774170e-01
1.956906765699386597e-01
-9.940301775932312012e-01
-1.615130156278610229e-01
-2.909330725669860840e-01
-9.006218910217285156e-01
-8.293308019638061523e-01
4.103069007396697998e-01
-4.173651635646820068e-01
-3.671084344387054443e-01
-4.465837478637695312e-01
-4.649933278560638428e-01
3.225618302822113037e-01
1.402560591697692871e+00
6.423257589340209961e-01
4.163185060024261475e-01
-1.712473988533020020e+00
-3.227508366107940674e-01
1.154963523149490356e-01
4.572382569313049316e-01
1.441008567810058594e+00
2.007637768983840942e-01
6.618546247482299805e-01
1.602014526724815369e-02
-4.316298961639404297e-01
-5.144435167312622070e-01
-1.091932654380798340e+00
-1.686632037162780762e+00
-3.147943317890167236e-01
-2.616394162178039551e-01
9.486943483352661133e-01
5.282990932464599609e-01
2.300755023956298828e+00
-1.127462625503540039e+00
2.226636558771133423e-01
8.605458736419677734e-01
8.932955861091613770e-01
-1.010833501815795898e+00
-2.894725799560546875e-01
-2.386056184768676758e-01
-1.358635663986206055e+00
-8.914462924003601074e-01
-2.271691858768463135e-01
-6.618704199790954590e-01
7.047267165035009384e-03
1.397470831871032715e+00
-6.600055694580078125e-01
-1.347751140594482422e+00
2.355601638555526733e-01
3.424998000264167786e-02
3.713257312774658203e-01
7.167788743972778320e-01
7.432050108909606934e-01
-4.410854876041412354e-01
-1.433644533157348633e+00
-8.896912932395935059e-01
5.019917488098144531e-01
-2.580865919589996338e-01
-8.841011524200439453e-01
-4.678651690483093262e-02
1.095108747482299805e+00
-1.664133787155151367e+00
4.808122515678405762e-01
-7.996339201927185059e-01
9.270083308219909668e-01
7.344522476196289062e-01
1.652755379676818848e+00
6.274699568748474121e-01
2.460049688816070557e-01
-1.295886874198913574e+00
-6.914564967155456543e-01
-2.816039919853210449e-01
8.140493035316467285e-01
-5.524775385856628418e-01
2.388183325529098511e-01
-4.163998663425445557e-01
-6.333538889884948730e-01
7.838832736015319824e-01
7.728470563888549805e-01
-8.560066223144531250e-01
1.097715854644775391e+00
-1.738023459911346436e-01
7.193866372108459473e-01
6.789863705635070801e-01
-5.969334840774536133e-01
1.366351246833801270e+00
-6.394873261451721191e-01
-5.377683043479919434e-01
-1.433195114135742188e+00
-2.343586534261703491e-01
1.018222451210021973e+00
5.382307767868041992e-01
1.680910110473632812e+00
-8.845022916793823242e-01
6.544749140739440918e-01
5.493206977844238281e-01
2.929728925228118896e-01
6.384752392768859863e-01
-1.462527036666870117e+00
-2.017032384872436523e+00
4.633168131113052368e-02
-9.853227734565734863e-01
-1.072528004646301270e+00
-7.884815335273742676e-02
-1.667904853820800781e+00
2.658042013645172119e-01
2.406017482280731201e-01
3.719610273838043213e-01
8.979983925819396973e-01
-5.538439154624938965e-01
-1.659230440855026245e-01
-1.810644030570983887e+00
5.450442433357238770e-01
-8.783463239669799805e-01
5.332617759704589844e-01
6.760425567626953125e-01
6.454340815544128418e-01
-1.871301680803298950e-01
-4.127951264381408691e-01
-5.111110210418701172e-01
-7.373418807983398438e-01
-4.102340340614318848e-01
-1.213450670242309570e+00
1.948756426572799683e-01
-1.881978660821914673e-01
6.488990038633346558e-02
-3.157278895378112793e-01
-1.238192081451416016e+00
-1.095482587814331055e+00
4.971567094326019287e-01
3.705468475818634033e-01
-8.344895243644714355e-01
7.501912713050842285e-01
-1.492366790771484375e+00
2.312258958816528320e+00
-1.829841732978820801e+00
4.621630907058715820e-02
1.380157113075256348e+00
6.816114783287048340e-01
1.090024597942829132e-02
1.037554502487182617e+00
3.179910480976104736e-01
7.854943275451660156e-01
2.167611271142959595e-01
-6.113076806068420410e-01
8.136830925941467285e-01
4.085797369480133057e-01
1.226042747497558594e+00
1.353920251131057739e-01
-7.780283093452453613e-01
-1.970772296190261841e-01
-4.311225414276123047e-01
-3.374017775058746338e-01
-1.437476515769958496e+00
-1.136858686804771423e-01
-4.077990651130676270e-01
3.995286300778388977e-02
1.127568960189819336e+00
1.227677464485168457e+00
-7.947500348091125488e-01
4.294816255569458008e-01
-7.060862183570861816e-01
-1.481939405202865601e-01
-1.512317638844251633e-02
-6.515882611274719238e-01
1.333778142929077148e+00
1.011861324310302734e+00
1.862636767327785492e-02
7.440813183784484863e-01
5.679247379302978516e-01
1.857870817184448242e+00
3.097413063049316406e+00
-4.893804192543029785e-01
4.716767743229866028e-02
1.169536828994750977e+00
2.007555216550827026e-01
7.028722902759909630e-04
-3.135227262973785400e-01
-3.085029125213623047e-01
-4.846221506595611572e-01
-6.695010662078857422e-01
8.595137856900691986e-03
9.102073907852172852e-01
-4.323357343673706055e-01
1.559547334909439087e-01
-2.735034376382827759e-02
-1.219707012176513672e+00
9.443448781967163086e-01
5.706351399421691895e-01
6.517811864614486694e-02
8.572525382041931152e-01
-1.866144418716430664e+00
4.037314355373382568e-01
-1.966350078582763672e-01
-2.794486582279205322e-01
-3.079834859818220139e-04
1.330914720892906189e-02
-1.184058338403701782e-01
3.662547469139099121e-02
-9.996894001960754395e-01
9.834595918655395508e-01
-3.835023567080497742e-02
1.661451607942581177e-01
5.460939407348632812e-01
-1.458855718374252319e-01
-4.508625864982604980e-01
-5.058745145797729492e-01
-1.526448369026184082e+00
-5.458889603614807129e-01
-1.073177337646484375e+00
-1.481390714645385742e+00
9.328492879867553711e-01
2.502629756927490234e+00
-5.220628380775451660e-01
-8.488038778305053711e-01
4.355860650539398193e-01
-1.077977895736694336e+00
-4.945192039012908936e-01
-6.023360490798950195e-01
3.143767416477203369e-01
1.972688794136047363e+00
1.043929576873779297e+00
-1.425886303186416626e-01
5.260607004165649414e-01
4.818898439407348633e-01
7.318463325500488281e-01
9.836233854293823242e-01
-1.213612318038940430e+00
-1.486220359802246094e+00
2.772550880908966064e-01
2.276041209697723389e-01
-5.332754850387573242e-01
2.796207666397094727e-01
-7.046610713005065918e-01
-9.560596346855163574e-01
1.304069161415100098e+00
-5.500037223100662231e-02
8.005647063255310059e-01
2.229313254356384277e-01
-2.252181053161621094e+00
-3.914092183113098145e-01
-1.078637480735778809e+00
3.676651120185852051e-01
7.376250028610229492e-01
3.294243812561035156e-01
7.963274717330932617e-01
-3.522146642208099365e-01
1.010915756225585938e+00
-6.359193921089172363e-01
-2.024581432342529297e-01
-1.817756772041320801e+00
1.408606767654418945e+00
3.167998492717742920e-01
5.499268770217895508e-01
-1.109525263309478760e-01
9.538697078824043274e-03
1.484962105751037598e+00
6.514977812767028809e-01
1.238173693418502808e-01
-1.425125837326049805e+00
-9.229277968406677246e-01
1.051308751106262207e+00
-3.309753239154815674e-01
-4.748246073722839355e-01
-2.224340677261352539e+00
-1.102932468056678772e-01
-1.806359410285949707e+00
6.018455624580383301e-01
4.896383732557296753e-02
1.380349040031433105e+00
2.094120830297470093e-01
1.021982908248901367e+00
-1.541827201843261719e+00
3.485839962959289551e-01
-1.046962857246398926e+00
7.750500440597534180e-01
-3.972350656986236572e-01
5.278298258781433105e-01
1.667229458689689636e-02
3.570319414138793945e-01
8.060456514358520508e-01
7.921952605247497559e-01
1.408270001411437988e+00
-7.752162218093872070e-01
-1.362187147140502930e+00
-1.078023672103881836e+00
3.584479689598083496e-01
-6.731693446636199951e-02
-1.632784754037857056e-01
-1.603096365928649902e+00
-2.801294624805450439e-01
-4.698104858398437500e-01
-1.099693655967712402e+00
-6.152589917182922363e-01
-2.478663176298141479e-01
-6.026526093482971191e-01
1.624099850654602051e+00
-2.199186325073242188e+00
3.447973728179931641e-02
-6.697181612253189087e-03
-6.373926401138305664e-01
5.497136712074279785e-01
6.266008019447326660e-01
5.686200857162475586e-01
1.345203220844268799e-01
4.706129431724548340e-01
6.884582042694091797e-01
4.787344932556152344e-01
-1.818083405494689941e+00
9.387607686221599579e-03
-6.644877791404724121e-01
-6.896070837974548340e-01
1.380046606063842773e+00
1.569187879562377930e+00
8.067540526390075684e-01
2.993458695709705353e-02
-1.599982529878616333e-01
2.070090472698211670e-01
1.561927437782287598e+00
1.213908940553665161e-01
-7.307711839675903320e-01
-1.627990245819091797e+00
4.831411838531494141e-01
1.031108140945434570e+00
6.024969220161437988e-01
-1.858137100934982300e-01
-6.742910146713256836e-01
6.882216781377792358e-02
-6.552886962890625000e-01
2.496951818466186523e-01
-6.240565702319145203e-02
2.640031814575195312e+00
1.054841354489326477e-01
5.128296017646789551e-01
3.880202770233154297e-01
2.091618627309799194e-01
4.734942018985748291e-01
-1.606354713439941406e+00
1.527094960212707520e+00
-9.580935239791870117e-01
1.060705423355102539e+00
6.653050780296325684e-01
-9.841634631156921387e-01
-3.385005891323089600e-01
