-1.296817809343338013e-01
-1.352056026458740234e+00
-7.166216373443603516e-01
-1.502803683280944824e+00
4.072858691215515137e-01
6.782249212265014648e-01
2.418490648269653320e-01
-2.861746847629547119e-01
-9.728832244873046875e-01
-4.995321631431579590e-01
7.073847651481628418e-01
1.710454821586608887e+00
-4.826271831989288330e-01
-9.290335774421691895e-01
-1.996069587767124176e-02
6.250888705253601074e-01
-2.077916711568832397e-01
7.268760800361633301e-01
-4.780220687389373779e-01
-9.933817386627197266e-01
9.658524990081787109e-01
9.060316085815429688e-01
7.102996706962585449e-01
-5.061869621276855469e-01
-4.768550395965576172e-01
8.373354673385620117e-01
5.421828627586364746e-01
-5.105107426643371582e-01
5.801020860671997070e-01
-7.538885474205017090e-01
-6.669401377439498901e-02
-7.019531726837158203e-02
-5.992984175682067871e-01
-8.327104449272155762e-01
4.260229766368865967e-01
-7.637030631303787231e-02
7.183406352996826172e-01
1.323192596435546875e+00
-4.793131649494171143e-01
9.098654389381408691e-01
5.547040700912475586e-01
-9.017066955566406250e-01
2.280700653791427612e-01
-1.124010324478149414e+00
7.226422429084777832e-01
9.341915249824523926e-01
2.142233371734619141e+00
1.779026538133621216e-01
5.360225439071655273e-01
-6.139997020363807678e-02
-3.190484046936035156e-01
-3.329479992389678955e-01
3.357563018798828125e-01
3.434072136878967285e-01
-7.271857466548681259e-03
7.381227612495422363e-01
8.498990535736083984e-01
-2.524358034133911133e-01
4.508809149265289307e-01
-7.651658654212951660e-01
-7.604631781578063965e-01
8.732649087905883789e-01
3.652528673410415649e-02
-2.953157722949981689e-01
1.171770215034484863e+00
-1.168046355247497559e+00
-6.326173543930053711e-01
-7.580903172492980957e-02
-6.155155301094055176e-01
1.046775728464126587e-01
1.473539173603057861e-01
-8.679622411727905273e-02
1.330007076263427734e+00
1.619374513626098633e+00
-1.203157678246498108e-01
-1.994003653526306152e-01
6.377280950546264648e-01
-4.909261465072631836e-01
-2.215532511472702026e-01
3.710566461086273193e-01
-4.309419393539428711e-01
6.004162430763244629e-01
-6.715076565742492676e-01
-1.236519888043403625e-01
-4.411104917526245117e-01
-6.667246222496032715e-01
-1.092462912201881409e-01
8.774915337562561035e-01
-3.859232366085052490e-01
3.638284504413604736e-01
-6.511181592941284180e-02
-3.290776610374450684e-01
7.394438982009887695e-02
-2.016509532928466797e+00
5.446863174438476562e-01
-4.454506635665893555e-01
3.273516595363616943e-01
-3.344599604606628418e-01
-3.987016677856445312e-01
1.168005824089050293e+00
1.728480696678161621e+00
-1.327931135892868042e-01
3.594802320003509521e-01
-7.791743427515029907e-02
6.109658479690551758e-01
-7.021043300628662109e-01
8.380444645881652832e-01
-5.376303791999816895e-01
-8.231047391891479492e-01
8.335065245628356934e-01
-3.349567949771881104e-01
-2.908521175384521484e+00
1.128191053867340088e-01
-2.002957344055175781e+00
5.399606227874755859e-01
8.156684637069702148e-01
-1.646048784255981445e+00
-5.844677090644836426e-01
7.110812664031982422e-01
-1.536959290504455566e+00
-1.001278981566429138e-01
1.135722279548645020e+00
-3.947626650333404541e-01
-1.945423603057861328e+00
-8.186554312705993652e-01
6.066869497299194336e-01
-5.056039690971374512e-01
7.243393659591674805e-01
-1.193538188934326172e+00
-3.971325159072875977e-01
-1.484005212783813477e+00
1.723117381334304810e-01
1.517288088798522949e+00
9.746941924095153809e-01
-5.995144248008728027e-01
-9.296357631683349609e-02
1.027251958847045898e+00
9.130120873451232910e-01
-1.084593296051025391e+00
1.964103579521179199e+00
-2.763020694255828857e-01
-9.020134806632995605e-01
-1.391012549400329590e+00
1.057368993759155273e+00
-5.060942769050598145e-01
-2.081435173749923706e-01
-3.213516771793365479e-01
-4.187448918819427490e-01
2.209066867828369141e+00
6.882050037384033203e-01
4.866258203983306885e-01
-8.648141026496887207e-01
3.991829752922058105e-01
6.955093741416931152e-01
-1.062886357307434082e+00
1.157954931259155273e+00
-2.454262413084506989e-02
-3.440718352794647217e-01
-1.039562344551086426e+00
6.924375295639038086e-01
-7.786127328872680664e-01
-2.810986638069152832e-01
-2.913351058959960938e-01
-6.949146389961242676e-01
2.410851001739501953e+00
-2.929092943668365479e-01
-1.067395329475402832e+00
-4.641692638397216797e-01
-1.396088480949401855e+00
5.071874856948852539e-01
1.668845564126968384e-01
4.902134835720062256e-01
-7.711448073387145996e-01
7.329341769218444824e-02
1.321428269147872925e-01
-6.779502034187316895e-01
1.041997790336608887e+00
9.306859970092773438e-01
5.203865841031074524e-02
-4.366607367992401123e-01
1.349594742059707642e-01
8.769762516021728516e-01
-1.398400068283081055e-01
-7.601631283760070801e-01
-3.505835235118865967e-01
7.493824958801269531e-01
1.339276194572448730e+00
-3.067008972167968750e+00
8.444282412528991699e-01
-2.510362267494201660e-01
-2.720418274402618408e-01
-9.315305203199386597e-02
2.331484556198120117e-01
1.170218586921691895e+00
1.352683901786804199e+00
1.657680422067642212e-01
-2.557918429374694824e-01
1.558190941810607910e+00
6.032475456595420837e-02
-7.457618117332458496e-01
-7.162333726882934570e-01
6.967946887016296387e-02
-2.649215050041675568e-03
4.957842826843261719e-01
-4.310658872127532959e-01
4.475315511226654053e-01
-4.468797743320465088e-01
7.290936261415481567e-02
-5.610150694847106934e-01
6.632000803947448730e-01
1.184899687767028809e+00
-3.150400221347808838e-01
-7.000859975814819336e-01
-2.369386702775955200e-01
8.402221798896789551e-01
-6.752826571464538574e-01
1.981373310089111328e+00
-6.061849649995565414e-03
-1.249638319015502930e+00
-1.238588690757751465e-01
1.000109434127807617e+00
1.790552854537963867e+00
-3.594543933868408203e-01
-6.774463653564453125e-01
5.136330723762512207e-01
-2.917484343051910400e-01
-8.815402984619140625e-01
9.507709741592407227e-01
-2.795902490615844727e-01
-8.920713067054748535e-01
-3.815178200602531433e-02
8.021134734153747559e-01
-1.063719034194946289e+00
-1.023478582501411438e-01
7.211818099021911621e-01
-4.741160944104194641e-02
-9.745540022850036621e-01
-5.963398814201354980e-01
-8.354105353355407715e-01
-8.965588212013244629e-01
2.532084703445434570e+00
-8.660906553268432617e-01
-5.757170319557189941e-01
-3.052287101745605469e-01
1.114141821861267090e+00
8.315844535827636719e-01
-6.289988160133361816e-01
-6.285975575447082520e-01
1.145480394363403320e+00
-1.884904950857162476e-01
6.581119298934936523e-01
1.065037727355957031e+00
-1.153642892837524414e+00
1.885014325380325317e-01
6.198332309722900391e-01
2.655792236328125000e-01
-9.200801849365234375e-01
3.372056037187576294e-02
-2.615746110677719116e-02
9.681578725576400757e-03
7.484896183013916016e-01
-6.890493631362915039e-02
3.755376935005187988e-01
-4.540653899312019348e-02
-1.144043207168579102e+00
1.037501454353332520e+00
1.075597763061523438e+00
1.401260972023010254e+00
1.135049581527709961e+00
2.972326278686523438e-01
2.687835991382598877e-01
-8.083625696599483490e-03
1.111405491828918457e+00
2.899312674999237061e-01
-1.015304684638977051e+00
2.642555236816406250e-01
-1.770446300506591797e+00
1.747760921716690063e-02
-3.610599040985107422e-02
-1.339833855628967285e+00
-1.877070188522338867e+00
-5.834076404571533203e-01
-2.647032737731933594e-01
-8.822016119956970215e-01
7.261322438716888428e-02
4.059202671051025391e-01
6.275773048400878906e-01
-2.537778615951538086e-01
8.501098752021789551e-01
-1.197265028953552246e+00
-1.542092710733413696e-01
3.958262503147125244e-01
1.310184121131896973e+00
7.216573953628540039e-01
8.012024760246276855e-01
1.746970176696777344e+00
7.072369456291198730e-01
-1.077872663736343384e-01
4.949158132076263428e-01
-3.288740217685699463e-01
-2.430145293474197388e-01
1.662360310554504395e+00
2.537702396512031555e-02
5.589898824691772461e-01
-2.050416022539138794e-01
8.514350652694702148e-02
-3.303079307079315186e-01
4.337207674980163574e-01
5.313552618026733398e-01
-2.506942033767700195e+00
2.585338950157165527e-01
-3.062559068202972412e-01
-5.773563385009765625e-01
2.215170413255691528e-01
2.204016208648681641e+00
1.433439135551452637e+00
-1.128825694322586060e-01
-7.088605165481567383e-01
-6.482639312744140625e-01
-1.440071105957031250e+00
1.352560997009277344e+00
6.761716604232788086e-01
1.212290227413177490e-01
4.433050751686096191e-01
-1.139107495546340942e-01
-1.147088527679443359e+00
9.368912875652313232e-02
5.010060667991638184e-01
8.235594630241394043e-01
-1.621235311031341553e-01
-4.408051073551177979e-01
1.887589693069458008e-01
7.668715119361877441e-01
4.618113934993743896e-01
-4.560004770755767822e-01
1.180357456207275391e+00
2.659948170185089111e-01
3.255446851253509521e-01
9.708674550056457520e-01
-5.996246933937072754e-01
2.649581134319305420e-01
-1.740402340888977051e+00
6.093829274177551270e-01
-7.823840379714965820e-01
-1.579074025154113770e+00
-1.121648550033569336e+00
1.511360287666320801e+00
4.792161285877227783e-02
-1.332595705986022949e+00
-5.551207065582275391e-01
1.995075494050979614e-01
-1.491802628152072430e-03
-9.763065576553344727e-01
5.736166834831237793e-01
-2.514826655387878418e-01
2.005441933870315552e-01
3.440608978271484375e-01
6.555926203727722168e-01
-1.614178270101547241e-01
4.919550120830535889e-01
-7.613564133644104004e-01
6.117641925811767578e-01
7.163192033767700195e-01
3.297019302845001221e-01
-4.469566345214843750e-01
3.721288740634918213e-01
-4.106360971927642822e-01
3.013979494571685791e-01
-1.522144436836242676e+00
-3.325552046298980713e-01
-6.626798510551452637e-01
-1.823316097259521484e+00
3.308174908161163330e-01
2.733723223209381104e-01
1.209997683763504028e-01
8.875302076339721680e-01
1.743557929992675781e+00
-4.598867297172546387e-01
4.116785526275634766e-01
-4.087101817131042480e-01
1.072330713272094727e+00
1.174255013465881348e+00
-1.434899866580963135e-01
-5.558986067771911621e-01
-1.307097971439361572e-01
3.001438975334167480e-01
-3.972235918045043945e-01
-2.147674858570098877e-01
2.750031352043151855e-01
-1.010824441909790039e+00
1.605181694030761719e-01
1.429037302732467651e-01
-9.060820937156677246e-01
-1.315854340791702271e-01
6.297988891601562500e-01
-4.276676476001739502e-01
8.290515542030334473e-01
3.530057072639465332e-01
1.413814574480056763e-01
-3.953481093049049377e-02
1.876860857009887695e+00
4.717215597629547119e-01
2.225930690765380859e-01
-9.441999197006225586e-01
5.728339552879333496e-01
-5.330596566200256348e-01
3.234187066555023193e-01
-4.544599056243896484e-01
-5.846695899963378906e-01
1.527952432632446289e+00
-5.800468921661376953e-01
1.440319180488586426e+00
8.302919864654541016e-01
-7.266440391540527344e-01
1.975761651992797852e-01
-1.029600858688354492e+00
2.607802867889404297e+00
4.946502298116683960e-02
-3.345873355865478516e-01
-4.140056669712066650e-01
-2.400014083832502365e-03
6.825416684150695801e-01
8.718670606613159180e-01
6.705000400543212891e-01
-5.069493651390075684e-01
-5.781702995300292969e-01
9.675267338752746582e-02
-3.438835442066192627e-01
7.942860126495361328e-01
-2.282328903675079346e-01
-6.896321475505828857e-02
6.018338799476623535e-01
3.833036720752716064e-01
-2.271240055561065674e-01
-8.020874112844467163e-02
8.842300176620483398e-01
-4.339586198329925537e-01
8.134031295776367188e-02
2.017667591571807861e-01
-1.381598785519599915e-02
-6.192318797111511230e-01
-2.490254044532775879e-01
1.204805970191955566e+00
-9.207300543785095215e-01
2.322245121002197266e+00
-5.501088500022888184e-01
-3.666353821754455566e-01
-5.951670408248901367e-01
1.580420881509780884e-01
3.152700066566467285e-01
-1.830909371376037598e+00
-2.132957458496093750e+00
1.211685612797737122e-01
-1.273321270942687988e+00
-2.533050298690795898e+00
-1.144312739372253418e+00
3.465575277805328369e-01
4.078746140003204346e-01
1.599721312522888184e-01
-9.317348599433898926e-01
9.256272315979003906e-01
-2.987936139106750488e-01
1.790425062179565430e+00
2.503754198551177979e-01
-2.124822378158569336e+00
8.524900674819946289e-01
-2.920330166816711426e-01
-2.090836465358734131e-01
-7.341806888580322266e-01
1.419322937726974487e-02
-1.439321506768465042e-02
7.746896147727966309e-01
2.391994237899780273e+00
-5.467736721038818359e-01
-7.690602540969848633e-01
-2.741404771804809570e-01
-7.929891943931579590e-01
-1.746282875537872314e-01
2.293480485677719116e-01
-2.530682086944580078e-01
-6.915765404701232910e-01
-2.305635213851928711e+00
1.363144218921661377e-01
1.956653892993927002e-01
1.911197900772094727e+00
9.097424149513244629e-01
-6.888945698738098145e-01
-1.214481368660926819e-01
2.592655122280120850e-01
1.147889733314514160e+00
1.120938062667846680e+00
5.843291282653808594e-01
-1.219393968582153320e+00
-3.067758083343505859e-01
-8.877140879631042480e-01
9.313262104988098145e-01
3.519560694694519043e-01
-8.812443614006042480e-01
-5.845460891723632812e-01
-2.283099442720413208e-01
6.153190881013870239e-02
1.132781863212585449e+00
-2.323153614997863770e-01
6.701642870903015137e-01
9.105709195137023926e-01
4.227052927017211914e-01
-2.252244651317596436e-01
-1.938284337520599365e-01
1.168614745140075684e+00
-3.441279828548431396e-01
-1.335596919059753418e+00
4.114496707916259766e-01
-8.875469565391540527e-01
7.903752326965332031e-01
7.589100599288940430e-01
1.031773209571838379e+00
2.236040234565734863e-01
-2.130933851003646851e-01
-1.563705503940582275e-02
-1.347105652093887329e-01
-1.831657737493515015e-01
1.108007550239562988e+00
4.261746108531951904e-01
-5.757100582122802734e-01
-1.330711245536804199e+00
-8.291870355606079102e-01
-9.844577312469482422e-01
4.622973799705505371e-01
-1.596562415361404419e-01
1.749999642372131348e+00
7.821632027626037598e-01
7.597115635871887207e-01
7.329603433609008789e-01
7.380542755126953125e-01
-1.138428449630737305e+00
-3.760159254074096680e+00
-1.064709067344665527e+00
-6.191786527633666992e-01
9.840257763862609863e-01
1.228428781032562256e-01
1.138555854558944702e-01
-2.603558897972106934e-01
-2.313818931579589844e-01
5.513586848974227905e-02
-6.998878121376037598e-01
2.942785918712615967e-01
-3.520475924015045166e-01
2.191241025924682617e+00
8.966368436813354492e-01
1.392194509506225586e+00
4.706545546650886536e-02
-8.965129256248474121e-01
9.714766591787338257e-02
8.673070073127746582e-01
-7.122185826301574707e-01
5.052817612886428833e-02
1.081190824508666992e+00
6.201214194297790527e-01
-1.386416405439376831e-01
6.132161244750022888e-03
-5.529589056968688965e-01
-3.024140596389770508e-01
-1.222863674163818359e+00
3.713055551052093506e-01
7.922221422195434570e-01
-1.521290063858032227e+00
-3.084992170333862305e-01
-9.249592423439025879e-01
-2.062460482120513916e-01
3.087696433067321777e-01
6.418484263122081757e-03
1.446662425994873047e+00
-1.747525691986083984e+00
1.343667209148406982e-01
-3.936404585838317871e-01
5.058361291885375977e-01
-5.901061296463012695e-01
-2.177307754755020142e-01
-9.000997543334960938e-01
-8.499768376350402832e-01
6.766854524612426758e-01
6.911922693252563477e-01
1.379931330680847168e+00
-4.741994291543960571e-02
-9.999312162399291992e-01
-2.915279865264892578e-01
-1.174606919288635254e+00
-1.374563574790954590e+00
7.457606196403503418e-01
-6.291531324386596680e-01
-1.071065664291381836e+00
-2.248045243322849274e-02
-8.742327690124511719e-01
-1.263314932584762573e-01
3.200023770332336426e-01
1.045418716967105865e-02
1.605817794799804688e+00
-1.133861303329467773e+00
2.342726469039916992e+00
-5.696946978569030762e-01
6.690508127212524414e-01
-2.571827173233032227e-01
-1.209621191024780273e+00
-3.955107927322387695e-01
-5.531774163246154785e-01
-6.904909014701843262e-01
2.500884830951690674e-01
4.557669460773468018e-01
3.788892924785614014e-01
-4.605733454227447510e-01
-9.004489779472351074e-01
-5.094916820526123047e-01
1.018034100532531738e+00
-4.211041629314422607e-01
2.017379254102706909e-01
-2.964174151420593262e-01
7.382020354270935059e-01
-4.339057207107543945e-01
-2.535364329814910889e-01
1.568138785660266876e-02
-3.769775032997131348e-01
1.003949761390686035e+00
4.355011880397796631e-01
8.655453920364379883e-01
-5.815002918243408203e-01
-8.645677566528320312e-01
-1.485312581062316895e-01
-8.584594130516052246e-01
5.676776766777038574e-01
-2.492271363735198975e-01
-2.344599246978759766e+00
-2.185558795928955078e+00
2.426444143056869507e-01
2.091318219900131226e-01
-3.719203174114227295e-01
8.525586873292922974e-02
6.010679602622985840e-01
2.053127586841583252e-01
-1.181707739830017090e+00
-1.591618955135345459e-01
-9.898067116737365723e-01
1.744211316108703613e-01
-1.550281196832656860e-01
-9.222359061241149902e-01
5.536797642707824707e-01
7.333203554153442383e-01
-4.610945582389831543e-01
-9.475175738334655762e-01
1.349726796150207520e+00
2.687480747699737549e-01
4.159862697124481201e-01
1.663326621055603027e+00
-1.064502373337745667e-01
4.761089086532592773e-01
-1.150064110755920410e+00
-8.351455330848693848e-01
8.299484252929687500e-01
3.849076032638549805e-01
1.989881135523319244e-02
9.307731986045837402e-01
1.707457184791564941e+00
-8.558778762817382812e-01
3.618206381797790527e-01
-1.202499151229858398e+00
-7.654182910919189453e-01
1.412791907787322998e-01
-4.362722933292388916e-01
1.400007128715515137e+00
-3.900826573371887207e-01
2.734933197498321533e-01
-2.239765644073486328e+00
4.217934310436248779e-01
-6.504697799682617188e-01
-6.054430827498435974e-02
3.232439160346984863e-01
-5.649307966232299805e-01
2.549156546592712402e-01
-1.266178607940673828e+00
3.490127250552177429e-02
-7.802249789237976074e-01
2.938266396522521973e-01
6.795266270637512207e-02
6.959325671195983887e-01
-1.493123173713684082e+00
1.330677121877670288e-01
5.401896238327026367e-01
6.181122269481420517e-03
4.538182541728019714e-02
-1.284594655036926270e+00
7.668031454086303711e-01
-1.402032256126403809e+00
-1.233121603727340698e-01
8.978173732757568359e-01
-9.587204456329345703e-02
-8.056049346923828125e-01
5.696483850479125977e-01
-5.379608273506164551e-01
1.251891374588012695e+00
-1.503773927688598633e+00
-2.005627006292343140e-01
-6.827816963195800781e-01
-1.219261050224304199e+00
-3.139464855194091797e-01
5.695351958274841309e-01
-4.713940247893333435e-02
3.890462219715118408e-01
-2.694355547428131104e-01
-6.868382692337036133e-01
-8.780644536018371582e-01
-1.779766678810119629e+00
-1.241568475961685181e-01
9.702506661415100098e-02
-2.447586655616760254e-01
2.035205662250518799e-01
-4.709272086620330811e-02
-1.036435812711715698e-01
2.494915872812271118e-01
-2.193008661270141602e-01
1.046275049448013306e-01
2.914647459983825684e-01
-3.197197243571281433e-02
-6.142457723617553711e-01
7.896307110786437988e-02
-1.624495744705200195e+00
4.325983524322509766e-01
-7.011884450912475586e-02
3.174886703491210938e-01
-4.876839518547058105e-01
-2.281101942062377930e-01
-5.443473160266876221e-02
1.204849839210510254e+00
7.828633189201354980e-01
6.722612380981445312e-01
-5.345542449504137039e-03
-1.288553476333618164e+00
-8.146430253982543945e-01
1.443114995956420898e+00
-7.826144695281982422e-01
-1.738387048244476318e-01
-3.421717286109924316e-01
-5.176905393600463867e-01
-7.318522781133651733e-02
-3.863780200481414795e-02
-1.111668109893798828e+00
-1.125510573387145996e+00
-7.379847764968872070e-01
5.370458960533142090e-01
5.836455225944519043e-01
7.448396831750869751e-02
1.485003709793090820e+00
-1.540183722972869873e-01
-3.421795666217803955e-01
-5.007112622261047363e-01
4.781934022903442383e-01
-5.017320439219474792e-02
9.226174652576446533e-02
-1.451799750328063965e+00
1.946943625807762146e-02
1.882930397987365723e-01
1.389628835022449493e-02
3.283658921718597412e-01
-1.214414000511169434e+00
-3.906518220901489258e-01
8.498152717947959900e-03
5.828674510121345520e-02
2.104511857032775879e-01
-4.191205501556396484e-01
7.686284184455871582e-01
