-6.568031311035156250e-01
-7.753769755363464355e-01
-2.788308560848236084e-01
9.942123293876647949e-01
-1.011915802955627441e+00
1.620139718055725098e+00
-1.133867144584655762e+00
-9.009533524513244629e-01
-4.222302436828613281e-01
-1.622922271490097046e-01
-2.109253168106079102e+00
1.776279449462890625e+00
-1.344610154628753662e-01
4.074702858924865723e-01
-1.074998021125793457e+00
-2.444672025740146637e-02
6.339383721351623535e-01
1.564638018608093262e-01
4.971037507057189941e-01
1.247334718704223633e+00
1.774307638406753540e-01
1.375975251197814941e+00
4.139822125434875488e-01
7.813493013381958008e-01
2.629344463348388672e-01
1.241113424301147461e+00
-3.714016377925872803e-01
4.370768666267395020e-01
5.948058366775512695e-01
-7.371451258659362793e-01
-1.226818203926086426e+00
-3.456315696239471436e-01
-2.357350885868072510e-01
-1.893064379692077637e-02
1.339862346649169922e-01
7.842250466346740723e-01
1.097711324691772461e-01
1.277823209762573242e+00
3.452488481998443604e-01
-2.936252951622009277e-01
-1.292570084333419800e-01
-8.870324492454528809e-01
-5.267018675804138184e-01
-4.147377312183380127e-01
1.496093392372131348e+00
-5.419183969497680664e-01
1.887205094099044800e-01
-2.571959197521209717e-01
2.765109837055206299e-01
1.177290558815002441e+00
-9.094830602407455444e-02
6.198452711105346680e-01
8.530943989753723145e-01
1.071941778063774109e-01
1.709290504455566406e+00
-8.977836966514587402e-01
1.733336150646209717e-01
-2.625628709793090820e-01
5.783544182777404785e-01
5.119004845619201660e-01
6.436423659324645996e-01
3.899568915367126465e-01
8.839229345321655273e-01
-4.357791543006896973e-01
-1.104386806488037109e+00
1.985378265380859375e+00
8.301953077316284180e-01
-2.720920741558074951e-01
4.932659864425659180e-01
9.954712986946105957e-01
8.575145900249481201e-02
-6.846118569374084473e-01
9.069429039955139160e-01
3.408008813858032227e-01
1.078498721122741699e+00
6.744896769523620605e-01
-1.066035032272338867e+00
-5.502173900604248047e-01
2.039788067340850830e-01
8.716309070587158203e-01
4.745099693536758423e-02
-1.268128514289855957e+00
-2.318860441446304321e-01
1.302466392517089844e-01
3.419136404991149902e-01
1.114380545914173126e-02
-3.517087176442146301e-02
-4.550372958183288574e-01
-1.035651683807373047e+00
1.050785899162292480e+00
5.598846673965454102e-01
-7.206054925918579102e-01
7.259410619735717773e-01
-8.404224514961242676e-01
6.919521689414978027e-01
4.231142103672027588e-01
2.436933517456054688e-01
5.051383972167968750e-01
5.780414342880249023e-01
-8.122714757919311523e-01
-2.268540710210800171e-01
9.268594980239868164e-01
6.575015783309936523e-01
1.226454973220825195e+00
-1.677920699119567871e+00
4.137129485607147217e-01
3.507582843303680420e-01
4.048351049423217773e-01
-3.184918165206909180e-01
-9.718098640441894531e-01
2.799859941005706787e-01
-1.136659264564514160e+00
-4.239597320556640625e-01
-6.813493967056274414e-01
-1.192019224166870117e+00
1.017130613327026367e+00
-3.509747982025146484e-01
-4.485340714454650879e-01
4.574610292911529541e-02
-2.199669331312179565e-01
-1.028753399848937988e+00
-3.877736330032348633e-01
-7.964503765106201172e-01
-1.270076334476470947e-01
2.725673317909240723e-01
4.316424727439880371e-01
-8.879947066307067871e-01
1.553819894790649414e+00
-1.535188913345336914e+00
1.141529064625501633e-02
-6.699721813201904297e-01
-1.050149202346801758e+00
1.014582991600036621e+00
8.706563711166381836e-01
1.848267793655395508e+00
-2.231783047318458557e-02
8.993288874626159668e-01
6.958663463592529297e-01
-8.197600394487380981e-02
1.629574656486511230e+00
1.018702626228332520e+00
-5.245321989059448242e-01
-3.545880317687988281e-01
6.570985317230224609e-01
-1.463512480258941650e-01
-8.830174207687377930e-01
6.160939931869506836e-01
-2.646924257278442383e-01
1.460123956203460693e-01
1.820233017206192017e-01
1.331132054328918457e-01
-5.134426951408386230e-01
4.175274074077606201e-01
-2.262286841869354248e-01
3.790540695190429688e-01
3.337556719779968262e-01
1.544874161481857300e-01
1.124264955520629883e+00
-1.966638267040252686e-01
1.572869569063186646e-01
-9.924775958061218262e-01
-1.582343578338623047e+00
-1.569133847951889038e-01
-5.658268928527832031e-01
-1.953179836273193359e-01
1.112666368484497070e+00
4.532842636108398438e-01
-1.210189223289489746e+00
-1.134100675582885742e+00
-2.549574613571166992e+00
1.504448354244232178e-01
-5.623832345008850098e-01
-9.207701683044433594e-01
-3.382798731327056885e-01
-4.620945751667022705e-01
-4.348052144050598145e-01
4.251232147216796875e-01
-7.170642167329788208e-02
2.427628934383392334e-01
-1.930930763483047485e-01
3.116433322429656982e-01
9.757808446884155273e-01
-8.455799221992492676e-01
-1.208598971366882324e+00
4.915150105953216553e-01
-5.132995545864105225e-02
1.591203451156616211e+00
-2.834495067596435547e+00
-1.302120089530944824e-02
1.475674152374267578e+00
-1.626403331756591797e+00
-6.661917567253112793e-01
1.733457446098327637e+00
1.097190022468566895e+00
-1.733512997627258301e+00
-4.965402483940124512e-01
-1.269177675247192383e+00
-1.994828820228576660e+00
3.417466878890991211e-01
4.145984053611755371e-01
-1.686929464340209961e+00
-1.247648596763610840e-01
-5.553754568099975586e-01
5.831859707832336426e-01
-1.731238245964050293e+00
-1.199193358421325684e+00
6.356860399246215820e-01
-8.868876099586486816e-01
1.078321099281311035e+00
-6.857050061225891113e-01
-1.052269116044044495e-01
5.247132778167724609e-01
-8.732222318649291992e-01
-4.788171034306287766e-03
7.372206449508666992e-01
-1.699452996253967285e+00
1.307880759239196777e+00
-2.976020574569702148e-01
-8.177104592323303223e-01
4.304254949092864990e-01
1.067916393280029297e+00
9.899991750717163086e-01
-2.201049327850341797e-01
2.701866440474987030e-02
-9.550139307975769043e-01
7.041354477405548096e-02
-1.482673525810241699e+00
1.293161273002624512e+00
5.214015841484069824e-01
-1.392266511917114258e+00
1.131486371159553528e-01
1.031489491462707520e+00
-5.314468145370483398e-01
-9.040115028619766235e-02
3.504275381565093994e-01
-8.439385890960693359e-01
-1.350857377052307129e+00
-1.597610861063003540e-01
1.179811120033264160e+00
-5.926437973976135254e-01
-4.852847158908843994e-01
6.611347943544387817e-02
-6.740607619285583496e-01
4.949909076094627380e-02
1.761802315711975098e+00
8.173451423645019531e-01
7.324396967887878418e-01
-6.496763825416564941e-01
8.582410812377929688e-01
2.793341577053070068e-01
-2.624955400824546814e-02
-3.338403999805450439e-01
-6.406664848327636719e-01
6.406531929969787598e-01
-1.688703000545501709e-01
6.053365468978881836e-01
-2.342316955327987671e-01
4.594595730304718018e-01
1.481670260429382324e+00
-6.800493597984313965e-01
-1.241504192352294922e+00
-1.419467329978942871e+00
1.296855926513671875e+00
-1.742376923561096191e+00
-6.314290761947631836e-01
6.897940635681152344e-01
2.189651727676391602e+00
5.422587990760803223e-01
1.256954312324523926e+00
-8.329389095306396484e-01
8.645449876785278320e-01
-7.890458703041076660e-01
-6.205302104353904724e-02
-1.675605922937393188e-01
5.596095696091651917e-02
-7.519853115081787109e-01
-3.132435083389282227e-01
3.702682852745056152e-01
-1.452477574348449707e+00
-6.981584429740905762e-01
-1.371474564075469971e-01
-4.899182021617889404e-01
-4.511952698230743408e-01
-1.186376452445983887e+00
-8.275954723358154297e-01
1.862801015377044678e-01
7.210838198661804199e-01
-7.361875176429748535e-01
-1.735505461692810059e-01
-6.182475686073303223e-01
7.761175632476806641e-01
3.994322717189788818e-01
9.855673909187316895e-01
-6.046282649040222168e-01
3.034773170948028564e-01
-3.905327245593070984e-02
1.084750533103942871e+00
-9.597129821777343750e-01
-1.078005552291870117e+00
1.128522396087646484e+00
-5.823858380317687988e-01
1.804282069206237793e+00
-1.000884294509887695e+00
-5.506661906838417053e-02
-1.087732434272766113e+00
-1.930113732814788818e-01
-5.126084014773368835e-02
1.501250743865966797e+00
-2.553325891494750977e-01
-1.137320518493652344e+00
-1.924667693674564362e-02
-6.294806599617004395e-01
-6.801818013191223145e-01
2.103095650672912598e-01
2.989315748214721680e+00
1.152398109436035156e+00
-1.262199282646179199e-01
-3.935700953006744385e-01
-4.810169637203216553e-01
-8.256102204322814941e-01
8.668424487113952637e-01
-7.392321228981018066e-01
-1.602764129638671875e+00
1.853546947240829468e-01
9.328810870647430420e-02
-9.204217195510864258e-01
1.125505089759826660e+00
-1.312335610389709473e+00
4.767754077911376953e-01
7.327442169189453125e-01
-1.070624232292175293e+00
3.949882388114929199e-01
2.724090218544006348e-02
2.003630876541137695e+00
9.600576758384704590e-01
-1.665204204618930817e-02
6.138401105999946594e-02
2.293212652206420898e+00
1.128059983253479004e+00
2.758341729640960693e-01
-3.379703685641288757e-02
-1.851026892662048340e+00
-3.727491497993469238e-01
-4.052474796772003174e-01
-1.862553320825099945e-02
1.466485261917114258e-01
1.323112249374389648e+00
2.326810210943222046e-01
-6.349539756774902344e-01
-2.816889584064483643e-01
6.290931701660156250e-01
1.356891512870788574e+00
-1.270174980163574219e+00
6.585943102836608887e-01
6.100649237632751465e-01
-1.148420497775077820e-01
2.508108019828796387e-01
-3.846079111099243164e-01
-6.683375835418701172e-01
5.261386632919311523e-01
-1.072516322135925293e+00
-3.655731081962585449e-01
8.448342680931091309e-01
1.328894793987274170e-01
-3.180504739284515381e-01
-3.106938898563385010e-01
-1.255864262580871582e+00
-1.436568737030029297e+00
-1.340800762176513672e+00
-4.929099380970001221e-01
-2.182245552539825439e-01
-2.002786248922348022e-01
-1.334431767463684082e+00
3.496222198009490967e-01
-1.553415656089782715e+00
-6.169858947396278381e-02
1.925715923309326172e+00
-3.093226253986358643e-01
-2.169652283191680908e-01
-1.081272125244140625e+00
7.258664369583129883e-01
2.555892765522003174e-01
-1.531165391206741333e-01
3.525463938713073730e-01
2.931232750415802002e-01
1.238021969795227051e+00
-1.192711573094129562e-02
-7.594984173774719238e-01
8.337222971022129059e-03
-2.382239818572998047e+00
8.607639670372009277e-01
1.025927904993295670e-02
6.636309623718261719e-02
-2.646291851997375488e-01
5.713972076773643494e-02
1.151077449321746826e-01
4.629182815551757812e-01
3.830721080303192139e-01
4.950386881828308105e-01
-8.991450071334838867e-02
1.180422544479370117e+00
8.268959075212478638e-02
3.520275652408599854e-01
-1.305822968482971191e+00
7.266045808792114258e-01
1.506525576114654541e-01
-3.349388539791107178e-01
-9.105959534645080566e-01
-2.188995122909545898e+00
-3.467090427875518799e-01
3.270124495029449463e-01
-1.105037212371826172e+00
1.323474287986755371e+00
-1.717710137367248535e+00
7.874594926834106445e-01
-5.329422354698181152e-01
2.461593151092529297e+00
-1.019087195396423340e+00
4.410848915576934814e-01
-2.507779598236083984e-01
-1.078601241111755371e+00
3.642123937606811523e-01
6.186913251876831055e-01
7.511258125305175781e-01
3.084018528461456299e-01
3.826080858707427979e-01
-1.806806921958923340e+00
-4.512404501438140869e-01
2.383352965116500854e-01
-1.957847774028778076e-01
-7.881552577018737793e-01
3.215957880020141602e-01
4.986448884010314941e-01
-3.217361569404602051e-01
-6.686599254608154297e-01
-3.333468735218048096e-01
-1.765353798866271973e+00
6.207877397537231445e-01
1.953931003808975220e-01
-3.388503789901733398e-01
-1.840353727340698242e+00
-1.802389770746231079e-01
6.415295600891113281e-01
-1.063738390803337097e-01
1.419738531112670898e+00
-7.322732210159301758e-01
1.510801792144775391e+00
-9.627090394496917725e-02
-4.697001576423645020e-01
1.555912792682647705e-01
-5.400037169456481934e-01
-1.005633950233459473e+00
7.377212643623352051e-01
5.807507634162902832e-01
-3.761462569236755371e-01
4.790217876434326172e-01
5.112767219543457031e-01
-5.982652902603149414e-01
4.894658923149108887e-01
-3.186461925506591797e-01
1.157417654991149902e+00
-1.101318374276161194e-01
9.921486377716064453e-01
1.583785116672515869e-01
-4.174108207225799561e-01
-3.571965694427490234e-01
-7.309833765029907227e-01
-1.742424070835113525e-01
1.335584998130798340e+00
4.899309277534484863e-01
-7.721177935600280762e-01
5.328007936477661133e-01
9.023696780204772949e-01
-1.542101621627807617e+00
2.892187237739562988e-01
3.933573663234710693e-01
-1.127900004386901855e+00
-1.964232325553894043e-01
-6.900305151939392090e-01
5.000991746783256531e-02
-8.253937959671020508e-01
-1.821851015090942383e+00
-2.038754969835281372e-01
-4.445216059684753418e-02
1.417399048805236816e+00
6.299563050270080566e-01
2.259621620178222656e-01
1.985828280448913574e-01
8.777144551277160645e-01
-7.549818754196166992e-01
2.259085327386856079e-01
-3.109242618083953857e-01
1.045797914266586304e-01
-5.347193479537963867e-01
-1.625722527503967285e+00
9.746929407119750977e-01
5.034087300300598145e-01
-4.340182244777679443e-02
5.175871849060058594e-01
-1.302355676889419556e-01
1.067297235131263733e-01
2.311070919036865234e+00
1.065680503845214844e+00
-4.500219225883483887e-01
5.833067297935485840e-01
-2.331070369109511375e-03
-6.394836306571960449e-01
3.279868960380554199e-01
1.160445570945739746e+00
-1.158702448010444641e-01
6.332206726074218750e-01
-9.490259736776351929e-02
6.293347477912902832e-02
2.074087858200073242e+00
-3.593780696392059326e-01
1.563113570213317871e+00
2.262453883886337280e-01
1.499237418174743652e-01
1.312744617462158203e+00
1.335698366165161133e-01
-1.638542115688323975e-01
-2.629294693470001221e-01
-6.776556968688964844e-01
3.910984843969345093e-02
-1.814041733741760254e+00
-1.312623500823974609e+00
-4.566374421119689941e-01
-7.321786880493164062e-01
-6.812131404876708984e-01
1.673208326101303101e-01
1.861745595932006836e+00
8.333287239074707031e-01
9.138432741165161133e-01
-3.279618918895721436e-02
-4.474727809429168701e-01
-2.792472839355468750e+00
-1.535955965518951416e-01
-1.531655490398406982e-01
1.064674735069274902e+00
1.120683670043945312e+00
-1.871100068092346191e-01
5.354387760162353516e-01
-1.297365069389343262e+00
-1.239825226366519928e-02
4.333479702472686768e-01
-1.174670219421386719e+00
-1.554884433746337891e+00
9.142475128173828125e-01
1.095488309860229492e+00
7.890898585319519043e-01
-6.343607902526855469e-01
-4.310997575521469116e-02
-1.696270585060119629e+00
-2.068065404891967773e-01
-4.934552609920501709e-01
-3.367563784122467041e-01
-5.205692350864410400e-02
-6.855178624391555786e-03
1.236581206321716309e-01
9.501696564257144928e-03
-1.131404563784599304e-01
-1.873048841953277588e-01
-2.090943157672882080e-01
-4.239307045936584473e-01
9.643235802650451660e-01
-8.186182975769042969e-01
-5.501012802124023438e-01
4.549271464347839355e-01
3.765056729316711426e-01
6.164620518684387207e-01
-3.892895579338073730e-01
2.240082025527954102e+00
-9.029537439346313477e-02
4.245789051055908203e-01
-1.945575475692749023e+00
-9.095532894134521484e-01
1.201431266963481903e-03
-1.854058504104614258e+00
-1.214104294776916504e+00
-2.953601479530334473e-01
1.514221787452697754e+00
-5.360344648361206055e-01
9.064740538597106934e-01
-2.552600800991058350e-01
-7.362480759620666504e-01
-1.234820246696472168e+00
-1.686944365501403809e+00
1.120204091072082520e+00
-4.010889232158660889e-01
-1.466114521026611328e+00
7.859046459197998047e-01
-1.723310053348541260e-01
-4.147114157676696777e-01
6.440461277961730957e-01
1.856680154800415039e+00
3.441481888294219971e-01
1.517077684402465820e+00
7.186792492866516113e-01
-3.084358572959899902e-01
4.729055166244506836e-01
4.660166800022125244e-01
-1.253612160682678223e+00
-3.824896514415740967e-01
-1.187735438346862793e+00
5.322428420186042786e-02
-4.098538756370544434e-01
1.267315268516540527e+00
-1.942260026931762695e+00
3.078286945819854736e-01
8.431087434291839600e-02
-7.223931550979614258e-01
6.249348521232604980e-01
-7.331392168998718262e-01
-9.204717278480529785e-01
-6.995727121829986572e-02
-2.557104825973510742e-01
4.259853065013885498e-01
-1.561863660812377930e+00
8.044812083244323730e-02
-1.073829084634780884e-02
2.403808981180191040e-01
8.190317749977111816e-01
-2.829358279705047607e-01
-3.785146474838256836e-01
3.964112401008605957e-01
3.110437653958797455e-02
1.155001878738403320e+00
4.578906893730163574e-01
-3.777102380990982056e-02
1.731549017131328583e-02
-1.255092024803161621e+00
-2.228456974029541016e+00
1.580672115087509155e-01
2.861848175525665283e-01
-2.910481020808219910e-02
2.892093360424041748e-01
9.775043725967407227e-01
-2.772264778614044189e-01
-5.710969567298889160e-01
-9.182310700416564941e-01
-7.878852486610412598e-01
4.136430919170379639e-01
-3.922724425792694092e-01
-7.730655670166015625e-01
-5.178273320198059082e-01
-4.050669968128204346e-01
2.144680023193359375e-01
-3.963833153247833252e-01
4.567996561527252197e-01
3.805444389581680298e-02
1.379584670066833496e-01
-2.301972657442092896e-01
-4.073001742362976074e-01
-2.731570601463317871e-01
-1.633362054824829102e+00
-6.508504748344421387e-01
1.087338924407958984e+00
4.780293107032775879e-01
2.368543595075607300e-01
6.170895099639892578e-01
4.317568242549896240e-01
1.538220886141061783e-02
7.879554033279418945e-01
-1.357344269752502441e+00
-4.649954736232757568e-01
-7.681332826614379883e-01
-8.407912850379943848e-01
-5.732570886611938477e-01
-6.778905987739562988e-01
1.617309808731079102e+00
-1.784298777580261230e+00
1.128105759620666504e+00
-6.909739971160888672e-01
8.187246322631835938e-02
-1.469300270080566406e+00
2.934046983718872070e-01
-2.289886623620986938e-01
-8.585118055343627930e-01
5.129289347678422928e-03
5.374066233634948730e-01
1.448008775711059570e+00
1.776795685291290283e-01
-1.243078470230102539e+00
-9.244567155838012695e-01
-2.526698827743530273e+00
7.443654537200927734e-01
-9.208915233612060547e-01
-6.376136541366577148e-01
-5.959560275077819824e-01
6.176767945289611816e-01
-1.208358407020568848e+00
-1.082370877265930176e+00
8.331714868545532227e-01
1.673515200614929199e+00
1.962275244295597076e-02
1.852956533432006836e+00
1.092963457107543945e+00
4.975216090679168701e-01
1.550855338573455811e-01
3.157339096069335938e-01
-4.489479660987854004e-01
-7.240061163902282715e-01
1.287074446678161621e+00
1.348969191312789917e-01
2.644763588905334473e-01
-9.060755372047424316e-01
4.192203283309936523e-01
2.813098020851612091e-02
-7.676187753677368164e-01
-1.349201679229736328e+00
1.091633439064025879e+00
-1.375232636928558350e-02
7.130942940711975098e-01
1.498960494995117188e+00
-9.676231145858764648e-01
-2.295439690351486206e-01
-7.616139650344848633e-01
-9.725421667098999023e-01
-8.549209833145141602e-01
-3.784779310226440430e-01
-2.859881520271301270e-01
-1.162833720445632935e-01
-7.161284089088439941e-01
5.925425291061401367e-01
7.241059839725494385e-02
-1.037226766347885132e-01
7.029311060905456543e-01
-5.665053129196166992e-01
1.207373619079589844e+00
6.844605207443237305e-01
7.398542761802673340e-02
7.578285932540893555e-01
-1.484089851379394531e+00
1.211449980735778809e+00
3.643253743648529053e-01
1.164867803454399109e-01
2.559877157211303711e+00
-1.561028957366943359e-01
1.961966753005981445e-01
6.558555960655212402e-01
1.831369251012802124e-01
6.752528995275497437e-02
2.062271833419799805e+00
-6.167892217636108398e-01
6.852582097053527832e-01
-2.435729950666427612e-01
-8.817452788352966309e-01
2.055894136428833008e-01
1.327027201652526855e+00
-2.580414712429046631e-01
-6.767656803131103516e-01
6.059478521347045898e-01
-2.622189521789550781e-01
-2.936197221279144287e-01
2.082695364952087402e-01
7.692130208015441895e-01
6.638981103897094727e-01
3.774982392787933350e-01
2.331821680068969727e+00
6.576564908027648926e-02
1.628137230873107910e+00
-1.299561858177185059e+00
-3.949161767959594727e-01
4.989840462803840637e-02
3.511959314346313477e-01
-2.539684437215328217e-02
-1.020660519599914551e+00
-9.903007000684738159e-02
