9.884504079818725586e-01
-1.208849191665649414e+00
-7.310161590576171875e-01
1.280002474784851074e+00
3.803220391273498535e-01
-1.891283988952636719e-01
-2.828611731529235840e-01
2.579447329044342041e-01
-2.305631190538406372e-01
-3.378224968910217285e-01
9.529245495796203613e-01
3.752578496932983398e-01
-1.786785006523132324e+00
2.110170125961303711e-01
5.774952769279479980e-01
-3.476144671440124512e-01
-6.138066053390502930e-01
-5.942621827125549316e-01
5.697185397148132324e-01
-6.087362766265869141e-01
7.614435162395238876e-03
8.253783583641052246e-01
8.451949954032897949e-01
-1.252715110778808594e+00
1.035827845335006714e-01
1.163274049758911133e+00
2.190857231616973877e-01
-1.103389859199523926e-01
2.257135212421417236e-01
-9.779898524284362793e-01
4.759926348924636841e-02
6.943084597587585449e-01
-6.590225100517272949e-01
-8.292981386184692383e-01
1.984707415103912354e-01
-1.140725970268249512e+00
-5.347560644149780273e-01
2.135401248931884766e+00
-1.256695270538330078e+00
1.361864924430847168e+00
-1.232743501663208008e+00
2.225907295942306519e-01
6.447371840476989746e-01
5.223378539085388184e-01
1.202125310897827148e+00
2.549055516719818115e-01
9.860587716102600098e-01
-3.966218233108520508e-01
1.310849785804748535e+00
1.062196135520935059e+00
1.875966340303421021e-01
-4.932043552398681641e-01
-9.680951833724975586e-01
-3.175226747989654541e-01
7.766428589820861816e-01
7.418665885925292969e-01
1.012610197067260742e+00
-1.378496766090393066e+00
7.750743031501770020e-01
-1.303961038589477539e+00
-8.657566905021667480e-01
-5.950232148170471191e-01
-8.271987438201904297e-01
-1.055490672588348389e-01
1.367045402526855469e+00
-1.522006392478942871e+00
-1.117477059364318848e+00
3.145836889743804932e-01
-5.676736235618591309e-01
9.048521518707275391e-01
5.953223705291748047e-01
2.517781257629394531e-01
1.502724170684814453e+00
2.016003847122192383e+00
3.526806458830833435e-02
6.966499984264373779e-02
-3.701131045818328857e-01
1.074206709861755371e+00
-7.664518952369689941e-01
2.621403336524963379e-01
1.500860214233398438e+00
5.570405125617980957e-01
1.295989394187927246e+00
6.701503992080688477e-01
-1.686223894357681274e-01
-4.695327877998352051e-01
1.110396161675453186e-01
-3.612491190433502197e-01
-9.992947429418563843e-02
8.610894083976745605e-01
-5.495034456253051758e-01
7.745984792709350586e-01
4.075351059436798096e-01
3.465501219034194946e-02
-3.084573447704315186e-01
8.064264059066772461e-01
-3.332612812519073486e-01
4.154942035675048828e-01
-2.128089666366577148e+00
7.583441734313964844e-01
1.758043050765991211e+00
8.288971185684204102e-01
-1.337337970733642578e+00
3.880755305290222168e-01
-5.596165657043457031e-01
-4.205347001552581787e-01
1.756610870361328125e+00
-5.944107174873352051e-01
-4.323116838932037354e-01
-9.450870156288146973e-01
2.409033536911010742e+00
-1.931260347366333008e+00
1.296780228614807129e+00
-5.476368069648742676e-01
-4.100326895713806152e-01
-3.377934396266937256e-01
-5.228677988052368164e-01
-8.056685328483581543e-01
7.164839506149291992e-01
-1.255352258682250977e+00
1.429924517869949341e-01
1.029862403869628906e+00
6.619471907615661621e-01
-3.003013730049133301e-01
4.082597196102142334e-01
3.542574644088745117e-01
-2.904164195060729980e-01
1.086105465888977051e+00
-4.444984197616577148e-01
1.306137561798095703e+00
-4.912047088146209717e-02
1.738486766815185547e+00
7.916780114173889160e-01
5.028263330459594727e-01
-1.775839090347290039e+00
-2.419376969337463379e-01
-7.585292309522628784e-02
-5.184403061866760254e-01
-1.826538562774658203e+00
8.377868533134460449e-01
5.696855783462524414e-01
2.709953188896179199e-01
-1.110880851745605469e+00
4.687871783971786499e-02
1.360474705696105957e+00
1.515372633934020996e+00
-1.769265532493591309e+00
-5.072543621063232422e-01
1.612648963928222656e+00
1.619119048118591309e+00
4.610218405723571777e-01
-6.850592792034149170e-02
1.515194773674011230e+00
-1.071448922157287598e+00
-1.707119584083557129e+00
-1.370505392551422119e-01
5.080029964447021484e-01
-3.962728679180145264e-01
-1.946621984243392944e-01
2.309884130954742432e-01
-1.486952662467956543e+00
6.330732107162475586e-01
-1.883924454450607300e-01
-8.649205565452575684e-01
-1.517655700445175171e-01
-5.745837092399597168e-01
5.563422441482543945e-01
-9.244082570075988770e-01
1.185826182365417480e+00
-8.647088706493377686e-02
5.451216101646423340e-01
3.426387310028076172e-01
-5.135013461112976074e-01
6.266722679138183594e-01
6.698450446128845215e-01
-8.480057865381240845e-02
1.476101160049438477e+00
3.347286581993103027e-01
4.645444452762603760e-01
7.907988429069519043e-01
1.185983344912528992e-01
-2.293668538331985474e-01
7.235586047172546387e-01
1.411855220794677734e-01
-2.540392875671386719e-01
2.189605869352817535e-02
1.821419954299926758e+00
-8.604466915130615234e-01
2.363088876008987427e-01
-2.784388065338134766e-01
4.359384179115295410e-01
-1.177640676498413086e+00
-1.267038732767105103e-01
5.768596529960632324e-01
2.485988438129425049e-01
-1.213997229933738708e-01
5.705657005310058594e-01
-7.299469709396362305e-01
1.012348771095275879e+00
-2.733409106731414795e-01
-1.586828380823135376e-01
3.978083133697509766e-01
3.481532931327819824e-01
7.977895140647888184e-01
-2.463295161724090576e-01
1.702895611524581909e-01
-7.765308022499084473e-01
-7.881208658218383789e-01
2.887053191661834717e-01
1.380105137825012207e+00
-1.542538762092590332e+00
-6.503414362668991089e-02
6.291750818490982056e-02
3.121065795421600342e-01
-3.276683986186981201e-01
-7.736687064170837402e-01
9.890890717506408691e-01
-2.942545711994171143e-01
-1.306221932172775269e-01
-1.445592492818832397e-01
2.162876129150390625e-01
1.229982495307922363e+00
-3.834010660648345947e-01
1.068379640579223633e+00
7.551671266555786133e-01
1.314730525016784668e+00
-3.643070459365844727e-01
-2.317011058330535889e-01
-3.412384092807769775e-01
-3.547959029674530029e-02
-6.955677866935729980e-01
1.620429605245590210e-01
2.337119877338409424e-01
-3.645261228084564209e-01
7.656257748603820801e-01
4.299312531948089600e-01
-1.857935786247253418e+00
-4.665502905845642090e-01
-9.978976845741271973e-01
7.335057854652404785e-01
1.353243827819824219e+00
-5.304329395294189453e-01
-1.499353289604187012e+00
-2.012847423553466797e+00
-5.206224918365478516e-01
-6.845355629920959473e-01
3.996091336011886597e-02
-1.403409093618392944e-01
1.499178290367126465e+00
-1.469386100769042969e+00
1.114905118942260742e+00
5.661275982856750488e-01
-3.433366417884826660e-01
4.411957859992980957e-01
2.342229485511779785e-01
-2.644488513469696045e-01
-4.230539500713348389e-01
-1.176269054412841797e+00
-1.245067596435546875e+00
-3.440756723284721375e-02
-5.360992550849914551e-01
-8.900989294052124023e-01
4.587294757366180420e-01
-1.590418338775634766e+00
-2.359375208616256714e-01
1.935099124908447266e+00
6.149392724037170410e-01
1.368131518363952637e+00
1.294865131378173828e+00
8.583176881074905396e-03
-5.356749892234802246e-01
7.762327790260314941e-01
6.586408615112304688e-01
1.192230820655822754e+00
6.574133038520812988e-01
6.340969204902648926e-01
6.983096599578857422e-01
2.826871871948242188e-01
-7.033270597457885742e-01
2.799181342124938965e-01
-5.287538170814514160e-01
-6.067245602607727051e-01
-1.366457343101501465e+00
-3.623692989349365234e-01
1.762398481369018555e-01
7.993544936180114746e-01
1.408077180385589600e-01
4.853337705135345459e-01
-3.743447363376617432e-01
-1.092104911804199219e+00
3.656484782695770264e-01
1.079078674316406250e+00
9.178103804588317871e-01
-7.515630125999450684e-01
-2.314730435609817505e-01
1.349251270294189453e+00
-1.783844977617263794e-01
-6.882928013801574707e-01
1.234090566635131836e+00
2.632665634155273438e-01
1.069763183593750000e+00
2.474598169326782227e+00
-2.396129220724105835e-01
1.238509297370910645e+00
4.234548285603523254e-02
-4.595396220684051514e-01
6.133440136909484863e-01
-3.112603127956390381e-01
3.531321883201599121e-01
-1.206123113632202148e+00
1.509217977523803711e+00
8.031254261732101440e-02
-8.111264705657958984e-01
-9.697212576866149902e-01
-1.350599527359008789e-01
-3.617128133773803711e-01
-1.502408981323242188e-01
-1.354835033416748047e-01
4.088141620159149170e-01
-7.478940486907958984e-01
-5.498254299163818359e-01
2.274186611175537109e+00
5.715174973011016846e-02
-8.288888633251190186e-02
3.636294603347778320e-01
-1.759502172470092773e+00
1.475646197795867920e-01
-3.976415395736694336e-01
4.712582752108573914e-02
2.246441125869750977e+00
-3.060741163790225983e-02
-4.245230555534362793e-01
1.846206545829772949e+00
-8.202888369560241699e-01
-9.170995354652404785e-01
5.511035323143005371e-01
-1.496525287628173828e+00
2.570359706878662109e-01
1.040387675166130066e-01
-3.430889844894409180e-01
-1.609129548072814941e+00
-3.967664837837219238e-01
1.594063043594360352e+00
2.136000394821166992e+00
-1.003108739852905273e+00
-1.491404771804809570e-01
3.652448356151580811e-01
4.808697104454040527e-01
-1.389147877693176270e+00
-1.464420199394226074e+00
4.220951497554779053e-01
1.075939416885375977e+00
-1.718298316001892090e+00
-1.124220266938209534e-01
-2.407669275999069214e-01
1.515954494476318359e+00
-7.458704113960266113e-01
6.858183145523071289e-01
-1.015457034111022949e+00
1.038451671600341797e+00
1.385912597179412842e-01
-2.724075317382812500e-01
-1.987179994583129883e+00
1.512702107429504395e+00
-1.348867177963256836e+00
-5.963476896286010742e-01
-1.973260641098022461e-01
1.097727656364440918e+00
1.632166206836700439e-01
-1.397305846214294434e+00
2.587895989418029785e-01
-1.064557075500488281e+00
-3.975132107734680176e-01
-5.928630381822586060e-02
-3.931792676448822021e-01
1.457924127578735352e+00
1.176585435867309570e+00
-1.606042832136154175e-01
-5.846368521451950073e-02
1.489015579223632812e+00
1.798522830009460449e+00
1.776637583971023560e-01
-1.673258990049362183e-01
-5.329416394233703613e-01
3.779681324958801270e-01
9.126178026199340820e-01
-1.418525427579879761e-01
-9.092965126037597656e-01
-8.640133142471313477e-01
-2.847959520295262337e-03
-1.194600939750671387e+00
1.474349498748779297e+00
-7.151071429252624512e-01
1.828409314155578613e+00
1.624766469001770020e+00
-1.848983019590377808e-01
7.994316816329956055e-01
5.925592780113220215e-01
3.602191507816314697e-01
1.729705691337585449e+00
4.700647592544555664e-01
1.145802158862352371e-02
-9.210143089294433594e-01
-1.058836698532104492e+00
-4.449984431266784668e-01
-4.379999041557312012e-01
7.019419223070144653e-02
-2.203724861145019531e+00
-9.364359378814697266e-01
4.971384704113006592e-01
-6.981968283653259277e-01
-6.478558778762817383e-01
2.120883017778396606e-02
1.371001482009887695e+00
-1.196063637733459473e+00
-1.266430020332336426e+00
-3.018610715866088867e+00
4.517609179019927979e-01
-1.153285026550292969e+00
-9.747068881988525391e-01
-9.153351187705993652e-01
4.544018507003784180e-01
1.323497772216796875e+00
1.631317883729934692e-01
3.029225766658782959e-01
-8.752408027648925781e-01
-1.655446529388427734e+00
3.813089430332183838e-01
-2.088313549757003784e-01
-1.396044135093688965e+00
-1.011218309402465820e+00
8.577869534492492676e-01
-9.084150940179824829e-02
-2.895882129669189453e-01
-1.079447641968727112e-01
7.390277385711669922e-01
-2.009747363626956940e-02
3.906745612621307373e-01
2.754838764667510986e-01
3.378180861473083496e-01
9.795508347451686859e-03
7.176805138587951660e-01
5.165222287178039551e-01
-4.724019765853881836e-01
1.001343727111816406e+00
-1.015102490782737732e-01
-9.148718714714050293e-01
-1.160342812538146973e+00
1.817682385444641113e-01
-4.880093634128570557e-01
-6.923344731330871582e-01
-1.732485413551330566e+00
-9.007353186607360840e-01
1.897071480751037598e+00
-1.004763245582580566e+00
4.424753189086914062e-01
5.613255128264427185e-02
-9.167125821113586426e-01
9.778996109962463379e-01
-2.690690159797668457e-01
-3.530406057834625244e-01
-1.654887318611145020e+00
9.353822469711303711e-01
-2.143416106700897217e-01
-4.281738400459289551e-01
8.652068972587585449e-01
-4.552900791168212891e-01
-1.178130984306335449e+00
-8.105114102363586426e-03
3.189241170883178711e+00
1.990413665771484375e+00
1.719155073165893555e+00
1.468704223632812500e+00
-4.446193873882293701e-01
-5.346201658248901367e-01
2.986384332180023193e-01
-6.783173084259033203e-01
5.907931327819824219e-01
8.521769642829895020e-01
5.468508228659629822e-02
-1.631956815719604492e+00
-1.405727863311767578e+00
3.133647143840789795e-01
7.385415434837341309e-01
5.983376502990722656e-01
1.520411133766174316e+00
-9.414095878601074219e-01
1.147074341773986816e+00
5.413615703582763672e-01
-4.470093548297882080e-01
-8.384072780609130859e-01
9.249927401542663574e-01
-8.023683428764343262e-01
-1.645151495933532715e+00
1.229503750801086426e-01
-1.083053350448608398e+00
8.649898767471313477e-01
-4.907082021236419678e-01
1.306346654891967773e-01
-1.178191184997558594e+00
2.825389206409454346e-01
6.442478299140930176e-02
7.751215100288391113e-01
2.397609055042266846e-01
2.654985189437866211e-01
3.431115150451660156e-01
-1.611630082130432129e+00
7.766719460487365723e-01
7.967257499694824219e-01
-1.579359054565429688e+00
-4.318742752075195312e-01
-1.371772646903991699e+00
6.196846961975097656e-01
-2.634958326816558838e-01
3.170536160469055176e-01
6.667054891586303711e-01
-1.953227669000625610e-01
2.784388959407806396e-01
2.163042873144149780e-01
6.951862573623657227e-01
1.516917467117309570e+00
-1.127272129058837891e+00
6.395617723464965820e-01
-1.660790205001831055e+00
-2.699884474277496338e-01
-2.477345615625381470e-01
3.910040855407714844e-01
-1.797156333923339844e+00
3.118852674961090088e-01
1.188301086425781250e+00
-7.549844384193420410e-01
-1.698263645172119141e+00
2.889771759510040283e-01
-9.629176929593086243e-03
-1.291922807693481445e+00
-1.424808621406555176e+00
-1.360951542854309082e+00
7.326553463935852051e-01
1.377746164798736572e-01
6.629026532173156738e-01
6.829069256782531738e-01
-4.604611396789550781e-01
-1.636519283056259155e-01
-1.063110679388046265e-01
-6.036976575851440430e-01
-1.256551444530487061e-01
-6.096241474151611328e-01
2.824539542198181152e-01
-2.686415910720825195e-01
-1.049586415290832520e+00
1.974805355072021484e+00
-1.286668658256530762e+00
-3.183701932430267334e-01
2.855869770050048828e+00
-4.428385198116302490e-01
-9.835845232009887695e-02
1.222116589546203613e+00
-8.854970932006835938e-01
-1.518477052450180054e-01
8.722082376480102539e-01
-7.535277605056762695e-01
-1.033399343490600586e+00
-4.527079463005065918e-01
-1.107164621353149414e+00
1.831176161766052246e+00
-2.860436916351318359e+00
-2.805491983890533447e-01
-2.648466587066650391e+00
-1.519165635108947754e+00
-3.001433014869689941e-01
-2.528979301452636719e+00
-1.808202862739562988e+00
-9.374186396598815918e-01
3.054429590702056885e-01
-8.386211842298507690e-02
1.162543177604675293e+00
-1.290261030197143555e+00
-1.933873534202575684e+00
1.800753921270370483e-01
1.186724007129669189e-01
3.867757618427276611e-01
1.642696142196655273e+00
1.214806795120239258e+00
-1.259903192520141602e+00
9.059977531433105469e-01
5.792484879493713379e-01
6.916812062263488770e-01
-5.310396552085876465e-01
-4.937266707420349121e-01
-8.571159243583679199e-01
-5.139538645744323730e-01
-1.011119857430458069e-01
-4.115278422832489014e-01
-6.229240894317626953e-01
-2.236643075942993164e+00
8.396617174148559570e-01
-4.714568257331848145e-01
-1.303342223167419434e+00
6.929473280906677246e-01
8.555293679237365723e-01
1.016509652137756348e+00
-1.784388780593872070e+00
-8.246632218360900879e-01
1.515597462654113770e+00
-3.218264877796173096e-01
-1.084925532341003418e+00
3.881805241107940674e-01
5.232098512351512909e-03
2.076137997210025787e-02
8.056655526161193848e-01
-3.292351961135864258e-01
-4.649982154369354248e-01
2.956769168376922607e-01
-8.796023726463317871e-01
-3.207251727581024170e-01
-1.064658463001251221e-01
-2.361249923706054688e-01
1.335992962121963501e-01
9.990927577018737793e-01
5.153001844882965088e-02
1.038899302482604980e+00
2.850871980190277100e-01
-5.479888916015625000e-01
1.243953347206115723e+00
-2.836180031299591064e-01
8.428579568862915039e-02
6.908478736877441406e-01
2.572298943996429443e-01
6.626802682876586914e-01
1.617181301116943359e+00
-1.114139437675476074e+00
-7.663195133209228516e-01
7.351989746093750000e-01
2.266853600740432739e-01
-1.722801327705383301e+00
-6.703081130981445312e-01
1.221895456314086914e+00
-1.938552409410476685e-01
-1.213622927665710449e+00
-8.960388302803039551e-01
-6.576230525970458984e-01
-3.826269507408142090e-01
-6.839571595191955566e-01
1.268238902091979980e+00
9.801996350288391113e-01
1.156798720359802246e+00
-1.890258193016052246e-01
-5.668297410011291504e-01
-7.282342910766601562e-01
4.189474880695343018e-01
2.562761604785919189e-01
1.975944191217422485e-01
-3.604505956172943115e-01
-4.416344165802001953e-01
-3.566839993000030518e-01
-1.547848582267761230e+00
1.918658763170242310e-01
-5.514752268791198730e-01
-1.290904283523559570e+00
3.098919093608856201e-01
4.503240585327148438e-01
-5.221272110939025879e-01
7.439532876014709473e-02
-1.605902671813964844e+00
-1.420217990875244141e+00
3.997730910778045654e-01
3.268893659114837646e-01
3.785766065120697021e-01
-1.852343976497650146e-02
-5.922693014144897461e-01
-9.522743225097656250e-01
-1.433306217193603516e+00
-4.267389476299285889e-01
-1.186809659004211426e+00
5.984727740287780762e-01
3.702557682991027832e-01
1.878436952829360962e-01
-1.196156024932861328e+00
-1.027176901698112488e-01
-8.090295791625976562e-01
8.274598717689514160e-01
-7.068899869918823242e-01
4.464888274669647217e-01
1.471727788448333740e-01
1.306151300668716431e-01
1.280144572257995605e+00
4.272335022687911987e-02
2.164157778024673462e-01
-1.353063225746154785e+00
2.148582339286804199e-01
-1.986453890800476074e+00
-9.462102651596069336e-01
-4.391590952873229980e-01
4.539871588349342346e-02
2.769975364208221436e-01
4.339682161808013916e-01
-5.215703248977661133e-01
1.747558861970901489e-01
-5.983211994171142578e-01
4.234014749526977539e-01
-2.986663579940795898e-01
-8.376756906509399414e-01
-5.728540420532226562e-01
2.756423354148864746e-01
1.361957073211669922e+00
6.688551902770996094e-01
3.542116880416870117e-01
-7.655876278877258301e-01
-8.147504180669784546e-02
-2.477078676223754883e+00
-1.123284220695495605e+00
1.450823545455932617e-01
-4.644627869129180908e-01
2.119180411100387573e-01
4.738622903823852539e-01
5.370617508888244629e-01
1.210525557398796082e-01
-8.018813729286193848e-01
2.505460567772388458e-02
-3.913164436817169189e-01
-1.486221849918365479e-01
2.967292964458465576e-01
-1.014292389154434204e-01
-4.487731456756591797e-01
4.043627679347991943e-01
2.052156478166580200e-01
-5.202203392982482910e-01
-1.226209163665771484e+00
3.628122508525848389e-01
-1.386412739753723145e+00
2.139273732900619507e-01
1.018251925706863403e-01
2.209384441375732422e+00
6.837443113327026367e-01
-3.891783356666564941e-01
-6.281008720397949219e-01
1.112985849380493164e+00
3.441680073738098145e-01
-1.255625128746032715e+00
-4.273189306259155273e-01
2.556414127349853516e+00
-3.920096457004547119e-01
-6.064238548278808594e-01
6.374042034149169922e-01
6.036516427993774414e-01
-2.430323839187622070e+00
-2.578053772449493408e-01
8.990233540534973145e-01
-4.182190597057342529e-01
-7.053286582231521606e-02
5.520877242088317871e-01
-7.043424248695373535e-02
-3.937739133834838867e-01
1.714929491281509399e-01
1.621654987335205078e+00
9.061821550130844116e-02
-1.105994343757629395e+00
1.458644747734069824e+00
1.775630235671997070e+00
1.292486339807510376e-01
2.234683334827423096e-01
1.320405453443527222e-01
-1.265854388475418091e-01
-1.383021712303161621e+00
1.297629356384277344e+00
-7.995807528495788574e-01
-5.041244029998779297e-01
7.162390947341918945e-01
