-3.547545522451400757e-02
-2.832545936107635498e-01
5.588499307632446289e-01
9.884815216064453125e-01
-1.873032927513122559e+00
1.020775556564331055e+00
1.169674396514892578e+00
6.337578296661376953e-01
-2.433414161205291748e-01
-5.600146055221557617e-01
-1.821165084838867188e-01
2.266361713409423828e+00
7.189573049545288086e-01
-1.196293115615844727e+00
-5.284630656242370605e-01
-1.343072764575481415e-02
-1.000248193740844727e+00
2.400614321231842041e-02
9.733802676200866699e-01
9.161711931228637695e-01
1.217779517173767090e+00
-5.518971756100654602e-02
3.133540228009223938e-02
-4.789408147335052490e-01
7.285631448030471802e-02
-8.564456105232238770e-01
-9.823383092880249023e-01
2.003110945224761963e-01
-3.491472005844116211e-01
-9.847582317888736725e-03
1.103714704513549805e+00
1.181912608444690704e-02
-1.765535831451416016e+00
3.699857294559478760e-01
3.497398197650909424e-01
1.758094280958175659e-01
-7.109877467155456543e-01
7.257007360458374023e-01
-2.962026596069335938e-01
-7.386680245399475098e-01
2.478501796722412109e+00
-6.923872232437133789e-01
5.483166575431823730e-01
2.700780153274536133e+00
1.830397844314575195e+00
1.168659806251525879e+00
2.234336137771606445e+00
2.890942096710205078e-01
1.079313158988952637e+00
-2.755212187767028809e-01
-4.808308780193328857e-01
-4.520377218723297119e-01
-6.861650347709655762e-01
-5.674607753753662109e-01
-3.986962139606475830e-01
-1.902868390083312988e+00
6.469431519508361816e-01
6.493502855300903320e-02
-1.178666710853576660e+00
-7.081568986177444458e-02
-9.001825451850891113e-01
7.097815871238708496e-01
-7.287230342626571655e-02
-7.291280031204223633e-01
-1.287089139223098755e-01
7.787621617317199707e-01
-9.850106239318847656e-01
1.115338802337646484e+00
-1.866762518882751465e+00
-3.447289466857910156e-01
-1.703340560197830200e-01
-1.013088598847389221e-01
-1.216352820396423340e+00
2.889367938041687012e-01
-1.001771092414855957e+00
-6.090021729469299316e-01
-6.595861315727233887e-01
2.205414533615112305e+00
6.540110707283020020e-01
4.101925343275070190e-02
1.079371094703674316e+00
-1.000668168067932129e+00
1.077668368816375732e-01
-9.115422368049621582e-01
-3.814032375812530518e-01
-1.527061104774475098e+00
2.490088492631912231e-01
-8.946250677108764648e-01
1.792286992073059082e+00
9.284033775329589844e-01
-3.393201902508735657e-02
-2.797108888626098633e-01
-7.169482707977294922e-01
1.143418073654174805e+00
1.249069452285766602e+00
-2.483665645122528076e-01
-2.343214601278305054e-01
-5.533076524734497070e-01
-9.341332316398620605e-01
-4.149968922138214111e-01
-2.861962318420410156e-01
7.784591913223266602e-01
-1.016257047653198242e+00
-2.015765428543090820e+00
-8.652994036674499512e-01
-2.371845006942749023e+00
-9.428977966308593750e-01
6.254994273185729980e-01
-1.240833520889282227e+00
3.383509218692779541e-01
5.890775918960571289e-01
-4.851177632808685303e-01
3.113123476505279541e-01
-5.905304104089736938e-02
-5.484914183616638184e-01
-1.462120003998279572e-02
-7.663373947143554688e-01
5.187859535217285156e-01
-1.179941058158874512e+00
4.456524550914764404e-01
-1.081203579902648926e+00
3.630763292312622070e-01
3.210035860538482666e-01
-4.734387993812561035e-01
-1.499959528446197510e-01
1.695612311363220215e+00
-1.169354319572448730e+00
1.584921479225158691e+00
-1.042802214622497559e+00
-1.355476737022399902e+00
-2.775897085666656494e-01
-1.915804624557495117e+00
-1.429382860660552979e-01
-1.135615944862365723e+00
-1.576196074485778809e+00
3.240705728530883789e-01
6.407545208930969238e-01
-5.179038643836975098e-01
2.049164295196533203e+00
-9.508231282234191895e-01
1.412765741348266602e+00
-1.425370812416076660e+00
9.324219226837158203e-01
-3.979423940181732178e-01
-1.701302051544189453e+00
-1.153779253363609314e-01
2.239512681961059570e+00
-1.845500916242599487e-01
6.980488449335098267e-02
-3.107342123985290527e-01
1.983392238616943359e+00
1.148677110671997070e+00
1.436677694320678711e+00
6.522139906883239746e-01
1.023004770278930664e+00
-6.303863525390625000e-01
-1.748494267463684082e+00
-4.412696361541748047e-01
-3.716188371181488037e-01
1.368745684623718262e+00
-4.280561208724975586e-01
-3.788408339023590088e-01
2.802184224128723145e-01
-2.865512073040008545e-01
5.015227198600769043e-02
-5.329039096832275391e-01
-3.481674194335937500e-01
2.113077163696289062e+00
-4.097794890403747559e-01
1.410137861967086792e-01
-9.223640561103820801e-01
-1.487391591072082520e+00
4.468641877174377441e-01
-2.641035430133342743e-02
1.967599391937255859e+00
1.232649564743041992e+00
1.410054326057434082e+00
7.799489498138427734e-01
-3.012332320213317871e-01
-6.577552556991577148e-01
-6.722615957260131836e-01
3.878325521945953369e-01
-2.161362618207931519e-01
4.174054563045501709e-01
-4.364550113677978516e-01
-1.079834997653961182e-01
1.169231653213500977e+00
1.025721669197082520e+00
-3.364804387092590332e-01
7.859328985214233398e-01
6.903467774391174316e-01
-6.226429343223571777e-01
4.821220040321350098e-01
1.764572262763977051e+00
-1.359272599220275879e+00
-1.070717692375183105e+00
4.277419671416282654e-02
1.071768045425415039e+00
6.922178268432617188e-01
4.224839508533477783e-01
3.048492372035980225e-01
-1.797960877418518066e+00
-1.411094963550567627e-01
6.448181867599487305e-01
-6.544180512428283691e-01
7.670794725418090820e-01
-6.620647907257080078e-01
1.665938615798950195e+00
1.046378970146179199e+00
1.076882839202880859e+00
-8.978848457336425781e-01
1.308578491210937500e+00
1.390851497650146484e+00
3.220232427120208740e-01
1.055445447564125061e-01
1.527026176452636719e+00
3.969265222549438477e-01
2.838349938392639160e-01
2.846585512161254883e-01
-1.153098070062696934e-03
-5.177621841430664062e-01
-5.381608009338378906e-01
9.156390428543090820e-01
5.549061298370361328e-01
-5.648089051246643066e-01
-1.354392647743225098e+00
-5.969219803810119629e-01
2.713836431503295898e-01
-1.223704576492309570e+00
4.573938846588134766e-01
-1.942933946847915649e-01
-1.582267582416534424e-01
6.093291044235229492e-01
-2.051419913768768311e-01
-9.811171889305114746e-01
-4.380842745304107666e-01
-7.296869754791259766e-01
2.150035500526428223e-01
7.877110242843627930e-01
-6.482077836990356445e-01
-1.292607784271240234e+00
2.408765703439712524e-01
-1.181237816810607910e+00
-7.974060177803039551e-01
-5.381408929824829102e-01
-1.012587189674377441e+00
1.124016284942626953e+00
-5.595420598983764648e-01
-9.796528816223144531e-01
-1.324988752603530884e-01
6.059759855270385742e-01
6.532569527626037598e-01
1.998301982879638672e+00
-1.409597277641296387e+00
-2.241735160350799561e-01
-1.022073149681091309e+00
3.342834413051605225e-01
5.970774888992309570e-01
1.123893022537231445e+00
-1.759543120861053467e-01
6.078129410743713379e-01
7.560966610908508301e-01
-1.129887342453002930e+00
1.223829463124275208e-01
7.455728054046630859e-01
-3.806625902652740479e-01
-2.358417510986328125e-01
1.496579647064208984e+00
-7.183738946914672852e-01
7.971649765968322754e-01
-3.513604998588562012e-01
5.732807144522666931e-02
-1.086882472038269043e+00
-1.742091655731201172e+00
-1.206715703010559082e+00
-1.934788465499877930e+00
-1.694809794425964355e+00
-1.078563928604125977e+00
-1.786402612924575806e-02
-6.748600602149963379e-01
1.035304069519042969e-01
1.422214061021804810e-01
-5.251727700233459473e-01
1.887423634529113770e+00
7.307112216949462891e-01
-6.979711055755615234e-01
-1.059786200523376465e+00
-3.329999148845672607e-01
1.936512887477874756e-01
-1.822881817817687988e+00
-9.007028341293334961e-01
-3.627417683601379395e-01
-2.727851569652557373e-01
-1.184053942561149597e-01
-1.352627396583557129e+00
1.029611706733703613e+00
9.091352224349975586e-01
-1.860734343528747559e+00
1.281769990921020508e+00
1.272561550140380859e-01
9.729085564613342285e-01
1.048642039299011230e+00
-7.821827381849288940e-02
3.039883077144622803e-01
-8.377412557601928711e-01
1.503908038139343262e+00
-3.138275146484375000e-01
1.105802059173583984e+00
-1.165794372558593750e+00
6.264952421188354492e-01
2.736695408821105957e-01
1.099359273910522461e+00
-3.561335206031799316e-01
-3.952088654041290283e-01
7.575841993093490601e-02
-2.083786487579345703e+00
-1.744964420795440674e-01
-1.740568041801452637e+00
-5.118151903152465820e-01
-1.097718596458435059e+00
-9.883552193641662598e-01
-5.228475928306579590e-01
-6.152078136801719666e-02
1.105705857276916504e+00
6.634140014648437500e-01
1.898083835840225220e-01
2.435492515563964844e+00
-1.943855881690979004e-01
1.013798341155052185e-01
1.332421422004699707e+00
2.904514074325561523e-01
-7.886548638343811035e-01
1.203847676515579224e-01
3.410205841064453125e-01
-2.561417520046234131e-01
-3.526155650615692139e-01
-6.493537425994873047e-01
3.660020651295781136e-03
1.252749800682067871e+00
-1.471045374870300293e+00
1.188213944435119629e+00
7.200028896331787109e-01
6.169458031654357910e-01
-1.127466037869453430e-01
-1.227304220199584961e+00
2.588473856449127197e-01
8.497856855392456055e-01
-4.290322065353393555e-01
-1.127606749534606934e+00
-3.405813276767730713e-01
-6.122710704803466797e-01
3.364543318748474121e-01
-8.590620011091232300e-02
7.868120670318603516e-01
4.191258549690246582e-01
-1.419229984283447266e+00
-3.033029437065124512e-01
-1.446195006370544434e+00
2.184524983167648315e-01
-7.458541393280029297e-01
4.053581058979034424e-01
2.569474093616008759e-02
-1.736412167549133301e+00
5.131080150604248047e-01
4.623095095157623291e-01
-4.886555373668670654e-01
4.576351642608642578e-01
4.143497049808502197e-01
9.048700928688049316e-01
-1.137985110282897949e+00
-1.564729511737823486e-01
-4.790521860122680664e-01
2.184647917747497559e-01
-1.715008169412612915e-01
-1.274318337440490723e+00
2.593336999416351318e-01
1.814057707786560059e+00
9.846979975700378418e-01
2.211767733097076416e-01
8.325750231742858887e-01
2.770323157310485840e-01
8.674679398536682129e-01
-1.800244301557540894e-01
1.273666415363550186e-02
4.752389490604400635e-01
-7.983644604682922363e-01
-1.267142415046691895e+00
-2.489279061555862427e-01
-1.274423480033874512e+00
-1.790329098701477051e+00
1.725021362304687500e+00
-9.206033945083618164e-01
-2.824903726577758789e-01
1.925061196088790894e-01
-6.407493948936462402e-01
1.345204949378967285e+00
2.184420973062515259e-01
-4.711867868900299072e-02
1.411769151687622070e+00
-1.199227213859558105e+00
-6.423868536949157715e-01
6.491926908493041992e-01
3.526491522789001465e-01
5.582426190376281738e-01
7.145357728004455566e-01
-8.409871459007263184e-01
9.423937201499938965e-01
-3.595434129238128662e-01
1.066687032580375671e-01
-1.665414690971374512e+00
3.974218368530273438e-01
-2.048998832702636719e+00
-6.363923549652099609e-01
6.952018737792968750e-01
-1.027848601341247559e+00
1.828206926584243774e-01
-2.611241817474365234e+00
-4.753477871417999268e-01
-9.524014592170715332e-01
-3.854482471942901611e-01
-1.601442247629165649e-01
8.530655503273010254e-01
-5.807490944862365723e-01
2.305830001831054688e+00
-3.485991656780242920e-01
-9.088240861892700195e-01
3.161115646362304688e-01
1.058708071708679199e+00
3.943299353122711182e-01
-2.096432447433471680e-01
-3.929798901081085205e-01
3.992026746273040771e-01
9.597163796424865723e-01
-5.729596130549907684e-03
9.542832374572753906e-01
-1.097946837544441223e-01
1.146548390388488770e+00
1.042560815811157227e+00
3.360216915607452393e-01
7.511729598045349121e-01
7.522735595703125000e-01
5.513947010040283203e-01
-8.183623850345611572e-02
-1.328554470092058182e-02
5.774495601654052734e-01
-1.082022786140441895e+00
-7.500221133232116699e-01
6.215488314628601074e-01
4.475431144237518311e-02
-9.563647508621215820e-01
5.991885066032409668e-01
9.641919136047363281e-01
-2.853025794029235840e-01
-2.164821699261665344e-02
6.051896139979362488e-02
3.793325424194335938e-01
1.548744559288024902e+00
-6.391397118568420410e-01
-9.575917720794677734e-01
3.111974895000457764e-01
-3.534459769725799561e-01
-2.418062090873718262e-02
-6.506488323211669922e-01
-6.103633642196655273e-01
-3.288151502609252930e+00
-8.895214796066284180e-01
-5.685759782791137695e-01
6.247332692146301270e-01
6.727898716926574707e-01
9.539569020271301270e-01
-1.374199390411376953e+00
9.041059017181396484e-01
-3.852619230747222900e-01
8.984878659248352051e-02
1.201322078704833984e+00
-5.690850615501403809e-01
-1.063089966773986816e+00
1.844661593437194824e+00
-1.605573415756225586e+00
2.167360298335552216e-02
2.138256072998046875e+00
5.997578501701354980e-01
2.453664690256118774e-01
2.354459911584854126e-01
1.103121519088745117e+00
-4.411789178848266602e-01
-3.340558409690856934e-01
-6.795489192008972168e-01
-1.127812385559082031e+00
-5.786792635917663574e-01
-4.569884538650512695e-01
-3.871840611100196838e-02
1.027827262878417969e+00
6.264469027519226074e-01
-6.134409308433532715e-01
-4.719868898391723633e-01
2.474325895309448242e-01
-4.570283889770507812e-01
4.466192796826362610e-02
2.338037639856338501e-01
9.988283514976501465e-01
-2.243226021528244019e-01
8.278833031654357910e-01
5.469784885644912720e-02
-3.833120167255401611e-01
1.281543634831905365e-02
3.355335891246795654e-01
1.570205330848693848e+00
-2.148785352706909180e+00
-3.184373676776885986e-01
-7.864184975624084473e-01
5.182671174407005310e-02
9.164695143699645996e-01
-5.323556251823902130e-03
-5.948910713195800781e-01
5.614532828330993652e-01
-1.740422129631042480e+00
2.821525037288665771e-01
5.687080025672912598e-01
4.787566661834716797e-01
6.612672209739685059e-01
-1.899568140506744385e-01
1.912218630313873291e-01
3.524450361728668213e-01
1.175338864326477051e+00
1.081444740295410156e+00
-2.138756364583969116e-01
-1.551978230476379395e+00
1.359008073806762695e+00
1.175944328308105469e+00
-8.368169516324996948e-02
-2.254231452941894531e+00
7.915444672107696533e-02
1.233666300773620605e+00
3.484167456626892090e-01
3.017561674118041992e+00
3.512149751186370850e-01
-2.044296026229858398e+00
-6.876326352357864380e-02
1.629114270210266113e+00
-8.338727056980133057e-02
1.299288868904113770e+00
5.480350255966186523e-01
-1.055273294448852539e+00
1.804768592119216919e-01
-3.378048166632652283e-02
-1.112088322639465332e+00
-1.658064842224121094e+00
-3.822840750217437744e-01
2.731795310974121094e-01
1.283932447433471680e+00
3.546964228153228760e-01
1.507204771041870117e+00
-8.159999847412109375e-01
3.010732531547546387e-01
-1.998355984687805176e+00
-1.789171338081359863e+00
-7.569085359573364258e-01
-3.264178633689880371e-01
2.258174419403076172e+00
6.653854250907897949e-01
-8.368507623672485352e-01
-3.492401838302612305e-01
-8.999465107917785645e-01
-1.359282582998275757e-01
4.264016449451446533e-01
1.546597003936767578e+00
-1.079571433365345001e-02
7.372059226036071777e-01
1.038233280181884766e+00
-2.466598451137542725e-01
-3.505092486739158630e-02
-2.042020797729492188e+00
2.248600721359252930e-01
-1.300401926040649414e+00
1.705844759941101074e+00
-4.913147985935211182e-01
1.117365479469299316e+00
8.063796162605285645e-01
-6.116661429405212402e-01
-9.508556723594665527e-01
-2.294372916221618652e-01
-2.262853384017944336e+00
-1.593417048454284668e+00
2.633116543292999268e-01
2.161169290542602539e+00
-1.178620338439941406e+00
2.679164111614227295e-01
-7.660449743270874023e-01
2.086449861526489258e+00
-4.914431571960449219e-01
2.374621331691741943e-01
-6.146359443664550781e-01
5.876521468162536621e-01
-5.573359131813049316e-01
-1.323172569274902344e+00
2.017610967159271240e-01
1.217990517616271973e+00
3.564895093441009521e-01
-3.009077310562133789e-01
5.259229615330696106e-02
-1.498349547386169434e+00
-2.074401676654815674e-01
-5.680364370346069336e-02
8.202835321426391602e-01
-2.259516268968582153e-01
4.246506989002227783e-01
-1.987218737602233887e+00
1.291283369064331055e-01
-2.467260055709630251e-04
-1.356740951538085938e+00
-1.636402159929275513e-01
-1.075138926506042480e+00
4.235784411430358887e-01
1.107197880744934082e+00
-8.065817505121231079e-02
-1.285333156585693359e+00
5.985801666975021362e-02
-3.496493697166442871e-01
7.622880339622497559e-01
-4.720845520496368408e-01
7.388593554496765137e-01
7.019107341766357422e-01
4.233354628086090088e-01
-2.664314508438110352e-01
-3.600057363510131836e-01
8.775527477264404297e-01
-3.032889962196350098e-01
-9.990627169609069824e-01
8.779152035713195801e-01
-6.773696541786193848e-01
3.495533764362335205e-01
-7.657325267791748047e-01
-5.959367156028747559e-01
-3.590072989463806152e-01
9.517787694931030273e-01
-9.344400167465209961e-01
-1.876277662813663483e-02
-3.985133767127990723e-01
1.244296550750732422e+00
1.102404236793518066e+00
4.968461990356445312e-01
2.498902529478073120e-01
-2.617974519729614258e+00
-5.730349421501159668e-01
-3.197169601917266846e-01
1.002474650740623474e-01
1.576829254627227783e-01
-8.676105737686157227e-01
-7.545772939920425415e-02
6.439922004938125610e-02
-1.380414485931396484e+00
5.634714849293231964e-03
6.063288450241088867e-01
4.129441455006599426e-02
-5.142967104911804199e-01
6.780866384506225586e-01
1.328183531761169434e+00
-3.869420886039733887e-01
5.010113492608070374e-02
-5.210529565811157227e-01
-5.519962906837463379e-01
6.459693908691406250e-01
-7.404630780220031738e-01
1.060990095138549805e+00
-4.433239400386810303e-01
3.969250917434692383e-01
1.300962418317794800e-01
3.172241151332855225e-02
-5.182005167007446289e-01
7.571707963943481445e-01
6.058374047279357910e-01
1.279915213584899902e+00
-9.142222404479980469e-01
8.946224451065063477e-01
-1.509000420570373535e+00
6.389344334602355957e-01
-8.115590214729309082e-01
-2.005282044410705566e-01
-1.185823321342468262e+00
-1.568521022796630859e+00
1.257750988006591797e-01
1.026925325393676758e+00
-1.514805108308792114e-02
-5.082055926322937012e-01
2.072858333587646484e+00
2.892141938209533691e-01
-2.726861476898193359e+00
2.231294065713882446e-01
-8.371263742446899414e-01
-1.109981775283813477e+00
-8.955876529216766357e-02
-5.654674768447875977e-01
-6.825314462184906006e-02
-2.688978612422943115e-02
-1.796932816505432129e-01
2.758133113384246826e-01
1.983841210603713989e-01
-2.070582956075668335e-01
-4.288167953491210938e-01
-1.515430212020874023e-01
-3.596611917018890381e-01
1.392244338989257812e+00
6.406190395355224609e-01
8.299098610877990723e-01
6.136021018028259277e-01
6.757474541664123535e-01
6.533201932907104492e-01
-1.195512771606445312e+00
4.218571484088897705e-01
-1.175640344619750977e+00
-2.229876756668090820e+00
5.397434234619140625e-01
-6.435256004333496094e-01
-5.088290572166442871e-01
-4.511999785900115967e-01
3.411727249622344971e-01
1.440125942230224609e+00
3.156083524227142334e-01
-1.030117869377136230e+00
1.437244534492492676e+00
-2.372905761003494263e-01
1.439781785011291504e+00
-9.661750197410583496e-01
-1.033306837081909180e+00
4.509579539299011230e-01
4.963518381118774414e-01
-7.879896163940429688e-01
1.188691735267639160e+00
1.964002251625061035e+00
2.064270019531250000e+00
1.777202367782592773e+00
-7.427257299423217773e-01
3.538904488086700439e-01
-5.829886794090270996e-01
1.875949092209339142e-02
8.431047201156616211e-01
9.835586547851562500e-01
3.164436221122741699e-01
-2.022849470376968384e-01
-7.991328090429306030e-02
-1.193112730979919434e+00
4.772021472454071045e-01
4.073285460472106934e-01
-8.076670169830322266e-01
1.687460064888000488e+00
6.034099459648132324e-01
5.676798522472381592e-02
-9.349943399429321289e-01
-8.121805787086486816e-01
4.808999896049499512e-01
-2.732790708541870117e-01
4.050255119800567627e-01
-1.986701488494873047e+00
7.348943352699279785e-01
-5.982970595359802246e-01
-8.046709895133972168e-01
2.757999114692211151e-03
-2.397005558013916016e+00
2.138971537351608276e-01
-6.935092806816101074e-01
8.719019889831542969e-01
-2.900508940219879150e-01
-4.153783619403839111e-02
2.849110662937164307e-01
-3.051611483097076416e-01
-1.434627294540405273e+00
1.765978932380676270e+00
