-1.336233854293823242e+00
-1.537081748247146606e-01
-8.101491928100585938e-01
-5.009104013442993164e-01
1.301075238734483719e-02
1.819269061088562012e+00
-1.151882484555244446e-01
6.109250783920288086e-01
-1.648223757743835449e+00
-7.656079530715942383e-01
4.526235759258270264e-01
-3.193753212690353394e-02
-5.561168789863586426e-01
1.016319543123245239e-01
7.534911632537841797e-01
2.915357649326324463e-01
-6.896292567253112793e-01
-5.458089709281921387e-01
1.457479357719421387e+00
1.024940609931945801e+00
-1.121685624122619629e+00
9.847744107246398926e-01
-2.781658172607421875e-01
-7.810133099555969238e-01
-4.553203582763671875e-01
-8.121348023414611816e-01
1.209060177206993103e-01
6.909939050674438477e-01
-1.800432354211807251e-01
-7.808122038841247559e-01
1.108500242233276367e+00
-9.966578483581542969e-01
-3.380951285362243652e-01
-8.013803362846374512e-01
-4.431982040405273438e-01
-9.276548624038696289e-01
6.333588957786560059e-01
3.620553016662597656e-02
5.376942083239555359e-02
1.163563132286071777e+00
-1.345107704401016235e-01
1.068778410553932190e-01
-3.442456424236297607e-01
-6.456242203712463379e-01
2.155953645706176758e+00
7.423093914985656738e-01
-8.599215745925903320e-02
1.310645222663879395e+00
-2.014525607228279114e-02
-4.192203581333160400e-01
1.497734934091567993e-01
-9.017831832170486450e-02
2.044614031910896301e-02
1.041683480143547058e-01
1.748783230781555176e+00
7.569170594215393066e-01
-1.181092977523803711e+00
7.725877761840820312e-01
1.033150911331176758e+00
-6.077773571014404297e-01
8.657778501510620117e-01
1.026167392730712891e+00
6.635603308677673340e-02
-2.179930925369262695e+00
1.114739298820495605e+00
5.501365661621093750e-01
-4.259806871414184570e-01
1.185232758522033691e+00
-4.043821096420288086e-01
-1.127915620803833008e+00
-6.115055084228515625e-01
4.896461069583892822e-01
1.590331047773361206e-01
1.028021648526191711e-01
1.358882039785385132e-01
-1.134808659553527832e+00
6.011689305305480957e-01
4.685053229331970215e-01
1.857651352882385254e+00
-1.426548045128583908e-02
-1.440083533525466919e-01
1.396103501319885254e+00
-1.870608925819396973e-01
9.353193640708923340e-02
-5.934311747550964355e-01
5.033227205276489258e-01
2.237625978887081146e-02
6.292093396186828613e-01
2.753145694732666016e+00
-6.018527150154113770e-01
-1.524252444505691528e-01
1.184235453605651855e+00
9.200550317764282227e-01
-4.362643957138061523e-01
6.330993175506591797e-01
-1.401229351758956909e-01
-4.619531333446502686e-01
-1.136079668998718262e+00
9.943549036979675293e-01
-4.712353944778442383e-01
5.188418030738830566e-01
2.437791228294372559e-01
-8.125256896018981934e-01
8.436122536659240723e-01
7.297616004943847656e-01
7.479073405265808105e-01
-1.040951728820800781e+00
1.140523672103881836e+00
9.677155613899230957e-01
9.866067022085189819e-02
1.600864410400390625e+00
2.764585912227630615e-01
-1.525129675865173340e+00
-7.942787371575832367e-03
-6.352829337120056152e-01
-7.609167098999023438e-01
3.488593548536300659e-02
4.705423712730407715e-01
-8.218194842338562012e-01
9.184103608131408691e-01
1.853117823600769043e+00
-5.847792625427246094e-01
-1.485312134027481079e-01
-9.128315746784210205e-02
-1.216584071516990662e-01
4.897024035453796387e-01
4.861376807093620300e-02
1.211950898170471191e+00
1.155466079711914062e+00
5.175946950912475586e-01
6.044225096702575684e-01
-4.837628602981567383e-01
-1.003774642944335938e+00
7.606754899024963379e-01
1.715368866920471191e+00
3.069619089365005493e-02
1.854653477668762207e+00
-6.682021021842956543e-01
1.701961398124694824e+00
-5.293248891830444336e-01
-9.830278158187866211e-01
1.124289333820343018e-01
5.244615077972412109e-01
2.707778215408325195e-01
-8.293015360832214355e-01
-4.394722282886505127e-01
9.765107631683349609e-01
-6.339497566223144531e-01
-3.657067194581031799e-02
1.425486564636230469e+00
-5.508210659027099609e-01
1.771363973617553711e+00
9.181042909622192383e-01
-2.459607459604740143e-02
-1.475567102432250977e+00
-8.181011080741882324e-01
-1.224403858184814453e+00
6.373977065086364746e-01
-1.549245476722717285e+00
6.775954365730285645e-01
-5.067905187606811523e-01
3.410993516445159912e-01
-1.755352616310119629e+00
-2.075141370296478271e-01
-9.865361452102661133e-01
-1.278703570365905762e+00
-1.097644716501235962e-01
9.438168406486511230e-01
1.224534660577774048e-01
-5.981033444404602051e-01
-1.067148804664611816e+00
-1.529189705848693848e+00
5.729503631591796875e-01
-9.179382920265197754e-01
7.582272887229919434e-01
1.323665976524353027e+00
2.099733054637908936e-01
6.720964908599853516e-01
1.753919959068298340e+00
7.735354900360107422e-01
-2.624086141586303711e-01
1.527360081672668457e+00
-8.237978219985961914e-01
8.022217750549316406e-01
-4.222868382930755615e-01
2.451255917549133301e-01
1.469294667243957520e+00
-2.107058286666870117e+00
-5.471100807189941406e-01
-2.823111414909362793e-01
-1.470871806144714355e+00
-7.962437868118286133e-01
-7.299371957778930664e-01
3.010123074054718018e-01
5.637724697589874268e-02
-1.142463982105255127e-01
8.648696541786193848e-01
3.523860871791839600e-01
-1.438160777091979980e+00
5.378420948982238770e-01
-5.297016501426696777e-01
4.811571836471557617e-01
-2.859160900115966797e-01
-4.663813114166259766e-01
-4.767448306083679199e-01
-5.115400552749633789e-01
3.705343008041381836e-01
4.122219607234001160e-02
1.328285574913024902e+00
1.976934224367141724e-01
-7.820451259613037109e-01
-6.710347533226013184e-02
9.820657968521118164e-01
-4.946301281452178955e-01
8.201953768730163574e-01
-7.266149520874023438e-01
-9.239638447761535645e-01
-4.121233224868774414e-01
-3.041388690471649170e-01
-9.816530942916870117e-01
-8.909088373184204102e-01
8.041367530822753906e-01
-5.032134652137756348e-01
-2.650797367095947266e-01
-4.304030537605285645e-01
5.912657380104064941e-01
8.392559289932250977e-01
-2.297502011060714722e-01
4.213753044605255127e-01
8.714929223060607910e-01
1.584423422813415527e+00
-3.451117873191833496e-01
1.163340806961059570e+00
7.495781779289245605e-01
5.536491274833679199e-01
3.673599064350128174e-01
-1.242503046989440918e+00
6.991093754768371582e-01
6.582015752792358398e-01
-5.415040850639343262e-01
1.385510802268981934e+00
2.016315609216690063e-01
-3.899502754211425781e-01
-8.454371988773345947e-02
7.650626301765441895e-01
-4.518838822841644287e-01
7.365998029708862305e-01
9.421467781066894531e-02
8.704683184623718262e-01
6.895691156387329102e-01
-8.773566484451293945e-01
4.903191328048706055e-01
-9.304141402244567871e-01
-3.221457302570343018e-01
-2.605535387992858887e-01
-6.069372296333312988e-01
2.062994837760925293e-01
2.615631520748138428e-01
1.883016109466552734e+00
9.827030301094055176e-01
1.204722762107849121e+00
-1.913099050521850586e+00
-7.710896730422973633e-01
-2.122824430465698242e+00
-6.871873736381530762e-01
2.349133640527725220e-01
-6.989631652832031250e-01
-2.356750369071960449e-01
-4.895794987678527832e-01
-8.452986925840377808e-02
-1.873988986015319824e+00
-7.489907741546630859e-01
4.282212853431701660e-01
-3.441815972328186035e-01
8.596846461296081543e-01
-5.181569457054138184e-01
4.509025514125823975e-01
1.034381389617919922e-01
6.676649451255798340e-01
-8.164681196212768555e-01
-1.296414852142333984e+00
1.662293635308742523e-02
5.144959092140197754e-01
-1.773487448692321777e+00
8.499305248260498047e-01
5.885198116302490234e-01
1.606722176074981689e-01
1.004833936691284180e+00
4.859128594398498535e-01
2.190534025430679321e-01
-1.097689792513847351e-01
-3.307533562183380127e-01
7.622014284133911133e-01
-3.510041534900665283e-01
-1.569350242614746094e+00
9.502483904361724854e-02
6.962198615074157715e-01
-1.444610953330993652e+00
1.138277888298034668e+00
6.354421377182006836e-01
-8.409688472747802734e-01
-3.068561851978302002e-01
-1.313087344169616699e+00
3.943956792354583740e-01
-1.227503895759582520e+00
-5.457623004913330078e-01
1.209065437316894531e+00
1.027798771858215332e+00
5.792802199721336365e-02
2.656535804271697998e-01
-5.276724696159362793e-01
-1.008540630340576172e+00
5.358144044876098633e-01
-2.858877740800380707e-02
9.672632217407226562e-01
-8.970183730125427246e-01
-1.384331136941909790e-01
7.765461206436157227e-01
-2.158283472061157227e+00
-8.117419667541980743e-03
3.277470823377370834e-03
1.956470966339111328e+00
-2.577629387378692627e-01
2.496311366558074951e-01
8.081742525100708008e-01
7.775450944900512695e-01
3.235028684139251709e-01
-1.761702537536621094e+00
6.821758151054382324e-01
-1.498893499374389648e+00
6.346509456634521484e-01
-3.386003673076629639e-01
-1.049255847930908203e+00
1.599060058593750000e+00
1.649658530950546265e-01
6.999075412750244141e-01
3.503283485770225525e-02
-5.230813026428222656e-01
-4.483258724212646484e-01
2.562987804412841797e-01
2.724170982837677002e-01
-9.551213383674621582e-01
-8.868478983640670776e-02
-5.780298113822937012e-01
-1.310646653175354004e+00
1.092000722885131836e+00
9.775100350379943848e-01
-8.475075960159301758e-01
-1.828949213027954102e+00
9.361766576766967773e-01
-3.097542226314544678e-01
-3.332058787345886230e-01
-2.150957733392715454e-01
4.832164049148559570e-01
3.146891295909881592e-01
4.016189575195312500e-01
3.067207634449005127e-01
2.424464523792266846e-01
-1.247152984142303467e-01
-5.886499285697937012e-01
5.949465036392211914e-01
-1.209032535552978516e+00
-5.163863897323608398e-01
2.899478971958160400e-01
-5.797992944717407227e-01
1.000214457511901855e+00
8.126683533191680908e-02
-2.687612771987915039e-01
-7.751078009605407715e-01
1.102952733635902405e-01
-4.875617325305938721e-01
1.354764819145202637e+00
5.011151432991027832e-01
2.225078791379928589e-01
-6.025135144591331482e-02
-6.590997576713562012e-01
9.027071595191955566e-01
6.859546899795532227e-01
-1.321147799491882324e+00
-8.932397365570068359e-01
4.376384317874908447e-01
1.995722413063049316e+00
-1.566666364669799805e-01
2.727566957473754883e-01
-4.147039353847503662e-02
5.193238258361816406e-01
-7.099035382270812988e-01
3.672324120998382568e-01
-8.930373787879943848e-01
-2.204037427902221680e+00
1.272634387016296387e+00
7.135585695505142212e-02
-6.731289029121398926e-01
1.854287981986999512e+00
-1.729085892438888550e-01
1.188308238983154297e+00
8.801072835922241211e-01
6.657974720001220703e-01
-6.279058456420898438e-01
4.779188707470893860e-02
1.666137427091598511e-01
4.257413148880004883e-01
-1.066859245300292969e+00
-4.248123764991760254e-01
1.033786535263061523e+00
-2.161848247051239014e-01
-3.234303295612335205e-01
1.169406890869140625e+00
7.081747651100158691e-01
1.089459776878356934e+00
3.211650848388671875e-01
-1.469071865081787109e+00
9.462079964578151703e-03
9.331957101821899414e-01
-9.446610212326049805e-01
-7.991204857826232910e-01
-3.851404190063476562e+00
-9.312612004578113556e-03
-1.325840473175048828e+00
-1.405322670936584473e+00
8.915425539016723633e-01
-2.239509224891662598e-01
1.092116758227348328e-01
1.208676099777221680e+00
-5.353422164916992188e-01
-5.433979034423828125e-01
1.427514553070068359e-01
7.687686681747436523e-01
-4.262036085128784180e-01
-9.574625641107559204e-02
-1.529037237167358398e+00
-1.184697970747947693e-01
-7.158782482147216797e-01
1.945589184761047363e+00
-7.106052339076995850e-02
-8.379560708999633789e-01
6.066798567771911621e-01
-1.893895305693149567e-02
8.967987447977066040e-02
-3.065935969352722168e-01
-1.318554401397705078e+00
-1.703147739171981812e-01
1.152221411466598511e-01
3.485110104084014893e-01
-1.771428585052490234e-01
-5.770756006240844727e-01
1.392149686813354492e+00
1.135591983795166016e+00
1.947217732667922974e-01
-6.862528920173645020e-01
-2.178744792938232422e+00
-1.075561285018920898e+00
2.744052410125732422e-01
6.162607669830322266e-01
-1.293999433517456055e+00
-4.569379091262817383e-01
1.501854062080383301e+00
-1.614358901977539062e+00
1.349074721336364746e+00
-2.117705717682838440e-02
1.607441306114196777e+00
-1.782123804092407227e+00
-1.000655174255371094e+00
2.739016115665435791e-01
1.152310445904731750e-01
1.661611050367355347e-01
1.220114007592201233e-01
-4.697134494781494141e-01
8.330466151237487793e-01
-2.940769910812377930e+00
-5.015861392021179199e-01
-1.925621390342712402e+00
-5.534729957580566406e-01
-1.499813199043273926e+00
-1.231558471918106079e-01
-8.586923032999038696e-02
-7.861372083425521851e-02
3.096213340759277344e-01
-7.407242059707641602e-02
-6.618155837059020996e-01
-1.081909060478210449e+00
-3.174978792667388916e-01
-1.077571734786033630e-01
1.413015484809875488e+00
4.418812096118927002e-01
-4.233823716640472412e-01
-1.614139676094055176e+00
1.168506741523742676e+00
2.482186816632747650e-02
2.632138133049011230e-01
4.268706440925598145e-01
1.096720337867736816e+00
-4.037764966487884521e-01
-9.929801821708679199e-01
-1.308821678161621094e+00
-2.061064481735229492e+00
6.539835035800933838e-02
-1.765929013490676880e-01
-1.124611973762512207e+00
-5.417400002479553223e-01
-2.018831968307495117e-01
-9.709214568138122559e-01
-7.227162718772888184e-01
-1.030925989151000977e+00
-7.494665980339050293e-01
1.279515147209167480e+00
1.403051972389221191e+00
1.332893013954162598e+00
-2.213142812252044678e-02
-4.837540984153747559e-01
1.301560401916503906e+00
-6.824456453323364258e-01
3.022638559341430664e-01
-4.166380167007446289e-01
1.891155838966369629e-01
-2.998047471046447754e-01
5.241591110825538635e-02
8.291011452674865723e-01
5.784867405891418457e-01
2.342689782381057739e-01
9.911278486251831055e-01
-7.075982093811035156e-01
1.015679359436035156e+00
1.170220017433166504e+00
8.858564496040344238e-01
6.095977425575256348e-01
2.179244607686996460e-01
5.086968541145324707e-01
-4.005787968635559082e-01
-8.838682174682617188e-01
9.031863808631896973e-01
-6.932459473609924316e-01
5.377472043037414551e-01
-2.627191841602325439e-01
-1.045015230774879456e-01
-1.764278173446655273e+00
1.306156992912292480e+00
-1.088176131248474121e+00
-4.008153676986694336e-01
-3.068132996559143066e-01
1.108007729053497314e-01
-3.075469434261322021e-01
-1.658912152051925659e-01
-4.874168038368225098e-01
-9.986319541931152344e-01
-4.723133984953165054e-03
-6.112244725227355957e-01
-6.129088997840881348e-01
-1.174686074256896973e+00
-1.617428898811340332e+00
6.751520633697509766e-01
-1.299245595932006836e+00
-7.576508522033691406e-01
9.403221607208251953e-01
4.298304617404937744e-01
-2.541266381740570068e-01
-2.251122295856475830e-01
-2.029373794794082642e-01
-2.005447298288345337e-01
-9.243037700653076172e-01
-1.367721408605575562e-01
-9.806418418884277344e-01
1.028666734695434570e+00
1.024065732955932617e+00
-1.429673656821250916e-02
6.622686386108398438e-01
8.545208722352981567e-02
-6.677792072296142578e-01
1.995109468698501587e-01
-9.598060250282287598e-01
1.377892613410949707e+00
-6.178253144025802612e-02
3.775840997695922852e-01
2.966749072074890137e-01
-1.994488835334777832e+00
2.410493791103363037e-01
-3.581952676177024841e-02
4.766395092010498047e-01
5.788866281509399414e-01
-1.264001011848449707e+00
3.911221623420715332e-01
-2.392174154520034790e-01
2.569383084774017334e-01
1.923162460327148438e+00
1.850248724222183228e-01
-1.695368885993957520e-01
-6.481437683105468750e-01
-3.496594727039337158e-01
-6.262286901473999023e-01
8.092106580734252930e-01
5.655708909034729004e-01
1.221477150917053223e+00
-6.022635102272033691e-01
1.281134337186813354e-01
-1.146635651588439941e+00
8.973218202590942383e-01
1.897161602973937988e-01
2.629533410072326660e-01
1.468197584152221680e+00
-1.171862006187438965e+00
3.274221420288085938e-01
-2.396348267793655396e-01
-1.200463414192199707e+00
-1.053181290626525879e+00
-9.493156336247920990e-03
6.024899482727050781e-01
-1.119596362113952637e-01
-1.372965693473815918e+00
3.662154078483581543e-01
2.846952974796295166e-01
4.902023375034332275e-01
5.494161844253540039e-01
2.140462636947631836e+00
-5.331585407257080078e-01
1.019056200981140137e+00
-8.080525398254394531e-01
-1.990304589271545410e+00
5.248467326164245605e-01
-9.523057937622070312e-01
4.039950370788574219e-01
8.232640027999877930e-01
3.728356361389160156e-01
9.523347616195678711e-01
-2.238690853118896484e-01
5.676361918449401855e-01
8.393872380256652832e-01
-1.375078439712524414e+00
-1.659141898155212402e+00
-1.381659507751464844e+00
-1.937423348426818848e+00
-6.952930688858032227e-01
9.298790246248245239e-03
-6.505911350250244141e-01
6.398316025733947754e-01
-1.324404358863830566e+00
-1.223792672157287598e+00
1.910879969596862793e+00
5.217885971069335938e-01
8.315964341163635254e-01
8.282973766326904297e-01
-3.569280385971069336e+00
1.151827201247215271e-01
1.197965741157531738e+00
1.085084319114685059e+00
-1.084345817565917969e+00
1.082733720541000366e-01
9.845210313796997070e-01
-3.397822380065917969e-01
-6.377419233322143555e-01
2.080615013837814331e-01
1.308842897415161133e+00
-1.344182372093200684e+00
-4.002847373485565186e-01
1.409490466117858887e+00
-9.127695113420486450e-02
-2.074594497680664062e-01
-6.306566596031188965e-01
1.432813405990600586e+00
-9.984331727027893066e-01
1.211088418960571289e+00
6.012973189353942871e-01
3.273575901985168457e-01
-8.046535402536392212e-02
6.452169418334960938e-01
3.566036224365234375e-01
-3.360867872834205627e-02
6.276654005050659180e-01
-2.949085459113121033e-02
-9.737128019332885742e-01
-2.877722978591918945e-01
-9.896648526191711426e-01
6.008676290512084961e-01
5.219295620918273926e-01
-5.724298357963562012e-01
-4.848291277885437012e-01
7.569623589515686035e-01
-3.510742485523223877e-01
9.184476137161254883e-01
-6.545229256153106689e-02
-1.189405560493469238e+00
6.464454531669616699e-01
-3.026851415634155273e-01
4.159687757492065430e-01
2.603203952312469482e-01
9.244143217802047729e-02
-1.238718867301940918e+00
-9.564728289842605591e-02
-2.953785955905914307e-01
-2.322899103164672852e+00
-4.486077427864074707e-01
-2.840709686279296875e-01
1.419824212789535522e-01
-4.750460386276245117e-01
-6.245532631874084473e-01
-1.553693175315856934e+00
-7.044141888618469238e-01
6.198049783706665039e-01
4.122852087020874023e-01
2.665169835090637207e-01
-1.478778421878814697e-01
1.398670315742492676e+00
1.025976181030273438e+00
-1.137351274490356445e+00
8.161002993583679199e-01
2.219738721847534180e+00
1.167467236518859863e+00
1.458968639373779297e+00
-4.129490815103054047e-03
-1.704839229583740234e+00
7.794981598854064941e-01
-2.969147443771362305e+00
3.056294843554496765e-02
8.415076881647109985e-02
-5.505445599555969238e-01
-5.880298018455505371e-01
2.827174663543701172e-01
-3.643789291381835938e-01
2.411702871322631836e-01
-1.323493719100952148e-01
2.651130557060241699e-01
6.710290908813476562e-01
1.513920307159423828e+00
8.496550917625427246e-01
-6.115586161613464355e-01
-1.523059368133544922e+00
-2.468498796224594116e-01
5.402511358261108398e-01
-2.677657008171081543e-01
-9.256299138069152832e-01
-7.553672194480895996e-01
2.667312383651733398e+00
3.089797496795654297e+00
-1.529918789863586426e+00
1.736149430274963379e+00
2.546745240688323975e-01
3.965765833854675293e-01
-3.845170736312866211e-01
-3.998343050479888916e-01
-1.057826876640319824e+00
-1.039919137954711914e+00
-2.559244036674499512e-01
-1.479685068130493164e+00
-2.502455711364746094e-01
-3.001969158649444580e-01
-1.346342325210571289e+00
-8.345566391944885254e-01
-5.477204918861389160e-01
7.259601354598999023e-02
-1.174095749855041504e+00
-4.802624583244323730e-01
-6.235611438751220703e-01
6.560810208320617676e-01
9.241327047348022461e-01
6.511049866676330566e-01
4.332820177078247070e-01
-2.426457881927490234e+00
1.446804523468017578e+00
-1.684264898300170898e+00
-4.116578698158264160e-01
7.292491197586059570e-02
-1.083576917648315430e+00
-1.686189137399196625e-02
6.242691874504089355e-01
-2.547548413276672363e-01
-9.633677005767822266e-01
5.786627531051635742e-01
3.960881829261779785e-01
4.234701097011566162e-01
