1.390179991722106934e-01
-8.667257428169250488e-01
-1.182277679443359375e+00
6.359437704086303711e-01
1.388519704341888428e-01
1.728869438171386719e+00
9.806956052780151367e-01
6.234310269355773926e-01
1.035112887620925903e-01
-1.044167280197143555e-01
-3.202965259552001953e-01
2.861678361892700195e+00
8.120864033699035645e-01
-1.599707901477813721e-01
-1.305108308792114258e+00
-3.098726868629455566e-01
-4.666107892990112305e-01
-1.218684196472167969e+00
3.742361962795257568e-01
1.260947823524475098e+00
5.295993089675903320e-01
7.580879330635070801e-01
8.356889486312866211e-01
-8.636364340782165527e-01
1.065652370452880859e+00
-1.344268441200256348e+00
4.062995016574859619e-01
-5.487680435180664062e-01
-3.801686763763427734e-01
-2.937969565391540527e-01
1.800838559865951538e-01
4.568985402584075928e-01
-1.998978201299905777e-03
-2.339089512825012207e-01
5.303414463996887207e-01
-5.777393653988838196e-02
-1.059337139129638672e+00
4.322218000888824463e-01
6.591081023216247559e-01
5.500123500823974609e-01
4.903223216533660889e-01
1.037973046302795410e+00
-1.231840968132019043e+00
-4.820996224880218506e-01
8.048885464668273926e-01
7.889059185981750488e-01
-3.981742858886718750e-01
-2.162361145019531250e-01
1.153464317321777344e+00
-9.714199900627136230e-01
-1.829025894403457642e-02
9.365498423576354980e-01
6.854205727577209473e-01
-6.241810321807861328e-01
5.841139554977416992e-01
-1.451534390449523926e+00
-3.628354966640472412e-01
1.077392339706420898e+00
-2.105262130498886108e-01
-1.242420747876167297e-01
2.090987682342529297e+00
1.754396080970764160e+00
-2.498567700386047363e-01
3.512004911899566650e-01
7.288181185722351074e-01
1.064629673957824707e+00
-2.375417947769165039e-01
-2.335901856422424316e-01
-1.896594882011413574e+00
-1.284046173095703125e+00
-8.392519354820251465e-01
-1.001311779022216797e+00
3.751811385154724121e-01
-1.413065791130065918e+00
-6.686477065086364746e-01
-3.262960612773895264e-01
6.351051330566406250e-01
1.651852726936340332e+00
7.449951171875000000e-01
2.367922812700271606e-01
-5.043945312500000000e-01
-1.076876878738403320e+00
6.586680412292480469e-01
4.315354526042938232e-01
1.969496756792068481e-01
1.001874685287475586e+00
2.397704124450683594e-01
1.249911859631538391e-01
1.520483374595642090e+00
-8.302841186523437500e-01
-6.054201126098632812e-01
-5.726178288459777832e-01
5.375686287879943848e-02
1.317145023494958878e-02
2.004492759704589844e+00
-5.070579051971435547e-01
-7.261407971382141113e-01
-5.670004487037658691e-01
1.199239790439605713e-01
-5.332571864128112793e-01
-1.415544986724853516e+00
2.066251993179321289e+00
-7.621989846229553223e-01
-2.018652111291885376e-01
-1.982257813215255737e-01
-2.543572902679443359e+00
-2.792838215827941895e-01
4.259738028049468994e-01
-6.152696609497070312e-01
-6.120041608810424805e-01
6.713851094245910645e-01
-8.144824206829071045e-02
-1.691427469253540039e+00
8.079121112823486328e-01
-9.711270928382873535e-01
1.479995131492614746e+00
8.758690357208251953e-01
-2.633272409439086914e-01
-1.602775692939758301e+00
8.984815329313278198e-02
1.084867119789123535e+00
-4.342054128646850586e-01
3.982133269309997559e-01
-3.714637830853462219e-02
-1.385944783687591553e-01
1.533659219741821289e+00
3.619467020034790039e-01
1.341548323631286621e+00
-6.780138015747070312e-01
-5.350421667098999023e-01
2.011369764804840088e-01
-1.841659396886825562e-01
-1.386970639228820801e+00
-1.369569659233093262e+00
-2.281696647405624390e-01
-1.047291874885559082e+00
-9.681312739849090576e-02
-3.423538506031036377e-01
2.141961097717285156e+00
1.045582890510559082e+00
-8.003581762313842773e-01
1.657537817955017090e+00
7.910916209220886230e-01
6.096028685569763184e-01
-4.072811082005500793e-02
4.095939993858337402e-01
1.370554208755493164e+00
3.246203362941741943e-01
3.437569439411163330e-01
9.585310518741607666e-02
-1.392418742179870605e+00
3.557792007923126221e-01
5.220064520835876465e-01
1.694503426551818848e-01
-1.474439740180969238e+00
-3.365579247474670410e-01
-1.939854860305786133e+00
1.202247858047485352e+00
-1.242153882980346680e+00
1.273143053054809570e+00
-6.721761226654052734e-01
1.892675936687737703e-04
-5.957961082458496094e-01
-1.003682613372802734e+00
-2.597797214984893799e-01
-1.037980437278747559e+00
6.856614947319030762e-01
4.989226162433624268e-01
2.547258138656616211e-01
-7.860279083251953125e-01
7.493519783020019531e-02
4.450324773788452148e-01
1.093320250511169434e-01
-1.166147589683532715e+00
1.406497955322265625e+00
2.727816104888916016e-01
9.046526551246643066e-01
6.880934536457061768e-02
3.912291526794433594e-01
-7.496640086174011230e-01
-2.039829492568969727e+00
-1.317317008972167969e+00
-6.718918681144714355e-01
9.560412764549255371e-01
-3.473964333534240723e-01
5.008733868598937988e-01
2.123104631900787354e-01
1.406478762626647949e+00
-6.663694977760314941e-01
1.849005520343780518e-01
-1.279189109802246094e+00
-1.098837971687316895e+00
1.158959269523620605e-01
1.106052279472351074e+00
-2.163729429244995117e+00
1.899110794067382812e+00
-7.080428004264831543e-01
2.301785908639431000e-02
1.207370162010192871e+00
6.266913563013076782e-02
-1.482952535152435303e-01
-7.946372628211975098e-01
9.754245281219482422e-01
-4.159726500511169434e-01
-3.075981140136718750e-01
1.115206599235534668e+00
-1.028977632522583008e+00
1.824882864952087402e+00
-2.788569629192352295e-01
8.768606185913085938e-01
1.891860246658325195e+00
2.225917391479015350e-02
2.259750843048095703e+00
1.374803334474563599e-01
-1.728310823440551758e+00
1.599279195070266724e-01
3.214520812034606934e-01
-1.132397413253784180e+00
-1.218427181243896484e+00
-8.877108097076416016e-01
-2.046214818954467773e+00
8.429650068283081055e-01
-2.366969436407089233e-01
9.344378709793090820e-01
-3.634667694568634033e-01
-9.195794910192489624e-02
-9.000565409660339355e-01
-4.480467140674591064e-01
-6.970391869544982910e-01
5.772504806518554688e-01
1.284082055091857910e+00
3.038827478885650635e-01
1.416809201240539551e+00
9.875972270965576172e-01
-2.417764365673065186e-01
1.260738819837570190e-01
-1.004194259643554688e+00
-6.731767654418945312e-01
9.500051140785217285e-01
3.137930333614349365e-01
-3.449243009090423584e-01
7.277602553367614746e-01
-3.893715143203735352e-01
1.002721428871154785e+00
4.056906998157501221e-01
5.530298948287963867e-01
-1.167890310287475586e+00
4.189739227294921875e-01
-7.572202682495117188e-01
6.706186532974243164e-01
2.216349244117736816e-01
9.272850304841995239e-02
1.150827527046203613e+00
-3.176077604293823242e-01
3.217032253742218018e-01
-1.064052343368530273e+00
-4.242555201053619385e-01
1.461172461509704590e+00
-1.772983074188232422e-01
1.183439612388610840e+00
1.101432085037231445e+00
-1.279742866754531860e-01
-4.382992386817932129e-01
-8.557177186012268066e-01
-2.494636625051498413e-01
6.337845921516418457e-01
-3.358187079429626465e-01
-4.679560661315917969e-01
1.685679256916046143e-01
-4.710508882999420166e-02
-1.654543280601501465e-01
5.883080959320068359e-01
-2.552601695060729980e-01
-5.008677840232849121e-01
1.091398969292640686e-01
1.989881277084350586e+00
-3.223403096199035645e-01
-1.020947217941284180e+00
2.104367315769195557e-01
-3.392169773578643799e-01
-1.574619054794311523e+00
3.259499669075012207e-01
-1.584812700748443604e-01
5.556429028511047363e-01
-3.279784023761749268e-01
-7.992830872535705566e-01
-1.222742438316345215e+00
8.563256822526454926e-03
-2.005677521228790283e-01
-1.075879096984863281e+00
-5.721094012260437012e-01
-7.314645051956176758e-01
1.403023242950439453e+00
-2.596536278724670410e-01
-1.113330364227294922e+00
-3.094417452812194824e-01
1.577874422073364258e+00
-1.123532772064208984e+00
5.338382720947265625e-01
3.883168399333953857e-01
-1.254544019699096680e+00
1.409466743469238281e+00
-8.997949957847595215e-01
-5.763032436370849609e-01
4.413240849971771240e-01
3.093826174736022949e-01
4.753609001636505127e-01
2.609616279602050781e+00
-1.362930178642272949e+00
1.290040612220764160e-01
3.837145566940307617e-01
-1.280747413635253906e+00
-7.811515331268310547e-01
1.018003940582275391e+00
1.934546947479248047e+00
-6.130623817443847656e-01
-1.894524991512298584e-01
4.498433172702789307e-01
1.173139810562133789e+00
-3.505786955356597900e-01
9.500006437301635742e-01
1.070095658302307129e+00
2.810148894786834717e-01
9.918386340141296387e-01
1.001196503639221191e+00
-1.462463475763797760e-02
1.081838488578796387e+00
2.595647275447845459e-01
-5.253291130065917969e-01
1.707351088523864746e+00
5.826649069786071777e-01
-1.300529241561889648e+00
7.647070288658142090e-01
1.490231513977050781e+00
-4.317874014377593994e-01
-7.409345507621765137e-01
-7.244509458541870117e-01
-1.366316676139831543e+00
1.823503613471984863e+00
-2.974471747875213623e-01
3.149972110986709595e-02
1.252326965332031250e+00
-1.230057328939437866e-01
-7.160214781761169434e-01
-1.294720530509948730e+00
3.293391466140747070e-01
1.906450867652893066e+00
-5.074265003204345703e-01
-8.317894339561462402e-01
-8.346381187438964844e-01
-6.249989867210388184e-01
2.436150610446929932e-01
-1.368143200874328613e+00
7.045342922210693359e-01
-1.704816102981567383e+00
-1.488839507102966309e+00
-2.959133625030517578e+00
-1.382010221481323242e+00
7.964261174201965332e-01
-4.146133363246917725e-01
-1.126063615083694458e-02
-6.882264614105224609e-01
-8.252236247062683105e-02
1.047555565834045410e+00
-5.761563032865524292e-02
3.731400668621063232e-01
1.463392972946166992e-01
-5.981577634811401367e-01
-5.626054406166076660e-01
8.555524400435388088e-04
9.692683815956115723e-01
-1.259263902902603149e-01
3.177506849169731140e-02
4.294620752334594727e-01
8.875337839126586914e-01
5.446875691413879395e-01
-1.573172509670257568e-01
9.872471094131469727e-01
-5.152710080146789551e-01
4.651216864585876465e-01
6.521683931350708008e-01
1.155163645744323730e-01
-1.809339821338653564e-01
1.289599299430847168e+00
-9.964957833290100098e-01
-5.039092302322387695e-01
-4.402741491794586182e-01
-1.791917085647583008e-01
-3.860650956630706787e-01
-3.702446520328521729e-01
-7.014034390449523926e-01
1.019753932952880859e+00
-1.939471006393432617e+00
3.722385466098785400e-01
-3.259471058845520020e-01
-3.795932233333587646e-01
1.073921993374824524e-01
6.246955394744873047e-01
5.826913714408874512e-01
4.391633272171020508e-01
1.343990445137023926e+00
-1.538324207067489624e-01
-9.463305026292800903e-02
-1.047154068946838379e+00
-1.361581206321716309e+00
-1.045413136482238770e+00
5.051574110984802246e-01
2.058252573013305664e+00
1.052836537361145020e+00
2.644504308700561523e-01
-3.220136091113090515e-02
-9.533823132514953613e-01
8.270675688982009888e-02
7.761959452182054520e-03
2.008245944976806641e+00
-2.430201321840286255e-01
-6.474036693572998047e+00
7.348945736885070801e-02
3.027431368827819824e-01
5.566043853759765625e-01
1.261239290237426758e+00
6.531770527362823486e-02
-3.976188004016876221e-01
3.975753858685493469e-02
-4.315847903490066528e-02
2.370208948850631714e-01
5.114127993583679199e-01
1.115637898445129395e+00
-2.366881221532821655e-01
-6.292210221290588379e-01
-1.830835342407226562e+00
6.866789460182189941e-01
-6.842774748802185059e-01
1.035896062850952148e+00
-9.681098461151123047e-01
-2.499258667230606079e-01
-5.099521875381469727e-01
-4.216181337833404541e-01
-3.993158787488937378e-02
1.600516557693481445e+00
-1.979903876781463623e-01
7.558525204658508301e-01
-1.025869488716125488e+00
-1.540989279747009277e+00
1.707448512315750122e-01
6.923852562904357910e-01
1.164854407310485840e+00
1.333195567131042480e-01
-1.378945708274841309e+00
2.744382619857788086e-01
-1.282531380653381348e+00
-8.761545419692993164e-01
-8.902295231819152832e-01
1.469698697328567505e-01
-2.205435276031494141e+00
7.220788300037384033e-02
3.204712271690368652e-01
1.454353630542755127e-01
-4.219989478588104248e-01
-7.876479029655456543e-01
-1.002128601074218750e+00
-4.786539971828460693e-01
-9.479193091392517090e-01
6.803193688392639160e-01
-2.214754670858383179e-01
-1.099598169326782227e+00
-9.595536589622497559e-01
-1.767545640468597412e-01
-1.939400315284729004e+00
-3.908687829971313477e-01
9.674338102340698242e-01
1.512062311172485352e+00
-1.900406479835510254e+00
7.102335095405578613e-01
7.638521194458007812e-01
5.151042342185974121e-01
-1.537888944149017334e-01
4.553240239620208740e-01
-7.068894505500793457e-01
-1.388695463538169861e-02
1.110469222068786621e+00
1.447451114654541016e-01
6.086233854293823242e-01
4.342951774597167969e-01
-1.024316310882568359e+00
-2.901788651943206787e-01
-4.146105647087097168e-01
8.204210996627807617e-01
9.597983360290527344e-01
-1.151674985885620117e+00
-5.935427546501159668e-01
-6.227428317070007324e-01
-1.414584040641784668e+00
-1.996502399444580078e+00
1.079314827919006348e+00
-1.111278176307678223e+00
9.070518612861633301e-01
3.608518540859222412e-01
-2.816742062568664551e-01
-4.638762176036834717e-01
-1.430829018354415894e-01
-1.065563187003135681e-01
9.678894877433776855e-01
-1.092456221580505371e+00
-1.473961830139160156e+00
-2.992582321166992188e-01
6.035017371177673340e-01
1.370105624198913574e+00
-6.879978775978088379e-01
-4.174652397632598877e-01
6.763310432434082031e-01
6.809120178222656250e-01
4.099360108375549316e-01
-2.556638717651367188e-01
3.736570179462432861e-01
-6.257429122924804688e-01
-1.914264202117919922e+00
2.595291845500469208e-02
-2.461037337779998779e-01
-3.173675537109375000e-01
-1.786731719970703125e+00
1.418679594993591309e+00
2.717553973197937012e-01
-1.087767258286476135e-02
1.244164347648620605e+00
6.881390810012817383e-01
-6.629097461700439453e-02
-1.584443330764770508e+00
-9.149338006973266602e-01
6.125157475471496582e-01
2.606561183929443359e-01
-2.566560506820678711e+00
-8.570602536201477051e-02
-1.205339059233665466e-01
3.006681799888610840e-01
1.316824913024902344e+00
2.313714504241943359e+00
-1.317514061927795410e+00
-8.967514038085937500e-01
1.191525697708129883e+00
-1.493038684129714966e-01
1.581135511398315430e+00
7.810481190681457520e-01
-3.294590115547180176e-01
7.087597995996475220e-02
7.382974624633789062e-01
7.264159917831420898e-01
-1.712134480476379395e-02
6.028988957405090332e-01
-1.158831834793090820e+00
8.249381780624389648e-01
-1.979050517082214355e+00
3.188384771347045898e-01
-9.809116274118423462e-02
8.170219063758850098e-01
1.329363226890563965e+00
-7.235662341117858887e-01
1.228534698486328125e+00
-1.586709260940551758e+00
2.091498672962188721e-01
7.136126756668090820e-01
-1.516440272331237793e+00
4.044116437435150146e-01
5.748507753014564514e-02
-1.248357295989990234e-01
1.434755176305770874e-01
-1.358616828918457031e+00
1.446449011564254761e-01
-2.343105971813201904e-01
-5.136350393295288086e-01
-5.052047371864318848e-01
-1.922363489866256714e-01
1.665994524955749512e-01
-3.733166158199310303e-01
1.726693473756313324e-02
1.479975104331970215e+00
4.786734282970428467e-01
1.114151239395141602e+00
5.842829942703247070e-01
-1.756694555282592773e+00
-3.562359213829040527e-01
1.460880756378173828e+00
5.184305086731910706e-02
9.870013594627380371e-02
1.268064379692077637e-01
1.879511922597885132e-01
-8.285571336746215820e-01
-1.120525836944580078e+00
2.236557006835937500e-01
-1.062884807586669922e+00
-2.033005952835083008e-01
1.395022630691528320e+00
-6.756556034088134766e-02
1.011905431747436523e+00
-6.768224239349365234e-01
-8.554518222808837891e-01
3.244333565235137939e-01
1.115348264575004578e-01
-1.492495089769363403e-01
1.787405967712402344e+00
-1.747520089149475098e+00
-1.467620372772216797e+00
3.925283253192901611e-01
-6.692886352539062500e-01
-2.267820090055465698e-01
-1.016401767730712891e+00
9.799481630325317383e-01
-4.815094769001007080e-01
-1.018600702285766602e+00
-1.106685042381286621e+00
-9.850865602493286133e-01
6.695027351379394531e-01
9.460482001304626465e-01
5.521929860115051270e-01
-9.539684653282165527e-01
-1.105602025985717773e+00
-9.248120784759521484e-01
5.823997855186462402e-01
5.936449170112609863e-01
4.038724601268768311e-01
-1.183727741241455078e+00
6.786543130874633789e-01
4.672028720378875732e-01
4.057226777076721191e-01
1.698378324508666992e+00
-6.875188350677490234e-01
2.423642873764038086e-01
-2.432703971862792969e+00
-1.352918148040771484e-01
3.390268608927726746e-02
6.284167617559432983e-02
1.640553623437881470e-01
6.867348551750183105e-01
5.840162634849548340e-01
-3.803926408290863037e-01
-9.861822724342346191e-01
-2.156936675310134888e-01
6.748213768005371094e-01
4.624261260032653809e-01
1.574333310127258301e+00
1.009936809539794922e+00
-6.422558426856994629e-01
-7.263345718383789062e-01
-4.752487838268280029e-01
1.592338204383850098e+00
1.023237705230712891e-01
-3.726347684860229492e-01
3.535408377647399902e-01
-9.876247644424438477e-01
-5.530436635017395020e-01
4.189692437648773193e-01
-1.485624313354492188e+00
-6.713722944259643555e-01
8.482548594474792480e-01
-1.116193771362304688e+00
-1.597895383834838867e+00
-9.199740290641784668e-01
1.287678480148315430e+00
4.967342615127563477e-01
8.718639016151428223e-01
1.655275970697402954e-01
-5.043911933898925781e-01
7.993024191819131374e-04
-2.933053970336914062e-01
1.257678270339965820e+00
3.015492558479309082e-01
-9.064556360244750977e-01
-8.476321101188659668e-01
4.423167705535888672e-01
1.008400917053222656e+00
7.809023857116699219e-01
1.701300501823425293e+00
-4.867399632930755615e-01
-1.675150632858276367e+00
1.528541803359985352e+00
-6.882698535919189453e-01
2.814014852046966553e-01
1.536925792694091797e+00
-1.607694029808044434e-01
-2.912770509719848633e-01
1.714033961296081543e+00
-4.222590327262878418e-01
1.489282727241516113e+00
-6.886093616485595703e-01
5.683943033218383789e-01
2.770658254623413086e+00
-5.945301055908203125e-01
-1.986529707908630371e+00
-4.898335635662078857e-01
-1.231419388204813004e-02
-3.722178936004638672e-01
-3.060716092586517334e-01
-1.308844089508056641e-01
-2.739629149436950684e-01
-1.410277485847473145e-01
1.655423939228057861e-01
-4.221588969230651855e-01
-4.240807890892028809e-01
-9.669118523597717285e-01
-9.259220361709594727e-01
5.316077470779418945e-01
-8.573374152183532715e-01
-4.636732935905456543e-01
-2.614008784294128418e-01
-4.726487994194030762e-01
-1.153671592473983765e-01
1.600958943367004395e+00
1.253733158111572266e+00
1.438401460647583008e+00
-1.067390084266662598e+00
-1.702666640281677246e+00
2.782653272151947021e-01
3.169810473918914795e-01
8.133351802825927734e-02
-7.620065808296203613e-01
-1.466152369976043701e-01
1.393763780593872070e+00
-1.569552421569824219e-01
-5.932052731513977051e-01
-1.126955270767211914e+00
1.392873167991638184e+00
-3.230374157428741455e-01
-1.077597260475158691e+00
1.906392574310302734e-01
-2.453277707099914551e-01
3.492061793804168701e-01
-4.086024761199951172e-01
4.379195868968963623e-01
-1.273299932479858398e+00
1.229997634887695312e+00
9.861500263214111328e-01
2.279594898223876953e+00
-1.121632218360900879e+00
-1.207948565483093262e+00
-6.691727638244628906e-01
-2.316858768463134766e-01
-2.556171655654907227e+00
1.706349730491638184e+00
-3.141122162342071533e-01
-1.028291061520576477e-01
-2.692723572254180908e-01
-1.109017133712768555e+00
-7.459199428558349609e-01
-4.294373467564582825e-02
-1.018559932708740234e+00
-9.565503895282745361e-02
-5.594856739044189453e-01
6.333000659942626953e-01
-8.106353878974914551e-02
-3.519742488861083984e-01
-5.054333806037902832e-01
-1.238405480980873108e-01
1.126780867576599121e+00
-3.737910389900207520e-01
8.008148074150085449e-01
-5.947347357869148254e-02
7.453899979591369629e-01
-3.518353104591369629e-01
-1.079852581024169922e+00
2.471918016672134399e-01
-1.549736738204956055e+00
5.936086177825927734e-01
-3.222207129001617432e-01
1.020512342453002930e+00
2.945995628833770752e-01
8.756834864616394043e-01
5.751442313194274902e-01
7.015764713287353516e-01
