-8.560658991336822510e-02
1.285764217376708984e+00
-5.101285576820373535e-01
-1.211690977215766907e-01
4.151211380958557129e-01
-1.346057176589965820e+00
-4.883643612265586853e-02
-8.400133252143859863e-01
1.034284710884094238e+00
3.864989280700683594e-01
1.617890298366546631e-01
1.191491723060607910e+00
1.288900494575500488e+00
1.454244613647460938e+00
-4.525485038757324219e-01
6.132346987724304199e-01
8.965896815061569214e-02
-4.112387299537658691e-01
6.982122063636779785e-01
3.257360756397247314e-01
-5.409655570983886719e-01
2.581386268138885498e-02
-2.326335757970809937e-01
4.928822219371795654e-01
4.121284559369087219e-02
-1.282632946968078613e+00
-5.101613998413085938e-01
5.647986531257629395e-01
-2.264778614044189453e-01
-5.639583468437194824e-01
-7.061439752578735352e-01
9.353593587875366211e-01
9.360064864158630371e-01
1.259035587310791016e+00
-9.194459766149520874e-02
-1.032904610037803650e-01
2.128931999206542969e+00
5.511122345924377441e-01
-7.352956533432006836e-01
-5.468184947967529297e-01
1.445461958646774292e-01
5.272712111473083496e-01
-2.586139440536499023e+00
-1.643000841140747070e+00
-1.821250468492507935e-01
6.886643171310424805e-01
-3.951485753059387207e-01
-4.838975965976715088e-01
-6.223151087760925293e-01
7.700077295303344727e-01
-1.247386217117309570e+00
-6.395797431468963623e-02
8.211327195167541504e-01
9.337984323501586914e-01
-1.836436390876770020e+00
1.498452305793762207e+00
-1.434793591499328613e+00
1.197749614715576172e+00
1.058673977851867676e+00
1.074044585227966309e+00
4.327452480792999268e-01
3.567083477973937988e-01
5.691819787025451660e-01
5.872884392738342285e-01
9.611145406961441040e-02
-4.264712631702423096e-01
8.002402186393737793e-01
8.962059617042541504e-01
-1.125658035278320312e+00
-1.172584816813468933e-01
-9.359849095344543457e-01
-8.744748234748840332e-01
6.325938552618026733e-02
3.494184017181396484e-01
7.063705325126647949e-01
-1.046594828367233276e-01
3.892369866371154785e-01
-2.344399392604827881e-01
1.528829932212829590e-01
-3.688050806522369385e-01
-1.657589972019195557e-01
-1.936627149581909180e+00
-4.840781390666961670e-01
1.045289516448974609e+00
3.736704587936401367e-01
-1.268943995237350464e-01
-7.571735233068466187e-02
1.028573870658874512e+00
4.016202390193939209e-01
1.376874089241027832e+00
7.829529233276844025e-03
1.400820970535278320e+00
-2.899666726589202881e-01
2.095229551196098328e-02
4.687266945838928223e-01
2.219471484422683716e-01
3.591346442699432373e-01
-6.885591745376586914e-01
-1.398829817771911621e+00
-1.536649227142333984e+00
2.427173554897308350e-01
1.016767263412475586e+00
2.921065390110015869e-01
-1.556588053703308105e+00
8.290106058120727539e-01
-3.415488302707672119e-01
6.219497323036193848e-01
5.861411094665527344e-01
-1.008212327957153320e+00
8.531792759895324707e-01
-1.408335566520690918e+00
-1.084803223609924316e+00
8.725782632827758789e-01
-8.448540568351745605e-01
5.199832320213317871e-01
-1.095144510269165039e+00
7.330358624458312988e-01
5.290039181709289551e-01
3.803014755249023438e-01
-1.265613913536071777e+00
-1.216809749603271484e+00
-4.051003158092498779e-01
5.208595395088195801e-01
1.901322245597839355e+00
4.872655570507049561e-01
7.011027336120605469e-01
-1.215744733810424805e+00
-1.652005314826965332e-01
-1.028876066207885742e+00
8.941647410392761230e-01
-1.295991659164428711e+00
-3.292262554168701172e-01
3.805865645408630371e-01
-1.915897011756896973e+00
-4.044356346130371094e-01
-7.096826434135437012e-01
-7.472577691078186035e-01
-1.591540575027465820e+00
1.851014375686645508e+00
7.493945360183715820e-01
-4.499428570270538330e-01
8.266887068748474121e-01
3.706733286380767822e-01
-8.172040581703186035e-01
-9.237464070320129395e-01
-7.030635476112365723e-01
-2.185167223215103149e-01
-1.182578206062316895e+00
-3.949151933193206787e-01
1.403443098068237305e+00
-5.603194236755371094e-01
-1.164377570152282715e+00
2.805736958980560303e-01
-1.595982313156127930e-01
-5.488649010658264160e-01
-9.878345131874084473e-01
-1.532612323760986328e+00
-7.615972757339477539e-01
1.678320765495300293e+00
9.447127580642700195e-01
-8.040766119956970215e-01
-2.165151387453079224e-01
5.971342325210571289e-01
-1.260276913642883301e+00
1.134453296661376953e+00
-5.709573626518249512e-01
-7.818362675607204437e-03
-1.137134358286857605e-01
1.087510347366333008e+00
-1.158860445022583008e+00
7.453639507293701172e-01
-1.821169257164001465e-01
-8.160909414291381836e-01
-3.317269980907440186e-01
5.654437094926834106e-02
-9.260730743408203125e-01
-3.674190938472747803e-01
-1.528484821319580078e+00
1.913615316152572632e-01
-1.167432308197021484e+00
-6.958662271499633789e-01
3.419596552848815918e-01
9.153546690940856934e-01
2.261356264352798462e-01
-4.465739428997039795e-01
-2.044633626937866211e-01
-2.652772068977355957e-01
-2.633130788803100586e+00
-2.246634215116500854e-01
3.640177249908447266e-01
4.881934821605682373e-01
-1.435254693031311035e+00
-3.413272798061370850e-01
-1.031382083892822266e+00
2.829797565937042236e-01
9.668937325477600098e-02
4.037937521934509277e-01
1.081815123558044434e+00
-2.207987755537033081e-01
-8.044354617595672607e-02
-7.677737474441528320e-01
-8.029822707176208496e-01
-1.416152000427246094e+00
8.665361255407333374e-02
-4.236219823360443115e-02
-2.380605489015579224e-01
9.318177700042724609e-01
-2.493440806865692139e-01
5.551377534866333008e-01
-3.403905630111694336e-01
7.003048062324523926e-01
1.919470876455307007e-01
1.159132480621337891e+00
-2.081187218427658081e-01
-4.550864398479461670e-01
8.313896059989929199e-01
-6.168602108955383301e-01
1.372195482254028320e+00
-1.958087831735610962e-01
5.027421116828918457e-01
6.707041859626770020e-01
-7.080267667770385742e-01
-2.009436637163162231e-01
-1.963876783847808838e-01
-1.990040987730026245e-01
-6.234730482101440430e-01
-6.586107611656188965e-01
-9.317331314086914062e-01
7.691873311996459961e-01
-1.180694937705993652e+00
-3.805524483323097229e-02
1.106908023357391357e-01
5.673161745071411133e-01
1.054900169372558594e+00
7.045460343360900879e-01
4.449266195297241211e-02
-9.542369246482849121e-01
1.616599559783935547e-01
-6.722430586814880371e-01
8.526604771614074707e-01
2.228504896163940430e+00
6.339393854141235352e-01
7.187790870666503906e-01
-4.479161500930786133e-01
1.654960215091705322e-01
1.714965999126434326e-01
-2.895620465278625488e-01
-9.792454242706298828e-01
-9.626489877700805664e-02
7.667583227157592773e-01
-3.898823261260986328e-02
-7.532632350921630859e-01
-1.040256619453430176e+00
5.800008773803710938e-01
-5.904868245124816895e-01
-5.145305991172790527e-01
-3.951761126518249512e-01
6.325175166130065918e-01
6.111729145050048828e-01
5.474544763565063477e-01
7.893365621566772461e-01
-1.961327046155929565e-01
2.716549932956695557e-01
-1.531998753547668457e+00
-4.758038222789764404e-01
1.717462182044982910e+00
-2.975353598594665527e-01
1.997007280588150024e-01
3.603857457637786865e-01
1.243693709373474121e+00
-9.708132147789001465e-01
3.552443683147430420e-01
1.533594846725463867e+00
-4.149699509143829346e-01
-1.833492636680603027e+00
-6.080757379531860352e-01
-5.896364450454711914e-01
1.388265341520309448e-01
-2.869910001754760742e-01
-2.092300951480865479e-01
6.669694781303405762e-01
3.142244219779968262e-01
-2.970348894596099854e-01
-7.826433181762695312e-01
-5.473963171243667603e-02
-1.125541329383850098e+00
2.869480848312377930e-02
-1.803932338953018188e-01
-8.848921209573745728e-02
-1.292742252349853516e+00
-2.260596454143524170e-01
-6.011876091361045837e-02
-3.350939452648162842e-01
-1.586660593748092651e-01
-4.965667426586151123e-01
-1.348912268877029419e-01
4.171488881111145020e-01
1.974433779716491699e+00
-1.159392595291137695e+00
7.388013601303100586e-01
-4.431936442852020264e-01
6.900032162666320801e-01
7.962545752525329590e-01
4.913781769573688507e-03
1.041728734970092773e+00
1.551083564758300781e+00
2.081733196973800659e-01
8.494247794151306152e-01
-2.687290012836456299e-01
-2.483058720827102661e-01
-7.026385068893432617e-01
3.386431932449340820e-02
-1.125524044036865234e+00
-9.679228812456130981e-02
-5.893374085426330566e-01
-1.555195689201354980e+00
-1.164774745702743530e-01
-1.061053872108459473e+00
-1.380056142807006836e+00
2.837516546249389648e+00
8.543291091918945312e-01
-2.082115888595581055e+00
6.301986575126647949e-01
3.013123013079166412e-02
1.736698865890502930e+00
-1.137456178665161133e+00
-9.420634806156158447e-02
-1.499648243188858032e-01
6.031421422958374023e-01
2.950110435485839844e-01
-4.327034950256347656e-01
-2.729575335979461670e-01
-7.631841897964477539e-01
7.052218914031982422e-01
-4.041377902030944824e-01
1.642225623130798340e+00
2.289911061525344849e-01
7.722556591033935547e-01
-1.478281468152999878e-01
-7.046543955802917480e-01
7.491319179534912109e-01
-4.229972958564758301e-01
3.817932903766632080e-01
1.028913736343383789e+00
-2.893692851066589355e-01
-2.479174882173538208e-01
-7.380692958831787109e-01
3.866343200206756592e-01
-4.903545677661895752e-01
-1.578978300094604492e-01
-1.166721209883689880e-01
5.999001860618591309e-01
-8.406781554222106934e-01
-6.097833514213562012e-01
1.088435292243957520e+00
-1.572057723999023438e+00
8.696537017822265625e-01
1.138268351554870605e+00
-5.004813894629478455e-02
1.992975592613220215e+00
-9.284401535987854004e-01
1.900432348251342773e+00
-6.314171552658081055e-01
1.571492791175842285e+00
-1.021746158599853516e+00
1.710220128297805786e-01
5.332455635070800781e-01
1.303873062133789062e+00
-1.166883707046508789e+00
-1.660074472427368164e+00
-6.030263304710388184e-01
-1.297222971916198730e+00
-1.342871665954589844e+00
-1.496810436248779297e+00
-1.116512566804885864e-01
-2.214503884315490723e-01
-3.841717960312962532e-03
2.884830534458160400e-01
3.338507115840911865e-01
4.898249506950378418e-01
-2.674217820167541504e-01
7.022139430046081543e-01
-1.487556099891662598e-01
-1.233006954193115234e+00
-1.777670741081237793e+00
5.227632075548171997e-02
1.236663222312927246e+00
-7.472638487815856934e-01
5.523028969764709473e-01
7.025572657585144043e-01
-8.121354877948760986e-02
1.470296502113342285e+00
9.001399874687194824e-01
6.371257305145263672e-01
4.277275502681732178e-01
-1.490073204040527344e-01
-1.155678749084472656e+00
-3.775138258934020996e-01
-4.093062579631805420e-01
-1.224410980939865112e-01
9.136722683906555176e-01
7.304043769836425781e-01
1.261414885520935059e+00
-1.169719815254211426e+00
1.179088875651359558e-01
4.999096095561981201e-01
7.772157192230224609e-01
-5.512161850929260254e-01
8.486913442611694336e-01
9.753294289112091064e-04
-6.858580559492111206e-02
-3.125675916671752930e+00
-4.580203592777252197e-01
1.810864210128784180e-01
5.313187241554260254e-01
1.795389801263809204e-01
2.023502588272094727e+00
-1.192363277077674866e-01
1.234460353851318359e+00
-3.711096346378326416e-01
7.888793349266052246e-01
8.380638957023620605e-01
-5.518250912427902222e-02
-1.047890782356262207e-01
8.703841567039489746e-01
3.878774344921112061e-01
9.724256992340087891e-01
-3.968235850334167480e-02
7.813571691513061523e-01
-8.526140451431274414e-01
-2.611921727657318115e-01
-1.401796102523803711e+00
3.246509134769439697e-01
-2.384297102689743042e-01
-6.907418966293334961e-01
-3.216089308261871338e-01
1.141427755355834961e+00
-1.164501309394836426e+00
-6.909657716751098633e-01
-1.445106863975524902e-01
5.663819611072540283e-02
1.053807735443115234e+00
-1.515244990587234497e-01
-7.343879342079162598e-01
2.352760173380374908e-02
-1.494244933128356934e+00
-1.234100818634033203e+00
6.571232080459594727e-01
-9.838910400867462158e-02
-1.027551144361495972e-01
7.621886134147644043e-01
3.122403323650360107e-01
-1.342292308807373047e+00
1.119738578796386719e+00
3.459351137280464172e-02
8.573266118764877319e-02
8.052167892456054688e-01
4.384913742542266846e-01
-7.644744515419006348e-01
-3.116220831871032715e-01
-1.601615667343139648e+00
-5.994387865066528320e-01
-7.177257537841796875e-01
-1.264018118381500244e-01
-6.241273283958435059e-01
6.539238244295120239e-02
5.567530989646911621e-01
-9.370865225791931152e-01
1.794710040092468262e+00
1.352487921714782715e+00
6.617258191108703613e-01
-6.704574227333068848e-01
7.570577263832092285e-01
-1.259796500205993652e+00
-9.888708591461181641e-02
-3.062089905142784119e-02
-2.308187186717987061e-01
5.460981130599975586e-01
8.960473537445068359e-01
-1.406165003776550293e+00
-3.516370058059692383e-01
-2.008791208267211914e+00
-3.933643996715545654e-01
-5.027169585227966309e-01
-2.530470490455627441e-01
-4.709605574607849121e-01
-9.999873638153076172e-01
7.806298136711120605e-01
-4.125412181019783020e-02
5.084294676780700684e-01
5.122907161712646484e-01
1.873923689126968384e-01
-8.935149312019348145e-01
-6.899067759513854980e-01
-3.571158945560455322e-01
-1.804236412048339844e+00
3.660303726792335510e-02
-8.782371282577514648e-01
1.352367401123046875e-01
2.606338262557983398e-01
1.098573565483093262e+00
3.438409566879272461e-01
5.219385027885437012e-01
2.506736814975738525e-01
-2.347229421138763428e-01
1.108217597007751465e+00
-1.045189857482910156e+00
5.140559077262878418e-01
-1.300360798835754395e+00
-7.114362120628356934e-01
-2.514246404170989990e-01
3.533796668052673340e-01
-3.344733417034149170e-01
1.777252368628978729e-02
1.568173915147781372e-01
3.819957375526428223e-01
1.108053922653198242e+00
-6.796347498893737793e-01
4.496420547366142273e-02
-6.714658141136169434e-01
6.799398660659790039e-01
4.808596074581146240e-01
8.809120059013366699e-01
6.713651120662689209e-02
1.168303489685058594e+00
-1.619330406188964844e+00
-1.243316054344177246e+00
9.703343510627746582e-01
1.622655272483825684e+00
-7.174450159072875977e-01
6.225319206714630127e-02
1.166440844535827637e+00
-1.571541726589202881e-01
4.955602586269378662e-01
7.769181132316589355e-01
-4.690785408020019531e+00
-2.271394878625869751e-01
9.698930978775024414e-01
1.177980542182922363e+00
1.100268602371215820e+00
9.358633160591125488e-01
9.158084392547607422e-01
4.513536021113395691e-02
9.819799065589904785e-01
-1.237107992172241211e+00
-5.509980320930480957e-01
-9.052696228027343750e-01
2.272083163261413574e-01
6.293982863426208496e-01
4.921149909496307373e-01
1.408779621124267578e-01
1.169786930084228516e+00
1.482754230499267578e+00
-6.387068331241607666e-02
-2.285341732203960419e-02
-4.670693874359130859e-01
8.783901929855346680e-01
4.615223407745361328e-01
4.735291376709938049e-02
1.132938265800476074e+00
-5.474475398659706116e-02
8.706881403923034668e-01
-9.735234379768371582e-01
-5.671915411949157715e-01
6.087218523025512695e-01
1.983041409403085709e-03
5.557183027267456055e-01
2.247631698846817017e-01
5.358576178550720215e-01
-1.955594271421432495e-01
5.446901321411132812e-01
-3.755424916744232178e-01
-2.388670593500137329e-01
1.412902027368545532e-02
1.038051486015319824e+00
-1.187089562416076660e+00
2.463015764951705933e-01
-1.459367275238037109e-01
-1.238282442092895508e+00
3.328714072704315186e-01
-1.090027213096618652e+00
1.539389014244079590e+00
2.698495686054229736e-01
1.111748889088630676e-01
1.269184708595275879e+00
9.413321614265441895e-01
8.968867063522338867e-01
8.717128634452819824e-01
7.632145881652832031e-01
-6.158609390258789062e-01
-8.773797154426574707e-01
-1.444693922996520996e+00
4.173297882080078125e-01
-4.928074777126312256e-01
-2.135532349348068237e-02
-1.765348017215728760e-01
-1.227913260459899902e+00
-1.068160772323608398e+00
-2.914243936538696289e-01
-4.334880411624908447e-01
-4.207834303379058838e-01
1.661655068397521973e+00
-7.610737085342407227e-01
5.302798151969909668e-01
5.309484004974365234e-01
-3.129652142524719238e-02
2.537078261375427246e-01
-3.159926533699035645e-01
1.059632539749145508e+00
4.014495909214019775e-01
7.038868963718414307e-02
-7.051209807395935059e-01
7.576511241495609283e-03
6.376675367355346680e-01
1.323185443878173828e+00
3.332747817039489746e-01
-8.819684982299804688e-01
-1.003203630447387695e+00
-1.692338660359382629e-02
3.526552021503448486e-01
-9.799008369445800781e-01
9.213024750351905823e-03
3.108429908752441406e-01
-1.083449959754943848e+00
1.322722196578979492e+00
-1.369939088821411133e+00
4.127189218997955322e-01
-1.209833979606628418e+00
-6.879924535751342773e-01
-1.027789473533630371e+00
-1.918886065483093262e+00
-3.863151669502258301e-01
8.260132074356079102e-01
4.878082871437072754e-01
-7.702933549880981445e-01
-6.846269965171813965e-02
2.174872398376464844e+00
1.801349520683288574e-01
-1.098085865378379822e-01
4.656544029712677002e-01
-4.576439857482910156e-01
4.535183683037757874e-02
-2.560328543186187744e-01
1.337717056274414062e+00
-1.848556995391845703e-01
-1.436466872692108154e-01
-3.124837577342987061e-01
1.722901016473770142e-01
9.136562347412109375e-01
3.680960536003112793e-01
-1.155481114983558655e-01
-2.529584407806396484e+00
5.641893744468688965e-01
-6.446689367294311523e-01
-1.085613369941711426e+00
-6.754017472267150879e-01
-1.309126138687133789e+00
1.229971181601285934e-03
-1.915749549865722656e+00
-1.226396203041076660e+00
9.638375043869018555e-01
-3.543928638100624084e-02
-1.030151918530464172e-01
1.221765637397766113e+00
1.217528432607650757e-01
-1.327446401119232178e-01
7.685964107513427734e-01
-2.212902307510375977e+00
3.863884508609771729e-01
3.637094795703887939e-01
-2.653021335601806641e+00
1.003127932548522949e+00
7.153329998254776001e-02
1.061652421951293945e+00
9.709367156028747559e-01
-4.517528414726257324e-01
-4.087050557136535645e-01
-2.763960063457489014e-01
1.825777254998683929e-02
-5.410941839218139648e-01
5.518012046813964844e-01
9.378349184989929199e-01
1.449833154678344727e+00
-2.055972337722778320e+00
7.338339090347290039e-01
-1.325291633605957031e+00
5.725848302245140076e-02
3.819737434387207031e-01
8.467540144920349121e-01
-3.055039346218109131e-01
-1.187719821929931641e+00
8.103317767381668091e-02
-2.559553682804107666e-01
-3.859850466251373291e-01
1.508283495903015137e+00
5.912626981735229492e-01
5.625789985060691833e-02
-2.692041695117950439e-01
-5.796246528625488281e-01
-1.309277415275573730e-01
6.576032191514968872e-02
-4.098525643348693848e-01
-5.368329584598541260e-02
4.399794042110443115e-01
5.114765763282775879e-01
1.318959295749664307e-01
5.714367032051086426e-01
-1.065734699368476868e-01
9.357802569866180420e-02
-7.567539811134338379e-02
-9.638301134109497070e-01
2.033770978450775146e-01
-2.197409391403198242e+00
-1.605086445808410645e+00
2.916807830333709717e-01
-1.009558320045471191e+00
2.398772537708282471e-02
8.748301863670349121e-01
5.594658851623535156e-01
-4.954688251018524170e-01
-5.000908970832824707e-01
-3.782106935977935791e-01
-2.026039510965347290e-01
-3.792620003223419189e-01
5.232867002487182617e-01
2.641259729862213135e-01
7.959880232810974121e-01
1.147330850362777710e-01
-6.029841899871826172e-01
-6.623536944389343262e-01
-4.800417721271514893e-01
1.108166456222534180e+00
9.390816688537597656e-01
-3.467480242252349854e-01
-7.154427468776702881e-02
-1.312516570091247559e+00
3.273934721946716309e-01
1.312371373176574707e+00
2.770921587944030762e-01
1.018874406814575195e+00
1.393944382667541504e+00
1.727632135152816772e-01
7.449278235435485840e-01
3.903980255126953125e-01
-2.438799291849136353e-01
-2.259378693997859955e-02
-3.074679076671600342e-01
8.909659087657928467e-02
-9.710577726364135742e-01
9.572409391403198242e-01
-8.081655502319335938e-01
1.855489760637283325e-01
-2.989247143268585205e-01
6.185327172279357910e-01
2.559447288513183594e-01
-6.132324784994125366e-02
-5.596532821655273438e-01
-4.052654504776000977e-01
2.119492366909980774e-02
1.888419874012470245e-02
-2.672606110572814941e-01
-3.932048976421356201e-01
1.904319524765014648e+00
7.226082682609558105e-01
1.281570941209793091e-01
2.342227697372436523e-01
-6.272808909416198730e-01
-1.256664693355560303e-01
