6.244260817766189575e-02
7.764492034912109375e-01
-1.059567689895629883e+00
1.899208873510360718e-01
6.022549867630004883e-01
-5.548263788223266602e-01
-7.973963022232055664e-01
-7.927985787391662598e-01
1.878331542015075684e+00
4.385016262531280518e-01
-4.807687923312187195e-02
6.289848089218139648e-01
1.396186828613281250e+00
5.742354393005371094e-01
2.986581064760684967e-02
6.558052897453308105e-01
-1.679764389991760254e-01
-4.324490129947662354e-01
5.734542012214660645e-01
2.929460108280181885e-01
-5.075804591178894043e-01
-3.534112572669982910e-01
-7.580021023750305176e-02
3.357610106468200684e-01
1.015754044055938721e-01
-1.771519899368286133e+00
-3.745427131652832031e-01
-3.010900020599365234e-01
-1.300060451030731201e-01
-3.964921236038208008e-01
-2.325955480337142944e-01
6.294317245483398438e-01
1.144794702529907227e+00
7.308451533317565918e-01
1.080147027969360352e-01
-2.388226687908172607e-01
1.490124702453613281e+00
-7.445205748081207275e-02
-5.184238553047180176e-01
-4.720046520233154297e-01
1.602441966533660889e-01
3.033142089843750000e-01
-1.383042454719543457e+00
-1.070956826210021973e+00
-4.390107393264770508e-01
1.034018158912658691e+00
-6.875251531600952148e-01
-8.527290821075439453e-01
-6.441403031349182129e-01
1.116855621337890625e+00
-1.212937831878662109e+00
2.098821699619293213e-01
9.377586841583251953e-01
4.270721673965454102e-01
-9.181842207908630371e-01
1.174382209777832031e+00
-1.312258481979370117e+00
1.065462112426757812e+00
1.138283252716064453e+00
1.036835551261901855e+00
2.044060081243515015e-01
-3.324564173817634583e-02
-4.575249552726745605e-02
4.585548341274261475e-01
6.961432695388793945e-01
3.786209821701049805e-01
4.661966860294342041e-01
1.054230451583862305e+00
-8.550168871879577637e-01
-7.789664715528488159e-02
-1.161974906921386719e+00
-1.455450177192687988e+00
1.837344169616699219e-01
7.407944202423095703e-01
6.225413084030151367e-01
-4.611744284629821777e-01
6.888772845268249512e-01
3.661633729934692383e-01
3.149306774139404297e-01
-1.205096021294593811e-01
-1.034845709800720215e+00
-1.728360414505004883e+00
-3.257794678211212158e-01
1.823236465454101562e+00
4.978003203868865967e-01
1.115049198269844055e-01
-9.725263714790344238e-02
1.154227852821350098e+00
9.350869655609130859e-01
1.176201581954956055e+00
3.025502264499664307e-01
1.290330052375793457e+00
1.768062263727188110e-01
-4.200655519962310791e-01
1.380838155746459961e-01
5.371106863021850586e-01
2.525356039404869080e-02
-6.944034695625305176e-01
-1.554225683212280273e+00
-1.505631089210510254e+00
1.091843962669372559e+00
1.006516337394714355e+00
8.344420790672302246e-01
-1.028125762939453125e+00
5.557525157928466797e-01
-2.606908679008483887e-01
7.327046990394592285e-02
2.955089509487152100e-02
-8.917855620384216309e-01
3.054625093936920166e-01
-1.667162537574768066e+00
-1.069984793663024902e+00
1.263889431953430176e+00
-5.531352162361145020e-01
8.856147527694702148e-03
-8.245259523391723633e-01
5.572666525840759277e-01
8.532466292381286621e-01
-3.485832810401916504e-01
-1.319139599800109863e+00
-5.568155646324157715e-01
-8.349175006151199341e-02
1.730986312031745911e-02
1.343686103820800781e+00
6.397130489349365234e-01
3.915398716926574707e-01
-9.293164014816284180e-01
1.353845596313476562e-01
-3.885270357131958008e-01
5.356180071830749512e-01
-1.824240088462829590e+00
2.704129219055175781e-01
5.569089651107788086e-01
-1.970148682594299316e+00
-4.831293225288391113e-01
-4.598988890647888184e-01
-1.364791035652160645e+00
-1.920304536819458008e+00
1.363160490989685059e+00
5.222941637039184570e-01
-7.844929695129394531e-01
3.421912193298339844e-01
1.322308659553527832e+00
-5.592752695083618164e-01
-6.167904734611511230e-01
-1.538582086563110352e+00
3.605675995349884033e-01
-1.786092996597290039e+00
-7.919558882713317871e-02
1.290223956108093262e+00
-1.184495329856872559e+00
-1.314301848411560059e+00
1.119845584034919739e-01
2.134042978286743164e-01
-6.069716215133666992e-01
-1.426501154899597168e+00
-1.497853755950927734e+00
-9.057964682579040527e-01
1.367322564125061035e+00
7.947956323623657227e-01
-3.598673939704895020e-01
-3.443605005741119385e-01
1.342463850975036621e+00
-9.309098720550537109e-01
1.263667345046997070e+00
4.480891525745391846e-01
1.956854760646820068e-01
8.375334143638610840e-01
1.141728281974792480e+00
-9.020376205444335938e-01
6.339253187179565430e-01
-6.707877516746520996e-01
-7.440196871757507324e-01
6.726659089326858521e-02
-1.923042982816696167e-01
-1.218019008636474609e+00
-3.277643620967864990e-01
-1.422834515571594238e+00
-1.163172945380210876e-01
-4.375784099102020264e-01
-4.177640080451965332e-01
7.494634389877319336e-01
5.783601403236389160e-01
1.469977498054504395e-01
1.718004196882247925e-01
-6.998835802078247070e-01
1.032420769333839417e-01
-3.199129581451416016e+00
1.222085878252983093e-01
9.047460556030273438e-01
3.838271200656890869e-01
-5.595980882644653320e-01
-1.247766017913818359e-01
-8.122781515121459961e-01
-1.600934267044067383e+00
-3.112699687480926514e-01
9.675449728965759277e-01
9.688442945480346680e-01
6.268758773803710938e-01
7.647125720977783203e-01
-5.695350766181945801e-01
-1.173708558082580566e+00
-1.250551342964172363e+00
8.877930641174316406e-01
2.425024956464767456e-01
-1.192902207374572754e+00
4.207741618156433105e-01
-3.690120279788970947e-01
5.072183609008789062e-01
-6.046268939971923828e-01
1.023338913917541504e+00
2.192387133836746216e-01
1.271585971117019653e-01
-4.154135882854461670e-01
-1.639746278524398804e-01
1.054929971694946289e+00
-5.332491993904113770e-01
1.187842011451721191e+00
1.652901917695999146e-01
9.842247962951660156e-01
7.937791347503662109e-01
-9.480580687522888184e-01
-9.431739151477813721e-02
-2.028564661741256714e-01
-3.243796527385711670e-01
-2.411678433418273926e-01
-5.457386374473571777e-01
-7.989994883537292480e-01
1.145633697509765625e+00
-1.099864959716796875e+00
4.617161154747009277e-01
4.198024980723857880e-03
3.274338319897651672e-02
5.281683802604675293e-02
3.150717020034790039e-01
4.449244737625122070e-01
-6.483384966850280762e-01
2.390003055334091187e-01
-5.514279603958129883e-01
1.452098369598388672e+00
3.112304687500000000e+00
5.573874115943908691e-01
7.923548817634582520e-01
-9.984262585639953613e-01
6.605612039566040039e-01
1.016327217221260071e-01
3.336863815784454346e-01
-1.066709876060485840e+00
1.868456974625587463e-02
-2.679381370544433594e-01
-5.141146779060363770e-01
3.052111864089965820e-01
-2.770408391952514648e-01
-1.834421232342720032e-02
-5.907031893730163574e-01
5.312200188636779785e-01
-9.213750958442687988e-01
1.662066765129566193e-02
6.416785717010498047e-01
1.376973092555999756e-01
1.182215809822082520e+00
-1.008212804794311523e+00
-8.921239376068115234e-01
-2.209272146224975586e+00
-1.030310511589050293e+00
1.129529118537902832e+00
-1.552248597145080566e-01
4.486489295959472656e-01
5.736605525016784668e-01
9.140194654464721680e-01
-1.313901424407958984e+00
8.461472392082214355e-01
1.734797358512878418e+00
4.688784852623939514e-02
-7.403281927108764648e-01
-3.220862895250320435e-02
-6.605330705642700195e-01
-4.289304614067077637e-01
5.649349838495254517e-02
-7.830532193183898926e-01
9.258928298950195312e-01
1.141576021909713745e-01
-7.548410445451736450e-02
-9.795054793357849121e-01
4.414009451866149902e-01
-1.564960032701492310e-01
-8.376967310905456543e-01
1.695971190929412842e-01
-1.815938800573348999e-01
-1.456171870231628418e+00
-5.133879184722900391e-01
3.886953592300415039e-01
3.806053996086120605e-01
-1.026490926742553711e+00
-6.564488410949707031e-01
9.220664948225021362e-02
3.116412758827209473e-01
1.704082608222961426e+00
-9.024618864059448242e-01
7.104892134666442871e-01
-5.886378884315490723e-01
1.041111111640930176e+00
1.898776888847351074e-01
-8.990566246211528778e-03
9.933174848556518555e-01
1.420825839042663574e+00
6.667653918266296387e-01
-8.680323511362075806e-02
-4.138135612010955811e-01
-3.185362517833709717e-01
1.378344893455505371e-01
-5.755650401115417480e-01
-1.083117365837097168e+00
1.950659155845642090e-01
-5.845376849174499512e-01
-1.428301930427551270e+00
-1.190908700227737427e-01
-1.348248124122619629e+00
-2.346064329147338867e+00
1.929258942604064941e+00
1.084691047668457031e+00
-1.542957067489624023e+00
-8.933042734861373901e-02
-3.522438183426856995e-02
1.132418632507324219e+00
-9.154651761054992676e-01
-3.667796552181243896e-01
-3.044824004173278809e-01
4.507206380367279053e-01
1.085702702403068542e-01
-9.775013923645019531e-01
-3.443028330802917480e-01
-1.359172463417053223e+00
1.845976591110229492e+00
1.963704973459243774e-01
1.559258699417114258e+00
2.990513741970062256e-01
1.845639497041702271e-01
3.519600033760070801e-01
-7.620407938957214355e-01
1.208467364311218262e+00
5.280206799507141113e-01
3.824607431888580322e-01
6.230756044387817383e-01
6.154257655143737793e-01
2.006666967645287514e-03
-1.482126414775848389e-01
-2.855803668498992920e-01
-1.027251873165369034e-02
5.209455490112304688e-01
9.576054662466049194e-02
-7.598227262496948242e-02
-5.330824851989746094e-01
-8.261591196060180664e-01
8.497675061225891113e-01
-1.592785477638244629e+00
3.422242701053619385e-01
1.830148577690124512e+00
3.490289151668548584e-01
8.771495819091796875e-01
-1.422026157379150391e+00
2.262233257293701172e+00
-2.640885710716247559e-01
1.351626634597778320e+00
-1.305076360702514648e+00
-9.417507052421569824e-02
-1.993706226348876953e-01
7.851561903953552246e-01
-6.782065629959106445e-01
-1.215395331382751465e+00
-1.036562547087669373e-01
-1.707389354705810547e+00
-1.301755309104919434e+00
-1.770640373229980469e+00
-7.340740412473678589e-02
-5.113915205001831055e-01
-3.695366978645324707e-01
3.024343252182006836e-01
5.937123894691467285e-01
3.940840363502502441e-01
-1.276372432708740234e+00
7.448968887329101562e-01
-1.442278772592544556e-01
-1.237849473953247070e+00
-1.402634382247924805e+00
4.047273695468902588e-01
5.259085297584533691e-01
-9.357184767723083496e-01
5.447866916656494141e-01
1.257300525903701782e-01
2.000224441289901733e-01
1.183371663093566895e+00
1.560346126556396484e+00
2.252489775419235229e-01
3.843576312065124512e-01
-2.625508010387420654e-01
-8.620367050170898438e-01
-5.390918850898742676e-01
-2.584134936332702637e-01
-6.000813841819763184e-01
1.044340848922729492e+00
-3.118750452995300293e-01
9.832836985588073730e-01
-1.403188586235046387e+00
5.791157856583595276e-02
5.619559884071350098e-01
4.293427765369415283e-01
-5.775458216667175293e-01
-6.235756725072860718e-02
4.617610275745391846e-01
3.311070203781127930e-01
-2.478314161300659180e+00
-4.820732474327087402e-01
-2.741145491600036621e-01
3.921723961830139160e-01
8.001497387886047363e-01
2.628777027130126953e+00
-1.977657228708267212e-01
1.074850678443908691e+00
-1.422361135482788086e+00
2.069111615419387817e-01
9.662417173385620117e-01
-5.535852164030075073e-03
-1.334477812051773071e-01
5.786544084548950195e-01
-1.649724841117858887e-01
6.137787699699401855e-01
-4.698151350021362305e-01
3.960113823413848877e-01
-7.488651275634765625e-01
-2.659188807010650635e-01
-8.447760343551635742e-01
5.736246109008789062e-01
3.619478046894073486e-01
5.158005654811859131e-02
2.050596922636032104e-01
8.334220051765441895e-01
-1.230139255523681641e+00
-6.757072806358337402e-01
-7.444469928741455078e-01
1.178361400961875916e-01
6.427677869796752930e-01
-1.259583532810211182e-01
-2.036973237991333008e+00
-8.878766745328903198e-02
-9.698616862297058105e-01
-3.533342480659484863e-01
1.327237010002136230e+00
-2.887780368328094482e-01
-6.707192659378051758e-01
6.404793262481689453e-01
6.047282814979553223e-01
-6.421912312507629395e-01
1.187061309814453125e+00
6.339032053947448730e-01
4.625243544578552246e-01
7.984228730201721191e-01
-4.681012406945228577e-02
-7.817376852035522461e-01
1.851388514041900635e-01
-2.253066062927246094e+00
-2.658999264240264893e-01
-9.853746294975280762e-01
-4.801576733589172363e-01
-1.181305766105651855e+00
7.117167860269546509e-02
1.815476715564727783e-01
-1.222505927085876465e+00
3.461360633373260498e-01
1.647316217422485352e+00
1.764233410358428955e-01
-6.712517738342285156e-01
4.102959930896759033e-01
-1.051084280014038086e+00
-5.466344580054283142e-02
5.163614153861999512e-01
-4.497381150722503662e-01
6.930807828903198242e-01
3.946077823638916016e-01
-1.704311847686767578e+00
-6.572398543357849121e-01
-1.794314026832580566e+00
1.084080636501312256e-01
-2.180632650852203369e-01
-9.201886653900146484e-01
-5.554739236831665039e-01
-1.134400486946105957e+00
1.835352480411529541e-01
3.849134147167205811e-01
7.474923133850097656e-01
2.877039909362792969e-01
1.462856531143188477e-01
-8.761336207389831543e-01
-1.168541312217712402e-01
-2.000566422939300537e-01
-1.327901244163513184e+00
-2.587814033031463623e-01
-1.181808590888977051e+00
9.737373888492584229e-02
7.839793562889099121e-01
1.089434146881103516e+00
6.044777035713195801e-01
3.966182172298431396e-01
5.103642344474792480e-01
4.101453125476837158e-01
1.919733524322509766e+00
-6.171790361404418945e-01
9.628044366836547852e-01
-1.477928876876831055e+00
-1.239409565925598145e+00
-6.617573499679565430e-01
3.029195405542850494e-02
-1.276658624410629272e-01
-3.189878761768341064e-01
2.031934559345245361e-01
9.297356009483337402e-01
3.775627315044403076e-01
-1.681064665317535400e-01
-3.905865252017974854e-01
-1.253854513168334961e+00
1.356534957885742188e+00
5.967243313789367676e-01
1.079185843467712402e+00
6.685318350791931152e-01
9.813692569732666016e-01
-1.310170531272888184e+00
-1.284383416175842285e+00
6.625711917877197266e-01
9.473608732223510742e-01
5.083201527595520020e-01
6.036272644996643066e-01
3.604139387607574463e-01
1.210324689745903015e-01
-3.445965349674224854e-01
4.040441811084747314e-01
-3.721300125122070312e+00
-3.990135714411735535e-02
1.142513155937194824e+00
4.255360066890716553e-01
6.988299489021301270e-01
1.057356595993041992e+00
1.097148656845092773e+00
3.640027642250061035e-01
1.417406082153320312e+00
-1.022732734680175781e+00
-1.053995847702026367e+00
-1.133020162582397461e+00
3.251388072967529297e-01
7.455884218215942383e-01
6.469331383705139160e-01
5.066655278205871582e-01
1.441835761070251465e+00
1.264058470726013184e+00
-8.024961948394775391e-01
-2.818942666053771973e-01
-6.013569831848144531e-01
9.735214710235595703e-01
6.382351517677307129e-01
2.873099148273468018e-01
2.352321743965148926e-01
-4.004326462745666504e-02
9.785060882568359375e-01
-4.627983570098876953e-01
1.264121383428573608e-01
1.238460063934326172e+00
-6.677351593971252441e-01
7.792848348617553711e-01
-5.526117086410522461e-01
8.856406211853027344e-01
-2.104795575141906738e-01
1.265231847763061523e+00
-5.272263288497924805e-01
-3.895296156406402588e-01
4.068509638309478760e-01
7.522321343421936035e-01
-1.181127548217773438e+00
-9.277136623859405518e-02
-3.261110484600067139e-01
-1.180018663406372070e+00
6.824447512626647949e-01
-1.378006637096405029e-01
7.540354132652282715e-01
2.224639430642127991e-02
3.002957403659820557e-01
1.270655155181884766e+00
1.074352264404296875e+00
2.600858211517333984e-01
4.070078730583190918e-01
5.470477938652038574e-01
-1.227476000785827637e+00
-8.516783118247985840e-01
-1.001511573791503906e+00
1.520676314830780029e-01
-6.596332788467407227e-01
7.002831250429153442e-02
-2.396478354930877686e-01
-7.387474179267883301e-02
-7.627692222595214844e-01
-3.078548014163970947e-01
-1.122465968132019043e+00
1.208992674946784973e-02
1.240801572799682617e+00
-4.985254108905792236e-01
6.244983673095703125e-01
1.751571297645568848e-01
-2.723018229007720947e-01
7.360485196113586426e-01
1.052391171455383301e+00
1.352111220359802246e+00
4.313738346099853516e-01
4.163898527622222900e-01
-3.666281998157501221e-01
-3.920778632164001465e-01
4.465056955814361572e-01
1.234628081321716309e+00
-2.375639528036117554e-01
-6.372338533401489258e-01
-8.643856644630432129e-01
6.338052749633789062e-01
4.141712188720703125e-02
4.236538335680961609e-02
3.444204628467559814e-01
5.487192869186401367e-01
-8.417029976844787598e-01
1.453979730606079102e+00
-8.515312671661376953e-01
-2.951960824429988861e-02
-1.929382443428039551e+00
-1.021818041801452637e+00
-1.706242412328720093e-01
-1.546382188796997070e+00
-3.335761725902557373e-01
1.099422797560691833e-01
2.273883968591690063e-01
-1.231499791145324707e+00
-2.423855066299438477e-01
1.831704974174499512e+00
-1.775711327791213989e-01
-1.608246862888336182e-01
5.134321451187133789e-01
-3.919100761413574219e-01
6.511240731924772263e-03
4.947378039360046387e-01
8.285666108131408691e-01
-6.650250554084777832e-01
-3.333510160446166992e-01
-3.666267395019531250e-01
6.373260021209716797e-01
8.240512013435363770e-01
-1.370918154716491699e-01
-5.157669186592102051e-01
-1.862044453620910645e+00
1.810789406299591064e-01
-7.192662358283996582e-01
-6.660432815551757812e-01
8.426181972026824951e-02
-8.994346857070922852e-01
-3.901641070842742920e-01
-6.186221241950988770e-01
-1.150330543518066406e+00
1.117090821266174316e+00
-8.445076644420623779e-02
-8.935754895210266113e-01
7.911818623542785645e-01
2.557700872421264648e-01
-6.621156632900238037e-02
-5.075908452272415161e-02
-1.842413187026977539e+00
4.877125620841979980e-01
3.215171024203300476e-02
-2.339433670043945312e+00
8.924962282180786133e-01
3.669202029705047607e-01
5.731690526008605957e-01
-4.194175302982330322e-01
9.996994584798812866e-02
-6.577050685882568359e-02
-1.248824238777160645e+00
5.168179515749216080e-03
-6.083027720451354980e-01
4.528763592243194580e-01
1.108505249023437500e+00
8.957342505455017090e-01
-9.880853295326232910e-01
1.163735628128051758e+00
-8.591494560241699219e-01
-1.553210020065307617e-01
-9.142485260963439941e-02
5.942870378494262695e-01
-1.449895650148391724e-01
-7.385013699531555176e-01
6.197347640991210938e-01
-1.074524641036987305e+00
-6.748145222663879395e-01
8.303827047348022461e-01
6.577273011207580566e-01
-5.159671902656555176e-01
4.371540248394012451e-01
-1.267200350761413574e+00
3.719671964645385742e-01
4.077098369598388672e-01
1.034138053655624390e-01
-1.180824756622314453e+00
7.915158271789550781e-01
4.010891020298004150e-01
8.002498745918273926e-01
1.125802755355834961e+00
-3.664871156215667725e-01
-5.220208168029785156e-01
-4.012721404433250427e-02
-1.012735128402709961e+00
5.163721442222595215e-01
-2.218471050262451172e+00
-1.135856509208679199e+00
1.449343115091323853e-01
-1.041622042655944824e+00
3.174986839294433594e-01
1.603207945823669434e+00
5.205253958702087402e-01
-3.031580448150634766e-01
-8.419083058834075928e-02
5.015172958374023438e-01
5.348245501518249512e-01
-2.936876416206359863e-01
9.384232014417648315e-02
-4.228459298610687256e-01
8.751457333564758301e-01
-5.071979165077209473e-01
-4.991335570812225342e-01
-2.295704185962677002e-01
-8.338762521743774414e-01
1.244656324386596680e+00
7.540978193283081055e-01
-4.396535754203796387e-01
1.134430289268493652e+00
-1.648879051208496094e+00
-4.455442130565643311e-01
1.453631162643432617e+00
1.993902176618576050e-01
1.071413516998291016e+00
1.565254807472229004e+00
1.168751437216997147e-02
1.380551338195800781e+00
-6.961789727210998535e-01
1.159961447119712830e-01
-3.732450306415557861e-01
1.567045748233795166e-01
4.421525895595550537e-01
-9.707779288291931152e-01
5.165714025497436523e-01
-7.562969326972961426e-01
1.111078113317489624e-01
-2.292947173118591309e-01
7.573466300964355469e-01
-1.175078451633453369e-01
4.587655961513519287e-01
-1.121034264564514160e+00
-4.771174490451812744e-01
-2.217825949192047119e-01
-8.568520570406690240e-05
1.468959897756576538e-01
-3.115294277667999268e-01
1.588682770729064941e+00
8.451462388038635254e-01
-1.920387893915176392e-02
5.246484875679016113e-01
-6.698002219200134277e-01
7.240761816501617432e-02
