1.643440127372741699e-01
5.316419005393981934e-01
-8.661697059869766235e-02
-1.421083975583314896e-02
1.552909970283508301e+00
-4.373669028282165527e-01
-1.159204006195068359e+00
-6.393156051635742188e-01
1.487269043922424316e+00
4.373434484004974365e-01
7.489515542984008789e-01
1.529438257217407227e+00
1.458109617233276367e+00
1.028344273567199707e+00
4.397232234477996826e-01
9.621398448944091797e-01
1.426447480916976929e-01
-1.052840948104858398e+00
4.776063561439514160e-01
-9.870506823062896729e-02
-3.068957328796386719e-01
-5.810662731528282166e-02
1.171884387731552124e-01
1.026922464370727539e-01
-7.761262655258178711e-01
-1.914511919021606445e+00
-4.333241581916809082e-01
7.237002849578857422e-01
2.351252138614654541e-01
-4.833484590053558350e-01
5.455415844917297363e-01
1.025810956954956055e+00
9.734820723533630371e-01
2.147491425275802612e-01
7.062705606222152710e-02
-3.952672183513641357e-01
1.006156563758850098e+00
4.036992192268371582e-01
-2.463672608137130737e-01
-4.048290550708770752e-01
-8.639543503522872925e-02
5.025888085365295410e-01
-1.895037651062011719e+00
-1.361481070518493652e+00
-3.767076432704925537e-01
9.598861336708068848e-01
1.814153939485549927e-01
-3.312166929244995117e-01
-1.148362755775451660e+00
6.631680727005004883e-01
-5.409752726554870605e-01
-7.342978566884994507e-02
1.255948066711425781e+00
6.954405903816223145e-01
-3.948941826820373535e-01
1.059112191200256348e+00
-1.262241959571838379e+00
8.883658647537231445e-01
1.397348403930664062e+00
3.839988112449645996e-01
8.698828220367431641e-01
1.312167048454284668e-01
1.680252104997634888e-01
1.886824518442153931e-01
8.795871734619140625e-01
3.958664238452911377e-01
3.000862598419189453e-01
1.218723535537719727e+00
-6.490151882171630859e-01
2.084248214960098267e-01
-1.031597375869750977e+00
-1.120557188987731934e+00
6.929156184196472168e-01
-7.063750177621841431e-02
4.571992754936218262e-01
-4.939096868038177490e-01
8.475722670555114746e-01
3.602034747600555420e-01
2.454391121864318848e-01
-9.956756979227066040e-02
-9.193047285079956055e-01
-1.379610776901245117e+00
-5.918240547180175781e-01
1.054552912712097168e+00
1.522419136017560959e-02
-2.582552284002304077e-02
-7.129819691181182861e-02
9.243857264518737793e-01
7.390237450599670410e-01
1.444014072418212891e+00
-1.511682122945785522e-01
1.331997990608215332e+00
-1.470480561256408691e-01
-2.723024785518646240e-01
5.336351394653320312e-01
4.655829668045043945e-01
5.505232810974121094e-01
-6.335304379463195801e-01
-1.417989611625671387e+00
-1.620816111564636230e+00
1.077662706375122070e+00
1.039744853973388672e+00
5.643113255500793457e-01
-1.276492118835449219e+00
5.492113828659057617e-01
-1.040846779942512512e-01
-9.692169725894927979e-02
1.017826914787292480e+00
-1.310472249984741211e+00
6.237374991178512573e-02
-1.074981451034545898e+00
-1.137974977493286133e+00
1.053394675254821777e+00
-5.363100171089172363e-01
-4.788193479180335999e-02
-2.935144007205963135e-01
3.004543483257293701e-01
4.693295061588287354e-01
-4.254255071282386780e-02
-6.000066399574279785e-01
-8.399909138679504395e-01
-2.245320230722427368e-01
-2.539943670853972435e-03
5.889332890510559082e-01
4.377568662166595459e-01
8.385859131813049316e-01
-5.555928945541381836e-01
6.148890033364295959e-02
-1.002804875373840332e+00
7.835934758186340332e-01
-1.565471887588500977e+00
3.556320667266845703e-01
9.224278330802917480e-01
-2.121152639389038086e+00
-2.149136215448379517e-01
-5.317320227622985840e-01
-1.235691189765930176e+00
-1.964792728424072266e+00
1.080081105232238770e+00
7.729830145835876465e-01
-4.990200996398925781e-01
5.807991027832031250e-01
7.216728925704956055e-01
-3.293890878558158875e-02
-5.125229954719543457e-01
-1.839651584625244141e+00
6.628831624984741211e-01
-1.758823275566101074e+00
2.508398592472076416e-01
1.139078736305236816e+00
-4.805366098880767822e-01
-1.324149727821350098e+00
3.208017051219940186e-01
1.748219281435012817e-01
-8.708905577659606934e-01
-1.400597691535949707e+00
-1.423299670219421387e+00
-8.714827299118041992e-01
1.300657749176025391e+00
1.384668350219726562e+00
-1.039170980453491211e+00
-8.976670503616333008e-01
1.089063525199890137e+00
-9.841921925544738770e-01
7.663822770118713379e-01
3.498019874095916748e-01
1.317246817052364349e-02
7.831353545188903809e-01
8.296697139739990234e-01
-7.326897978782653809e-01
3.969741165637969971e-01
-9.123555421829223633e-01
-4.641495943069458008e-01
-6.892495751380920410e-01
-4.371455907821655273e-01
-6.646575331687927246e-01
-6.902052760124206543e-01
-1.046609640121459961e+00
1.813044697046279907e-01
-7.233759760856628418e-01
-4.151732027530670166e-01
3.221380412578582764e-01
5.660073757171630859e-01
-2.919785380363464355e-01
9.139651060104370117e-02
-2.226144373416900635e-01
-2.823188006877899170e-01
-2.960000753402709961e+00
-1.152647808194160461e-01
1.085056066513061523e+00
1.806786358356475830e-01
-1.256421506404876709e-01
-4.475589394569396973e-01
-4.198208451271057129e-01
-7.051153182983398438e-01
1.554578840732574463e-01
4.969475269317626953e-01
5.977135896682739258e-01
1.106125041842460632e-01
2.499169707298278809e-01
-9.035411477088928223e-01
-1.572971820831298828e+00
-1.158018589019775391e+00
5.867609381675720215e-01
-5.129060745239257812e-01
-2.868025898933410645e-01
3.263923823833465576e-01
-4.943410456180572510e-01
5.629027485847473145e-01
-4.276354610919952393e-01
4.332327544689178467e-01
2.777211666107177734e-01
-2.726514637470245361e-01
-2.133036255836486816e-01
-1.132330819964408875e-01
4.427205026149749756e-01
-1.594425439834594727e-01
2.054941415786743164e+00
4.334869682788848877e-01
4.983254373073577881e-01
6.163566112518310547e-01
-7.819656133651733398e-01
-4.631850421428680420e-01
-5.853530168533325195e-01
-5.878564715385437012e-01
1.530394405126571655e-01
-6.760799139738082886e-02
-1.173717141151428223e+00
7.228155136108398438e-01
-1.464920401573181152e+00
5.152512788772583008e-01
-4.515975713729858398e-03
-3.437198102474212646e-01
9.611701220273971558e-02
4.109806567430496216e-02
6.467876434326171875e-01
-6.301547884941101074e-01
5.008913278579711914e-01
-7.402657866477966309e-01
1.444703698158264160e+00
3.079730033874511719e+00
3.628941178321838379e-01
2.789505720138549805e-01
-1.248876571655273438e+00
1.915961802005767822e-01
-3.023730777204036713e-02
-6.830325722694396973e-01
-1.509660601615905762e+00
-8.273697644472122192e-02
3.342836201190948486e-01
-2.631196565926074982e-02
5.641228705644607544e-02
-4.332557022571563721e-01
-6.621152758598327637e-01
-8.196690678596496582e-01
8.898305892944335938e-02
-5.423179268836975098e-01
-4.572908952832221985e-02
6.270238161087036133e-01
9.998744130134582520e-01
1.004663467407226562e+00
-1.107483386993408203e+00
-7.097969055175781250e-01
-7.105058431625366211e-01
-9.327902197837829590e-01
1.023175001144409180e+00
-1.753322221338748932e-02
5.781417489051818848e-01
7.804181575775146484e-01
1.368020653724670410e+00
-8.026648759841918945e-01
1.245670199394226074e+00
1.862575054168701172e+00
-2.841081619262695312e-01
-8.460227847099304199e-01
-6.258568763732910156e-01
-2.624030224978923798e-02
-6.625194102525711060e-02
-3.070458471775054932e-01
-9.481674432754516602e-01
8.624846339225769043e-01
-7.514522969722747803e-02
1.155465543270111084e-01
-8.021003603935241699e-01
8.379696011543273926e-01
-7.547581195831298828e-01
-5.155730843544006348e-01
9.337761402130126953e-01
-2.963576018810272217e-01
-1.624169468879699707e+00
-6.417731642723083496e-01
3.503812253475189209e-01
4.016154408454895020e-01
-1.249819517135620117e+00
-5.480512380599975586e-01
-5.112435668706893921e-02
5.187505483627319336e-01
1.667649865150451660e+00
-8.623716235160827637e-01
-4.285931959748268127e-02
-1.498286604881286621e+00
9.166655540466308594e-01
-7.545897364616394043e-02
2.896193861961364746e-01
9.375786185264587402e-01
1.159755706787109375e+00
9.181002378463745117e-01
2.880737483501434326e-01
-1.124044060707092285e+00
-4.332472085952758789e-01
-4.271165654063224792e-02
-4.029603004455566406e-01
-9.717092514038085938e-01
4.838125109672546387e-01
-3.627096712589263916e-01
-1.023046851158142090e+00
-1.218883544206619263e-01
-1.194139719009399414e+00
-2.954010725021362305e+00
2.412487983703613281e+00
6.625111103057861328e-01
-1.086488604545593262e+00
6.704589128494262695e-01
-2.690423130989074707e-01
1.186751842498779297e+00
-1.170287489891052246e+00
-6.380378603935241699e-01
-3.522251248359680176e-01
7.183560132980346680e-01
4.736838638782501221e-01
-5.191481113433837891e-01
-7.837839722633361816e-01
-8.769568204879760742e-01
8.648784756660461426e-01
-3.114992082118988037e-01
1.400697112083435059e+00
1.800578534603118896e-01
1.955775767564773560e-01
-2.387042641639709473e-01
-7.273896932601928711e-01
9.340342879295349121e-01
1.687652915716171265e-01
-1.176133379340171814e-01
9.580821990966796875e-01
9.565112590789794922e-01
2.003357112407684326e-01
3.968716263771057129e-01
1.262592524290084839e-01
-5.488048791885375977e-01
6.172087788581848145e-02
-7.955216765403747559e-01
-5.660912394523620605e-01
-7.682374119758605957e-01
-9.967018961906433105e-01
7.069409489631652832e-01
-1.720681905746459961e+00
1.930668950080871582e-01
1.239728450775146484e+00
-5.102270245552062988e-01
1.592912197113037109e+00
-9.056060910224914551e-01
1.909101605415344238e+00
-6.213616728782653809e-01
7.933773994445800781e-01
-1.415520191192626953e+00
6.203049421310424805e-01
-7.304039597511291504e-02
7.017856240272521973e-01
-6.575890183448791504e-01
-1.189524412155151367e+00
1.675037480890750885e-02
-8.295012116432189941e-01
-2.393945902585983276e-01
-1.285072565078735352e+00
-6.846299171447753906e-01
-2.721664607524871826e-01
-3.586503267288208008e-01
5.122599005699157715e-01
1.011835217475891113e+00
8.011369109153747559e-01
-1.186132073402404785e+00
8.979974389076232910e-01
-1.451444327831268311e-01
-1.498830676078796387e+00
-1.148353576660156250e+00
2.194966003298759460e-02
7.184712886810302734e-01
-5.622637867927551270e-01
3.819497525691986084e-01
-1.821348667144775391e-01
-2.517639100551605225e-01
1.219642043113708496e+00
1.568141102790832520e+00
2.890907526016235352e-01
6.303396224975585938e-01
-1.583896726369857788e-01
-8.348928689956665039e-01
-1.552799791097640991e-01
-3.303828537464141846e-01
-2.257570028305053711e-01
1.219804048538208008e+00
1.813958436250686646e-01
1.324920177459716797e+00
-1.164221644401550293e+00
2.870613634586334229e-01
9.061099290847778320e-01
1.063542008399963379e+00
-4.770807623863220215e-01
1.524670273065567017e-01
3.830733299255371094e-01
9.622623771429061890e-02
-2.940260171890258789e+00
-5.943858027458190918e-01
2.867428362369537354e-01
3.971980810165405273e-01
8.590872883796691895e-01
1.664079070091247559e+00
2.198891639709472656e-01
7.396956086158752441e-01
-1.387633681297302246e+00
3.347446024417877197e-01
1.298538565635681152e+00
-2.935349047183990479e-01
3.777014017105102539e-01
4.588951766490936279e-01
4.099115431308746338e-01
7.331957817077636719e-01
4.902037978172302246e-02
8.227449655532836914e-01
-5.417183637619018555e-01
-3.005881607532501221e-01
-9.289804100990295410e-01
2.476457804441452026e-01
4.664849638938903809e-01
7.108237594366073608e-02
2.137707918882369995e-01
9.756506681442260742e-01
-1.005802035331726074e+00
-6.760931611061096191e-01
-1.046453595161437988e+00
-1.091111421585083008e+00
1.013023734092712402e+00
-5.026195049285888672e-01
-1.715141773223876953e+00
4.846755862236022949e-01
-1.060520172119140625e+00
5.508973002433776855e-01
1.767242074012756348e+00
-6.157195195555686951e-02
-6.503522396087646484e-01
6.426072716712951660e-01
4.286691546440124512e-01
-6.851993203163146973e-01
6.140233874320983887e-01
7.437142729759216309e-01
-1.963307112455368042e-01
1.000224828720092773e+00
-1.899881809949874878e-01
-3.135860860347747803e-01
4.267889857292175293e-01
-2.254975557327270508e+00
1.058900132775306702e-01
-4.207589924335479736e-01
-6.341088414192199707e-01
-1.090556859970092773e+00
-5.381649136543273926e-01
1.470797806978225708e-01
-6.311474442481994629e-01
3.659267127513885498e-01
9.617369771003723145e-01
9.810181856155395508e-01
3.886708915233612061e-01
1.848552608862519264e-03
-5.578182339668273926e-01
6.844532210379838943e-03
3.083194196224212646e-01
-3.217282891273498535e-01
-2.058023065328598022e-01
9.753955602645874023e-01
-1.344105720520019531e+00
-7.060151696205139160e-01
-2.622018337249755859e+00
-5.829450488090515137e-01
-7.197073698043823242e-01
-5.248469114303588867e-01
-1.587431430816650391e-01
-1.240455508232116699e+00
5.744265019893646240e-02
8.157348632812500000e-01
8.980997800827026367e-01
7.528447359800338745e-02
3.948836624622344971e-01
-1.158703327178955078e+00
-5.079489946365356445e-01
-1.015898942947387695e+00
-1.606337904930114746e+00
5.269614607095718384e-02
-1.276964902877807617e+00
5.262172222137451172e-01
4.386372268199920654e-01
7.987617850303649902e-01
3.156422376632690430e-01
1.299189925193786621e+00
2.100101262331008911e-01
9.795891493558883667e-02
1.571864724159240723e+00
-2.166982553899288177e-02
7.598745226860046387e-01
-1.277109026908874512e+00
-1.187797784805297852e+00
-3.862133324146270752e-01
-1.659319549798965454e-01
1.284834444522857666e-01
-1.004695147275924683e-02
-6.367990374565124512e-02
2.091701477766036987e-01
2.449197322130203247e-01
-6.058387160301208496e-01
-3.788971342146396637e-03
-1.348502039909362793e+00
1.389576315879821777e+00
-1.326476130634546280e-02
1.305610656738281250e+00
4.232522845268249512e-01
7.952541708946228027e-01
-1.835342288017272949e+00
-1.083653807640075684e+00
7.912355661392211914e-01
3.048283457756042480e-01
3.668932616710662842e-01
2.184678465127944946e-01
-1.488607525825500488e-01
-1.087015029042959213e-02
-2.372676730155944824e-01
2.893512845039367676e-01
-4.472293853759765625e+00
-4.440128430724143982e-02
8.662299513816833496e-01
1.051817893981933594e+00
1.196988940238952637e+00
7.776777744293212891e-01
6.986844539642333984e-01
9.905248284339904785e-01
1.465853691101074219e+00
-7.631743550300598145e-01
-1.024377822875976562e+00
-8.269725441932678223e-01
5.570217370986938477e-01
7.310857772827148438e-01
8.781517744064331055e-01
8.890397548675537109e-01
1.283370494842529297e+00
1.335135579109191895e+00
-1.532994866371154785e+00
4.363563060760498047e-01
-1.217218637466430664e+00
1.338526010513305664e+00
1.529263854026794434e-01
-1.799550950527191162e-01
2.302381247282028198e-01
5.233078598976135254e-01
3.985082209110260010e-01
-5.226904898881912231e-02
2.597208321094512939e-01
1.060415744781494141e+00
-4.610578715801239014e-01
4.137056171894073486e-01
-4.411192536354064941e-01
5.744495987892150879e-01
-3.640984594821929932e-01
4.449238181114196777e-01
-4.175397753715515137e-01
-3.518400788307189941e-01
4.721508920192718506e-01
1.303307116031646729e-01
-1.046173930168151855e+00
-4.403114914894104004e-01
-1.449424743652343750e+00
-8.604325056076049805e-01
2.173809260129928589e-01
-5.330507159233093262e-01
8.454338312149047852e-01
3.785799145698547363e-01
2.300967127084732056e-01
9.231915473937988281e-01
4.619736969470977783e-01
6.112971901893615723e-01
1.069063425064086914e+00
7.839766889810562134e-02
-1.170372605323791504e+00
-3.300199210643768311e-01
-7.535403370857238770e-01
-1.750585734844207764e-01
-7.902879714965820312e-01
-1.629177480936050415e-01
-5.512138605117797852e-01
-5.859574675559997559e-01
-9.526983499526977539e-01
8.235242217779159546e-02
-1.164553284645080566e+00
3.184038400650024414e-01
9.799259305000305176e-01
-4.732099473476409912e-01
4.773351252079010010e-01
-7.823470234870910645e-02
-2.818742692470550537e-01
9.398350119590759277e-01
1.132490634918212891e+00
1.449905157089233398e+00
-5.883158370852470398e-02
2.503626048564910889e-01
-7.765152454376220703e-01
-3.832862079143524170e-01
3.642215728759765625e-01
1.434329748153686523e+00
-3.158541619777679443e-01
6.337546557188034058e-02
-3.327756226062774658e-01
7.192068099975585938e-01
-1.783680766820907593e-01
-1.513107866048812866e-01
1.120509266853332520e+00
1.335608810186386108e-01
-1.346158027648925781e+00
1.490223646163940430e+00
-1.213772892951965332e+00
6.458368301391601562e-01
-1.914992213249206543e+00
-1.254524469375610352e+00
-7.130136489868164062e-01
-1.865347504615783691e+00
-3.165278136730194092e-01
4.284523129463195801e-01
2.454911917448043823e-01
-1.103205323219299316e+00
-8.893370032310485840e-01
2.107615709304809570e+00
8.221314102411270142e-02
-5.069150328636169434e-01
1.148046970367431641e+00
4.384604990482330322e-01
-1.508076936006546021e-01
7.463822364807128906e-01
9.915226697921752930e-01
-1.219219714403152466e-01
-9.844684600830078125e-01
-2.901068031787872314e-01
2.661785483360290527e-01
9.344241023063659668e-01
-2.689475119113922119e-01
4.039939492940902710e-02
-2.012503385543823242e+00
7.393239140510559082e-01
-5.389576554298400879e-01
-1.118934869766235352e+00
1.509723514318466187e-01
-7.597221732139587402e-01
-7.010649442672729492e-01
-7.220107913017272949e-01
-7.432042360305786133e-01
1.305362939834594727e+00
3.761095702648162842e-01
-1.144730448722839355e+00
6.459563374519348145e-01
1.023781895637512207e+00
-7.988380789756774902e-01
2.040903121232986450e-01
-1.927115201950073242e+00
5.120610594749450684e-01
4.030895531177520752e-01
-2.448918104171752930e+00
5.224123001098632812e-01
1.192408129572868347e-01
5.546575784683227539e-01
2.418218739330768585e-02
-1.033765673637390137e-01
2.480963468551635742e-01
-8.355231285095214844e-01
2.652101963758468628e-02
-6.941944360733032227e-01
6.115424633026123047e-01
1.177766680717468262e+00
1.472815871238708496e+00
-7.896595001220703125e-01
5.232413411140441895e-01
-8.410689830780029297e-01
-3.474528193473815918e-01
2.607675790786743164e-01
1.558075696229934692e-01
-6.326970458030700684e-01
-7.932537794113159180e-01
3.323434889316558838e-01
-4.567401707172393799e-01
-4.679198265075683594e-01
7.047526240348815918e-01
2.555945217609405518e-01
-9.678196310997009277e-01
-7.623418420553207397e-02
-1.476904392242431641e+00
6.264821439981460571e-02
-4.358928650617599487e-03
-6.162699311971664429e-02
-1.650375008583068848e+00
5.005204081535339355e-01
6.061818003654479980e-01
5.089342594146728516e-01
9.037585854530334473e-01
-3.851932287216186523e-01
-4.274314939975738525e-01
4.908800423145294189e-01
-1.121253848075866699e+00
1.304247528314590454e-01
-1.287982225418090820e+00
-1.307940125465393066e+00
2.164431661367416382e-01
-1.121766209602355957e+00
3.238616287708282471e-01
1.044003248214721680e+00
1.065998315811157227e+00
-3.608355224132537842e-01
-6.181204691529273987e-02
3.378415703773498535e-01
-1.789821088314056396e-01
-9.298994541168212891e-01
-6.749601960182189941e-01
-4.081647098064422607e-01
1.094733119010925293e+00
-9.602764844894409180e-01
-6.922358274459838867e-01
-3.974776566028594971e-01
-7.774396538734436035e-01
1.538816213607788086e+00
6.159732937812805176e-01
-3.660124838352203369e-01
1.391953825950622559e+00
-6.220110654830932617e-01
-4.277743771672248840e-02
1.135187029838562012e+00
2.965394854545593262e-01
2.510399818420410156e-01
2.185431957244873047e+00
2.697032690048217773e-01
1.767679929733276367e+00
-3.846638202667236328e-01
5.691309571266174316e-01
-8.451343178749084473e-01
9.635101258754730225e-02
3.436641097068786621e-01
-7.661947011947631836e-01
8.828967809677124023e-01
-6.021249666810035706e-02
8.477282524108886719e-01
-1.449933350086212158e-01
6.999872922897338867e-01
3.401492238044738770e-01
-4.215949773788452148e-02
-9.270913600921630859e-01
-8.990044593811035156e-01
-7.171950340270996094e-01
1.820854842662811279e-02
-1.702460050582885742e-01
-3.168789148330688477e-01
2.314086198806762695e+00
-4.759946838021278381e-02
2.617286443710327148e-01
6.722349524497985840e-01
-9.012570381164550781e-01
3.788937330245971680e-01
