2.450532764196395874e-01
8.973538875579833984e-01
-8.243131637573242188e-01
2.686986625194549561e-01
8.044028282165527344e-01
-4.839476048946380615e-01
-7.534038424491882324e-01
-5.467140078544616699e-01
1.601405978202819824e+00
3.045602440834045410e-01
8.389586955308914185e-02
1.288856863975524902e+00
1.394538283348083496e+00
7.374846935272216797e-01
-2.354979049414396286e-03
1.519808173179626465e+00
-3.572221100330352783e-01
-5.142197012901306152e-01
6.846312284469604492e-01
2.586475759744644165e-02
-1.515597384423017502e-02
-1.052934750914573669e-01
1.598383784294128418e-01
-5.810224637389183044e-02
-2.634276151657104492e-01
-1.742549180984497070e+00
-1.674096733331680298e-01
4.543448388576507568e-01
1.087679192423820496e-01
-7.634882330894470215e-01
-1.841078251600265503e-01
5.424240231513977051e-01
1.039020061492919922e+00
2.785111367702484131e-01
1.448008567094802856e-01
-3.760630190372467041e-01
1.650379180908203125e+00
6.845924258232116699e-01
-9.170562624931335449e-01
-9.774444699287414551e-01
-4.011563360691070557e-01
5.603522658348083496e-01
-2.056767702102661133e+00
-1.672929406166076660e+00
-5.208282470703125000e-01
7.928597331047058105e-01
-1.308577135205268860e-02
-2.943352758884429932e-01
-1.010838150978088379e+00
7.847449779510498047e-01
-1.074332833290100098e+00
-1.269728839397430420e-01
9.696615934371948242e-01
1.058867871761322021e-01
-7.836429476737976074e-01
1.346450567245483398e+00
-1.175451278686523438e+00
8.134036064147949219e-01
1.383457541465759277e+00
8.074914813041687012e-01
3.690367043018341064e-01
-1.365757584571838379e-01
1.582796722650527954e-01
1.474091857671737671e-01
6.946679353713989258e-01
-8.259961754083633423e-02
6.846872568130493164e-01
8.121640682220458984e-01
-7.013622522354125977e-01
8.345405012369155884e-02
-7.994788289070129395e-01
-1.170318841934204102e+00
6.068804264068603516e-01
5.564439892768859863e-01
4.522169232368469238e-01
-4.532853662967681885e-01
8.339599967002868652e-01
5.965830683708190918e-01
7.929990887641906738e-01
-2.872620522975921631e-02
-9.083132743835449219e-01
-1.005761504173278809e+00
-7.811145782470703125e-01
1.130237817764282227e+00
-1.020579338073730469e-01
-1.578802168369293213e-01
-1.055514514446258545e-01
1.164922356605529785e+00
9.750130772590637207e-01
1.365155696868896484e+00
-1.681790202856063843e-01
1.398139715194702148e+00
3.508037924766540527e-01
-7.112091779708862305e-01
5.418241024017333984e-01
5.460521578788757324e-01
7.812677025794982910e-01
-4.803865849971771240e-01
-1.465859055519104004e+00
-1.828554153442382812e+00
1.748254060745239258e+00
1.220428347587585449e+00
1.978910714387893677e-01
-1.317577838897705078e+00
1.320038139820098877e-01
1.990228518843650818e-02
4.699852466583251953e-01
6.589610576629638672e-01
-1.164824604988098145e+00
3.230662047863006592e-01
-1.143272280693054199e+00
-7.729033231735229492e-01
1.485555529594421387e+00
-4.928942918777465820e-01
2.523614764213562012e-01
-8.365619182586669922e-01
7.402340173721313477e-01
6.548772454261779785e-01
-8.188275247812271118e-02
-7.970561385154724121e-01
-7.881065011024475098e-01
-3.864021599292755127e-01
-3.703955188393592834e-02
1.038534998893737793e+00
2.298507243394851685e-01
5.684680119156837463e-02
-1.098284244537353516e+00
3.281853348016738892e-02
-7.122594118118286133e-01
1.179729342460632324e+00
-1.643960475921630859e+00
-1.606842875480651855e-01
8.785806298255920410e-01
-2.086226224899291992e+00
-6.269356012344360352e-01
-8.858740329742431641e-01
-7.917420268058776855e-01
-1.909563422203063965e+00
1.103726744651794434e+00
1.004223465919494629e+00
-2.653524577617645264e-01
1.609147042036056519e-01
1.319785565137863159e-01
-1.794844418764114380e-01
-1.004351615905761719e+00
-1.389863729476928711e+00
6.183286905288696289e-01
-1.492314100265502930e+00
-3.903869688510894775e-01
1.177558898925781250e+00
-8.356031775474548340e-01
-1.073848724365234375e+00
2.930719852447509766e-01
3.756301105022430420e-01
-8.074409365653991699e-01
-1.380782604217529297e+00
-1.354904413223266602e+00
-1.017131209373474121e+00
1.245023488998413086e+00
1.060226798057556152e+00
-1.217864513397216797e+00
-8.026564121246337891e-01
7.547678351402282715e-01
-1.083830118179321289e+00
1.103479027748107910e+00
-2.891210317611694336e-01
2.276184260845184326e-01
5.460738539695739746e-01
1.256639957427978516e+00
-6.550603508949279785e-01
7.441833615303039551e-01
-3.654874861240386963e-01
-1.142394304275512695e+00
-7.682252526283264160e-01
-6.901634931564331055e-01
-8.667942285537719727e-01
-5.137637853622436523e-01
-1.438943743705749512e+00
-7.282049208879470825e-02
-3.095832169055938721e-01
-3.024726510047912598e-01
7.135329246520996094e-01
6.153358817100524902e-01
-1.378411799669265747e-01
3.084782958030700684e-01
-1.474232822656631470e-01
-8.748127520084381104e-02
-2.995482444763183594e+00
2.647564411163330078e-01
1.296902656555175781e+00
3.019182682037353516e-01
-7.084128260612487793e-01
-7.379567027091979980e-01
-2.101914435625076294e-01
-1.162011623382568359e+00
1.722271442413330078e-01
5.870496034622192383e-01
1.145301699638366699e+00
5.915852189064025879e-01
5.795180425047874451e-02
-1.886583268642425537e-01
-1.350770235061645508e+00
-9.251047968864440918e-01
2.497188597917556763e-01
-1.558923721313476562e-01
-4.457836151123046875e-01
6.814330220222473145e-01
-5.598161816596984863e-01
2.297173738479614258e-01
-3.020502924919128418e-01
-6.810961663722991943e-02
1.762611120939254761e-01
-1.523071229457855225e-01
-6.560578197240829468e-02
-8.692077547311782837e-02
3.706098198890686035e-01
-6.210513114929199219e-01
1.459558963775634766e+00
5.085588693618774414e-01
3.866879940032958984e-01
6.139251589775085449e-01
-9.842265844345092773e-01
-7.872414588928222656e-02
-5.270720124244689941e-01
-4.341233968734741211e-01
-2.340710908174514771e-02
-1.780868619680404663e-01
-7.199084162712097168e-01
1.110217571258544922e+00
-1.426254153251647949e+00
6.395187973976135254e-01
1.358349621295928955e-01
3.642397522926330566e-01
1.680089831352233887e-01
-2.929089069366455078e-01
2.299170196056365967e-01
-6.246829032897949219e-01
-2.704323269426822662e-02
-9.590194225311279297e-01
7.957597374916076660e-01
2.452851772308349609e+00
2.566787898540496826e-01
1.739902645349502563e-01
-1.178558230400085449e+00
7.866652011871337891e-01
1.395362168550491333e-01
-1.434437632560729980e-01
-1.956882357597351074e+00
-3.250084221363067627e-01
4.516428112983703613e-01
-5.613493323326110840e-01
-1.378596574068069458e-01
-3.643336594104766846e-01
1.965209990739822388e-01
-5.469056963920593262e-01
5.925851315259933472e-02
-6.521785259246826172e-01
3.345636725425720215e-01
5.702070593833923340e-01
7.772939801216125488e-01
1.508474946022033691e+00
-1.105262517929077148e+00
-7.686049938201904297e-01
-1.496476411819458008e+00
-7.168629169464111328e-01
1.185639381408691406e+00
1.513403803110122681e-01
5.895345807075500488e-01
5.100335478782653809e-01
1.193564653396606445e+00
-1.035167098045349121e+00
8.093938827514648438e-01
1.949412465095520020e+00
-4.816760718822479248e-01
-9.106000065803527832e-01
1.095643360167741776e-02
-5.817729979753494263e-02
-2.536726295948028564e-01
-6.761170625686645508e-01
-4.801703691482543945e-01
1.041706085205078125e+00
1.059831120073795319e-02
-6.320617794990539551e-01
-1.221393704414367676e+00
7.255268692970275879e-01
-6.546568274497985840e-01
-2.730475068092346191e-01
2.926561832427978516e-01
-8.607877790927886963e-02
-1.607926011085510254e+00
-4.621440768241882324e-01
-8.694519102573394775e-02
-2.062019258737564087e-01
-1.076026558876037598e+00
-4.398729503154754639e-01
1.251424476504325867e-02
1.776959300041198730e-01
1.761043190956115723e+00
-1.016494631767272949e+00
3.308855369687080383e-02
-1.242283105850219727e+00
6.440268754959106445e-01
-4.115001261234283447e-01
1.691561043262481689e-01
8.181507587432861328e-01
1.409287929534912109e+00
7.844321727752685547e-01
1.092345237731933594e+00
-4.208167493343353271e-01
-3.331632316112518311e-01
-6.951873898506164551e-01
-1.532726138830184937e-01
-1.112698912620544434e+00
4.347935616970062256e-01
-3.701898753643035889e-01
-1.328644871711730957e+00
-1.146121621131896973e-01
-8.474247455596923828e-01
-2.270445108413696289e+00
2.170520067214965820e+00
6.836093664169311523e-01
-1.393002152442932129e+00
5.909639000892639160e-01
3.013640344142913818e-01
1.317077159881591797e+00
-1.092466354370117188e+00
-3.125907480716705322e-01
1.114904060959815979e-01
6.870506405830383301e-01
3.717464804649353027e-01
-7.130826115608215332e-01
-3.732365369796752930e-01
-1.256529092788696289e+00
1.001902103424072266e+00
6.697417050600051880e-02
1.635360956192016602e+00
7.091113179922103882e-02
-2.536675706505775452e-02
-4.093784689903259277e-01
-8.071182370185852051e-01
1.207713603973388672e+00
-5.811796784400939941e-01
-3.357347846031188965e-01
1.011709451675415039e+00
5.698397159576416016e-01
-5.128792524337768555e-01
1.089694127440452576e-01
2.248421758413314819e-01
-4.263679087162017822e-01
-4.801597818732261658e-02
-1.051222681999206543e+00
-2.170176357030868530e-01
-5.865079164505004883e-01
-9.129128456115722656e-01
1.118268966674804688e+00
-1.454119324684143066e+00
4.624445140361785889e-01
1.074109673500061035e+00
-1.754814945161342621e-02
1.311723589897155762e+00
-7.664760947227478027e-01
2.118220567703247070e+00
-3.667225241661071777e-01
8.096318244934082031e-01
-1.158323287963867188e+00
5.914856791496276855e-01
3.652382269501686096e-02
5.990860462188720703e-01
-8.387663960456848145e-01
-9.809211492538452148e-01
-3.028107583522796631e-01
-1.225704550743103027e+00
-9.822455048561096191e-01
-1.618914484977722168e+00
-4.001835584640502930e-01
-3.414494991302490234e-01
-2.033551931381225586e-01
3.668110072612762451e-01
1.079296708106994629e+00
8.224237561225891113e-01
-8.296236395835876465e-01
6.341370940208435059e-01
-1.413416564464569092e-01
-1.493657112121582031e+00
-1.331432938575744629e+00
7.624884843826293945e-01
7.112004160881042480e-01
-5.540266036987304688e-01
5.274351835250854492e-01
6.388711333274841309e-01
2.280084043741226196e-01
1.225149154663085938e+00
1.795386314392089844e+00
-1.575280874967575073e-01
8.081065416336059570e-01
-1.608386337757110596e-01
-8.795375227928161621e-01
-2.510357499122619629e-01
-3.802798092365264893e-01
-3.314762115478515625e-01
1.214014172554016113e+00
-1.648649126291275024e-01
9.751008749008178711e-01
-1.111603975296020508e+00
-3.324853777885437012e-01
4.674952030181884766e-01
4.974322915077209473e-01
-4.476629495620727539e-01
-2.028074562549591064e-01
7.513288855552673340e-01
1.058105081319808960e-01
-3.447973012924194336e+00
-5.571730136871337891e-01
5.386624336242675781e-01
3.782964050769805908e-01
6.212413907051086426e-01
1.490939497947692871e+00
-1.025680452585220337e-01
1.109899044036865234e+00
-9.783051609992980957e-01
4.757920503616333008e-01
9.232932329177856445e-01
-2.795495688915252686e-01
6.204965710639953613e-02
2.013323158025741577e-01
2.066809535026550293e-01
1.356121897697448730e+00
9.304941445589065552e-02
5.696564912796020508e-01
-3.616545796394348145e-01
-2.862212955951690674e-01
-4.457231163978576660e-01
9.043844044208526611e-02
5.709425806999206543e-01
2.296995818614959717e-01
2.128324210643768311e-01
5.902954936027526855e-01
-1.340357780456542969e+00
-7.049024701118469238e-01
-8.906885981559753418e-01
-1.521406322717666626e-01
7.885324954986572266e-01
-3.279345110058784485e-02
-1.547866702079772949e+00
3.252713084220886230e-01
-1.084440708160400391e+00
-2.554761171340942383e-01
1.273595929145812988e+00
9.460599720478057861e-02
-4.505431950092315674e-01
6.818711161613464355e-01
7.611746191978454590e-01
-7.136248350143432617e-01
9.518497586250305176e-01
2.571915090084075928e-01
-9.559901058673858643e-02
8.252620100975036621e-01
-5.530813336372375488e-01
-7.419322729110717773e-01
2.005517482757568359e-01
-2.555748701095581055e+00
-4.806348979473114014e-01
-1.057209730148315430e+00
-7.367714643478393555e-01
-1.220545291900634766e+00
-4.071038067340850830e-01
2.445309609174728394e-01
-8.984623551368713379e-01
1.061985492706298828e-01
1.322880506515502930e+00
6.047903299331665039e-01
-4.256154894828796387e-01
3.005300164222717285e-01
-6.254729628562927246e-01
9.844236820936203003e-02
-7.216171920299530029e-02
3.902590274810791016e-02
1.784781962633132935e-01
6.037441492080688477e-01
-1.484412908554077148e+00
-9.534096717834472656e-01
-2.096837520599365234e+00
-2.573202922940254211e-02
-5.178173184394836426e-01
-5.968831181526184082e-01
-2.334698885679244995e-01
-7.501636743545532227e-01
1.821399033069610596e-01
5.712080597877502441e-01
1.088973999023437500e+00
8.136611431837081909e-02
2.889862954616546631e-01
-1.351061940193176270e+00
-4.773479104042053223e-01
-5.683043003082275391e-01
-1.252941608428955078e+00
4.571342766284942627e-01
-9.695430397987365723e-01
6.188672780990600586e-01
6.636627316474914551e-01
9.703201651573181152e-01
5.139665305614471436e-02
6.138715744018554688e-01
2.004998028278350830e-01
-2.212523221969604492e-01
1.654381752014160156e+00
-3.435144722461700439e-01
6.328642964363098145e-01
-1.278782486915588379e+00
-1.161216735839843750e+00
-3.015091717243194580e-01
-3.510199114680290222e-02
-8.102392405271530151e-02
-4.529398307204246521e-02
-1.474422961473464966e-01
7.836660146713256836e-01
4.050140380859375000e-01
-4.409193396568298340e-01
4.595327377319335938e-02
-1.479096055030822754e+00
1.181005835533142090e+00
1.348050981760025024e-01
1.030308246612548828e+00
3.316623866558074951e-01
1.192342638969421387e+00
-1.930833339691162109e+00
-1.056453347206115723e+00
6.389461159706115723e-01
5.665127038955688477e-01
3.496407344937324524e-02
1.891029924154281616e-01
-9.317480772733688354e-02
2.912308275699615479e-01
4.151160642504692078e-02
2.555623054504394531e-01
-4.240780830383300781e+00
-1.178712695837020874e-01
9.779952764511108398e-01
8.322945833206176758e-01
8.303627371788024902e-01
1.167488574981689453e+00
8.138734698295593262e-01
1.162518501281738281e+00
1.363882303237915039e+00
-1.167883515357971191e+00
-1.023190736770629883e+00
-6.599631905555725098e-01
5.267671942710876465e-01
8.020522594451904297e-01
5.882343053817749023e-01
4.269400537014007568e-01
1.321249246597290039e+00
1.548588156700134277e+00
-1.377771615982055664e+00
4.209583997726440430e-02
-9.836757779121398926e-01
1.167240977287292480e+00
4.884565174579620361e-01
-1.299545019865036011e-01
2.363516390323638916e-01
2.564680576324462891e-01
4.199280142784118652e-01
-4.919224381446838379e-01
3.608241379261016846e-01
8.705134391784667969e-01
-8.317757397890090942e-02
6.167027354240417480e-01
-4.681577682495117188e-01
8.991669416427612305e-01
3.608163073658943176e-02
6.223157644271850586e-01
-3.653850257396697998e-01
1.934943906962871552e-02
6.706374287605285645e-01
6.855792999267578125e-01
-1.430147171020507812e+00
2.650123238563537598e-01
-5.793868303298950195e-01
-9.595901966094970703e-01
2.407851219177246094e-01
-9.180744290351867676e-01
7.927839159965515137e-01
5.354830622673034668e-01
-1.993991807103157043e-02
7.920095920562744141e-01
6.485427618026733398e-01
8.754363656044006348e-01
5.782309770584106445e-01
7.602698802947998047e-01
-3.920997679233551025e-01
6.824566423892974854e-02
-4.366017878055572510e-01
2.725271582603454590e-01
-3.781596720218658447e-01
7.795485109090805054e-02
-3.445604741573333740e-01
-5.837022662162780762e-01
-8.827530145645141602e-01
-1.336553841829299927e-01
-8.580634593963623047e-01
3.080995678901672363e-01
1.101652979850769043e+00
-5.365785360336303711e-01
7.813864350318908691e-01
2.488961368799209595e-01
6.123147904872894287e-02
1.008887171745300293e+00
9.588962793350219727e-01
1.259001135826110840e+00
1.403832286596298218e-01
5.253939628601074219e-01
-8.462050557136535645e-01
-1.620516180992126465e-01
7.867686748504638672e-01
1.152865409851074219e+00
-4.224230647087097168e-01
-6.986230611801147461e-01
-3.090216815471649170e-01
6.391343474388122559e-01
-5.977906659245491028e-02
3.772680461406707764e-02
3.940721452236175537e-01
2.788691222667694092e-01
-6.584343314170837402e-01
1.565459609031677246e+00
-8.972920179367065430e-01
2.922373712062835693e-01
-1.054709076881408691e+00
-1.180533051490783691e+00
-1.125676870346069336e+00
-1.761041045188903809e+00
-2.501019239425659180e-01
3.522941470146179199e-01
2.149914354085922241e-01
-7.956417798995971680e-01
-4.929306507110595703e-01
2.212050199508666992e+00
1.402792334556579590e-01
-3.295455276966094971e-01
3.710012733936309814e-01
5.984596610069274902e-01
-1.041603926569223404e-02
4.847805798053741455e-01
7.195083498954772949e-01
1.372155398130416870e-01
-7.606261372566223145e-01
-4.973728954792022705e-02
3.574512600898742676e-01
1.397831916809082031e+00
7.671458274126052856e-02
8.426115848124027252e-03
-2.268350124359130859e+00
1.135726451873779297e+00
-6.443563103675842285e-01
-1.035947084426879883e+00
-2.469619363546371460e-02
-1.155223250389099121e+00
-5.035246014595031738e-01
-8.312422633171081543e-01
-9.974299073219299316e-01
1.042240977287292480e+00
3.463399112224578857e-01
-8.468879461288452148e-01
8.881351947784423828e-01
3.833456635475158691e-01
-1.102151125669479370e-01
2.969517409801483154e-01
-2.051484107971191406e+00
4.353813230991363525e-01
3.404900059103965759e-02
-2.417252063751220703e+00
7.271180152893066406e-01
-6.469638645648956299e-02
7.452276349067687988e-01
-9.646400064229965210e-02
-4.266173541545867920e-01
-9.454803913831710815e-02
-9.566751122474670410e-01
1.844414696097373962e-02
-6.676959991455078125e-01
3.785421252250671387e-01
1.332266211509704590e+00
8.181883692741394043e-01
-7.626317739486694336e-01
7.290543913841247559e-01
-7.495952248573303223e-01
-2.877517938613891602e-01
-5.786831974983215332e-01
1.590051949024200439e-01
-7.295997738838195801e-01
-8.778567910194396973e-01
3.238141834735870361e-01
-8.821793198585510254e-01
-5.812392830848693848e-01
8.642008304595947266e-01
8.183723688125610352e-01
-5.778957605361938477e-01
-2.254621982574462891e-01
-9.507463574409484863e-01
8.294006437063217163e-02
-2.711375057697296143e-01
3.646506667137145996e-01
-1.283100128173828125e+00
5.488752722740173340e-01
3.437837064266204834e-01
6.013308167457580566e-01
1.272456526756286621e+00
-5.964854359626770020e-01
-5.784311294555664062e-01
-7.257657498121261597e-02
-1.471280694007873535e+00
1.827568858861923218e-01
-1.634594202041625977e+00
-1.728940486907958984e+00
3.909409046173095703e-01
-1.045959234237670898e+00
4.402361214160919189e-01
8.765600919723510742e-01
7.594484090805053711e-01
-1.323184072971343994e-01
-8.887019008398056030e-02
1.938252151012420654e-01
1.307603269815444946e-01
-5.679465532302856445e-01
-5.000305771827697754e-01
-2.512493729591369629e-01
1.114537835121154785e+00
-6.672803759574890137e-01
-9.105878472328186035e-01
-4.048512279987335205e-01
-3.207388222217559814e-01
1.476441025733947754e+00
4.740250706672668457e-01
-7.724673748016357422e-01
1.132027864456176758e+00
-1.205050349235534668e+00
-1.487087309360504150e-01
1.047005891799926758e+00
5.576948523521423340e-01
6.905120611190795898e-01
1.856695532798767090e+00
1.393242776393890381e-01
1.496701717376708984e+00
-1.665198802947998047e-01
1.289682090282440186e-01
-4.153410792350769043e-01
4.920185357332229614e-02
-6.256977468729019165e-02
-4.359937906265258789e-01
6.857861876487731934e-01
-3.821809589862823486e-01
6.020889282226562500e-01
-2.678161859512329102e-01
8.670886158943176270e-01
3.376430571079254150e-01
6.237767636775970459e-02
-8.189465403556823730e-01
-2.331611216068267822e-01
3.246532678604125977e-01
-4.402761347591876984e-03
-1.538497507572174072e-01
-2.870216369628906250e-01
1.899874448776245117e+00
6.023370027542114258e-01
-1.548280715942382812e-01
6.360960006713867188e-01
-9.044554829597473145e-01
4.059872329235076904e-01
