-1.048237085342407227e-01
8.140382170677185059e-01
-6.502222418785095215e-01
3.133603036403656006e-01
1.161037087440490723e+00
-8.800668120384216309e-01
-7.022171020507812500e-01
-1.220338821411132812e+00
1.536463141441345215e+00
3.822775781154632568e-01
4.173111021518707275e-01
1.293151140213012695e+00
9.538636207580566406e-01
8.810845017433166504e-01
2.163033001124858856e-02
1.157275438308715820e+00
7.677663862705230713e-02
-3.869195878505706787e-01
6.176257729530334473e-01
8.391867578029632568e-02
-2.140060812234878540e-01
-2.164673209190368652e-01
-2.159040421247482300e-01
1.944627463817596436e-01
-4.921919107437133789e-01
-1.914125084877014160e+00
-1.307096797972917557e-02
4.711996018886566162e-01
1.520133465528488159e-01
-6.467964053153991699e-01
-1.116738766431808472e-01
1.209374666213989258e+00
1.111785650253295898e+00
2.108996361494064331e-01
-1.956726908683776855e-01
-4.573146402835845947e-01
1.417103409767150879e+00
-7.450719922780990601e-02
-5.670721530914306641e-01
-1.112988591194152832e+00
-3.948179185390472412e-01
1.918859034776687622e-01
-1.804232358932495117e+00
-1.560843586921691895e+00
-3.313826620578765869e-01
8.596785068511962891e-01
-2.134986408054828644e-02
-4.302352070808410645e-01
-7.665013670921325684e-01
6.342816352844238281e-01
-1.152392506599426270e+00
-1.844808273017406464e-02
1.380718827247619629e+00
3.292340934276580811e-01
-3.813637197017669678e-01
1.093363881111145020e+00
-1.221545815467834473e+00
9.143676757812500000e-01
1.680357933044433594e+00
7.139039039611816406e-01
3.854327499866485596e-01
-4.853335022926330566e-01
2.214074283838272095e-01
-1.695673316717147827e-01
6.757824420928955078e-01
4.140566587448120117e-01
4.949355721473693848e-01
9.520304203033447266e-01
-5.361856222152709961e-01
1.594595909118652344e-01
-1.060860395431518555e+00
-1.153949379920959473e+00
3.746902942657470703e-01
5.467455387115478516e-01
4.347020089626312256e-01
-7.614607810974121094e-01
7.220836877822875977e-01
7.525272965431213379e-01
8.432682156562805176e-01
-2.911636233329772949e-01
-1.029898881912231445e+00
-1.336371541023254395e+00
-5.687723755836486816e-01
1.073798537254333496e+00
-3.910122811794281006e-02
-2.645279094576835632e-02
-9.782360494136810303e-02
1.388966321945190430e+00
6.827336549758911133e-01
1.330250144004821777e+00
-6.042973836883902550e-04
1.417088508605957031e+00
4.098915457725524902e-01
-7.738433480262756348e-01
1.841425001621246338e-01
6.312065720558166504e-01
7.712294459342956543e-01
-5.205629467964172363e-01
-1.043211340904235840e+00
-1.831362009048461914e+00
1.767660737037658691e+00
1.203654050827026367e+00
2.504407167434692383e-01
-1.212737679481506348e+00
9.528997540473937988e-02
2.393267005681991577e-01
3.645434677600860596e-01
6.532683968544006348e-01
-1.123250722885131836e+00
5.876924395561218262e-01
-1.284381508827209473e+00
-8.023298978805541992e-01
1.477775573730468750e+00
-2.667572200298309326e-01
2.471797764301300049e-01
-6.828786730766296387e-01
6.523613333702087402e-01
4.842566251754760742e-01
-2.441963925957679749e-02
-9.595025181770324707e-01
-1.960336863994598389e-01
-3.145690560340881348e-01
-1.754578053951263428e-01
3.614587783813476562e-01
8.051042556762695312e-01
2.102691084146499634e-01
-9.825507998466491699e-01
6.540407240390777588e-02
-7.376886606216430664e-01
1.270130515098571777e+00
-1.501624822616577148e+00
4.351421594619750977e-01
5.592634677886962891e-01
-1.959049582481384277e+00
-8.704501986503601074e-01
-7.394709587097167969e-01
-8.085807561874389648e-01
-2.265043973922729492e+00
9.971053600311279297e-01
1.029363393783569336e+00
-3.456057012081146240e-01
6.104555130004882812e-01
-2.119799703359603882e-01
8.939696848392486572e-02
-1.097391009330749512e+00
-1.930097579956054688e+00
7.130464911460876465e-01
-1.895428061485290527e+00
-3.106036782264709473e-01
1.028054594993591309e+00
-1.097174644470214844e+00
-9.147059321403503418e-01
6.130433678627014160e-01
5.530218482017517090e-01
-1.240151762962341309e+00
-1.389709591865539551e+00
-1.390997052192687988e+00
-7.786294817924499512e-01
1.444613575935363770e+00
8.896141052246093750e-01
-1.054607510566711426e+00
-4.929432868957519531e-01
9.365620017051696777e-01
-1.396680474281311035e+00
1.054324030876159668e+00
3.689257502555847168e-01
-1.858850754797458649e-02
9.346883893013000488e-01
1.142191648483276367e+00
-1.368286967277526855e+00
5.882064104080200195e-01
-7.792127728462219238e-01
-5.227972269058227539e-01
-4.721184968948364258e-01
-6.221707463264465332e-01
-8.022929430007934570e-01
-5.701308250427246094e-01
-1.337377190589904785e+00
3.811902999877929688e-01
-4.826388359069824219e-01
-4.619001746177673340e-01
7.960482835769653320e-01
5.125496983528137207e-01
-3.237899541854858398e-01
3.411947786808013916e-01
-1.249016672372817993e-01
7.464994490146636963e-02
-3.193405866622924805e+00
5.308957695960998535e-01
1.032569646835327148e+00
4.179432690143585205e-01
-5.079171061515808105e-01
-2.667366564273834229e-01
-1.059941947460174561e-01
-1.522304654121398926e+00
3.481007814407348633e-01
5.491580367088317871e-01
1.438290834426879883e+00
3.738673925399780273e-01
5.206449702382087708e-02
-2.394188642501831055e-01
-1.413251280784606934e+00
-1.489046096801757812e+00
1.406947821378707886e-01
-2.747371792793273926e-01
-4.325025379657745361e-01
1.005059480667114258e+00
-8.187676072120666504e-01
2.461019307374954224e-01
-5.060878396034240723e-01
-1.807453632354736328e-01
4.213517308235168457e-01
-3.453271687030792236e-01
-2.137124240398406982e-01
-2.495551016181707382e-03
3.017461597919464111e-01
-1.650258004665374756e-01
1.662938952445983887e+00
5.874329209327697754e-01
3.921402692794799805e-01
9.202708601951599121e-01
-8.381667733192443848e-01
-5.225640535354614258e-01
-1.969492286443710327e-01
-4.344189539551734924e-02
4.395535960793495178e-02
-3.540325909852981567e-02
-6.777636408805847168e-01
1.051767230033874512e+00
-1.226579070091247559e+00
7.384994626045227051e-01
-2.911489307880401611e-01
-8.102910965681076050e-02
3.203636705875396729e-01
-3.543257117271423340e-01
7.954279184341430664e-01
-8.036678433418273926e-01
4.059436321258544922e-01
-1.103281021118164062e+00
1.025746107101440430e+00
2.818239212036132812e+00
6.590448319911956787e-02
3.517503142356872559e-01
-1.096896171569824219e+00
6.924250125885009766e-01
-7.399466633796691895e-02
-2.265238165855407715e-01
-1.325014114379882812e+00
1.775363534688949585e-01
6.731570363044738770e-01
-3.489624559879302979e-01
9.242241084575653076e-02
-7.007666230201721191e-01
1.064352132380008698e-02
-1.009299159049987793e+00
1.938572973012924194e-01
-7.246610522270202637e-01
4.865418374538421631e-01
2.136480212211608887e-01
8.822192549705505371e-01
1.401119709014892578e+00
-1.333084940910339355e+00
-9.164538383483886719e-01
-1.820597410202026367e+00
-4.676720201969146729e-01
1.189457893371582031e+00
3.479035496711730957e-01
7.599408030509948730e-01
8.576767444610595703e-01
9.528586268424987793e-01
-1.281849622726440430e+00
8.555793762207031250e-01
1.848351120948791504e+00
-5.310989022254943848e-01
-8.229727149009704590e-01
-3.083038628101348877e-01
1.620878577232360840e-01
-2.514659762382507324e-01
-7.582386732101440430e-01
-7.461803555488586426e-01
1.067124128341674805e+00
3.578811138868331909e-02
-4.210679531097412109e-01
-1.125642776489257812e+00
4.947935044765472412e-01
-7.322298288345336914e-01
1.956954225897789001e-02
2.420933842658996582e-01
-1.427660435438156128e-01
-1.613944172859191895e+00
-5.666353702545166016e-01
-1.806290447711944580e-01
3.786479681730270386e-02
-8.304735422134399414e-01
-6.575928330421447754e-01
-2.206805050373077393e-01
4.245463907718658447e-01
1.180443644523620605e+00
-5.748723149299621582e-01
1.669040024280548096e-01
-1.221139550209045410e+00
6.889316439628601074e-01
-1.712487936019897461e-01
1.543318182229995728e-01
6.193816065788269043e-01
1.446253418922424316e+00
7.970975637435913086e-01
1.336720436811447144e-01
-7.087330222129821777e-01
-2.093652188777923584e-01
-3.011379241943359375e-01
-3.690648078918457031e-01
-8.095123171806335449e-01
2.082440704107284546e-01
-6.607643365859985352e-01
-1.240027904510498047e+00
-1.174106970429420471e-01
-6.881645321846008301e-01
-2.783847093582153320e+00
2.178801298141479492e+00
8.484250307083129883e-01
-1.107018589973449707e+00
4.241752326488494873e-01
2.228423655033111572e-01
1.376997232437133789e+00
-1.307303428649902344e+00
-2.271157950162887573e-01
-1.208508946001529694e-02
6.329536437988281250e-01
1.645058840513229370e-01
-9.255964159965515137e-01
-2.579147517681121826e-01
-1.253723263740539551e+00
1.236789941787719727e+00
-1.929546743631362915e-01
1.288819670677185059e+00
1.715912073850631714e-01
1.361366808414459229e-01
-3.207823038101196289e-01
-8.114236593246459961e-01
1.212447762489318848e+00
-5.028419494628906250e-01
-1.334524452686309814e-01
8.577861189842224121e-01
7.326489686965942383e-01
-3.176724016666412354e-01
3.819480538368225098e-02
1.680794209241867065e-01
-5.600825548171997070e-01
-3.203126192092895508e-01
-1.054382920265197754e+00
-1.151942685246467590e-01
-3.944714069366455078e-01
-1.365720033645629883e+00
8.757783174514770508e-01
-1.434102416038513184e+00
6.447796821594238281e-01
1.227480530738830566e+00
-2.913635075092315674e-01
9.806645512580871582e-01
-8.178027868270874023e-01
1.944159984588623047e+00
8.015268296003341675e-02
6.161401271820068359e-01
-1.360778808593750000e+00
8.042286634445190430e-01
2.046129852533340454e-01
6.924497485160827637e-01
-9.684099555015563965e-01
-1.110649347305297852e+00
-3.003426790237426758e-01
-1.012410044670104980e+00
-9.626867175102233887e-01
-1.338209867477416992e+00
-6.032531857490539551e-01
-2.491950541734695435e-01
-8.440760374069213867e-01
1.586760133504867554e-01
1.030884504318237305e+00
7.581759691238403320e-01
-1.123552322387695312e+00
6.825417876243591309e-01
-1.427020877599716187e-01
-1.249268293380737305e+00
-1.087775111198425293e+00
7.688710689544677734e-01
5.754081010818481445e-01
-6.719975471496582031e-01
4.977951943874359131e-01
1.264925152063369751e-01
5.152291655540466309e-01
9.956764578819274902e-01
1.660164117813110352e+00
-1.632805019617080688e-01
7.424152493476867676e-01
-5.038757920265197754e-01
-6.381597518920898438e-01
-2.199245244264602661e-01
-5.517516136169433594e-01
-4.695542752742767334e-01
9.251863956451416016e-01
-4.798464477062225342e-01
1.027929186820983887e+00
-9.064087271690368652e-01
-1.283528059720993042e-01
9.503715634346008301e-01
7.212751507759094238e-01
-4.628127813339233398e-01
-3.627400100231170654e-01
8.241058588027954102e-01
3.158133029937744141e-01
-3.172794342041015625e+00
-3.119105398654937744e-01
1.339666098356246948e-01
4.461947679519653320e-01
6.788041591644287109e-01
1.746230602264404297e+00
3.631520569324493408e-01
1.041707158088684082e+00
-1.226066112518310547e+00
-5.260232836008071899e-02
1.077330350875854492e+00
1.617284417152404785e-01
9.208440035581588745e-02
5.269171595573425293e-01
-2.676966786384582520e-02
1.078474521636962891e+00
-3.097352385520935059e-01
8.468685150146484375e-01
-3.355488479137420654e-01
-4.542556405067443848e-01
-2.559901177883148193e-01
5.615973845124244690e-02
5.866767764091491699e-01
7.897838950157165527e-01
5.178961530327796936e-02
5.234326124191284180e-01
-1.108258962631225586e+00
-4.953115284442901611e-01
-7.653322815895080566e-01
-4.448761045932769775e-01
6.775238513946533203e-01
-1.518632769584655762e-01
-1.517163515090942383e+00
3.951031565666198730e-01
-8.259238004684448242e-01
1.890845298767089844e-01
1.468021750450134277e+00
1.403636038303375244e-01
-4.906936883926391602e-01
8.525235652923583984e-01
7.300000786781311035e-01
-6.838809847831726074e-01
1.442191123962402344e+00
2.867927849292755127e-01
-9.517020732164382935e-02
8.370871543884277344e-01
-4.573443830013275146e-01
-6.132556200027465820e-01
-1.029605865478515625e-01
-2.377924680709838867e+00
5.291373282670974731e-02
-7.045421004295349121e-01
-8.257874846458435059e-01
-1.067738652229309082e+00
-3.468549251556396484e-01
1.140135079622268677e-01
-8.034089207649230957e-01
3.271632790565490723e-01
1.780184507369995117e+00
7.684642672538757324e-01
-2.946284413337707520e-01
3.682977557182312012e-01
-5.546392202377319336e-01
-1.302337944507598877e-01
6.072843074798583984e-02
1.910874694585800171e-01
1.821407116949558258e-02
7.354609966278076172e-01
-1.355345129966735840e+00
-8.268789052963256836e-01
-1.950909733772277832e+00
-1.251028776168823242e-01
-3.955136835575103760e-01
-5.661326646804809570e-01
-1.538746803998947144e-01
-8.941530585289001465e-01
7.183531671762466431e-02
7.641631364822387695e-01
1.342952847480773926e+00
-4.838440194725990295e-02
1.997241228818893433e-01
-1.201682329177856445e+00
-3.971374034881591797e-01
-8.033771514892578125e-01
-1.066466212272644043e+00
1.582701653242111206e-01
-9.439072608947753906e-01
1.184496581554412842e-01
4.985610544681549072e-01
8.846070766448974609e-01
5.036441683769226074e-01
6.354256868362426758e-01
-6.111469864845275879e-02
-9.877546690404415131e-03
1.466107130050659180e+00
-3.817929029464721680e-01
8.326603174209594727e-01
-9.928519129753112793e-01
-1.398719549179077148e+00
-3.016160428524017334e-01
-1.806164719164371490e-02
3.236638307571411133e-01
-3.206197321414947510e-01
-2.450450360774993896e-01
8.701898455619812012e-01
2.419596165418624878e-01
-4.431422352790832520e-01
2.564544081687927246e-01
-1.074425935745239258e+00
1.082999110221862793e+00
-1.778052002191543579e-01
8.547882437705993652e-01
3.984022438526153564e-01
8.634026646614074707e-01
-2.326427936553955078e+00
-9.654337167739868164e-01
8.402999043464660645e-01
4.384705722332000732e-01
-7.847120612859725952e-02
4.635343253612518311e-01
-1.636350750923156738e-01
2.049221843481063843e-01
2.662202119827270508e-01
4.981681704521179199e-01
-3.805810689926147461e+00
-1.877286434173583984e-01
1.212418198585510254e+00
3.378024399280548096e-01
1.129150509834289551e+00
1.085481405258178711e+00
7.915857434272766113e-01
1.203026771545410156e+00
1.435886502265930176e+00
-1.113282084465026855e+00
-1.481370687484741211e+00
-6.130936145782470703e-01
6.493562459945678711e-01
7.329047322273254395e-01
8.802687525749206543e-01
6.243621110916137695e-01
1.143391013145446777e+00
1.679616570472717285e+00
-1.543899059295654297e+00
3.253089487552642822e-01
-1.346250176429748535e+00
1.020220398902893066e+00
4.134031534194946289e-01
-1.578739881515502930e-01
-2.516641914844512939e-01
1.102884709835052490e-01
2.068215012550354004e-01
1.808107793331146240e-01
4.138098955154418945e-01
6.951858401298522949e-01
-5.518184900283813477e-01
6.730127930641174316e-01
-4.644366204738616943e-01
7.179912328720092773e-01
-1.289669871330261230e-01
7.067320942878723145e-01
-4.595978856086730957e-01
-2.160416692495346069e-01
8.366891145706176758e-01
6.001729369163513184e-01
-1.064083099365234375e+00
1.630400568246841431e-01
-9.864587187767028809e-01
-7.285781502723693848e-01
1.659903228282928467e-01
-8.137052655220031738e-01
9.401898980140686035e-01
1.391405165195465088e-01
1.050023511052131653e-01
8.692584037780761719e-01
8.154490590095520020e-01
3.341589868068695068e-01
9.231371879577636719e-01
6.571181863546371460e-02
-7.358260750770568848e-01
-2.511347234249114990e-01
-1.001186728477478027e+00
1.110013723373413086e-01
-4.889903366565704346e-01
2.295818030834197998e-01
-2.048877477645874023e-01
-4.935549199581146240e-01
-6.660789847373962402e-01
1.396380215883255005e-01
-1.172380447387695312e+00
3.909844458103179932e-01
1.212911605834960938e+00
-2.320018261671066284e-01
6.359466314315795898e-01
2.575985491275787354e-01
5.061532184481620789e-02
9.511770606040954590e-01
9.886507987976074219e-01
1.450993180274963379e+00
3.237352669239044189e-01
1.022053956985473633e-01
-9.242205023765563965e-01
-4.852903187274932861e-01
5.415077805519104004e-01
1.304873704910278320e+00
-7.511279731988906860e-02
-4.808151423931121826e-01
-4.644981324672698975e-01
8.201448917388916016e-01
-2.695674598217010498e-01
-8.472315222024917603e-02
6.936981081962585449e-01
1.552759706974029541e-01
-1.024894237518310547e+00
1.501253247261047363e+00
-1.289435148239135742e+00
2.545253634452819824e-01
-1.526491761207580566e+00
-1.205610632896423340e+00
-1.039437651634216309e+00
-1.832523226737976074e+00
-6.150466576218605042e-02
2.596954405307769775e-01
1.347925662994384766e-01
-1.027073264122009277e+00
-7.594048380851745605e-01
1.964060783386230469e+00
1.944009098224341869e-03
-6.169857978820800781e-01
5.257102847099304199e-01
7.034276723861694336e-01
-5.398512631654739380e-02
6.307039856910705566e-01
5.349585413932800293e-01
-3.587144017219543457e-01
-7.840618491172790527e-01
-1.098697334527969360e-01
3.788404464721679688e-01
8.746347427368164062e-01
1.265110075473785400e-01
2.039690762758255005e-01
-2.197188138961791992e+00
9.356040954589843750e-01
-5.696995258331298828e-01
-9.670114517211914062e-01
3.190937340259552002e-01
-8.710795640945434570e-01
-6.745075583457946777e-01
-1.105579495429992676e+00
-5.540242791175842285e-01
1.234101772308349609e+00
3.895292580127716064e-01
-1.327713251113891602e+00
4.844425022602081299e-01
1.784433722496032715e-01
-1.869393140077590942e-01
2.245515137910842896e-01
-1.798248648643493652e+00
3.500201404094696045e-01
1.009599491953849792e-02
-2.195735931396484375e+00
4.649212658405303955e-01
8.034579455852508545e-02
6.753327250480651855e-01
-2.397816628217697144e-02
-1.896705180406570435e-01
1.823996156454086304e-01
-1.039366483688354492e+00
1.218814123421907425e-02
-7.910129427909851074e-01
5.356809496879577637e-01
1.240021109580993652e+00
1.182205915451049805e+00
-6.917216777801513672e-01
1.692342758178710938e-01
-3.124680221080780029e-01
-3.148818314075469971e-01
-2.048158198595046997e-01
2.973455190658569336e-01
-5.630840659141540527e-01
-8.234246373176574707e-01
2.326206415891647339e-01
-6.507524847984313965e-01
-2.370946407318115234e-01
4.496802985668182373e-01
6.903373599052429199e-01
-7.176702022552490234e-01
-1.546957790851593018e-01
-1.204225063323974609e+00
6.040820106863975525e-02
1.503379791975021362e-01
5.631028488278388977e-02
-1.250777602195739746e+00
2.999907135963439941e-01
5.479087233543395996e-01
9.418169856071472168e-01
1.082897305488586426e+00
-5.961354970932006836e-01
-1.605137884616851807e-01
1.386179495602846146e-02
-1.514256358146667480e+00
2.594740390777587891e-01
-1.436314940452575684e+00
-1.646902084350585938e+00
2.307192981243133545e-01
-1.180197358131408691e+00
4.567312598228454590e-01
1.123497247695922852e+00
7.887024283409118652e-01
-4.116923213005065918e-01
-8.576699346303939819e-02
1.361068785190582275e-01
1.834164112806320190e-01
-6.955524682998657227e-01
-7.071614265441894531e-01
5.462577193975448608e-02
8.157101273536682129e-01
-8.667924404144287109e-01
-7.456213831901550293e-01
5.385091528296470642e-02
-7.255522608757019043e-01
1.973593831062316895e+00
3.530936539173126221e-01
-5.538557767868041992e-01
1.131435513496398926e+00
-1.181585550308227539e+00
1.033315062522888184e-01
1.112794518470764160e+00
8.056192994117736816e-01
6.107420474290847778e-02
2.299405097961425781e+00
-9.016840159893035889e-02
1.565984964370727539e+00
-4.175010323524475098e-02
2.657703459262847900e-01
-7.168543934822082520e-01
-2.016586810350418091e-01
5.807982757687568665e-02
-3.038502931594848633e-01
6.106359362602233887e-01
-1.767252385616302490e-01
8.137154579162597656e-01
-5.505529046058654785e-01
1.118475914001464844e+00
2.746398746967315674e-01
2.751108109951019287e-01
-7.330725193023681641e-01
-2.671441733837127686e-01
-3.765589371323585510e-02
-1.896738656796514988e-03
-1.311149299144744873e-01
-2.995932400226593018e-01
1.920321702957153320e+00
4.306218922138214111e-01
-2.261693179607391357e-01
6.972484588623046875e-01
-1.057621479034423828e+00
2.455895394086837769e-01
