-4.652232825756072998e-01
3.954854607582092285e-01
-8.414298892021179199e-01
-2.534742355346679688e+00
-1.620816230773925781e+00
-4.212002456188201904e-01
1.683462142944335938e+00
7.201071977615356445e-01
1.123664498329162598e+00
-1.050422489643096924e-01
-1.074598431587219238e-01
-1.792021036148071289e+00
-3.844496607780456543e-01
2.199399322271347046e-01
-9.791898541152477264e-03
-3.789201080799102783e-01
-9.064691066741943359e-01
-8.035690337419509888e-02
8.680664300918579102e-01
-6.229356527328491211e-01
-2.149437218904495239e-01
4.264581203460693359e-01
5.222016572952270508e-01
-2.101096659898757935e-01
-1.017471671104431152e+00
-5.349822044372558594e-01
8.244183659553527832e-01
1.483571767807006836e+00
-1.506587713956832886e-01
-6.533975899219512939e-02
1.495398759841918945e+00
-1.937579393386840820e+00
-4.287068545818328857e-01
2.896407544612884521e-01
-4.932603538036346436e-01
-4.861335456371307373e-01
4.232855439186096191e-01
1.264234334230422974e-01
5.702100992202758789e-01
4.560516178607940674e-01
1.427770495414733887e+00
3.947054743766784668e-01
-1.950549960136413574e+00
7.278180122375488281e-01
-1.767366647720336914e+00
2.480752468109130859e+00
-1.191899180412292480e+00
-2.006745785474777222e-01
9.069258719682693481e-02
-3.821770846843719482e-01
1.254735469818115234e+00
1.953681826591491699e+00
-1.989188075065612793e+00
-1.137225508689880371e+00
1.019368648529052734e+00
-1.129484295845031738e+00
-6.995211839675903320e-01
5.383105278015136719e-01
3.228065371513366699e-01
5.977422595024108887e-01
2.089723348617553711e-01
-3.646747171878814697e-01
3.143373504281044006e-02
9.808490872383117676e-01
2.705639004707336426e-01
-2.846965789794921875e-01
9.352744817733764648e-01
8.835926651954650879e-01
-5.028576850891113281e-01
1.890752911567687988e-01
4.050702154636383057e-01
-5.999748706817626953e-01
-5.221481919288635254e-01
-1.420134663581848145e+00
-7.289889454841613770e-01
-9.935092329978942871e-01
8.792764544486999512e-01
-3.844038546085357666e-01
3.428688272833824158e-02
-4.045915901660919189e-01
-8.176692761480808258e-03
-8.000160753726959229e-02
-8.373832702636718750e-02
-7.337710261344909668e-01
-1.045776963233947754e+00
2.047249376773834229e-01
6.054158881306648254e-02
-5.705493092536926270e-01
2.043337374925613403e-01
2.282833307981491089e-01
-2.079635560512542725e-01
-1.103662729263305664e+00
-4.256762266159057617e-01
8.966641426086425781e-01
-1.624739915132522583e-01
-1.735811710357666016e+00
-4.227851331233978271e-01
-3.751786053180694580e-01
1.133852481842041016e+00
2.548052668571472168e-01
2.448730707168579102e+00
9.705597162246704102e-01
4.032965004444122314e-01
-1.039581418037414551e+00
-2.185257710516452789e-02
1.433575991541147232e-02
4.968855082988739014e-01
-8.834414482116699219e-01
1.175715103745460510e-01
1.072084665298461914e+00
8.236724883317947388e-02
4.049119949340820312e-01
-9.815564155578613281e-01
-2.308866679668426514e-01
-2.478659451007843018e-01
1.211042404174804688e+00
-9.670790433883666992e-01
1.469099879264831543e+00
-1.410578727722167969e+00
1.594551652669906616e-01
-6.399854272603988647e-02
-9.273505806922912598e-01
6.163083314895629883e-01
8.159189820289611816e-01
-1.815372109413146973e-01
2.494421899318695068e-01
-6.633541584014892578e-01
7.759529948234558105e-01
1.671283245086669922e+00
-1.061810493469238281e+00
-7.382901012897491455e-02
4.387392997741699219e-01
-6.653478741645812988e-01
6.621109843254089355e-01
-5.819982886314392090e-01
-4.061316326260566711e-02
-6.547207236289978027e-01
1.683287173509597778e-01
1.191484451293945312e+00
-5.406886339187622070e-01
-2.178628444671630859e+00
9.648694396018981934e-01
-1.117502078413963318e-01
6.886434555053710938e-01
-1.257809996604919434e+00
-2.067487716674804688e+00
1.036712408065795898e+00
2.133634567260742188e+00
1.074436068534851074e+00
4.121470451354980469e-01
8.153663575649261475e-02
-3.836601674556732178e-01
1.967879980802536011e-01
6.251004934310913086e-01
7.402397394180297852e-01
-6.578925251960754395e-02
-3.641087114810943604e-01
5.556725859642028809e-01
2.795237600803375244e-01
1.899866312742233276e-01
-5.634714365005493164e-01
1.319709569215774536e-01
1.528217196464538574e+00
-1.474728107452392578e+00
-1.883057117462158203e+00
1.332592368125915527e+00
-3.149028718471527100e-01
4.807769358158111572e-01
-1.854477643966674805e+00
9.800117462873458862e-02
-8.770585060119628906e-01
-1.623619198799133301e-01
7.466822862625122070e-01
-5.842523574829101562e-01
6.337568163871765137e-01
1.793751120567321777e-01
-1.099673360586166382e-01
-8.802970051765441895e-01
1.255981475114822388e-01
-4.778752103447914124e-02
6.666649580001831055e-01
2.210029512643814087e-01
-7.606710493564605713e-02
1.404865145683288574e+00
-1.248950123786926270e+00
4.935991019010543823e-02
-1.118199229240417480e+00
-1.652879357337951660e+00
5.588541030883789062e-01
1.261404871940612793e+00
1.152892947196960449e+00
-8.528244495391845703e-01
-1.585770696401596069e-01
-8.654181361198425293e-01
-5.830490589141845703e-01
-7.464969754219055176e-01
-1.820510178804397583e-01
1.962926685810089111e-01
-4.593608975410461426e-01
-1.074200868606567383e+00
-1.396741867065429688e+00
-1.033014535903930664e+00
1.036499261856079102e+00
-1.182623863220214844e+00
7.636857628822326660e-01
8.615035414695739746e-01
-6.306568980216979980e-01
4.938226640224456787e-01
8.018894195556640625e-01
-8.490431904792785645e-01
6.972782015800476074e-01
-6.727301981300115585e-03
-1.543229103088378906e+00
2.404893934726715088e-01
8.424064517021179199e-01
1.969360411167144775e-01
-6.246815323829650879e-01
1.651756048202514648e+00
-1.687135577201843262e+00
-1.481742739677429199e+00
-8.201249688863754272e-02
5.945118069648742676e-01
-1.328379988670349121e+00
7.190903425216674805e-01
4.569540321826934814e-01
-3.629203140735626221e-01
3.809432089328765869e-01
-1.205718159675598145e+00
-1.108445599675178528e-02
-5.001787468791007996e-02
5.128114819526672363e-01
-3.758046329021453857e-01
4.194749891757965088e-01
4.139519929885864258e-01
-2.454283535480499268e-01
-1.111615300178527832e+00
1.141621589660644531e+00
6.005972623825073242e-02
-7.375155687332153320e-01
4.852599501609802246e-01
-9.169784933328628540e-02
4.712842702865600586e-01
-1.872681498527526855e+00
1.567050576210021973e+00
-6.227649450302124023e-01
-3.264541327953338623e-01
1.110466122627258301e+00
-1.084749102592468262e+00
2.563104629516601562e-01
1.123345017433166504e+00
-2.653062343597412109e-01
-1.366689056158065796e-01
-4.747373759746551514e-01
3.828812241554260254e-01
-2.546257376670837402e-01
2.394389659166336060e-01
-4.028300046920776367e-01
-1.179223954677581787e-01
2.144054174423217773e-01
5.586923956871032715e-01
-2.056583315134048462e-01
-5.712949037551879883e-01
1.286443322896957397e-01
-6.437324881553649902e-01
-1.104520678520202637e+00
1.371616363525390625e+00
3.655502498149871826e-01
1.383616805076599121e+00
1.264083087444305420e-01
3.781408369541168213e-01
5.394160747528076172e-01
1.732057332992553711e+00
6.843468546867370605e-01
-1.090238332748413086e+00
3.618602156639099121e-01
3.432842493057250977e+00
-5.433987453579902649e-02
3.897306323051452637e-01
-1.627305001020431519e-01
-2.691555321216583252e-01
-4.311716258525848389e-01
1.160809919238090515e-01
-1.461812015622854233e-02
1.351912468671798706e-01
-6.458844989538192749e-02
-8.118144422769546509e-02
1.260472387075424194e-01
-7.901170253753662109e-01
-2.846106588840484619e-01
5.340195894241333008e-01
-4.065861701965332031e-01
-8.986166119575500488e-01
-1.115229010581970215e+00
-1.008813023567199707e+00
-3.698479533195495605e-01
-5.592186450958251953e-01
4.347320199012756348e-01
-4.099182486534118652e-01
7.692123204469680786e-02
8.321605920791625977e-01
-3.302361667156219482e-01
3.605621755123138428e-01
6.519740819931030273e-01
2.219548672437667847e-01
-1.780993223190307617e+00
-6.483015418052673340e-01
-2.533383369445800781e-01
3.192657232284545898e+00
-7.220384478569030762e-01
-3.065789937973022461e-01
-1.924527287483215332e+00
-1.217927813529968262e+00
2.241770625114440918e-01
-7.814699411392211914e-01
7.052016854286193848e-01
-1.387202620506286621e+00
-1.439025104045867920e-01
3.128839135169982910e-01
1.363065838813781738e+00
-1.393137812614440918e+00
-1.055802628397941589e-01
1.066575407981872559e+00
-8.523238897323608398e-01
-2.098433732986450195e+00
-2.132307291030883789e-01
2.764965966343879700e-02
-1.740706443786621094e+00
-1.732972502708435059e+00
1.236087560653686523e+00
-1.067332625389099121e+00
2.652162909507751465e-01
-4.292890727519989014e-01
9.213279485702514648e-01
6.643918752670288086e-01
1.016461253166198730e+00
1.570252925157546997e-01
1.138284057378768921e-01
-5.790677070617675781e-01
-5.168522596359252930e-01
-5.373240113258361816e-01
1.430775761604309082e+00
-2.358545541763305664e+00
1.558461546897888184e+00
1.593205451965332031e+00
-1.053388237953186035e+00
3.756772875785827637e-01
-2.089371681213378906e-01
3.789456188678741455e-02
-2.754311084747314453e+00
1.883028000593185425e-01
1.393207788467407227e+00
-3.154636621475219727e-01
-3.546189665794372559e-01
3.170230150222778320e+00
-7.764143943786621094e-01
5.036312341690063477e-01
-9.224973917007446289e-01
-3.307161331176757812e-01
-7.590360194444656372e-02
1.866740137338638306e-01
-1.107634082436561584e-01
5.338754057884216309e-01
-2.157278656959533691e-01
1.299464225769042969e+00
-1.156009912490844727e+00
-5.454302430152893066e-01
7.585713267326354980e-01
1.569875359535217285e+00
-3.441168963909149170e-01
-8.675730228424072266e-01
1.765964329242706299e-01
-5.653084516525268555e-01
-4.706583321094512939e-01
-3.734972774982452393e-01
1.910025179386138916e-01
6.179667711257934570e-01
7.282799482345581055e-01
6.798833608627319336e-01
1.320089459419250488e+00
-1.845992088317871094e+00
-4.631240665912628174e-01
-5.714157819747924805e-01
-1.597387492656707764e-01
-1.176765263080596924e-01
-9.453411102294921875e-01
1.581511735916137695e+00
-1.249403715133666992e+00
9.624192118644714355e-02
2.495003044605255127e-01
6.574148535728454590e-01
-6.628701686859130859e-01
-1.072446107864379883e+00
6.020697951316833496e-01
4.566180109977722168e-01
1.905692666769027710e-01
-2.265968769788742065e-01
-6.010905504226684570e-01
1.815400421619415283e-01
1.460085868835449219e+00
3.933054581284523010e-02
-5.874395966529846191e-01
6.621291041374206543e-01
-1.424017429351806641e+00
-5.049144029617309570e-01
-1.436553716659545898e+00
-7.280993461608886719e-01
-5.455012992024421692e-02
2.702896483242511749e-02
1.247377634048461914e+00
1.514478683471679688e+00
-3.118503093719482422e-01
-1.950493097305297852e+00
-4.143786132335662842e-01
6.054840683937072754e-01
-4.955288395285606384e-02
-8.941650986671447754e-01
6.455690264701843262e-01
-3.287443816661834717e-01
8.504419922828674316e-01
-5.985362827777862549e-02
9.830393195152282715e-01
6.317157745361328125e-01
-1.041898369789123535e+00
1.398134231567382812e-01
4.832048714160919189e-01
-7.397981286048889160e-01
-1.010663509368896484e+00
1.058171629905700684e+00
7.723183929920196533e-02
-8.737459182739257812e-01
8.269299268722534180e-01
1.288702636957168579e-01
9.383009076118469238e-01
-2.245651930570602417e-01
-6.524053812026977539e-01
6.532751917839050293e-01
-7.394199371337890625e-01
-5.293933749198913574e-01
2.940605878829956055e-01
5.055856108665466309e-01
-1.245098233222961426e+00
-5.119485259056091309e-01
1.802130937576293945e+00
-6.630535721778869629e-01
3.380866721272468567e-02
-5.287223458290100098e-01
7.480363845825195312e-01
7.455164939165115356e-02
-7.715034298598766327e-03
-1.303463220596313477e+00
-2.801278114318847656e+00
6.605482101440429688e-01
-3.874567896127700806e-02
-1.274412274360656738e+00
-5.054562687873840332e-01
-2.619980275630950928e-01
5.684583783149719238e-01
-5.570353865623474121e-01
1.388176679611206055e+00
-1.750848531723022461e+00
-9.078307449817657471e-02
1.685828804969787598e+00
-7.013278007507324219e-01
1.555631309747695923e-01
-1.158270597457885742e+00
9.388760328292846680e-01
-4.974614381790161133e-01
-2.003507316112518311e-01
-1.843119502067565918e+00
-4.614238068461418152e-02
2.452104389667510986e-01
-1.402281403541564941e+00
2.369286417961120605e-01
1.171546101570129395e+00
-4.391059279441833496e-01
7.364419698715209961e-01
-3.499295115470886230e-01
-4.960396587848663330e-01
-5.956626683473587036e-02
4.490476548671722412e-01
6.714811176061630249e-02
-1.268501043319702148e+00
-8.728531599044799805e-01
1.567123532295227051e-01
1.358239173889160156e+00
7.811516523361206055e-01
-1.475456595420837402e+00
-9.478750079870223999e-02
6.177071854472160339e-02
-2.619429230690002441e-01
2.192769050598144531e-01
-9.481956362724304199e-01
-3.342629373073577881e-01
1.972553879022598267e-02
-1.337923295795917511e-02
-1.110557079315185547e+00
4.094778001308441162e-01
-1.479048609733581543e+00
-4.351293444633483887e-01
-1.415347903966903687e-01
6.092483177781105042e-02
-4.718461036682128906e-01
1.597417443990707397e-01
-1.813493967056274414e+00
-1.902034640312194824e+00
6.853410601615905762e-01
-6.023375988006591797e-01
-3.101703822612762451e-01
-8.285725116729736328e-01
-4.300197362899780273e-01
-3.808765411376953125e-01
-3.289387226104736328e-01
-3.784748613834381104e-01
-1.691276788711547852e+00
-5.853456854820251465e-01
4.271520674228668213e-01
-3.148587942123413086e-01
-6.846371293067932129e-01
4.302710592746734619e-01
2.200916856527328491e-01
-1.440557241439819336e+00
2.479231730103492737e-02
-3.516425937414169312e-02
7.057822942733764648e-01
-5.933485031127929688e-01
2.332345843315124512e-01
5.165482759475708008e-01
2.074562944471836090e-02
-6.773109436035156250e-01
4.213590323925018311e-01
1.445971369743347168e+00
-5.745033025741577148e-01
5.523644685745239258e-01
-2.220959402620792389e-02
1.233420848846435547e+00
-2.073993921279907227e+00
-1.374399542808532715e+00
7.028733491897583008e-01
1.437399864196777344e+00
2.559074461460113525e-01
1.887687087059020996e+00
1.569955587387084961e+00
-1.017154976725578308e-01
-5.538390278816223145e-01
-8.887313604354858398e-01
2.268294334411621094e+00
3.249634206295013428e-01
-6.444918513298034668e-01
8.608056306838989258e-01
1.459208965301513672e+00
-9.504421353340148926e-01
-1.774937987327575684e+00
1.202451467514038086e+00
-5.374105572700500488e-01
1.111624956130981445e+00
-5.730960369110107422e-01
8.379309773445129395e-01
3.870477378368377686e-01
-8.736087679862976074e-01
1.975015640258789062e+00
1.480610221624374390e-01
2.357528507709503174e-01
-6.820920705795288086e-01
-6.951833963394165039e-01
4.589733779430389404e-01
1.432492136955261230e+00
-3.032590746879577637e-01
-1.982664585113525391e+00
7.474350333213806152e-01
-1.008513495326042175e-01
1.041462063789367676e+00
3.487838804721832275e-02
-8.733221888542175293e-01
1.451723098754882812e+00
-7.820131182670593262e-01
1.310460090637207031e+00
2.173712253570556641e+00
3.901059925556182861e-01
-2.140332460403442383e-01
1.233905851840972900e-01
7.407038211822509766e-01
9.608483314514160156e-02
2.861502766609191895e-01
1.656739264726638794e-01
3.545654118061065674e-01
-1.677977442741394043e-01
1.570889711380004883e+00
-2.960378825664520264e-01
1.036415934562683105e+00
7.768833637237548828e-01
-4.765534996986389160e-01
-2.356170117855072021e-01
-2.949096262454986572e-01
8.327316641807556152e-01
5.336766242980957031e-01
-1.171832799911499023e+00
2.924481332302093506e-01
8.110722899436950684e-01
1.174482226371765137e+00
9.017533063888549805e-01
9.755128622055053711e-01
-5.461701750755310059e-01
-2.588496506214141846e-01
1.345861911773681641e+00
-2.270503714680671692e-02
-1.054893210530281067e-01
-4.385592341423034668e-01
-1.231904745101928711e+00
2.557744681835174561e-01
9.138394594192504883e-01
2.143762819468975067e-02
3.187668323516845703e-01
4.903972148895263672e-01
3.446632996201515198e-02
-2.165259979665279388e-02
1.413198828697204590e+00
-6.743676066398620605e-01
-1.040747642517089844e+00
3.595614060759544373e-02
-3.764340281486511230e-01
-1.161406755447387695e+00
4.751396775245666504e-01
5.861952900886535645e-01
-4.942539706826210022e-02
7.893415689468383789e-01
-1.084173798561096191e+00
1.288649559020996094e+00
-2.009831428527832031e+00
-1.480116367340087891e+00
1.764561772346496582e+00
9.270150065422058105e-01
4.835799336433410645e-01
1.120174288749694824e+00
-3.898654282093048096e-01
-1.462332129478454590e+00
-1.498551726341247559e+00
-5.548041462898254395e-01
5.861402153968811035e-01
3.829650282859802246e-01
4.391469359397888184e-01
1.163525581359863281e+00
2.163296379148960114e-02
-5.427560806274414062e-01
-1.182247400283813477e-01
-9.890961050987243652e-01
1.674417734146118164e+00
-2.381606549024581909e-01
-1.296989798545837402e+00
-7.663919329643249512e-01
5.325922369956970215e-01
4.401040673255920410e-01
7.851692438125610352e-01
-8.845086097717285156e-01
2.913186848163604736e-01
4.164028763771057129e-01
-7.266001105308532715e-01
4.074679911136627197e-01
5.195128321647644043e-01
8.535994887351989746e-01
-4.527035355567932129e-02
8.249631524085998535e-01
-5.507573485374450684e-01
-1.521164298057556152e+00
7.658725380897521973e-01
-1.548350811004638672e+00
2.976552955806255341e-02
5.741873979568481445e-01
-8.894094824790954590e-01
-1.096092820167541504e+00
7.328850775957107544e-02
-9.149865508079528809e-01
6.729714870452880859e-01
-2.292293310165405273e+00
-3.951970338821411133e-01
-4.341987073421478271e-01
8.677028119564056396e-02
-1.270200371742248535e+00
3.853858709335327148e-01
-6.076819449663162231e-02
-2.922028489410877228e-02
1.295336008071899414e+00
-6.201951503753662109e-01
8.682174682617187500e-01
2.185393810272216797e+00
-9.190987944602966309e-01
-8.472999930381774902e-01
3.754969835281372070e-01
9.163355827331542969e-01
6.325544714927673340e-01
2.611118555068969727e-02
-1.598982930183410645e+00
4.767787829041481018e-02
1.020237088203430176e+00
-2.214635133743286133e+00
-8.363257646560668945e-01
3.266701996326446533e-01
9.695308804512023926e-01
-4.367651417851448059e-02
-8.808497786521911621e-01
9.263231754302978516e-01
9.538162350654602051e-01
2.068185061216354370e-01
2.133088111877441406e-01
2.057633876800537109e+00
-1.878663182258605957e+00
6.435204744338989258e-01
4.743940532207489014e-01
7.144183516502380371e-01
-2.256612539291381836e+00
-7.805824875831604004e-01
-2.874177217483520508e+00
3.991370797157287598e-01
3.604332506656646729e-01
8.410166501998901367e-01
-6.511582136154174805e-01
8.879508972167968750e-01
2.645066678524017334e-01
1.554961085319519043e+00
1.460486292839050293e+00
1.361802577972412109e+00
2.928858697414398193e-01
-2.186944961547851562e+00
1.939345359802246094e+00
-6.561714410781860352e-01
3.955970332026481628e-02
-5.504475235939025879e-01
3.411899507045745850e-01
1.283334102481603622e-02
-1.207770466804504395e+00
-1.079267859458923340e+00
-2.902630567550659180e-01
4.155427813529968262e-01
2.490914314985275269e-01
-3.464636504650115967e-01
5.978401899337768555e-01
7.309275269508361816e-01
-1.479115486145019531e-01
-1.999493837356567383e-01
-9.202932007610797882e-03
-2.934525310993194580e-01
4.479418992996215820e-01
8.832071423530578613e-01
4.272256791591644287e-01
-1.418697065673768520e-03
-1.391200184822082520e+00
-2.693082690238952637e-01
1.872736066579818726e-01
-3.862591683864593506e-01
-4.287361204624176025e-01
4.928607642650604248e-01
-7.035677433013916016e-01
-2.167061716318130493e-01
-1.922558397054672241e-01
7.043548822402954102e-01
-8.334524035453796387e-01
-1.042766690254211426e+00
9.256058335304260254e-01
-9.030562043190002441e-01
-1.762866854667663574e+00
1.034788042306900024e-01
-2.100703269243240356e-01
9.505919814109802246e-01
9.674724340438842773e-01
1.232553362846374512e+00
4.198015034198760986e-01
5.750253200531005859e-01
4.739199280738830566e-01
1.436580538749694824e+00
