-2.384262382984161377e-01
-6.000362634658813477e-01
-8.349385261535644531e-01
-2.322825431823730469e+00
-1.212853670120239258e+00
-1.448602974414825439e-01
-7.610632479190826416e-02
1.441445469856262207e+00
3.780844435095787048e-02
1.005772590637207031e+00
-5.101461410522460938e-01
-1.696911334991455078e+00
1.710172146558761597e-01
-9.010246396064758301e-01
7.798390835523605347e-02
1.444462537765502930e+00
7.572925090789794922e-01
-1.575155854225158691e+00
2.760909795761108398e-01
-3.219408169388771057e-02
-2.065496146678924561e-01
-1.158926188945770264e-01
4.902478158473968506e-01
-7.884556055068969727e-02
-4.821392595767974854e-01
-3.163115084171295166e-01
5.792130827903747559e-01
2.855940461158752441e-01
-1.057428717613220215e+00
-5.125240683555603027e-01
1.180277585983276367e+00
-7.046781182289123535e-01
6.268091797828674316e-01
4.884568452835083008e-01
7.511754035949707031e-01
-4.800989106297492981e-02
-2.220344096422195435e-01
3.879352509975433350e-01
-8.551728129386901855e-01
2.086608111858367920e-01
1.583013415336608887e+00
1.164755463600158691e+00
-1.441648840904235840e+00
-1.075083971023559570e+00
-1.908980846405029297e+00
1.550211310386657715e+00
6.193613409996032715e-01
-4.224185943603515625e-01
3.160820603370666504e-01
-7.393164634704589844e-01
-4.113394916057586670e-01
7.684134244918823242e-01
-1.347420811653137207e+00
-9.660735130310058594e-01
6.370156258344650269e-02
-1.504876971244812012e+00
-9.795148968696594238e-01
-5.007070302963256836e-01
3.583133816719055176e-01
1.197328567504882812e+00
-9.779005646705627441e-01
8.432658910751342773e-01
-8.648427575826644897e-02
5.986097455024719238e-01
7.819232344627380371e-01
5.260850191116333008e-01
1.004117608070373535e+00
-2.101119160652160645e-01
-1.249185562133789062e+00
-8.938109874725341797e-01
-3.007576465606689453e-01
7.439304888248443604e-02
-3.898336291313171387e-01
-8.762462139129638672e-01
3.828873932361602783e-01
-1.308773159980773926e+00
1.039617896080017090e+00
6.369382739067077637e-01
1.727468967437744141e+00
-8.722068071365356445e-01
2.276357114315032959e-01
1.067259982228279114e-01
-1.959344558417797089e-02
-2.165589034557342529e-01
-3.821092247962951660e-01
-3.968451619148254395e-01
-6.197084486484527588e-02
-9.599939584732055664e-01
-6.594713926315307617e-01
-5.313462018966674805e-02
-1.082292556762695312e+00
-1.850342631340026855e+00
-2.333273142576217651e-01
-6.382704377174377441e-01
7.433118224143981934e-01
-2.047807127237319946e-01
-9.886776208877563477e-01
-4.012845754623413086e-01
2.396786361932754517e-01
1.126861214637756348e+00
1.367153525352478027e+00
1.225066781044006348e+00
2.321226745843887329e-01
-9.551700949668884277e-01
3.829397559165954590e-01
7.435464262962341309e-01
-1.457179188728332520e-01
-3.489939495921134949e-03
-4.373031556606292725e-01
1.963293254375457764e-01
-3.210478425025939941e-01
1.472349017858505249e-01
1.359557062387466431e-01
1.628015756607055664e+00
-1.315361261367797852e-01
1.021830081939697266e+00
-1.004492640495300293e-01
7.827970385551452637e-01
2.091920375823974609e-01
1.098757535219192505e-01
-9.941097497940063477e-01
-3.940420746803283691e-01
-3.802625834941864014e-01
3.290560096502304077e-02
-1.427381157875061035e+00
-2.899301648139953613e-01
-1.473112463951110840e+00
-6.332474946975708008e-01
2.916995048522949219e+00
-1.289567947387695312e+00
-1.637599110603332520e+00
-4.260444343090057373e-01
-6.575722098350524902e-01
-3.466159105300903320e-01
-6.628860235214233398e-01
-2.211925685405731201e-01
-5.077062845230102539e-01
2.844036519527435303e-01
4.207321405410766602e-01
-2.743758726865053177e-03
-1.104192018508911133e+00
9.323517680168151855e-01
1.167129874229431152e+00
2.774558365345001221e-01
-1.217461943626403809e+00
-1.500576972961425781e+00
1.566395521163940430e+00
1.380340576171875000e+00
2.099394083023071289e+00
-5.001073479652404785e-01
3.822893202304840088e-01
-1.112155914306640625e+00
-4.686716571450233459e-02
4.379953444004058838e-01
4.219598472118377686e-01
-1.191923543810844421e-01
-7.891032844781875610e-02
-2.143339365720748901e-01
-2.766562392935156822e-03
7.356608510017395020e-01
-5.538155436515808105e-01
9.446675330400466919e-02
2.929442822933197021e-01
-7.312855124473571777e-01
-1.819915771484375000e-01
1.847112476825714111e-01
1.829919457435607910e+00
-1.632820516824722290e-01
-1.217886447906494141e+00
2.314590215682983398e-01
9.887619316577911377e-02
-1.786587573587894440e-02
4.658018648624420166e-01
-3.224113881587982178e-01
1.967101454734802246e+00
-5.830746293067932129e-01
4.937768280506134033e-01
-1.046162247657775879e+00
-3.182964920997619629e-01
8.409352302551269531e-01
2.381826043128967285e-01
4.856376647949218750e-01
-4.888406991958618164e-01
1.624522686004638672e+00
-3.185712695121765137e-01
7.714942097663879395e-02
1.351091116666793823e-01
-1.638172268867492676e+00
4.078637361526489258e-01
-2.748619019985198975e-01
1.266910880804061890e-01
-8.084732890129089355e-01
-4.134524464607238770e-01
-5.279147028923034668e-01
-9.860388040542602539e-01
-5.765612125396728516e-01
-5.569468736648559570e-01
1.157336592674255371e+00
6.319057345390319824e-01
-5.325917154550552368e-02
-1.250862002372741699e+00
-1.963980197906494141e+00
2.799335718154907227e-01
4.743907153606414795e-01
-3.278253078460693359e-01
7.678828239440917969e-01
-1.046876311302185059e-01
-8.565285801887512207e-02
-3.809024989604949951e-01
-8.884093761444091797e-01
8.329802751541137695e-01
1.764613687992095947e-01
-1.030958350747823715e-02
6.897238492965698242e-01
6.681681275367736816e-01
7.357037663459777832e-01
-3.643092811107635498e-01
1.176250696182250977e+00
-5.608834028244018555e-01
-1.173325419425964355e+00
-9.339901059865951538e-02
1.861218929290771484e+00
-6.478216648101806641e-01
-7.972146272659301758e-01
-1.754339188337326050e-01
5.226253271102905273e-01
-6.499912738800048828e-01
-1.327646970748901367e+00
-7.609140872955322266e-01
1.188000917434692383e+00
-6.990621238946914673e-02
-7.764177322387695312e-01
8.701398968696594238e-01
8.631564378738403320e-01
-1.345956206321716309e+00
-7.266647815704345703e-01
4.742567241191864014e-01
-1.084914445877075195e+00
-1.158758625388145447e-01
-5.295057296752929688e-01
5.817722082138061523e-01
-1.269387751817703247e-01
-5.227621793746948242e-01
1.689140945672988892e-01
2.617849707603454590e-01
4.084581434726715088e-01
7.307342290878295898e-01
-5.586102008819580078e-01
2.181769311428070068e-01
1.206257343292236328e+00
-1.288177609443664551e+00
1.821644045412540436e-02
9.841704368591308594e-01
1.035189867019653320e+00
9.889283031225204468e-02
-2.965937554836273193e-01
4.882124066352844238e-01
-9.304203987121582031e-01
-1.848556846380233765e-01
1.798986673355102539e+00
-4.794456660747528076e-01
1.126531362533569336e+00
2.100512027740478516e+00
2.660277485847473145e-01
-1.007198214530944824e+00
1.757719397544860840e+00
3.260858058929443359e-01
1.618568539619445801e+00
-3.963365852832794189e-01
1.877395063638687134e-01
-5.384120345115661621e-02
7.514982819557189941e-01
-9.277826547622680664e-01
-1.665165066719055176e+00
-7.809549570083618164e-01
1.201677083969116211e+00
-8.301295042037963867e-01
2.597316801548004150e-01
-1.080904722213745117e+00
-5.273533463478088379e-01
5.439392104744911194e-02
1.353338211774826050e-01
8.038110136985778809e-01
1.506418883800506592e-01
-5.218286067247390747e-02
-7.811123728752136230e-01
-1.973804235458374023e-01
-5.609346032142639160e-01
-6.015952825546264648e-01
3.360672295093536377e-01
-6.141582131385803223e-01
-7.607697248458862305e-01
-1.906850934028625488e-01
-7.506167888641357422e-01
-1.485498249530792236e-01
-3.544655740261077881e-01
-8.604467511177062988e-01
-2.392380386590957642e-01
-6.647287011146545410e-01
2.048665285110473633e+00
-7.296981811523437500e-01
-1.902967393398284912e-01
1.168715476989746094e+00
-6.367262601852416992e-01
8.356176018714904785e-01
-1.536195635795593262e+00
-2.948779761791229248e-01
1.490208029747009277e+00
-4.864774644374847412e-01
-3.160333633422851562e-01
-1.236552715301513672e+00
-7.916854619979858398e-01
7.647954821586608887e-01
3.503828644752502441e-01
4.697765409946441650e-01
9.330318570137023926e-01
-1.279240697622299194e-01
-6.780057549476623535e-01
1.226438641548156738e+00
4.663552343845367432e-01
1.089898347854614258e+00
3.042614161968231201e-01
-5.163758397102355957e-01
-1.707868278026580811e-01
7.180943340063095093e-02
4.478038549423217773e-01
-1.097733378410339355e+00
6.595078110694885254e-01
3.106450140476226807e-01
5.177242755889892578e-01
-2.377963364124298096e-01
-9.386729001998901367e-01
-5.641149282455444336e-01
4.890448749065399170e-01
1.314078092575073242e+00
1.097831845283508301e+00
3.443656265735626221e-01
-6.713817715644836426e-01
6.750420331954956055e-01
-9.377438426017761230e-01
-1.233216971158981323e-01
-1.148235321044921875e+00
2.920770645141601562e+00
-3.873613178730010986e-01
-1.386124730110168457e+00
-1.941248029470443726e-02
-8.410074710845947266e-01
-5.325186252593994141e-01
-5.465029478073120117e-01
1.603639245033264160e+00
6.778268814086914062e-01
-1.209903582930564880e-01
-1.582303494215011597e-01
2.211815357208251953e+00
-5.067971348762512207e-02
-6.128218173980712891e-01
-1.956707239151000977e-01
8.058304190635681152e-01
6.847494244575500488e-01
7.048473954200744629e-01
-1.500611543655395508e+00
-1.396091878414154053e-01
1.563591510057449341e-01
-5.167192220687866211e-02
-7.800989747047424316e-01
-9.758670330047607422e-01
1.086429506540298462e-01
7.346554994583129883e-01
-8.783794939517974854e-02
-9.310328960418701172e-01
-4.456736147403717041e-01
-2.127486169338226318e-01
-1.408317804336547852e+00
-5.620940923690795898e-01
9.349734187126159668e-01
1.226983547210693359e+00
1.476507663726806641e+00
7.837636470794677734e-01
6.257060170173645020e-01
-2.120312690734863281e+00
-8.001575469970703125e-01
3.733829855918884277e-01
-1.495987325906753540e-01
-9.457526803016662598e-01
-1.476205140352249146e-01
9.571136236190795898e-01
-1.078691601753234863e+00
1.085530638694763184e+00
-9.480965882539749146e-02
1.476602554321289062e+00
-7.813652157783508301e-01
-3.466304838657379150e-01
1.670605063438415527e+00
-1.492491364479064941e-01
-7.502347826957702637e-01
-1.002473235130310059e+00
2.018272399902343750e+00
-6.716893315315246582e-01
1.646658301353454590e+00
-6.723146438598632812e-01
1.257521271705627441e+00
6.576428413391113281e-01
-9.014357328414916992e-01
1.732942163944244385e-01
1.788597404956817627e-01
-9.672346711158752441e-01
-1.245730146765708923e-01
-1.116986870765686035e-01
-6.575360149145126343e-02
1.054097294807434082e+00
-3.949166536331176758e-01
-1.081579804420471191e+00
-6.605257987976074219e-01
1.897327154874801636e-01
1.386179804801940918e+00
-2.117697149515151978e-01
-2.955219745635986328e+00
2.070578038692474365e-01
9.854347109794616699e-01
-8.989849686622619629e-01
3.964858055114746094e-01
-4.206087887287139893e-01
-1.200057506561279297e+00
-3.640442788600921631e-01
9.301698803901672363e-01
2.331685721874237061e-01
-1.237963140010833740e-01
-4.904489517211914062e-01
-4.274013042449951172e-01
-9.072339534759521484e-01
3.011257573962211609e-02
-2.849153280258178711e-01
1.116433143615722656e+00
7.303315401077270508e-01
3.083080947399139404e-01
1.259100914001464844e+00
6.691015325486660004e-03
9.654217958450317383e-02
-6.587158441543579102e-01
-6.156334877014160156e-01
-2.605621516704559326e-01
-1.590412020683288574e+00
6.672965884208679199e-01
-1.027656793594360352e+00
-5.432551503181457520e-01
-8.516573905944824219e-01
3.966578543186187744e-01
5.580917000770568848e-01
-7.285615056753158569e-02
2.048653662204742432e-01
-1.456514120101928711e+00
-1.558243036270141602e-01
3.198235332965850830e-01
-1.309619426727294922e+00
-3.577076196670532227e-01
7.488265633583068848e-01
1.145589709281921387e+00
-1.163120269775390625e+00
-4.658040776848793030e-02
-7.047598958015441895e-01
7.068687677383422852e-01
1.317902088165283203e+00
-3.945106565952301025e-01
1.518251061439514160e+00
7.718271017074584961e-02
1.358063220977783203e+00
-1.076406687498092651e-01
-1.880110383033752441e+00
-2.241855382919311523e+00
-6.999433785676956177e-02
4.470485448837280273e-01
-1.417158246040344238e+00
-1.410656809806823730e+00
-2.400097995996475220e-01
8.254479765892028809e-01
-6.093361973762512207e-01
-4.712849855422973633e-01
1.342075318098068237e-01
1.575536131858825684e+00
3.393167555332183838e-01
2.051799297332763672e-01
-3.034278631210327148e+00
8.193668723106384277e-02
2.915748655796051025e-01
-7.811704277992248535e-01
3.596760034561157227e-01
-4.343304038047790527e-01
-6.847608685493469238e-01
-3.929867744445800781e-01
1.944022536277770996e+00
-8.225452303886413574e-01
1.241782188415527344e+00
3.818622231483459473e-01
-5.656712651252746582e-01
5.210690498352050781e-01
-1.282436847686767578e-01
7.146514952182769775e-02
8.944068104028701782e-02
-7.730888128280639648e-01
-2.617839276790618896e-01
2.743145525455474854e-01
4.857658147811889648e-01
5.327226519584655762e-01
5.469005703926086426e-01
-5.709841847419738770e-01
1.527100086212158203e+00
-1.125110626220703125e+00
-1.161306619644165039e+00
9.254443049430847168e-01
-3.029244244098663330e-01
-9.617617726325988770e-02
-6.695006489753723145e-01
1.653050035238265991e-01
-4.837287664413452148e-01
-1.081461071968078613e+00
7.285793423652648926e-01
-7.414383292198181152e-01
3.374689221382141113e-01
4.942221045494079590e-01
-1.160548552870750427e-01
-9.045379161834716797e-01
-2.917984724044799805e-01
6.588060259819030762e-01
1.583051085472106934e-01
-1.871899664402008057e-01
1.280585378408432007e-01
7.704134583473205566e-01
-5.549340844154357910e-01
-1.129001140594482422e+00
3.765366077423095703e-01
1.255630254745483398e+00
-1.772795438766479492e+00
9.671808481216430664e-01
8.233884721994400024e-02
7.188786268234252930e-01
-3.590069293975830078e+00
1.520158201456069946e-01
1.309560060501098633e+00
1.679830551147460938e+00
6.483618021011352539e-01
2.643702983856201172e+00
-2.720898687839508057e-01
-9.390111565589904785e-01
-1.600460857152938843e-01
-5.472226738929748535e-01
1.701574087142944336e+00
-1.103881299495697021e-01
-3.986528217792510986e-01
7.594544291496276855e-01
1.197889566421508789e+00
-1.279444098472595215e+00
-1.450017571449279785e+00
1.023633480072021484e+00
2.014377117156982422e+00
6.266500949859619141e-01
-3.229128718376159668e-01
7.682439088821411133e-01
2.253322362899780273e+00
1.974340975284576416e-01
7.425550222396850586e-01
1.233672499656677246e+00
2.069060355424880981e-01
-6.493454575538635254e-01
2.467491663992404938e-02
7.117545008659362793e-01
-8.953408151865005493e-02
9.907122254371643066e-01
-2.812367677688598633e-01
-4.683485925197601318e-01
-2.795660197734832764e-01
1.124820858240127563e-01
1.300793647766113281e+00
-3.421691954135894775e-01
8.522831201553344727e-01
2.762795686721801758e-01
1.556988358497619629e-01
-2.656241655349731445e-01
7.687884569168090820e-01
-7.740038037300109863e-01
-3.179138898849487305e-01
8.031717538833618164e-01
4.574072659015655518e-01
5.779439806938171387e-01
4.882063865661621094e-01
5.891913771629333496e-01
-1.429363131523132324e+00
9.966403841972351074e-01
-4.615486264228820801e-01
1.510304689407348633e+00
-9.477004408836364746e-02
-9.705495834350585938e-01
-1.493506282567977905e-01
-2.131867557764053345e-01
-8.058421313762664795e-02
-2.949301600456237793e-01
-2.002738714218139648e+00
1.472660005092620850e-01
-1.001097112894058228e-01
-5.496908426284790039e-01
1.090738296508789062e+00
-3.605160117149353027e-01
4.734427034854888916e-01
-2.558627426624298096e-01
9.865791797637939453e-01
-1.866468191146850586e-01
6.367282941937446594e-03
-5.154593288898468018e-02
4.018083959817886353e-02
5.877850055694580078e-01
-1.332604885101318359e-01
-1.979636549949645996e-01
-3.675269782543182373e-01
1.242812633514404297e+00
6.658489108085632324e-01
5.079853534698486328e-01
8.777205348014831543e-01
-1.516648054122924805e+00
-1.064513087272644043e+00
-1.785458624362945557e-01
-2.157005369663238525e-01
-1.055750727653503418e+00
6.568754464387893677e-02
5.288407206535339355e-01
-7.342462539672851562e-01
4.788422584533691406e-01
-6.044822931289672852e-01
1.648603916168212891e+00
-2.208599805831909180e+00
-3.908881843090057373e-01
1.379770994186401367e+00
1.269566535949707031e+00
-1.043811678886413574e+00
1.568033099174499512e+00
-1.163812637329101562e+00
-2.173346519470214844e+00
-8.481773138046264648e-01
-5.665941908955574036e-02
2.510148882865905762e-01
7.361003011465072632e-02
1.283559083938598633e+00
-1.290683031082153320e+00
-1.506711542606353760e-01
-1.042586207389831543e+00
2.185874059796333313e-02
-5.886829495429992676e-01
-1.112594977021217346e-01
-1.959331482648849487e-01
-1.298270821571350098e+00
-8.672471642494201660e-01
2.452994883060455322e-01
-1.947790980339050293e+00
-5.551265478134155273e-01
-1.505693435668945312e+00
-2.585995011031627655e-02
-1.198622345924377441e+00
-8.040519356727600098e-01
-7.779208570718765259e-02
1.145918011665344238e+00
2.595512390136718750e+00
-2.239547073841094971e-01
1.049534440040588379e+00
-1.268164962530136108e-01
-6.397429704666137695e-01
8.676970601081848145e-01
5.457800030708312988e-01
2.591155767440795898e-01
1.739016026258468628e-01
-7.344913482666015625e-01
-8.268806338310241699e-01
-2.775091528892517090e-01
-1.380064964294433594e+00
1.584446579217910767e-01
-4.224504232406616211e-01
-1.018236994743347168e+00
1.477987468242645264e-01
-1.060553669929504395e+00
-1.609371304512023926e+00
6.647791862487792969e-01
-4.338896647095680237e-02
8.873600363731384277e-01
4.409248828887939453e-01
-3.498564660549163818e-01
1.595293171703815460e-02
1.507911086082458496e+00
9.945774078369140625e-01
-2.292644828557968140e-01
2.542323470115661621e-01
8.153111934661865234e-01
1.769556283950805664e+00
-9.495098888874053955e-02
-5.000070333480834961e-01
2.690220475196838379e-01
-2.856019139289855957e-01
-1.451691269874572754e+00
5.584136247634887695e-01
9.010503888130187988e-01
1.007314562797546387e+00
6.658179759979248047e-01
-5.183140188455581665e-02
7.655394673347473145e-01
-1.364332884550094604e-01
9.627533555030822754e-01
8.138142228126525879e-01
7.060419917106628418e-01
-1.050969004631042480e+00
2.756547927856445312e-01
1.498016476631164551e+00
-8.508513122797012329e-02
-2.091133832931518555e+00
-8.482040762901306152e-01
-1.706498026847839355e+00
1.652899831533432007e-01
3.035118281841278076e-01
3.431882262229919434e-01
1.188885807991027832e+00
-8.663404583930969238e-01
-5.934993922710418701e-02
9.455360174179077148e-01
-4.915714263916015625e-02
2.523172199726104736e-01
-2.797905802726745605e-01
-1.753674864768981934e+00
-1.651075780391693115e-01
-2.711016833782196045e-01
-2.138537168502807617e-02
6.623982191085815430e-01
-2.052809000015258789e-01
-4.318806231021881104e-01
-8.624775409698486328e-01
-1.275363564491271973e+00
-8.163609504699707031e-01
6.734678149223327637e-01
1.358666658401489258e+00
-1.674562454223632812e+00
2.968608736991882324e-01
-1.169767230749130249e-01
6.246621161699295044e-02
5.256757736206054688e-01
-9.946528673171997070e-01
-8.375815153121948242e-01
-3.874806761741638184e-01
4.468575417995452881e-01
-4.606902971863746643e-02
-6.403059959411621094e-01
-7.025907188653945923e-02
-8.419194221496582031e-01
4.408945739269256592e-01
-1.414095312356948853e-01
-4.508874416351318359e-01
1.671578764915466309e+00
-8.220897912979125977e-01
-1.323261409997940063e-01
6.286378502845764160e-01
1.229930222034454346e-01
1.654747426509857178e-01
-1.412583231925964355e+00
5.856240391731262207e-01
-2.139325290918350220e-01
-1.338642597198486328e+00
3.196809813380241394e-02
6.051566600799560547e-01
1.147041916847229004e+00
4.240766167640686035e-01
8.095391988754272461e-01
3.323447406291961670e-01
-7.593936473131179810e-02
5.256321430206298828e-01
-2.392386049032211304e-01
