-1.031813859939575195e+00
-3.427245616912841797e-01
-1.999635994434356689e-01
-2.009690046310424805e+00
-1.762386083602905273e+00
-5.395492538809776306e-03
6.843759417533874512e-01
1.028770208358764648e+00
1.802311390638351440e-01
4.039007723331451416e-01
-6.105617880821228027e-01
-2.522687911987304688e+00
-2.721669673919677734e-01
2.180954068899154663e-01
7.639620900154113770e-01
1.544287323951721191e+00
1.039664745330810547e+00
-2.318934202194213867e+00
9.515140652656555176e-01
4.832102358341217041e-01
-4.913459420204162598e-01
1.788588315248489380e-01
5.733454823493957520e-01
2.039165645837783813e-01
2.531718909740447998e-01
-3.655778765678405762e-01
1.099913001060485840e+00
1.386109739542007446e-01
-9.641544818878173828e-01
-1.680063903331756592e-01
1.216620922088623047e+00
-8.478736877441406250e-01
-2.552330791950225830e-01
4.052207171916961670e-01
7.654491811990737915e-02
4.707796871662139893e-01
4.302866160869598389e-01
7.810396552085876465e-01
-6.327764987945556641e-01
4.188608825206756592e-01
1.223319888114929199e+00
7.032369971275329590e-01
-7.032400965690612793e-01
-6.888664364814758301e-01
-1.020272135734558105e+00
1.065705060958862305e+00
7.046971321105957031e-01
-2.348943799734115601e-01
-3.723313510417938232e-01
-7.678514122962951660e-01
4.278508126735687256e-01
1.163790345191955566e+00
-1.968594789505004883e+00
-6.860214471817016602e-01
2.749496996402740479e-01
-1.367079019546508789e+00
-1.073031187057495117e+00
7.114548087120056152e-01
-2.341611087322235107e-01
9.169711470603942871e-01
-1.678588628768920898e+00
9.830814599990844727e-01
3.675017654895782471e-01
1.040635943412780762e+00
3.574883043766021729e-01
-1.879817619919776917e-02
2.034507989883422852e-01
-6.711657643318176270e-01
-1.034497499465942383e+00
-4.321989119052886963e-01
1.326429843902587891e-01
-4.694563150405883789e-01
-9.204858541488647461e-02
-1.515880227088928223e+00
-9.342715144157409668e-01
-1.630957126617431641e+00
9.937610030174255371e-01
9.558344483375549316e-01
8.773793578147888184e-01
-9.617729187011718750e-01
5.745182633399963379e-01
-4.668261110782623291e-02
-1.053333759307861328e+00
-4.005022943019866943e-01
-7.583252191543579102e-01
-4.627612233161926270e-01
-7.657985389232635498e-02
-2.617463469505310059e-01
-6.054264307022094727e-01
-5.646944642066955566e-01
-8.195919394493103027e-01
-1.031270980834960938e+00
-1.413156986236572266e-01
-6.772754788398742676e-01
2.339693009853363037e-01
-5.205075144767761230e-01
-1.022309660911560059e+00
-1.294753313064575195e+00
-1.437323093414306641e-01
9.838508367538452148e-01
1.585720300674438477e+00
1.044129371643066406e+00
2.449009716510772705e-01
-6.762241125106811523e-01
-2.915485948324203491e-02
1.557817161083221436e-01
3.625904023647308350e-01
-3.036308586597442627e-01
-5.466020107269287109e-01
4.824531376361846924e-01
-3.541873395442962646e-02
1.030394554138183594e+00
-5.462023615837097168e-01
9.560381174087524414e-01
-4.325772225856781006e-01
1.112373232841491699e+00
2.750059366226196289e-01
8.883814811706542969e-01
2.639458179473876953e-01
3.083515167236328125e-01
-4.526154100894927979e-01
-2.189900875091552734e-01
-4.284631907939910889e-01
-9.913278371095657349e-02
-5.959902405738830566e-01
-5.657718777656555176e-01
-1.513085484504699707e+00
2.876631021499633789e-01
2.146843910217285156e+00
-6.355915665626525879e-01
-1.432465076446533203e+00
-1.823525689542293549e-02
-6.176335215568542480e-01
-4.332698285579681396e-01
1.120894789695739746e+00
1.336667407304048538e-02
5.869484543800354004e-01
1.242324113845825195e+00
1.831217706203460693e-01
1.556775867938995361e-01
-1.423275828361511230e+00
-7.497235536575317383e-01
2.481013536453247070e+00
5.672765374183654785e-01
-1.008476257324218750e+00
-1.771315693855285645e+00
1.249271273612976074e+00
6.232748031616210938e-01
1.550204277038574219e+00
-3.717077970504760742e-01
-4.667861759662628174e-01
-1.863305866718292236e-01
4.008803367614746094e-01
3.435952961444854736e-01
-2.558694779872894287e-01
-1.151266336441040039e+00
-1.656661480665206909e-01
-7.256666421890258789e-01
-3.587984740734100342e-01
3.920144736766815186e-01
-3.910676538944244385e-01
-1.249614953994750977e+00
5.037073493003845215e-01
-1.214967370033264160e+00
-5.351133942604064941e-01
-1.833658367395401001e-01
4.114370346069335938e-01
-3.918613791465759277e-01
-6.473009586334228516e-01
-1.145367696881294250e-02
-2.594487965106964111e-01
-9.865857362747192383e-01
3.697979152202606201e-01
-1.055036067962646484e+00
6.457105875015258789e-01
-1.651299595832824707e-01
-2.566555142402648926e-01
-1.492829918861389160e+00
7.362034171819686890e-02
-1.036777853965759277e+00
2.521788179874420166e-01
3.500546813011169434e-01
9.246649146080017090e-01
1.625593304634094238e+00
-2.842846512794494629e-01
-8.450123071670532227e-01
-1.894440054893493652e-01
-2.352281332015991211e+00
1.388573050498962402e+00
8.169558644294738770e-02
2.152263522148132324e-01
-9.790723025798797607e-02
-1.053669214248657227e+00
-1.093588694930076599e-01
-3.456204533576965332e-01
-1.177251100540161133e+00
-1.157896667718887329e-01
2.166484832763671875e+00
4.101753830909729004e-01
5.202644467353820801e-01
-4.432224035263061523e-01
-1.810012578964233398e+00
5.998936891555786133e-01
-6.863130927085876465e-01
-3.192948400974273682e-01
4.996487498283386230e-01
-1.615785211324691772e-01
-7.732643485069274902e-01
-4.060115218162536621e-01
-3.460532128810882568e-01
2.283626236021518707e-02
2.843632176518440247e-02
-1.338336110115051270e+00
1.279938220977783203e-01
1.145852077752351761e-02
8.312726020812988281e-01
-5.496716499328613281e-01
1.110927700996398926e+00
-6.953027248382568359e-01
-1.910243988037109375e+00
1.053426027297973633e+00
1.183847904205322266e+00
-2.309619188308715820e-01
7.614105194807052612e-02
2.120100110769271851e-01
4.981341660022735596e-01
-1.088662505149841309e+00
-1.207144379615783691e+00
-1.979775279760360718e-01
4.616293311119079590e-01
-2.280909419059753418e-01
-3.388950228691101074e-01
-2.386816293001174927e-01
4.773091152310371399e-02
-4.130019843578338623e-01
-9.260534048080444336e-01
-2.142532169818878174e-01
-1.923596024513244629e+00
-1.156980991363525391e+00
-7.812373042106628418e-01
-5.067577362060546875e-01
9.189105629920959473e-01
-6.172605156898498535e-01
1.289163470268249512e+00
4.855386912822723389e-01
4.652853012084960938e-01
1.215293332934379578e-01
-1.528643816709518433e-01
3.953242897987365723e-01
8.868556022644042969e-01
-1.145105361938476562e+00
-1.175149679183959961e+00
-5.727458000183105469e-01
4.191820025444030762e-01
3.395582437515258789e-01
4.894528090953826904e-01
6.061387062072753906e-01
-3.707291185855865479e-01
-1.241450905799865723e-01
9.272480607032775879e-01
-1.035579919815063477e+00
-6.881395578384399414e-01
1.466008901596069336e+00
-1.760646939277648926e+00
-1.849199056625366211e+00
9.434062838554382324e-01
-4.185538887977600098e-01
1.080983519554138184e+00
8.114089369773864746e-01
8.698694109916687012e-01
9.832885861396789551e-02
1.024432420730590820e+00
-7.058229297399520874e-02
-1.266055822372436523e+00
-7.071612477302551270e-01
1.907654047012329102e+00
-3.120407760143280029e-01
-2.709744870662689209e-01
-7.363342046737670898e-01
1.205988153815269470e-01
2.173784375190734863e-01
-2.486319988965988159e-01
2.918764352798461914e-01
1.562382698059082031e+00
-1.192722916603088379e+00
-2.953884564340114594e-02
-8.945034444332122803e-02
-7.502970099449157715e-01
-1.114447042346000671e-01
-1.578832268714904785e-01
-6.913274526596069336e-01
-7.055951356887817383e-01
-1.210143089294433594e+00
-7.868251763284206390e-03
-1.248070597648620605e-01
5.599743127822875977e-01
3.911955654621124268e-01
-6.705572605133056641e-01
3.500654697418212891e-01
1.399031281471252441e+00
-5.544408559799194336e-01
1.949994266033172607e-01
1.065703868865966797e+00
-7.048095464706420898e-01
-9.475135803222656250e-01
-5.005007386207580566e-01
9.803902357816696167e-02
1.744193315505981445e+00
-1.935659199953079224e-01
-6.985059380531311035e-01
-1.408338785171508789e+00
-7.733882665634155273e-01
-6.232224106788635254e-01
7.642411589622497559e-01
3.627187907695770264e-01
4.396038353443145752e-01
-1.231513544917106628e-01
-4.785803854465484619e-01
1.742994070053100586e+00
-3.721266090869903564e-01
4.844383299350738525e-01
6.107128262519836426e-01
-4.898187816143035889e-01
-1.449378848075866699e+00
2.670729160308837891e-01
2.060423940420150757e-01
-1.116324663162231445e+00
1.050906777381896973e-01
2.747282944619655609e-02
1.010744497179985046e-01
-5.659997463226318359e-01
2.001316100358963013e-01
-1.041398882865905762e+00
7.230854630470275879e-01
5.685093998908996582e-01
1.602472305297851562e+00
8.612595498561859131e-02
-3.667957484722137451e-01
3.512151241302490234e-01
-9.645867347717285156e-01
-2.232515066862106323e-01
-9.120280146598815918e-01
1.728404760360717773e+00
-7.016088068485260010e-02
-1.343251347541809082e+00
-3.417003452777862549e-01
-8.076886534690856934e-01
-4.549931883811950684e-01
-8.552177548408508301e-01
1.531647324562072754e+00
1.378212690353393555e+00
-3.884333372116088867e-01
-5.195143222808837891e-01
3.274511337280273438e+00
1.042340919375419617e-01
4.356375634670257568e-01
2.672855257987976074e-01
5.120194554328918457e-01
1.068109393119812012e+00
1.645826458930969238e+00
-7.922027707099914551e-01
-1.300996243953704834e-01
2.332198172807693481e-01
4.758591055870056152e-01
-1.012958884239196777e+00
-5.129321217536926270e-01
4.867519438266754150e-01
4.368287026882171631e-01
4.740260541439056396e-01
-5.875620618462562561e-02
7.314356565475463867e-01
-5.713428258895874023e-01
2.956027686595916748e-01
-1.869674205780029297e+00
4.007300436496734619e-01
-1.873758435249328613e-01
2.058262526988983154e-01
6.263256072998046875e-01
1.063427090644836426e+00
-2.252277612686157227e+00
-1.879130840301513672e+00
-1.398898810148239136e-01
-1.473553627729415894e-01
-8.759436011314392090e-01
-1.485872507095336914e+00
1.314238309860229492e+00
-6.931106448173522949e-01
7.784335613250732422e-01
-6.551510095596313477e-01
5.670611858367919922e-01
1.724528707563877106e-02
-3.391171097755432129e-01
1.055111050605773926e+00
8.755106478929519653e-02
-4.842124581336975098e-01
-4.744623899459838867e-01
1.318507194519042969e+00
-8.359239101409912109e-01
1.305035948753356934e+00
-5.067374706268310547e-01
9.881129264831542969e-01
9.682126045227050781e-01
-1.033966541290283203e+00
2.529333531856536865e-01
-6.268521547317504883e-01
-1.085798621177673340e+00
-8.514839410781860352e-01
3.314412534236907959e-01
4.046778082847595215e-01
1.165872335433959961e+00
6.130348443984985352e-01
-1.852105617523193359e+00
5.898603796958923340e-01
7.182379961013793945e-01
1.895065903663635254e+00
4.942387714982032776e-02
1.784815490245819092e-01
7.009012103080749512e-01
4.493469297885894775e-01
-4.019797444343566895e-01
1.892864823341369629e+00
-1.259144544601440430e-01
-6.680819392204284668e-01
-2.342972457408905029e-01
2.040992826223373413e-01
1.645961850881576538e-01
-5.553216338157653809e-01
-6.399769783020019531e-01
-1.169641613960266113e+00
-5.694377422332763672e-01
3.284398317337036133e-01
2.799367308616638184e-01
3.158711642026901245e-02
-4.039247035980224609e-01
-2.681792378425598145e-01
1.149429798126220703e+00
-4.967798292636871338e-01
2.019536942243576050e-01
3.172629773616790771e-01
-7.853213548660278320e-01
-1.189321994781494141e+00
-9.884692430496215820e-01
5.499463081359863281e-01
-1.242544770240783691e+00
6.017687264829874039e-03
-5.488778352737426758e-01
-4.082028940320014954e-02
-8.325299620628356934e-02
3.186820074915885925e-02
5.927968025207519531e-02
-2.226350069046020508e+00
7.776572108268737793e-01
-8.638436347246170044e-02
-1.210538625717163086e+00
-8.734653592109680176e-01
7.900559157133102417e-02
2.371839761734008789e+00
-8.917434215545654297e-01
1.141711831092834473e+00
-9.802354574203491211e-01
7.161657214164733887e-01
1.359736084938049316e+00
-6.889607906341552734e-01
1.539921045303344727e+00
-4.282391071319580078e-01
9.926486015319824219e-01
-1.946238428354263306e-01
-1.388740181922912598e+00
-1.842897415161132812e+00
-6.187326908111572266e-01
1.890580505132675171e-01
2.354601919651031494e-01
-5.113511085510253906e-01
-1.916471123695373535e-01
1.612076014280319214e-01
6.889034807682037354e-02
2.527467310428619385e-01
-1.685540378093719482e-01
2.649778425693511963e-01
4.371191933751106262e-02
9.885324537754058838e-02
-2.557978391647338867e+00
5.464614927768707275e-02
6.619835495948791504e-01
3.519099354743957520e-01
-4.428496360778808594e-01
-7.919782400131225586e-01
-5.552704930305480957e-01
-4.149841964244842529e-01
6.849948167800903320e-01
-2.309666424989700317e-01
-1.155599504709243774e-01
3.557416796684265137e-01
-2.265040874481201172e-01
1.070839241147041321e-01
-1.343143582344055176e+00
2.910114526748657227e-01
-4.024524688720703125e-01
7.858563959598541260e-02
-4.835684895515441895e-01
1.228776574134826660e-01
-3.704735338687896729e-01
1.187181398272514343e-01
3.310574293136596680e-01
-8.524722456932067871e-01
7.263915538787841797e-01
8.668355643749237061e-02
-1.147555112838745117e+00
5.452686548233032227e-01
-3.835006952285766602e-01
-1.203908622264862061e-01
-7.782096266746520996e-01
-4.154899418354034424e-01
-3.204548954963684082e-01
-1.217020153999328613e+00
6.540848612785339355e-01
-4.476095736026763916e-01
1.490061134099960327e-01
2.298077046871185303e-01
-3.193635344505310059e-01
-1.421489268541336060e-01
3.380718529224395752e-01
-3.125708401203155518e-01
-1.003615260124206543e+00
-4.170164838433265686e-02
6.022257804870605469e-01
8.553724884986877441e-01
5.407804846763610840e-01
-1.171384930610656738e+00
3.874243199825286865e-01
1.667857527732849121e+00
-1.058548092842102051e+00
1.100951552391052246e+00
-4.750862419605255127e-01
1.317270994186401367e+00
-2.578746318817138672e+00
1.727731674909591675e-01
1.492298245429992676e+00
9.171196222305297852e-01
1.730191260576248169e-01
2.589866638183593750e+00
1.060675144195556641e+00
-1.684166431427001953e+00
-9.937525391578674316e-01
-9.644784927368164062e-01
2.063199758529663086e+00
8.755624890327453613e-01
3.642607713118195534e-03
5.296667218208312988e-01
1.424971461296081543e+00
-8.963119387626647949e-01
-1.624678969383239746e+00
1.982356190681457520e+00
1.351795673370361328e+00
2.361294776201248169e-01
-1.666357219219207764e-01
1.380721926689147949e+00
7.653238177299499512e-01
-5.248625278472900391e-01
1.553702831268310547e+00
4.986270368099212646e-01
1.597048491239547729e-01
-1.467621803283691406e+00
1.813474297523498535e-01
1.342101454734802246e+00
9.262514710426330566e-01
9.111940264701843262e-01
-1.151760339736938477e+00
-4.070468842983245850e-01
3.677249550819396973e-01
-1.358310580253601074e-01
4.750349819660186768e-01
-3.894354403018951416e-01
-2.750069135800004005e-03
-9.000244140625000000e-01
2.010348439216613770e-01
-5.568451806902885437e-02
-8.135085701942443848e-01
-1.494477987289428711e+00
-3.709931373596191406e-01
1.505225896835327148e+00
-2.927839457988739014e-01
5.613536238670349121e-01
-5.268903374671936035e-01
1.161568999290466309e+00
-9.357089400291442871e-01
1.321715712547302246e+00
-9.719950556755065918e-01
2.406707048416137695e+00
-9.369273185729980469e-01
-8.172177672386169434e-01
1.386771678924560547e+00
1.825339496135711670e-01
4.047316610813140869e-01
4.003384113311767578e-01
-9.462166428565979004e-01
6.222860813140869141e-01
6.346873641014099121e-01
-1.126801371574401855e+00
1.609892249107360840e+00
-6.665517687797546387e-01
1.922328025102615356e-03
1.716484874486923218e-01
1.608270525932312012e+00
5.333179235458374023e-02
6.158574223518371582e-01
1.432330608367919922e-01
-8.573029041290283203e-01
7.516131401062011719e-01
6.471962928771972656e-01
-3.986369371414184570e-01
3.002918958663940430e-01
1.134124636650085449e+00
1.165867686271667480e+00
3.330302238464355469e-01
5.224151611328125000e-01
-1.840890169143676758e+00
-5.372139215469360352e-01
2.111254073679447174e-02
-1.464769802987575531e-02
-1.268981575965881348e+00
-2.906981706619262695e-01
3.158222138881683350e-01
3.849700391292572021e-01
-3.249208629131317139e-01
-5.340294837951660156e-01
7.594512104988098145e-01
-2.495378255844116211e+00
-7.685648798942565918e-01
6.896318197250366211e-01
1.512443184852600098e+00
-1.353759169578552246e+00
8.846925497055053711e-01
8.680775165557861328e-01
-1.006690621376037598e+00
1.158226877450942993e-01
-7.345901727676391602e-01
5.438056588172912598e-01
1.140496060252189636e-01
5.634039640426635742e-01
3.069174885749816895e-01
-1.266680061817169189e-01
3.701770901679992676e-01
-2.346120625734329224e-01
-2.493825405836105347e-01
1.010094404220581055e+00
-1.165983900427818298e-01
-1.830845475196838379e-01
-1.396139740943908691e+00
5.007575154304504395e-01
-1.374874114990234375e+00
-2.352963685989379883e-01
-1.828159540891647339e-01
-5.253258943557739258e-01
-1.259767889976501465e+00
-8.708394169807434082e-01
9.860972315073013306e-02
4.198411852121353149e-02
1.205146431922912598e+00
-9.657728672027587891e-01
2.858875989913940430e-01
-4.993916749954223633e-01
-1.392611980438232422e+00
3.426930010318756104e-01
5.733363628387451172e-01
-1.476438194513320923e-01
9.331698417663574219e-01
-4.265432059764862061e-01
3.530973792076110840e-01
2.359944432973861694e-01
-9.605749845504760742e-01
7.846119999885559082e-01
-3.554837405681610107e-01
-3.304124176502227783e-01
4.272116124629974365e-01
-5.346599221229553223e-01
-8.900974988937377930e-01
8.939976245164871216e-02
-3.027328290045261383e-02
8.174183368682861328e-01
4.372418224811553955e-01
-4.353325963020324707e-01
3.944316208362579346e-01
2.325430393218994141e+00
4.178579151630401611e-01
1.249969825148582458e-01
3.952647149562835693e-01
2.169469557702541351e-02
6.484836339950561523e-01
6.035166233777999878e-02
-6.827839016914367676e-01
6.898517608642578125e-01
2.370222359895706177e-01
-1.125122904777526855e+00
3.532904386520385742e-01
1.358142256736755371e+00
1.575919032096862793e+00
-6.218464374542236328e-01
-3.532565534114837646e-01
5.723403692245483398e-01
2.155140936374664307e-01
8.338536024093627930e-01
5.289935469627380371e-01
1.123478531837463379e+00
-6.142563819885253906e-01
9.942785501480102539e-01
1.408927798271179199e+00
-3.620199859142303467e-01
-1.483044028282165527e+00
-7.400945425033569336e-01
-9.495952725410461426e-01
-2.522457838058471680e-01
-6.471737623214721680e-01
1.449741721153259277e+00
-4.521485269069671631e-01
3.591360747814178467e-01
1.138161569833755493e-01
1.426919221878051758e+00
-9.592455625534057617e-02
4.996063113212585449e-01
2.850922346115112305e-01
-1.595232486724853516e+00
7.647286057472229004e-01
6.561939418315887451e-02
-6.075502038002014160e-01
-9.269096851348876953e-01
1.586127132177352905e-01
-9.107630699872970581e-03
-2.064696788787841797e+00
-6.168919801712036133e-01
-9.203923344612121582e-01
-4.229413270950317383e-01
1.531272530555725098e+00
-1.840890496969223022e-01
7.822219133377075195e-01
-1.028066873550415039e+00
3.203156590461730957e-01
-8.793960511684417725e-02
-3.304743468761444092e-01
-1.011953830718994141e+00
8.971368074417114258e-01
1.106113076210021973e+00
-5.285856314003467560e-04
-7.042447924613952637e-01
-3.739511966705322266e-01
-5.377572774887084961e-02
2.018584758043289185e-01
2.566295862197875977e-01
-6.547164320945739746e-01
8.275362253189086914e-01
-2.127839624881744385e-01
-2.158743292093276978e-01
7.951391339302062988e-01
1.670457720756530762e-01
8.807543665170669556e-02
-9.462963938713073730e-01
9.269415736198425293e-01
1.430729776620864868e-01
-1.115049362182617188e+00
1.494985911995172501e-02
2.722862064838409424e-01
1.981676816940307617e+00
1.034966468811035156e+00
-7.379505038261413574e-02
1.075943708419799805e+00
4.375418722629547119e-01
7.935130596160888672e-01
-2.325326502323150635e-01
