2.308537214994430542e-01
2.764804065227508545e-01
2.844981104135513306e-02
-1.492303609848022461e+00
-1.537644147872924805e+00
-2.340594679117202759e-01
1.794735431671142578e+00
2.642704248428344727e-01
3.254001140594482422e-01
-1.957778632640838623e-01
-4.849850758910179138e-02
-2.390679121017456055e+00
-8.411183953285217285e-01
-4.858485758304595947e-01
7.345334887504577637e-01
8.876131772994995117e-01
4.972856640815734863e-01
-1.685347080230712891e+00
9.847326278686523438e-01
-1.795237809419631958e-01
-1.416190981864929199e+00
6.160282646305859089e-04
4.195123314857482910e-01
-1.513376384973526001e-01
4.362678527832031250e-01
2.839022874832153320e-02
5.021452307701110840e-01
5.385358333587646484e-01
-1.223418712615966797e+00
-1.295066624879837036e-01
1.521094799041748047e+00
-1.348203063011169434e+00
-6.433503031730651855e-01
-1.282058507204055786e-01
-3.639234602451324463e-01
4.243450760841369629e-01
-3.467415273189544678e-01
7.204849720001220703e-01
-9.376503527164459229e-02
2.046758085489273071e-01
1.359981775283813477e+00
2.369496673345565796e-01
-6.783695220947265625e-01
-1.114415302872657776e-01
-1.928306221961975098e+00
1.931541562080383301e+00
8.803656697273254395e-01
-2.689656913280487061e-01
-5.211765170097351074e-01
-4.961389899253845215e-01
2.657288312911987305e-01
1.251523613929748535e+00
-1.034250020980834961e+00
-8.258937597274780273e-01
1.054557323455810547e+00
-1.191056728363037109e+00
-1.202034592628479004e+00
6.894503831863403320e-01
4.504219293594360352e-01
4.862612485885620117e-01
-1.458374500274658203e+00
9.393751025199890137e-01
2.070286422967910767e-01
1.041825890541076660e+00
6.373142600059509277e-01
-3.005523979663848877e-01
7.043220996856689453e-01
4.710201025009155273e-01
-1.222414731979370117e+00
-1.565016806125640869e-01
9.792485237121582031e-01
-5.902384519577026367e-01
-4.033060669898986816e-01
-1.553411602973937988e+00
-3.753266036510467529e-01
-1.807483315467834473e+00
3.740018308162689209e-01
4.809976816177368164e-01
1.018859267234802246e+00
-6.477273106575012207e-01
7.962599992752075195e-01
-6.184579730033874512e-01
-4.021629989147186279e-01
-3.096237964928150177e-02
-1.413061141967773438e+00
-5.020580291748046875e-01
-1.226754710078239441e-01
-8.955322504043579102e-01
-2.147019654512405396e-01
-4.776268005371093750e-01
-5.468298196792602539e-01
-1.416656136512756348e+00
-6.384191513061523438e-01
2.750993371009826660e-01
-1.345410645008087158e-01
-9.475766420364379883e-01
-4.940874576568603516e-01
-6.897867321968078613e-01
1.290307044982910156e-01
1.048470854759216309e+00
2.230103731155395508e+00
3.896949291229248047e-01
-7.484351396560668945e-01
-4.198687896132469177e-02
-8.058149814605712891e-01
7.216765284538269043e-01
-4.507325291633605957e-01
2.697656154632568359e-01
-7.526597380638122559e-01
7.514028549194335938e-01
1.861187256872653961e-02
9.046481847763061523e-01
-4.686897993087768555e-01
7.390522956848144531e-01
-4.842304587364196777e-01
1.019222855567932129e+00
1.197988465428352356e-01
4.303463101387023926e-01
-5.478481650352478027e-01
1.360899657011032104e-01
-2.963645383715629578e-02
-7.423889040946960449e-01
-3.341121971607208252e-01
-1.305861771106719971e-01
-7.000365853309631348e-01
-1.272200226783752441e+00
-1.156726241111755371e+00
-2.126599103212356567e-01
1.651815533638000488e+00
-3.577722609043121338e-01
-8.077706098556518555e-01
-4.829926490783691406e-01
-3.652190864086151123e-01
-2.622089982032775879e-01
-7.972530722618103027e-01
-6.226393207907676697e-02
8.882077783346176147e-02
-7.121253013610839844e-02
-1.483041197061538696e-01
-5.141467452049255371e-01
-1.512252926826477051e+00
4.551464319229125977e-01
2.359524488449096680e+00
1.699209451675415039e+00
-8.912708759307861328e-01
-1.676064610481262207e+00
1.635267257690429688e+00
8.735263347625732422e-01
1.780699610710144043e+00
-4.160276148468255997e-03
6.117448806762695312e-01
-3.542991578578948975e-01
-3.349240124225616455e-01
4.052534401416778564e-01
2.087971568107604980e-01
-2.570454776287078857e-01
-1.720926314592361450e-01
-1.825235188007354736e-01
3.642053902149200439e-01
8.682056665420532227e-01
-1.805361062288284302e-01
-1.666134297847747803e-01
1.565647721290588379e+00
-7.422559261322021484e-01
-5.641536712646484375e-01
-1.178698688745498657e-01
-1.933509297668933868e-02
-1.522151678800582886e-01
-1.885622024536132812e+00
-5.272648930549621582e-01
-3.734965026378631592e-01
-2.093588560819625854e-01
5.086162686347961426e-01
-3.379696607589721680e-01
1.078138470649719238e+00
-1.376941353082656860e-01
4.677634239196777344e-01
-1.239983677864074707e+00
-2.142163962125778198e-01
-2.585187256336212158e-01
1.981147974729537964e-01
5.722531080245971680e-01
-3.150808811187744141e-02
2.198877096176147461e+00
-8.360041379928588867e-01
-1.185704767704010010e-01
-1.028976321220397949e+00
-2.651207447052001953e+00
1.135207414627075195e+00
8.307812809944152832e-01
9.197430610656738281e-01
1.432625669986009598e-02
-5.293814539909362793e-01
-2.947148680686950684e-01
1.921012550592422485e-01
-4.830398559570312500e-01
-1.532880663871765137e-01
1.298737645149230957e+00
-1.897227019071578979e-01
2.675464749336242676e-02
-8.572081923484802246e-01
-1.378879904747009277e+00
9.199143052101135254e-01
-2.848528027534484863e-01
3.842354416847229004e-01
3.805665969848632812e-01
-5.516986846923828125e-01
-3.265318870544433594e-01
4.367567598819732666e-01
-7.883949279785156250e-01
-1.100633200258016586e-02
2.472074925899505615e-01
-1.309740781784057617e+00
5.624604821205139160e-01
2.342267334461212158e-01
4.465366899967193604e-01
1.135955676436424255e-01
1.803735136985778809e+00
-8.339368700981140137e-01
-1.715807676315307617e+00
8.253303170204162598e-01
1.498568058013916016e+00
-3.139317929744720459e-01
-2.869606614112854004e-01
7.521674036979675293e-02
3.000838458538055420e-01
-1.069690704345703125e+00
-5.078189969062805176e-01
2.372561693191528320e-01
5.767744183540344238e-01
4.223092198371887207e-01
-3.397010862827301025e-01
-5.719226971268653870e-02
1.536871343851089478e-01
-6.509195566177368164e-01
-1.081603169441223145e+00
5.991853475570678711e-01
-7.602662444114685059e-01
-8.953533172607421875e-01
-2.963351011276245117e-01
-5.581984519958496094e-01
8.189035058021545410e-01
-6.560516357421875000e-01
8.259096145629882812e-01
-3.570939972996711731e-02
3.446763157844543457e-01
-6.140543147921562195e-02
8.236993849277496338e-02
4.814454913139343262e-01
7.676262855529785156e-01
-1.137719273567199707e+00
-7.173995375633239746e-01
-2.155963629484176636e-01
1.078412532806396484e+00
1.015800908207893372e-01
6.163717247545719147e-03
1.275715827941894531e+00
1.999850384891033173e-02
2.859135568141937256e-01
8.112350702285766602e-01
1.327123492956161499e-01
-2.384422719478607178e-01
1.396048784255981445e+00
-1.589683771133422852e+00
-9.647037386894226074e-01
1.379216432571411133e+00
2.043205946683883667e-01
4.963378012180328369e-01
-1.932775080204010010e-01
8.652754426002502441e-01
9.828460402786731720e-03
1.056387186050415039e+00
-3.802239298820495605e-01
-8.213463425636291504e-01
3.009319007396697998e-01
2.248005628585815430e+00
-1.485075801610946655e-01
5.767811536788940430e-01
-4.269379079341888428e-01
3.221323713660240173e-02
5.611427426338195801e-01
2.012108564376831055e-01
-4.991405904293060303e-01
4.964355528354644775e-01
-2.283648252487182617e-01
-9.782107174396514893e-02
-5.450085923075675964e-02
-1.765904761850833893e-02
-1.966558396816253662e-01
6.351751685142517090e-01
-1.233049631118774414e+00
-4.222394227981567383e-01
-7.480970025062561035e-01
-5.691547393798828125e-01
2.269241213798522949e-01
-7.783372998237609863e-01
3.422996494919061661e-03
-1.369822382926940918e+00
3.696951866149902344e-01
9.471408128738403320e-01
-1.793799847364425659e-01
3.782409429550170898e-01
7.156667113304138184e-01
-4.236902296543121338e-01
-4.332131743431091309e-01
-5.270814150571823120e-02
-1.812204718589782715e-01
2.845570325851440430e+00
-3.894638419151306152e-01
-6.379587054252624512e-01
-2.233754873275756836e+00
-2.755067348480224609e-01
9.210013747215270996e-01
3.605485260486602783e-01
5.883015394210815430e-01
2.364138364791870117e-01
-1.165476888418197632e-01
-1.716097146272659302e-01
1.192635536193847656e+00
4.968856871128082275e-01
4.535268545150756836e-01
5.326718091964721680e-01
-1.205578804016113281e+00
-3.579402267932891846e-01
-2.639403343200683594e-01
3.697741031646728516e-01
-1.887659311294555664e+00
-1.795679777860641479e-01
1.090052247047424316e+00
4.264670312404632568e-01
-5.730041861534118652e-01
-7.884801030158996582e-01
-1.789878904819488525e-01
9.630373120307922363e-01
1.356390357017517090e+00
1.423196077346801758e+00
1.964271217584609985e-01
-1.029620766639709473e+00
3.772475719451904297e-01
-8.655836582183837891e-01
-2.142417877912521362e-01
-1.548782706260681152e+00
2.399989604949951172e+00
5.595380067825317383e-01
-1.360083699226379395e+00
6.037721633911132812e-01
-2.235278189182281494e-01
-1.858171522617340088e-01
-9.267146587371826172e-01
1.029301047325134277e+00
1.121420264244079590e+00
-3.007237315177917480e-01
-6.599988937377929688e-01
2.350311756134033203e+00
3.707895874977111816e-01
3.418864905834197998e-01
5.069708824157714844e-02
1.165843084454536438e-01
1.750006973743438721e-01
1.034748926758766174e-01
-6.394395232200622559e-01
1.304470896720886230e+00
-2.091081738471984863e-01
3.838604092597961426e-01
-4.687298238277435303e-01
-9.176875352859497070e-01
4.099897742271423340e-01
1.343296051025390625e+00
1.007276654243469238e+00
-9.465063810348510742e-01
-7.900778651237487793e-01
-2.703731656074523926e-01
-8.084528446197509766e-01
-6.450395584106445312e-01
2.007849067449569702e-01
5.609667301177978516e-01
-9.081295132637023926e-02
4.709428548812866211e-01
1.106617927551269531e+00
-2.001679658889770508e+00
-1.247367858886718750e+00
-6.832895427942276001e-02
-1.428951919078826904e-01
-9.396097064018249512e-01
-1.054016232490539551e+00
1.664644718170166016e+00
-1.301290273666381836e+00
-1.463969945907592773e-01
2.918376922607421875e-01
4.143769741058349609e-01
-1.283160001039505005e-01
-1.311974227428436279e-01
1.189308047294616699e+00
6.064624339342117310e-02
-4.915452003479003906e-01
-7.764345407485961914e-02
1.142218232154846191e+00
-3.369095623493194580e-01
7.029466629028320312e-01
-4.449513256549835205e-01
7.381986975669860840e-01
1.611644402146339417e-02
-1.387282252311706543e+00
-4.303281903266906738e-01
-4.869895577430725098e-01
-2.845371663570404053e-01
2.614841982722282410e-02
-7.104316353797912598e-01
4.375411570072174072e-01
1.382033944129943848e+00
6.290725469589233398e-01
-2.443912267684936523e+00
-7.232883572578430176e-01
7.091207504272460938e-01
9.337546825408935547e-01
-1.994319446384906769e-02
-7.640781402587890625e-01
1.440114229917526245e-01
1.179543286561965942e-01
-9.791182279586791992e-01
6.392734646797180176e-01
-8.249399811029434204e-02
-1.199186086654663086e+00
-1.482356786727905273e-01
1.015654802322387695e+00
-2.132167071104049683e-01
-1.200316548347473145e+00
5.737391114234924316e-02
-2.187621742486953735e-01
-8.244413137435913086e-01
6.414878368377685547e-01
1.256646662950515747e-01
1.213182136416435242e-01
-3.401454389095306396e-01
-4.273828268051147461e-01
2.756512463092803955e-01
-6.999119520187377930e-01
3.493431210517883301e-01
-4.358803331851959229e-01
-1.107896089553833008e+00
-2.259238213300704956e-01
-1.232812047004699707e+00
9.156365990638732910e-01
-8.536113500595092773e-01
6.585978865623474121e-01
5.336128175258636475e-02
2.727297544479370117e-01
-2.193295359611511230e-01
7.533916085958480835e-02
-6.608178019523620605e-01
-2.045568704605102539e+00
9.207108616828918457e-02
-5.787011384963989258e-01
-1.374563813209533691e+00
-3.467944562435150146e-01
1.297869831323623657e-01
1.840565681457519531e+00
-1.298417329788208008e+00
1.048100590705871582e+00
-1.329894065856933594e+00
1.548792421817779541e-01
8.187849521636962891e-01
-7.879099845886230469e-01
-6.192390248179435730e-02
1.175318807363510132e-01
1.114466786384582520e+00
-5.850418806076049805e-01
-1.375960588455200195e+00
-2.377979278564453125e+00
3.363862335681915283e-01
5.847134590148925781e-01
-8.586588501930236816e-01
-6.612370610237121582e-01
6.732969284057617188e-01
-4.341016709804534912e-01
1.031572818756103516e-01
-1.786236166954040527e-01
-1.401160359382629395e-01
4.172324389219284058e-02
7.780335843563079834e-02
5.955333113670349121e-01
-2.009894371032714844e+00
4.599818289279937744e-01
4.026269614696502686e-01
4.762891829013824463e-01
5.182453989982604980e-01
-9.395403265953063965e-01
-2.712266286835074425e-03
8.779977262020111084e-02
3.917011618614196777e-01
-4.830652475357055664e-01
-4.329195618629455566e-01
2.479248791933059692e-01
-5.756300687789916992e-02
9.089089930057525635e-03
-1.142887353897094727e+00
5.457705259323120117e-01
2.488998919725418091e-01
-1.665841788053512573e-01
-5.055164918303489685e-03
-4.435185492038726807e-01
-5.689715743064880371e-01
1.364669799804687500e+00
-5.693742632865905762e-01
-1.068583011627197266e+00
2.732352018356323242e-01
-2.128560096025466919e-01
-1.213424921035766602e+00
9.088401794433593750e-01
-9.403186440467834473e-01
-8.159448504447937012e-01
-1.220399022102355957e+00
-5.521214008331298828e-01
-1.190530776977539062e+00
-1.510248541831970215e+00
8.003031611442565918e-01
-7.952540516853332520e-01
-2.617438137531280518e-01
-1.518762409687042236e-01
5.575627088546752930e-02
-8.608587980270385742e-01
-6.246464326977729797e-03
5.029827952384948730e-01
-3.481071293354034424e-01
-6.325595974922180176e-01
-1.228006482124328613e-01
5.896097421646118164e-01
5.015149712562561035e-01
-1.890742301940917969e+00
7.520004510879516602e-01
1.237763524055480957e+00
-5.813659429550170898e-01
6.400478482246398926e-01
1.123165786266326904e-01
1.395453333854675293e+00
-3.361369371414184570e+00
-4.780267477035522461e-01
1.209401011466979980e+00
6.370640993118286133e-01
2.548077516257762909e-02
2.548984289169311523e+00
1.754280924797058105e-02
-7.568567395210266113e-01
-9.248494505882263184e-01
-1.673982501029968262e+00
2.068250417709350586e+00
1.424116939306259155e-01
2.127665430307388306e-01
1.365069389343261719e+00
8.550134897232055664e-01
-9.922590255737304688e-01
-2.170597791671752930e+00
1.806465029716491699e+00
9.101448655128479004e-01
8.634023368358612061e-02
-1.663194000720977783e-01
1.010774374008178711e+00
1.148960947990417480e+00
-2.651157677173614502e-01
1.356355190277099609e+00
8.610256314277648926e-01
5.159950256347656250e-01
-1.122826412320137024e-01
5.232418701052665710e-02
1.038395047187805176e+00
9.651427865028381348e-01
5.856925249099731445e-01
-1.786053776741027832e+00
-5.876243114471435547e-01
7.898539304733276367e-02
1.153766512870788574e+00
8.368895053863525391e-01
2.190546095371246338e-01
2.479310482740402222e-01
-2.696110308170318604e-01
8.856110572814941406e-01
9.098919034004211426e-01
-5.480237603187561035e-01
-5.128292441368103027e-01
-1.206378817558288574e+00
1.438984632492065430e+00
-8.472831104882061481e-04
3.256372213363647461e-01
4.577034413814544678e-01
6.716082692146301270e-01
-1.390365839004516602e+00
9.794539213180541992e-01
-1.014725804328918457e+00
1.934546589851379395e+00
4.860767126083374023e-01
-8.555229008197784424e-02
5.658987760543823242e-01
-9.949208796024322510e-02
9.333698749542236328e-01
-7.828445732593536377e-02
-1.037621855735778809e+00
-1.760977953672409058e-01
4.239900112152099609e-01
-5.242363810539245605e-01
1.168718338012695312e+00
6.380246281623840332e-01
-2.130260169506072998e-01
-6.421609520912170410e-01
1.306283712387084961e+00
-2.311443090438842773e-01
5.163593292236328125e-01
5.710997581481933594e-01
-9.206380248069763184e-01
5.632851719856262207e-01
9.907430410385131836e-01
-1.437718719244003296e-01
1.785393208265304565e-01
1.045013546943664551e+00
7.182642221450805664e-01
4.677147567272186279e-01
9.439116120338439941e-01
-1.480297565460205078e+00
-7.782465219497680664e-01
4.801665842533111572e-01
-5.501717925071716309e-01
-8.731976747512817383e-01
9.712106734514236450e-02
6.257767677307128906e-01
5.413786172866821289e-01
3.196170628070831299e-01
-6.530798077583312988e-01
1.858377814292907715e+00
-2.290277242660522461e+00
-1.337838172912597656e+00
1.209538936614990234e+00
1.611271619796752930e+00
-3.163304030895233154e-01
1.106543779373168945e+00
3.103404045104980469e-01
-1.964695572853088379e+00
-3.049642145633697510e-01
-6.500495672225952148e-01
8.322311639785766602e-01
3.071755766868591309e-01
1.604525297880172729e-01
2.552229166030883789e-01
-1.792417466640472412e-01
-8.972318172454833984e-01
-9.312180280685424805e-01
5.325163602828979492e-01
6.214845776557922363e-01
1.816958636045455933e-01
-1.673220157623291016e+00
-8.497790694236755371e-01
1.398798823356628418e-01
-1.152917861938476562e+00
5.061326920986175537e-02
-4.855890274047851562e-01
-1.799384504556655884e-01
-5.755527019500732422e-01
-8.622180223464965820e-01
6.371065974235534668e-01
5.560622811317443848e-01
5.459281206130981445e-01
3.748155534267425537e-01
5.765008926391601562e-01
-4.255445897579193115e-01
-9.300659894943237305e-01
6.796848773956298828e-01
-1.113367676734924316e+00
4.690812155604362488e-02
5.069534480571746826e-02
-1.210855484008789062e+00
1.551587581634521484e-01
2.121578902006149292e-01
-1.177663207054138184e+00
2.673601806163787842e-01
-3.380900621414184570e-01
-3.524773418903350830e-01
-4.970733448863029480e-02
-1.994364112615585327e-01
-1.265882253646850586e+00
3.781640827655792236e-01
-1.127637224271893501e-03
-1.282585114240646362e-01
3.011606037616729736e-01
8.981443941593170166e-02
7.913903594017028809e-01
1.413131833076477051e+00
8.327277749776840210e-02
3.148007765412330627e-02
5.488589406013488770e-01
8.076859712600708008e-01
1.542014122009277344e+00
3.656457364559173584e-01
-8.921310901641845703e-01
7.241920828819274902e-01
3.809707164764404297e-01
-1.290652155876159668e+00
-2.497104406356811523e-01
6.984289884567260742e-01
1.525796055793762207e+00
2.482062280178070068e-01
-1.328384399414062500e+00
1.034164309501647949e+00
5.210568904876708984e-01
2.443376332521438599e-01
4.838599264621734619e-01
1.103498220443725586e+00
-9.199707508087158203e-01
4.612425267696380615e-01
1.509312748908996582e+00
1.353357583284378052e-01
-1.048938632011413574e+00
-5.290868878364562988e-01
-1.247030138969421387e+00
-4.024409651756286621e-01
-5.839989185333251953e-01
4.617564678192138672e-01
-3.450612425804138184e-01
-3.246983140707015991e-02
8.874177336692810059e-01
1.185721755027770996e+00
5.506117343902587891e-01
-4.355557262897491455e-02
-7.709272503852844238e-01
-2.754812955856323242e+00
1.369525909423828125e+00
-8.054486513137817383e-01
-2.261720150709152222e-01
-7.465404868125915527e-01
7.369179129600524902e-01
8.086885511875152588e-02
-1.939815402030944824e+00
-7.913267612457275391e-01
-9.937561154365539551e-01
1.325162351131439209e-01
5.010820627212524414e-01
-8.415680527687072754e-01
4.903351068496704102e-01
1.493935883045196533e-01
-4.432601388543844223e-03
-1.689339280128479004e-01
-3.564433753490447998e-01
-2.779366970062255859e-01
7.130680680274963379e-01
2.791510224342346191e-01
1.378494873642921448e-02
-1.073368668556213379e+00
-2.314066141843795776e-01
-1.863543540239334106e-01
9.026555716991424561e-02
-3.192709386348724365e-01
-6.920529007911682129e-01
9.024095535278320312e-01
-6.480771303176879883e-01
-8.096209168434143066e-02
8.767117261886596680e-01
5.898802876472473145e-01
-7.538853883743286133e-01
-1.176556348800659180e+00
5.295434594154357910e-01
-1.457711160182952881e-01
-1.496173441410064697e-01
-2.020915597677230835e-02
7.873206734657287598e-01
8.308984637260437012e-01
8.718541860580444336e-01
-3.627488315105438232e-01
8.537785410881042480e-01
2.086108177900314331e-01
2.919781804084777832e-01
5.787270665168762207e-01
