-1.041441679000854492e+00
-8.310914039611816406e-02
-6.915245652198791504e-01
-1.806196212768554688e+00
-2.258258342742919922e+00
-5.485372543334960938e-01
9.381020069122314453e-01
1.363297820091247559e+00
6.363410949707031250e-01
-5.206816792488098145e-01
-9.544863700866699219e-01
-1.130881547927856445e+00
-2.258582413196563721e-01
-1.377582848072052002e-01
7.312966585159301758e-01
1.078606247901916504e+00
2.809553444385528564e-01
-1.077477931976318359e+00
1.151929140090942383e+00
2.769946455955505371e-01
-6.288925409317016602e-01
3.812596201896667480e-01
1.398509591817855835e-01
-4.069374799728393555e-01
-2.166960835456848145e-01
5.752606317400932312e-02
1.793607771396636963e-01
1.064861416816711426e+00
-5.729004144668579102e-01
-3.874012231826782227e-01
1.607460856437683105e+00
-1.319579839706420898e+00
-5.954715013504028320e-01
3.417440652847290039e-01
-2.265729606151580811e-01
5.090851187705993652e-01
-1.225219368934631348e-01
5.163539052009582520e-01
-1.565707772970199585e-01
4.217146709561347961e-02
1.406820654869079590e+00
5.133131891489028931e-02
-4.842595458030700684e-01
-1.097071051597595215e+00
-9.256177544593811035e-01
3.712355613708496094e+00
-2.800960540771484375e-01
-2.852374315261840820e-01
1.080996468663215637e-01
-1.118901968002319336e+00
1.085508227348327637e+00
1.264493465423583984e+00
-2.096125602722167969e+00
4.809105023741722107e-02
2.303643524646759033e-01
-1.118196368217468262e+00
-5.768191218376159668e-01
-5.593769252300262451e-02
-1.362707376480102539e+00
5.239915847778320312e-01
-1.744456529617309570e+00
-1.584407687187194824e-01
6.521648764610290527e-01
1.277263998985290527e+00
1.425707578659057617e+00
4.346042126417160034e-02
3.244315087795257568e-01
4.328807443380355835e-02
-1.337179541587829590e+00
2.416966706514358521e-01
7.878049612045288086e-01
-1.222288131713867188e+00
-2.790160477161407471e-01
-3.047098159790039062e+00
-6.209787130355834961e-01
-1.136226415634155273e+00
8.097116947174072266e-01
1.410143375396728516e+00
-9.488459676504135132e-02
-7.591717243194580078e-01
2.575110644102096558e-02
-3.644105195999145508e-01
-6.576855182647705078e-01
-1.184488296508789062e+00
-8.437688946723937988e-01
-4.141474962234497070e-01
-3.043068759143352509e-02
-4.743281304836273193e-01
-3.937281668186187744e-01
-6.087867021560668945e-01
-4.142069518566131592e-01
-9.777831435203552246e-01
-4.891667962074279785e-01
4.417791962623596191e-01
4.716663360595703125e-01
-5.493138432502746582e-01
-1.315391808748245239e-01
-3.747992515563964844e-01
1.760331392288208008e-01
6.603265404701232910e-01
2.478289842605590820e+00
8.416029214859008789e-01
-1.122036576271057129e+00
-8.184707760810852051e-01
-1.708949685096740723e+00
2.626264691352844238e-01
-8.777275085449218750e-01
-1.101669311523437500e+00
-3.328554630279541016e-01
9.209562540054321289e-01
7.573587894439697266e-01
9.441734552383422852e-01
-6.442850828170776367e-01
-1.581452190876007080e-01
3.943606615066528320e-01
1.455860137939453125e+00
-7.334306836128234863e-01
5.024862289428710938e-01
1.094795912504196167e-01
1.147513031959533691e+00
9.895198047161102295e-02
-1.129521489143371582e+00
-2.839696109294891357e-01
2.459300756454467773e-01
-2.005848288536071777e-01
-1.463715195655822754e+00
-1.136063575744628906e+00
-3.345136716961860657e-02
3.032099485397338867e+00
-8.398326635360717773e-01
-7.846206426620483398e-01
-1.483031809329986572e-01
5.455710366368293762e-02
3.747141957283020020e-01
-3.814037442207336426e-01
-2.776045203208923340e-01
1.559173315763473511e-02
-1.577758342027664185e-01
-2.831713557243347168e-01
-3.554951548576354980e-01
-2.939122438430786133e+00
5.341231226921081543e-01
1.200353622436523438e+00
1.037712335586547852e+00
-7.439987063407897949e-01
-9.234740734100341797e-01
1.452363610267639160e+00
3.492721617221832275e-01
1.881819844245910645e+00
-1.898481994867324829e-01
-1.222094446420669556e-01
1.818363964557647705e-01
3.285470604896545410e-01
-3.250458836555480957e-01
1.036285877227783203e+00
-4.779321253299713135e-01
-4.292058199644088745e-02
-4.203932285308837891e-01
2.804248332977294922e-01
6.896655559539794922e-01
-4.297296106815338135e-01
-4.822667837142944336e-01
6.000662446022033691e-01
-8.402494192123413086e-01
9.235199093818664551e-01
-3.106081485748291016e-02
4.778819084167480469e-01
2.487713098526000977e-01
-7.263658046722412109e-01
-6.997128725051879883e-01
-7.544016838073730469e-01
-8.188002109527587891e-01
2.391788214445114136e-01
-1.540027618408203125e+00
-1.756991595029830933e-01
9.147312641143798828e-01
-1.119778633117675781e+00
-5.382080078125000000e-01
1.471240222454071045e-01
1.920339614152908325e-01
2.701020538806915283e-01
2.141900658607482910e-01
8.302373439073562622e-02
1.624379873275756836e+00
-8.713434934616088867e-01
-7.961054891347885132e-02
-6.269311308860778809e-01
-2.477976799011230469e+00
2.395556926727294922e+00
5.567918419837951660e-01
1.918219566345214844e+00
-6.957394536584615707e-03
-4.874840676784515381e-01
-7.294899821281433105e-01
3.604772686958312988e-01
-1.420009613037109375e+00
-9.253326058387756348e-01
1.273511886596679688e+00
6.614640355110168457e-01
1.623511761426925659e-01
-1.489466309547424316e+00
-8.737869858741760254e-01
8.469823598861694336e-01
-1.153516888618469238e+00
1.404595375061035156e-01
-3.466452285647392273e-02
-5.806610733270645142e-02
-2.851713597774505615e-01
9.564100503921508789e-01
-6.155964732170104980e-01
4.053402841091156006e-01
2.908880412578582764e-01
-1.225536465644836426e+00
-2.097174376249313354e-01
2.912068068981170654e-01
-1.917441189289093018e-01
-3.494410216808319092e-01
1.687853574752807617e+00
-1.151990652084350586e+00
-2.225912570953369141e+00
3.081454038619995117e-01
1.595170021057128906e+00
-3.549430966377258301e-01
-5.712741017341613770e-01
3.289972245693206787e-01
4.723869860172271729e-01
-2.004950046539306641e-01
-9.606400132179260254e-01
2.349844574928283691e-01
9.732826948165893555e-01
-7.068716883659362793e-01
-7.066291570663452148e-01
4.790405631065368652e-01
3.726557791233062744e-01
2.551543116569519043e-01
-7.728616595268249512e-01
1.368328481912612915e-01
-4.498246610164642334e-01
-7.291073799133300781e-01
-2.389135062694549561e-01
-1.560916423797607422e+00
8.176912069320678711e-01
-1.435088753700256348e+00
5.529676079750061035e-01
-2.961263060569763184e-02
7.499896287918090820e-01
-2.684493362903594971e-01
-3.172802031040191650e-01
-2.340153306722640991e-01
6.134560704231262207e-01
-6.531549096107482910e-01
-7.098510861396789551e-01
-5.926223397254943848e-01
8.013659715652465820e-01
-1.075507998466491699e+00
1.023138538002967834e-01
8.022067546844482422e-01
-1.760858893394470215e-01
-4.981670081615447998e-01
9.249299764633178711e-01
7.564219236373901367e-01
-2.920788526535034180e-01
4.420968592166900635e-01
-5.953496694564819336e-01
-1.030464291572570801e+00
7.725024223327636719e-02
-6.714870333671569824e-01
1.028088927268981934e+00
1.725874841213226318e-01
-1.411951892077922821e-02
8.278410434722900391e-01
1.790561437606811523e+00
2.644118964672088623e-01
-1.377553820610046387e+00
7.125330716371536255e-02
2.522452116012573242e+00
-7.867689728736877441e-01
6.018932461738586426e-01
-4.382583796977996826e-01
4.818037748336791992e-01
4.155808091163635254e-01
3.574532642960548401e-02
-3.136112168431282043e-02
9.651406407356262207e-01
7.397000491619110107e-02
1.161602616310119629e+00
5.649337172508239746e-01
-2.269205003976821899e-01
-3.991049528121948242e-01
4.767771661281585693e-01
-1.282572031021118164e+00
-2.509452030062675476e-02
-2.619184851646423340e-01
-7.730285823345184326e-02
6.373215317726135254e-01
-7.131279110908508301e-01
5.139070097357034683e-03
-1.129139542579650879e+00
-1.329110711812973022e-01
1.152924656867980957e+00
-1.172591328620910645e+00
-3.560427725315093994e-01
1.178089380264282227e-01
-4.569530189037322998e-01
-1.315933942794799805e+00
-1.171657219529151917e-01
-1.552254240959882736e-02
1.892047882080078125e+00
7.295225858688354492e-01
-4.751721024513244629e-01
-2.239325046539306641e+00
2.837539315223693848e-01
8.235728740692138672e-02
2.985547184944152832e-01
-6.479389667510986328e-01
4.368288815021514893e-01
-1.341086477041244507e-01
-3.071939647197723389e-01
1.975690960884094238e+00
-3.303412795066833496e-01
7.217221856117248535e-01
9.064231514930725098e-01
-6.782380491495132446e-02
-1.933178752660751343e-01
-9.049105048179626465e-01
8.612798452377319336e-01
-1.879516720771789551e+00
6.000772118568420410e-02
1.125456452369689941e+00
-9.744356274604797363e-01
-7.083293795585632324e-01
-9.686370491981506348e-01
-4.478130042552947998e-01
-7.212693244218826294e-02
9.545403122901916504e-01
1.405700922012329102e+00
5.775838494300842285e-01
-1.071544170379638672e+00
3.112488240003585815e-02
-4.816670417785644531e-01
-1.075581833720207214e-01
-1.565606951713562012e+00
8.178303241729736328e-01
-1.718973666429519653e-01
-1.608488917350769043e+00
1.132569983601570129e-01
2.292564213275909424e-01
-1.781475692987442017e-01
-1.402474164962768555e+00
6.559032797813415527e-01
1.055116772651672363e+00
1.137177467346191406e+00
-5.997438430786132812e-01
2.623958110809326172e+00
4.024935141205787659e-02
1.022839426994323730e+00
-3.777774795889854431e-02
-2.059348970651626587e-01
2.717830836772918701e-01
1.072049856185913086e+00
4.333910346031188965e-01
-5.148293972015380859e-01
1.062242150306701660e+00
-6.701919436454772949e-01
-5.548312067985534668e-01
3.928813636302947998e-01
1.091486573219299316e+00
8.092708587646484375e-01
2.901167571544647217e-01
-5.027135610580444336e-01
-9.738222956657409668e-01
-1.332712024450302124e-01
-3.183165788650512695e-01
-3.256775438785552979e-01
-4.105717837810516357e-01
7.654227614402770996e-01
-1.233192905783653259e-02
7.264773249626159668e-01
1.279467225074768066e+00
-1.510857462882995605e+00
-1.054187893867492676e+00
-3.420290052890777588e-01
-1.497745811939239502e-01
-4.776321351528167725e-01
-7.500999569892883301e-01
1.092923641204833984e+00
-5.716206431388854980e-01
-5.910068154335021973e-01
1.260830760002136230e-01
-8.437100052833557129e-01
2.122962027788162231e-01
-1.243471503257751465e+00
9.133576154708862305e-01
4.144340008497238159e-02
-8.727263808250427246e-01
-2.657366693019866943e-01
8.819393515586853027e-01
-1.462660074234008789e+00
1.778164386749267578e+00
-1.630195975303649902e-02
7.510858029127120972e-02
3.015722148120403290e-02
-1.199229121208190918e+00
4.900136590003967285e-01
-4.288137257099151611e-01
-1.124684140086174011e-01
-1.946617215871810913e-01
-3.858146071434020996e-01
1.640452146530151367e+00
1.846872270107269287e-01
-4.135468974709510803e-02
-1.757549524307250977e+00
1.771485209465026855e-01
9.188408255577087402e-01
1.148235678672790527e+00
1.425620615482330322e-01
3.921895027160644531e-01
4.600931704044342041e-01
1.232768535614013672e+00
-3.889432549476623535e-01
1.252648830413818359e+00
-4.214123189449310303e-01
-1.080698966979980469e+00
8.829898834228515625e-01
1.610255092382431030e-01
-2.442743815481662750e-02
1.776380836963653564e-01
-2.111704647541046143e-01
-1.469191074371337891e+00
-4.033326804637908936e-01
1.518919348716735840e+00
-1.630870401859283447e-01
-1.513481438159942627e-01
-3.313806653022766113e-02
-1.207178473472595215e+00
1.188001632690429688e+00
-9.434276819229125977e-01
-5.072457790374755859e-01
5.140021443367004395e-01
-2.589978873729705811e-01
-1.058932065963745117e+00
-1.033966064453125000e+00
1.377309322357177734e+00
-6.849365234375000000e-01
2.485718280076980591e-01
3.096402883529663086e-01
1.207819357514381409e-01
-2.429006248712539673e-02
5.960526689887046814e-02
-5.187546014785766602e-01
-2.216885566711425781e+00
8.332786560058593750e-01
-3.029831498861312866e-02
-8.942937850952148438e-01
-2.542845606803894043e-01
4.271928071975708008e-01
1.819113135337829590e+00
-6.077466011047363281e-01
6.350315809249877930e-01
-7.431762218475341797e-01
1.557974815368652344e+00
9.189183712005615234e-01
-9.687390923500061035e-01
4.771773815155029297e-01
3.623935282230377197e-01
2.299773246049880981e-01
-3.708094060420989990e-01
-6.187145113945007324e-01
-1.341636657714843750e+00
-2.597316801548004150e-01
3.496996164321899414e-01
-8.885430097579956055e-01
1.871936768293380737e-01
-4.079284518957138062e-02
-7.319324016571044922e-01
5.526455640792846680e-01
-7.200224995613098145e-01
-1.410192847251892090e-01
-3.668670952320098877e-01
-2.336725145578384399e-01
6.585635542869567871e-01
-6.809437274932861328e-01
3.786528408527374268e-01
2.930943109095096588e-02
8.065729141235351562e-01
-2.107399106025695801e-01
-1.074032902717590332e+00
2.464294433593750000e-01
2.606301307678222656e-01
-1.872815340757369995e-01
-1.859034597873687744e-01
7.797735929489135742e-02
1.806844621896743774e-01
-5.151496529579162598e-01
4.123577103018760681e-02
-8.746189475059509277e-01
4.620959460735321045e-01
6.595155596733093262e-02
-9.180257320404052734e-01
-1.024936199188232422e+00
-2.186779230833053589e-01
-9.757725149393081665e-02
5.571208000183105469e-01
-7.997437715530395508e-01
-1.410348653793334961e+00
9.671856164932250977e-01
-3.384703695774078369e-01
-2.719142138957977295e-01
-2.268210947513580322e-01
-1.299866080284118652e+00
2.632941305637359619e-01
-6.212890744209289551e-01
7.991185784339904785e-02
-7.270094156265258789e-01
-2.127192258834838867e+00
1.016116142272949219e+00
-5.139445662498474121e-01
-6.654555201530456543e-01
-7.038276791572570801e-01
1.265160739421844482e-01
-5.378457903861999512e-01
-8.374828696250915527e-01
-7.794210314750671387e-01
-9.458999633789062500e-01
-1.429981112480163574e+00
7.698909193277359009e-02
1.465935707092285156e+00
1.118341684341430664e+00
-5.906912088394165039e-01
-1.331863403320312500e-01
1.642490029335021973e+00
-6.779382936656475067e-03
1.098449006676673889e-01
1.635103225708007812e-01
1.514203071594238281e+00
-2.977146148681640625e+00
-2.128719389438629150e-01
1.869002938270568848e+00
5.594008564949035645e-01
-2.527614235877990723e-01
1.956900715827941895e+00
7.127590775489807129e-01
-1.053119778633117676e+00
-5.498815774917602539e-01
-1.413666486740112305e+00
2.635748863220214844e+00
3.535624444484710693e-01
9.225508570671081543e-02
1.613777279853820801e+00
7.909207344055175781e-01
-1.423642992973327637e+00
-1.789167404174804688e+00
5.437345504760742188e-01
-1.781166493892669678e-01
4.401983618736267090e-01
7.231627702713012695e-01
1.132088303565979004e+00
1.113231301307678223e+00
-4.382272958755493164e-01
1.962784647941589355e+00
4.457724690437316895e-01
9.105914831161499023e-01
-1.170570611953735352e+00
4.824582487344741821e-02
1.237345814704895020e+00
8.180442452430725098e-01
3.669272661209106445e-01
-1.415568709373474121e+00
4.601279199123382568e-01
3.036790713667869568e-02
7.925791740417480469e-01
8.574601411819458008e-01
-9.674972295761108398e-02
8.153908699750900269e-02
-8.680420517921447754e-01
3.165723681449890137e-01
8.674336075782775879e-01
1.924441382288932800e-02
-8.280573487281799316e-01
-6.349381804466247559e-01
5.448731780052185059e-01
6.854761391878128052e-02
7.062574028968811035e-01
1.418983489274978638e-01
1.203062891960144043e+00
-4.395412802696228027e-01
1.090542435646057129e+00
-6.778322905302047729e-02
7.279476523399353027e-01
3.490175306797027588e-01
6.501003503799438477e-01
-2.441477924585342407e-01
2.904381453990936279e-01
5.343312025070190430e-01
1.022789597511291504e+00
-9.976379871368408203e-01
-8.228851556777954102e-01
8.989777565002441406e-01
-1.259207427501678467e-01
1.110451698303222656e+00
3.962110579013824463e-01
-1.308482527732849121e+00
-7.275391221046447754e-01
1.629446864128112793e+00
-4.595016315579414368e-02
1.227099657058715820e+00
1.958135701715946198e-02
-3.404117822647094727e-01
3.787325024604797363e-01
8.695273399353027344e-01
-2.504836320877075195e-01
2.324258238077163696e-01
1.390289902687072754e+00
1.553765416145324707e+00
5.936884880065917969e-01
5.522506833076477051e-01
-1.412772774696350098e+00
-7.258497476577758789e-01
4.408934712409973145e-01
-2.470809817314147949e-01
-1.436164140701293945e+00
-1.739729791879653931e-01
2.693684399127960205e-01
9.414022564888000488e-01
4.438636004924774170e-01
-5.131275653839111328e-01
1.723586797714233398e+00
-1.442812323570251465e+00
-6.616394519805908203e-01
6.342059969902038574e-01
1.233186244964599609e+00
8.881171345710754395e-01
6.553452610969543457e-01
3.606812059879302979e-01
-1.181826949119567871e+00
-8.085519671440124512e-01
6.555666774511337280e-02
-7.032044976949691772e-02
7.789121568202972412e-02
1.058420419692993164e+00
-4.006031453609466553e-01
1.480543613433837891e-01
-4.705539941787719727e-01
-1.435455679893493652e-01
-5.419713258743286133e-01
1.698666810989379883e-01
1.326149553060531616e-01
-2.284777015447616577e-01
-1.279485344886779785e+00
5.866446495056152344e-01
-1.559361696243286133e+00
-7.070529460906982422e-02
-7.755737304687500000e-01
4.477286636829376221e-01
-2.890633940696716309e-01
-8.234568238258361816e-01
3.056281208992004395e-01
2.389059960842132568e-01
1.870241641998291016e+00
-7.019031643867492676e-01
8.572235107421875000e-01
1.183472275733947754e-01
-7.747970223426818848e-01
3.624997138977050781e-01
-1.152788996696472168e+00
1.976445503532886505e-02
-5.386878252029418945e-01
-1.729079246520996094e+00
2.730913758277893066e-01
-8.992707133293151855e-01
-1.219540238380432129e+00
2.018324732780456543e-01
-9.525836110115051270e-01
-5.946432352066040039e-01
-5.739464983344078064e-02
-3.282367885112762451e-01
-9.493497610092163086e-01
1.412732750177383423e-01
-2.936995029449462891e-02
-5.241531729698181152e-01
8.258725404739379883e-01
-1.995763778686523438e-01
8.665818572044372559e-01
4.916504025459289551e-01
-9.725171327590942383e-02
-1.370058536529541016e+00
1.609187722206115723e+00
1.430259585380554199e+00
1.128900051116943359e+00
-1.871461868286132812e-01
-1.723960876464843750e+00
8.641468882560729980e-01
6.621047854423522949e-01
-1.586867213249206543e+00
-8.262673616409301758e-01
1.114253640174865723e+00
1.699860334396362305e+00
-2.507608234882354736e-01
-1.375036358833312988e+00
7.304398417472839355e-01
1.210670828819274902e+00
9.268887639045715332e-01
3.288905322551727295e-01
1.857866883277893066e+00
-1.302624106407165527e+00
8.563081920146942139e-02
3.180795907974243164e-01
2.356845438480377197e-01
-4.045447111129760742e-01
5.552148222923278809e-01
-2.280081748962402344e+00
6.515466421842575073e-02
-1.883800625801086426e-01
3.276290297508239746e-01
-4.728610515594482422e-01
6.741487383842468262e-01
6.212679743766784668e-01
9.615221619606018066e-01
1.185629606246948242e+00
6.213516592979431152e-01
-5.975977778434753418e-01
-8.441622257232666016e-01
1.359222292900085449e+00
-1.073717355728149414e+00
-1.567489802837371826e-01
-3.642835915088653564e-01
-6.358190774917602539e-01
8.811260461807250977e-01
-1.794821262359619141e+00
-1.587556719779968262e+00
-1.124529838562011719e+00
6.329762190580368042e-02
2.196173518896102905e-01
-7.308119535446166992e-01
1.436345130205154419e-01
-4.849951863288879395e-01
2.730681002140045166e-01
-4.792962074279785156e-01
2.542704641819000244e-01
2.089998573064804077e-01
-7.886867523193359375e-01
7.769829630851745605e-01
8.635690808296203613e-02
4.346629977226257324e-01
-1.205796450376510620e-01
-7.436180114746093750e-02
1.334928572177886963e-01
1.596514135599136353e-02
-1.079309463500976562e+00
1.196139931678771973e+00
-1.127177119255065918e+00
1.764565855264663696e-01
2.196792662143707275e-01
-4.262577593326568604e-01
1.313602831214666367e-02
-1.789109110832214355e+00
9.156970977783203125e-01
-4.130670726299285889e-01
-8.230689167976379395e-01
4.805326089262962341e-02
3.073038458824157715e-01
1.781673073768615723e+00
4.017871618270874023e-01
-5.085638761520385742e-01
-9.814089164137840271e-03
2.124668061733245850e-01
4.319626390933990479e-01
9.876418709754943848e-01
