-1.602800488471984863e+00
4.699950292706489563e-02
1.410576820373535156e+00
-1.130146160721778870e-01
7.903569340705871582e-01
-1.641040802001953125e+00
-5.414524078369140625e-01
-3.968028128147125244e-01
5.993669107556343079e-02
9.621105194091796875e-01
-2.552541196346282959e-01
-2.258190870285034180e+00
-8.061355352401733398e-01
-1.158116906881332397e-01
-7.391325831413269043e-01
3.253656029701232910e-01
8.543024887330830097e-04
-1.951758414506912231e-01
-4.018890857696533203e-01
1.434001803398132324e+00
-4.543395638465881348e-01
2.679722905158996582e-01
1.285660266876220703e+00
-1.765437424182891846e-01
5.476804971694946289e-01
6.995149254798889160e-01
4.133000671863555908e-01
-9.542163014411926270e-01
-6.603852510452270508e-01
-1.093516707420349121e+00
1.154080271720886230e+00
-8.750391602516174316e-01
1.282043218612670898e+00
3.299262002110481262e-02
7.678484916687011719e-01
9.819151759147644043e-01
-4.090521633625030518e-01
1.779994130134582520e+00
1.772948503494262695e+00
-1.258364915847778320e+00
1.456346511840820312e+00
2.012720704078674316e-01
-3.710910379886627197e-01
2.016641795635223389e-01
-9.470412135124206543e-01
1.384288519620895386e-01
1.117582678794860840e+00
-7.735177874565124512e-02
-2.268064469099044800e-01
2.650442719459533691e-01
2.062588185071945190e-01
-2.945364713668823242e-01
3.451656997203826904e-01
-6.552149653434753418e-01
1.736412048339843750e-01
-1.103440225124359131e-01
1.228196695446968079e-01
-5.079785585403442383e-01
-1.023900974541902542e-02
5.705068707466125488e-01
-1.917664706707000732e-01
5.969061851501464844e-01
-8.827124834060668945e-01
1.455288767814636230e+00
7.681832313537597656e-01
1.098164543509483337e-01
-4.194223284721374512e-01
-9.156336635351181030e-02
-1.153264522552490234e+00
7.628327608108520508e-01
-8.974090218544006348e-01
-2.895698249340057373e-01
4.764573574066162109e-01
-4.905940890312194824e-01
-1.380966424942016602e+00
-1.603139400482177734e+00
3.064500093460083008e-01
-7.465115785598754883e-01
1.157003402709960938e+00
-4.646574854850769043e-01
-2.419870644807815552e-01
-1.128044575452804565e-01
7.869197130203247070e-01
-1.798093199729919434e+00
-1.157015264034271240e-01
-9.299150705337524414e-01
-3.946179896593093872e-02
-1.792859435081481934e+00
-8.104968667030334473e-01
-1.119696497917175293e-01
-3.625053167343139648e-01
8.732944130897521973e-01
6.669953465461730957e-01
-8.052334189414978027e-02
-8.907093852758407593e-02
2.490312606096267700e-01
-6.337352395057678223e-01
2.234575599431991577e-01
1.118432998657226562e+00
9.192030429840087891e-01
2.244174242019653320e+00
1.217282176017761230e+00
-1.116804361343383789e+00
3.021676540374755859e-01
-3.860120177268981934e-01
7.016242742538452148e-01
-2.664213180541992188e-01
1.188098430633544922e+00
-4.261167943477630615e-01
-5.514060854911804199e-01
-6.113438606262207031e-01
-7.258849740028381348e-01
3.541942238807678223e-01
1.015183448791503906e+00
-9.269074350595474243e-02
-7.884764671325683594e-01
-2.626692652702331543e-01
1.394802778959274292e-01
-1.772407591342926025e-01
-7.883849143981933594e-01
2.156060039997100830e-01
1.720841526985168457e+00
-3.170901834964752197e-01
4.824601113796234131e-01
-1.129199504852294922e+00
-6.263325810432434082e-01
-2.329981327056884766e-01
-9.328942298889160156e-01
1.096595644950866699e+00
-1.398993372917175293e+00
-1.054858088493347168e+00
-5.022588372230529785e-01
5.770655870437622070e-01
2.646576464176177979e-01
-2.054273843765258789e+00
-7.416689991950988770e-01
1.858971416950225830e-01
-4.679269790649414062e-01
-8.243749141693115234e-01
-7.866325378417968750e-01
1.215307116508483887e+00
-4.877642989158630371e-01
1.452059984207153320e+00
9.614756703376770020e-01
-1.718739718198776245e-01
-2.180473566055297852e+00
8.471638560295104980e-01
7.149834036827087402e-01
4.295048415660858154e-01
-1.220329999923706055e+00
6.658668071031570435e-02
-5.377835631370544434e-01
-1.360464394092559814e-01
9.077306389808654785e-01
-4.175282120704650879e-01
-6.398465633392333984e-01
7.439657449722290039e-01
3.282860517501831055e-01
4.914734363555908203e-01
3.163506388664245605e-01
-3.778130710124969482e-01
1.137717485427856445e+00
-1.032307744026184082e+00
6.950592398643493652e-01
1.470394968986511230e+00
-1.219641089439392090e+00
5.008972883224487305e-01
6.723816990852355957e-01
-3.452602028846740723e-01
8.562012016773223877e-02
-9.257478713989257812e-01
3.383234441280364990e-01
3.129282891750335693e-01
-1.804430007934570312e+00
9.400240778923034668e-01
-1.082722544670104980e+00
1.205060362815856934e+00
-5.231248140335083008e-01
3.443571925163269043e-02
7.593724131584167480e-01
-1.100300669670104980e+00
6.648679375648498535e-01
-8.774582296609878540e-02
-3.471439182758331299e-01
-3.255196511745452881e-01
9.981122612953186035e-01
4.582183808088302612e-02
-1.359536409378051758e+00
-6.499414443969726562e-01
8.993680477142333984e-01
3.059124648571014404e-01
-8.372406363487243652e-01
3.610865175724029541e-01
8.261630535125732422e-01
3.750485554337501526e-02
1.058488488197326660e+00
3.323325514793395996e-01
1.487743496894836426e+00
-7.562903761863708496e-01
5.757985636591911316e-02
2.033453062176704407e-02
5.921354293823242188e-01
1.367088198661804199e+00
-5.670556426048278809e-01
3.906607329845428467e-01
1.383267402648925781e+00
-4.067730009555816650e-01
-1.838863492012023926e+00
-4.204907715320587158e-01
-9.631543420255184174e-03
2.010920286178588867e+00
1.186502099037170410e+00
4.426316320896148682e-01
9.229668229818344116e-02
8.964014649391174316e-01
-9.775604307651519775e-02
-2.379434823989868164e+00
-1.567553997039794922e+00
-2.229421883821487427e-01
7.952404618263244629e-01
7.277143597602844238e-01
-2.451329678297042847e-01
-1.003716737031936646e-01
-5.838536024093627930e-01
-6.568723917007446289e-02
2.596329152584075928e-01
1.184765174984931946e-01
-2.916849374771118164e+00
2.307109087705612183e-01
-5.552292466163635254e-01
6.083492636680603027e-01
-9.841740727424621582e-01
1.197161749005317688e-01
1.217386007308959961e+00
-1.056298166513442993e-01
-1.223780810832977295e-01
-1.288368105888366699e+00
-3.943573832511901855e-01
-7.440216541290283203e-01
2.534311413764953613e-01
1.405491828918457031e+00
-2.005947828292846680e+00
1.979126334190368652e+00
-7.819190621376037598e-01
4.174166619777679443e-01
3.340963274240493774e-02
-8.354560732841491699e-01
-9.890009462833404541e-02
-8.458279371261596680e-01
-2.810834348201751709e-01
1.203551366925239563e-01
-3.339377939701080322e-01
9.949129819869995117e-01
4.512742459774017334e-01
6.556174755096435547e-01
-3.902882635593414307e-01
-6.481421589851379395e-01
8.704954981803894043e-01
3.279919624328613281e-01
-3.325085937976837158e-01
-6.480794865638017654e-03
-6.553325057029724121e-01
1.540691733360290527e+00
1.368094325065612793e+00
-1.604334235191345215e+00
4.453617334365844727e-01
7.740018963813781738e-01
-5.418812632560729980e-01
4.994729459285736084e-01
2.026152372360229492e+00
-6.430108845233917236e-02
-7.313219904899597168e-01
-4.916254878044128418e-01
-3.333258330821990967e-01
-8.897224068641662598e-02
1.798315048217773438e+00
-1.584001541137695312e+00
4.623269289731979370e-02
-9.339857101440429688e-01
-6.859450340270996094e-01
-5.466026663780212402e-01
8.065758943557739258e-01
-4.971157759428024292e-04
-1.077907755970954895e-01
-1.032480716705322266e+00
-1.695861965417861938e-01
6.361835636198520660e-03
7.811910510063171387e-01
-4.490264654159545898e-01
-9.179682731628417969e-01
2.019696533679962158e-01
-8.654344081878662109e-01
2.342771291732788086e+00
-5.677129626274108887e-01
2.318607866764068604e-01
1.688950508832931519e-01
6.707701683044433594e-01
2.516297996044158936e-01
-1.166559934616088867e+00
3.914889097213745117e-01
3.472566604614257812e-02
-3.127521574497222900e-01
7.734940052032470703e-01
-1.004128694534301758e+00
1.691418886184692383e-02
-5.605373382568359375e-01
-7.866758704185485840e-01
1.573719829320907593e-01
7.055854201316833496e-01
7.712057828903198242e-01
-1.412927061319351196e-01
-1.249372482299804688e+00
-1.184974193572998047e+00
3.728538285940885544e-03
6.350743770599365234e-01
8.547695875167846680e-01
-1.219767034053802490e-01
-3.577916026115417480e-01
-1.807473003864288330e-01
1.599850177764892578e+00
1.825288295745849609e+00
1.554943770170211792e-01
1.266442418098449707e+00
1.917305588722229004e-01
-8.078505396842956543e-01
7.622251510620117188e-01
9.177230596542358398e-01
1.914801448583602905e-01
-3.926173448562622070e-01
5.553396344184875488e-01
1.448695063591003418e-01
-5.953688174486160278e-02
1.238889098167419434e+00
-3.858880102634429932e-01
2.239392399787902832e-01
7.601328939199447632e-02
5.678789019584655762e-01
-1.755040407180786133e+00
8.827900886535644531e-01
8.345270156860351562e-01
-2.115088254213333130e-01
9.556138515472412109e-01
7.733478546142578125e-01
3.414222970604896545e-02
9.073274731636047363e-01
2.314705699682235718e-01
-1.056560516357421875e+00
1.041169762611389160e+00
3.194510340690612793e-01
2.075652778148651123e-01
1.527556627988815308e-01
1.429556012153625488e-01
7.873706817626953125e-01
1.608606338500976562e+00
-1.788480401039123535e+00
-6.456577181816101074e-01
-1.212686300277709961e+00
2.985610663890838623e-01
4.441619813442230225e-01
-2.419906854629516602e-01
-1.755791664123535156e+00
6.214700937271118164e-01
8.082439899444580078e-01
1.497938394546508789e+00
-4.174828231334686279e-01
-5.962631702423095703e-01
-1.398041248321533203e+00
1.590658903121948242e+00
-1.879074215888977051e+00
-1.365532636642456055e+00
-1.738604754209518433e-01
1.117212891578674316e+00
8.495493978261947632e-02
8.201430737972259521e-02
4.004779458045959473e-01
8.349433541297912598e-01
9.814586639404296875e-01
3.302813172340393066e-01
-3.939287364482879639e-01
-7.513651251792907715e-01
8.825739622116088867e-01
5.507668852806091309e-01
-1.434136480093002319e-01
-7.291059494018554688e-01
-4.479781091213226318e-01
3.563434481620788574e-01
-3.471450209617614746e-01
7.310813665390014648e-01
9.617513418197631836e-01
5.397665500640869141e-01
3.622754663228988647e-02
-4.907906055450439453e-01
-3.467643857002258301e-01
-1.105610728263854980e+00
1.790452450513839722e-01
-4.856773614883422852e-01
2.224251031875610352e-01
5.572216585278511047e-02
4.696458280086517334e-01
3.759483397006988525e-01
-1.735306531190872192e-01
1.558426171541213989e-01
-1.726411461830139160e+00
-8.548353314399719238e-01
1.246948957443237305e+00
4.042044281959533691e-01
-7.135544419288635254e-01
1.453862339258193970e-01
5.506911277770996094e-01
8.153754472732543945e-01
1.865701824426651001e-01
-1.423989415168762207e+00
-4.964629113674163818e-01
3.408932983875274658e-01
-9.613366723060607910e-01
-3.493716418743133545e-01
-1.147567868232727051e+00
-3.962920010089874268e-01
1.820512175559997559e+00
-9.080086946487426758e-01
-2.452977234497666359e-03
1.020251810550689697e-01
-3.997248113155364990e-01
-1.753971099853515625e+00
4.632366821169853210e-02
2.517416179180145264e-01
1.117176771163940430e+00
-6.791475415229797363e-01
-8.014029264450073242e-01
5.891445279121398926e-01
-1.370310544967651367e+00
-7.655426263809204102e-01
1.609779238700866699e+00
5.735635161399841309e-01
-2.598777413368225098e-01
1.829089373350143433e-01
-1.006989002227783203e+00
6.347053647041320801e-01
6.718093752861022949e-01
8.975892513990402222e-02
1.071693301200866699e+00
-2.489720582962036133e-01
1.596962094306945801e+00
-1.039789676666259766e+00
-7.263950705528259277e-01
-7.127708196640014648e-01
-6.493629217147827148e-01
1.936663150787353516e+00
3.707939684391021729e-01
1.133835166692733765e-01
5.157976746559143066e-01
6.152170896530151367e-01
1.150050759315490723e+00
-1.285464048385620117e+00
-1.752352476119995117e+00
4.272024631500244141e-01
3.902288852259516716e-03
-9.187451004981994629e-01
-4.030282199382781982e-01
9.812687635421752930e-01
2.382553666830062866e-01
1.882353782653808594e+00
6.345605850219726562e-01
-5.758799314498901367e-01
-1.784062711521983147e-03
-9.833772480487823486e-02
-3.478037714958190918e-01
1.531707346439361572e-01
-6.257030367851257324e-01
-2.722951397299766541e-02
4.762513041496276855e-01
-3.980804085731506348e-01
-2.658033967018127441e-01
1.027655526995658875e-01
9.556137323379516602e-01
1.977677643299102783e-01
-2.796352468430995941e-02
9.595084935426712036e-02
-2.733134925365447998e-01
-9.042032957077026367e-01
-1.127126693725585938e+00
-5.501702427864074707e-01
3.118600137531757355e-02
-7.004545927047729492e-01
-2.677073717117309570e+00
6.903288960456848145e-01
4.444044828414916992e-01
-5.523735880851745605e-01
-9.140095114707946777e-01
9.339441657066345215e-01
-9.509076476097106934e-01
9.990600347518920898e-01
8.404145836830139160e-01
1.164570927619934082e+00
5.097833275794982910e-01
-1.005619525909423828e+00
4.350939989089965820e-01
8.227885961532592773e-01
-3.078403472900390625e-01
1.340839147567749023e+00
7.483354210853576660e-01
-6.805688142776489258e-01
1.605223536491394043e+00
-2.298365086317062378e-01
1.232887506484985352e+00
1.102603077888488770e+00
-9.716925621032714844e-01
-4.887886643409729004e-01
-8.071275949478149414e-01
2.987689971923828125e-01
-2.988489270210266113e-01
1.332069039344787598e-01
1.030706048011779785e+00
6.475753188133239746e-01
-6.214190125465393066e-01
-5.470235347747802734e-01
6.622632741928100586e-01
1.050698757171630859e-01
3.327615559101104736e-01
-8.521617203950881958e-02
-5.636152625083923340e-01
-1.344129085540771484e+00
3.500972986221313477e-01
-8.612527251243591309e-01
-8.555092662572860718e-02
-3.674062192440032959e-01
-7.207053899765014648e-01
-6.151121258735656738e-01
-6.585717797279357910e-01
7.971461415290832520e-01
-2.188923805952072144e-01
-1.306652665138244629e+00
1.583212465047836304e-01
1.156898587942123413e-02
-8.825790286064147949e-01
-3.236304521560668945e+00
7.503293156623840332e-01
4.640211760997772217e-01
4.371677339076995850e-01
-8.872311115264892578e-01
5.287038087844848633e-01
-7.045148611068725586e-01
1.820677667856216431e-01
1.127141475677490234e+00
4.075552523136138916e-01
5.579488277435302734e-01
2.206689715385437012e-01
3.215334415435791016e-01
-7.286145091056823730e-01
7.080965042114257812e-01
-6.375520825386047363e-01
1.077634334564208984e+00
-6.092613339424133301e-01
2.300351381301879883e+00
-1.749785840511322021e-01
-8.861201405525207520e-01
6.443742513656616211e-01
8.790370821952819824e-01
7.419390678405761719e-01
-4.459300041198730469e-01
6.266099810600280762e-01
3.665069937705993652e-01
-7.115784883499145508e-01
-9.136799573898315430e-01
1.140537738800048828e+00
-4.831188619136810303e-01
1.087734460830688477e+00
-1.911210536956787109e+00
-1.108600139617919922e+00
-6.357064247131347656e-01
5.095499157905578613e-01
6.419345140457153320e-01
-7.938680052757263184e-01
1.104153156280517578e+00
4.738168418407440186e-01
3.613734617829322815e-03
-6.404625177383422852e-01
-6.470211595296859741e-02
4.052940290421247482e-03
1.359199285507202148e+00
-3.465390503406524658e-01
2.666903436183929443e-01
-9.815160036087036133e-01
-1.052957177162170410e+00
5.160351395606994629e-01
4.432489722967147827e-02
-9.163553118705749512e-01
1.712005138397216797e-01
1.488452196121215820e+00
-2.141942501068115234e+00
1.545411497354507446e-01
-6.619895100593566895e-01
-5.854943990707397461e-01
2.590936124324798584e-01
-3.812595456838607788e-02
-1.580025196075439453e+00
3.632832765579223633e-01
-1.771806836128234863e+00
-8.713371753692626953e-01
-2.827806472778320312e-01
-8.733201622962951660e-01
1.047376263886690140e-02
3.927790224552154541e-01
4.170206189155578613e-01
-6.585573554039001465e-01
8.165974617004394531e-01
-1.438378356397151947e-02
6.902282238006591797e-01
9.007482975721359253e-02
-3.876262009143829346e-01
2.938743531703948975e-01
3.089490830898284912e-01
1.666180253028869629e+00
1.063151583075523376e-01
-6.694782972335815430e-01
9.392034411430358887e-01
5.942577719688415527e-01
-3.734836280345916748e-01
7.882791757583618164e-01
2.175765782594680786e-01
-5.933004021644592285e-01
4.107041358947753906e-01
2.143358439207077026e-01
7.168699502944946289e-01
-2.207707643508911133e+00
3.573922440409660339e-02
7.724186778068542480e-01
-5.902544856071472168e-01
1.547776013612747192e-01
-1.108530282974243164e+00
7.836498618125915527e-01
2.665966153144836426e-01
4.888871908187866211e-01
-1.376816153526306152e+00
-2.584026098251342773e+00
-1.066463232040405273e+00
7.721133232116699219e-01
6.604964137077331543e-01
5.457924604415893555e-01
2.013722896575927734e+00
-1.702884435653686523e+00
-8.680451512336730957e-01
-9.941719174385070801e-01
4.667336940765380859e-01
6.434834599494934082e-01
-2.723513841629028320e-01
-1.197061315178871155e-01
-9.782683849334716797e-02
1.475141167640686035e+00
5.145774781703948975e-02
-8.938905000686645508e-01
1.485127806663513184e+00
-9.856208562850952148e-01
1.049045205116271973e+00
-5.186368823051452637e-01
6.328395754098892212e-02
2.498100250959396362e-01
3.386341035366058350e-01
1.793580412864685059e+00
3.448751270771026611e-01
-6.090003848075866699e-01
2.844640016555786133e-01
1.039186239242553711e+00
2.972559332847595215e-01
-7.006421089172363281e-01
5.507557988166809082e-01
-1.497349143028259277e+00
-6.941391825675964355e-01
4.049190580844879150e-01
1.154446840286254883e+00
-1.211303234100341797e+00
8.318425416946411133e-01
1.231417298316955566e+00
1.145496726036071777e+00
-1.421243786811828613e+00
-3.077775239944458008e-01
-3.378285765647888184e-01
1.349044847302138805e-03
-4.909243807196617126e-02
-1.017290577292442322e-01
1.514720618724822998e-01
-4.829159379005432129e-01
1.900117285549640656e-02
8.317841291427612305e-01
-8.044624328613281250e-01
-1.312810063362121582e+00
-4.954548776149749756e-01
-7.022272348403930664e-01
6.311897039413452148e-01
-1.527418345212936401e-01
-9.228996187448501587e-02
-2.020521759986877441e-01
-3.961446285247802734e-01
-8.244285583496093750e-01
1.423745036125183105e+00
-1.149633646011352539e+00
5.099203586578369141e-01
-4.733751714229583740e-01
2.171277523040771484e+00
-3.325982019305229187e-02
-6.724812388420104980e-01
3.345706164836883545e-01
3.170992136001586914e-01
2.323398925364017487e-02
-1.028326749801635742e+00
-5.114358067512512207e-01
1.665079355239868164e+00
-6.480744481086730957e-01
-1.043658494949340820e+00
4.879680275917053223e-01
-1.237338542938232422e+00
-1.010972782969474792e-01
-2.413181215524673462e-01
7.115919888019561768e-02
8.537566661834716797e-01
-7.969793677330017090e-02
5.189422369003295898e-01
6.316254734992980957e-01
-9.396523237228393555e-01
2.356306612491607666e-01
-3.903408646583557129e-01
-1.995407462120056152e+00
9.244183897972106934e-01
-7.406377792358398438e-01
-5.417548418045043945e-01
2.157495170831680298e-02
8.676959574222564697e-02
5.631514638662338257e-02
-1.472438573837280273e+00
4.251807332038879395e-01
-2.207652091979980469e+00
-5.705272555351257324e-01
5.239825248718261719e-01
-1.379385590553283691e+00
-9.191776514053344727e-01
7.839584946632385254e-01
-1.372132539749145508e+00
-2.341140210628509521e-01
-3.472235053777694702e-02
-1.229931116104125977e+00
-1.284247517585754395e+00
-9.054244160652160645e-01
-8.577562570571899414e-01
-3.833886086940765381e-01
-9.322006255388259888e-02
2.178577661514282227e+00
-1.269745469093322754e+00
-3.546599149703979492e-01
6.874290704727172852e-01
8.480057716369628906e-01
-1.583780527114868164e+00
-4.711857736110687256e-01
3.548183143138885498e-01
-2.184914201498031616e-01
3.882747888565063477e-01
9.301742166280746460e-02
6.766639351844787598e-01
8.747687935829162598e-01
-2.214003801345825195e+00
-1.008513476699590683e-02
5.576858520507812500e-01
-9.372068941593170166e-02
3.898204267024993896e-01
-9.806638360023498535e-01
1.825482845306396484e+00
3.900142312049865723e-01
2.237317562103271484e-01
-2.019592046737670898e+00
