-1.170577645301818848e+00
-1.256972700357437134e-01
2.981479167938232422e-01
3.692748248577117920e-01
4.209196567535400391e-01
-9.540403485298156738e-01
-4.620359838008880615e-01
-1.078360557556152344e+00
-6.741866469383239746e-01
1.073754429817199707e+00
-1.798286080360412598e+00
-2.528923749923706055e+00
-3.714561760425567627e-01
5.139527469873428345e-02
-5.798641964793205261e-02
7.570133805274963379e-01
1.600541770458221436e-01
-7.900927662849426270e-01
-4.583269059658050537e-01
9.436522126197814941e-01
-1.583641529083251953e+00
-1.206914484500885010e-01
1.217934370040893555e+00
2.729425430297851562e-01
-1.731355637311935425e-01
1.382080614566802979e-01
7.686644047498703003e-02
-3.287909030914306641e-01
-5.816968083381652832e-01
-7.272933125495910645e-01
8.871470093727111816e-01
-8.081712722778320312e-01
2.449264973402023315e-01
7.082877159118652344e-01
4.726983010768890381e-01
8.430740237236022949e-01
-2.901927530765533447e-01
5.699082612991333008e-01
1.621219277381896973e+00
-1.989614844322204590e+00
4.857892692089080811e-01
2.439112663269042969e-01
-5.618383288383483887e-01
-1.552121520042419434e+00
-1.550666689872741699e-01
1.951910853385925293e-01
7.072362899780273438e-01
6.485108137130737305e-01
-2.429473698139190674e-01
-3.325624763965606689e-01
1.892729103565216064e-01
-3.613673448562622070e-01
5.095269083976745605e-01
2.750059664249420166e-01
1.476792335510253906e+00
-8.272017836570739746e-01
1.073341630399227142e-02
9.032379388809204102e-01
8.804137706756591797e-01
3.400639593601226807e-01
-9.431668519973754883e-01
5.429688692092895508e-01
-9.133910536766052246e-01
2.213221549987792969e+00
8.807579278945922852e-01
1.694264560937881470e-01
1.590383797883987427e-01
-9.362103343009948730e-01
-4.857872128486633301e-01
1.644036650657653809e+00
1.554613113403320312e-01
-4.500902593135833740e-01
1.795317977666854858e-01
-3.094424009323120117e-01
-1.104468941688537598e+00
-1.101504445075988770e+00
7.086945772171020508e-01
-6.963987350463867188e-01
-7.584482431411743164e-01
-1.048064231872558594e+00
-8.301334083080291748e-02
5.299594402313232422e-01
6.775853037834167480e-01
-2.013721227645874023e+00
-1.358743160963058472e-01
-3.101554811000823975e-01
-2.661146409809589386e-02
-1.007977485656738281e+00
1.279765367507934570e+00
2.785815596580505371e-01
-8.008317351341247559e-01
6.510356068611145020e-01
8.471725583076477051e-01
1.229267343878746033e-01
-8.317413926124572754e-01
4.091751947999000549e-02
-1.193966642022132874e-01
-8.190400898456573486e-02
1.065569758415222168e+00
4.424965977668762207e-01
2.612334012985229492e+00
1.188711166381835938e+00
-6.563338041305541992e-01
1.004631400108337402e+00
-1.582903742790222168e+00
1.502816319465637207e+00
-3.638664782047271729e-01
1.344497203826904297e+00
1.418938934803009033e-01
-3.387589752674102783e-01
-5.415367484092712402e-01
-2.431369721889495850e-01
-7.275537848472595215e-01
6.708152890205383301e-01
1.473669409751892090e-01
-2.602043151855468750e-01
1.879434436559677124e-01
6.151561066508293152e-02
2.649711668491363525e-01
-3.510849475860595703e-01
-1.697935760021209717e-01
1.597248792648315430e+00
1.816962510347366333e-01
7.009072303771972656e-01
-2.300134152173995972e-01
-7.155288457870483398e-01
-5.260125398635864258e-01
-8.599796295166015625e-01
7.406156063079833984e-01
-7.062481045722961426e-01
-2.021623849868774414e-01
2.663329243659973145e-01
4.167554974555969238e-01
6.982300281524658203e-01
-1.540366530418395996e+00
4.023535922169685364e-02
5.456354618072509766e-01
1.454754024744033813e-01
-1.530082970857620239e-01
-1.632130295038223267e-01
1.454052567481994629e+00
-6.756559014320373535e-01
-3.234556317329406738e-02
9.387817382812500000e-01
-2.631841301918029785e-01
-1.500292301177978516e+00
9.572759270668029785e-01
-3.363806009292602539e-01
1.606463268399238586e-02
-7.618788480758666992e-01
-8.923608660697937012e-01
-5.508314967155456543e-01
-8.022733926773071289e-01
1.722515106201171875e+00
-1.144221067428588867e+00
-1.067160349339246750e-02
5.253584980964660645e-01
5.229789018630981445e-01
-2.446770668029785156e-01
4.546272456645965576e-01
-5.228394865989685059e-01
8.953871726989746094e-01
-1.340742260217666626e-01
-9.659432619810104370e-02
1.191613197326660156e+00
-1.283661007881164551e+00
2.872023284435272217e-01
9.925956726074218750e-01
-3.734402656555175781e-01
-4.625908285379409790e-02
-1.986707150936126709e-01
4.563546478748321533e-01
1.234297275543212891e+00
-1.698896050453186035e+00
1.697951674461364746e+00
-2.474304437637329102e-01
1.169770359992980957e+00
-6.340574622154235840e-01
-7.452377080917358398e-01
1.443000316619873047e+00
-1.224595189094543457e+00
8.561931252479553223e-01
-5.298582911491394043e-01
-7.611036300659179688e-02
3.081256747245788574e-01
5.275807380676269531e-01
2.400385141372680664e-01
-1.713621377944946289e+00
1.722157299518585205e-01
5.231602787971496582e-01
-1.772651076316833496e-01
-9.022769331932067871e-01
8.591985106468200684e-01
3.056557178497314453e-01
1.323008060455322266e+00
1.391609311103820801e+00
6.120330691337585449e-01
1.597011089324951172e+00
-7.563552856445312500e-01
-3.969685435295104980e-01
-1.282770931720733643e-01
2.194897830486297607e-01
2.200671672821044922e+00
-8.175990581512451172e-01
1.378441452980041504e-01
9.958349466323852539e-01
-5.742819905281066895e-01
-1.502153277397155762e+00
-7.673123478889465332e-01
-8.382545411586761475e-02
2.171948194503784180e+00
1.343794345855712891e+00
8.232174515724182129e-01
-2.906135022640228271e-01
2.521517872810363770e-01
4.512800648808479309e-02
-5.402247309684753418e-01
-9.632598161697387695e-01
-4.774746596813201904e-01
2.583031654357910156e-01
8.401243090629577637e-01
-6.400793194770812988e-01
-3.128812015056610107e-01
1.055723428726196289e+00
1.498102098703384399e-01
2.304288893938064575e-01
-2.709268927574157715e-01
-1.157465457916259766e+00
-5.299366712570190430e-01
-1.314026236534118652e+00
4.299371838569641113e-01
-8.051410913467407227e-01
-4.024278223514556885e-01
1.027108311653137207e+00
2.904057502746582031e-01
-5.769681930541992188e-01
-4.345035254955291748e-01
-7.188147306442260742e-01
-1.478749632835388184e+00
-4.655666947364807129e-01
1.065767407417297363e+00
-2.082921743392944336e+00
4.534044563770294189e-01
-4.655461311340332031e-01
5.178943276405334473e-01
-8.258938789367675781e-02
-2.849508523941040039e-01
-4.680793881416320801e-01
-6.234269738197326660e-01
-2.055600136518478394e-01
2.191327810287475586e-01
-9.934475272893905640e-02
1.105749607086181641e+00
3.568075895309448242e-01
-4.784146249294281006e-01
2.916835248470306396e-02
-2.340811938047409058e-01
1.088897347450256348e+00
8.372281789779663086e-01
6.259110569953918457e-02
8.209255337715148926e-01
9.340273588895797729e-02
1.558501005172729492e+00
1.165456652641296387e+00
-1.388986229896545410e+00
6.108095049858093262e-01
8.265058994293212891e-01
-1.610966622829437256e-01
1.049203395843505859e+00
1.484490394592285156e+00
-2.401628494262695312e-01
-1.406656026840209961e+00
4.082265794277191162e-01
3.969873189926147461e-01
3.998731449246406555e-02
2.273778915405273438e+00
-8.907285332679748535e-01
9.237051606178283691e-01
-9.290669560432434082e-01
-7.723671197891235352e-01
1.374832391738891602e+00
3.167861104011535645e-01
-1.126767992973327637e+00
-1.050761248916387558e-02
-2.177019119262695312e-01
-4.948596283793449402e-02
-4.230894744396209717e-01
5.699304342269897461e-01
-5.126971006393432617e-01
-1.004869580268859863e+00
2.672289311885833740e-01
-1.582801938056945801e+00
1.485954403877258301e+00
-8.263040781021118164e-01
4.605244398117065430e-01
-4.581781029701232910e-01
1.533873319625854492e+00
1.012079358100891113e+00
-1.711388111114501953e+00
-3.518657386302947998e-01
-3.184194862842559814e-01
8.707759976387023926e-01
1.107151389122009277e+00
-6.770983338356018066e-01
2.287670820951461792e-01
-3.476271033287048340e-01
-1.345339298248291016e+00
-2.760427594184875488e-01
8.112283349037170410e-01
8.236824274063110352e-01
-6.990244984626770020e-02
-8.016439080238342285e-01
-6.602675318717956543e-01
-2.562626302242279053e-01
3.573409318923950195e-01
6.626346111297607422e-01
-1.293718367815017700e-01
-2.126728892326354980e-01
1.874794244766235352e+00
9.612352848052978516e-01
1.316122412681579590e+00
2.056283056735992432e-01
1.040241599082946777e+00
2.246849238872528076e-01
-1.161848068237304688e+00
5.565472245216369629e-01
1.237741708755493164e+00
2.034627944231033325e-01
-3.487068712711334229e-01
1.087132692337036133e+00
-2.368125617504119873e-01
5.512179732322692871e-01
2.107858061790466309e-01
-5.662796497344970703e-01
3.948340415954589844e-01
-4.884901642799377441e-01
2.284800112247467041e-01
-1.512082934379577637e+00
4.408538043498992920e-01
1.606091022491455078e+00
2.067386172711849213e-02
3.490726351737976074e-01
7.594986259937286377e-02
-1.251477360725402832e+00
1.200803279876708984e+00
9.637909382581710815e-02
-2.522831261157989502e-01
1.063893079757690430e+00
9.813189506530761719e-01
-2.082347124814987183e-01
-3.637331724166870117e-01
1.501647084951400757e-01
6.387653946876525879e-01
1.494033575057983398e+00
-1.262650489807128906e+00
-1.950964629650115967e-01
-2.693225741386413574e-01
-9.364323318004608154e-02
3.323321342468261719e-01
5.221965312957763672e-01
-1.842314958572387695e+00
2.197347164154052734e+00
6.599054932594299316e-01
1.056161284446716309e+00
-4.641889035701751709e-01
-7.524434924125671387e-01
-4.632289409637451172e-01
1.380017280578613281e+00
-1.555515885353088379e+00
-1.327065587043762207e+00
-6.974824666976928711e-01
6.462206691503524780e-02
7.169065475463867188e-01
1.512328628450632095e-02
4.241949319839477539e-01
6.191977262496948242e-01
1.985726058483123779e-01
3.214581012725830078e-01
-2.166323810815811157e-01
-1.299235463142395020e+00
3.122444264590740204e-02
2.161149978637695312e-01
-1.419119387865066528e-01
-4.615866243839263916e-01
-1.037961244583129883e+00
6.370706558227539062e-01
-1.895792484283447266e-01
-2.652861773967742920e-01
8.145559430122375488e-01
-3.680590912699699402e-02
1.413011550903320312e+00
-1.955402046442031860e-01
-3.424442410469055176e-01
-2.476685196161270142e-01
-6.046913862228393555e-01
-1.399959206581115723e+00
5.026434659957885742e-01
-6.971302032470703125e-01
-5.590873360633850098e-01
1.592510193586349487e-01
1.001616477966308594e+00
-9.479237794876098633e-01
-2.053674697875976562e+00
-8.840458989143371582e-01
2.402806431055068970e-01
1.977735608816146851e-01
-5.069959759712219238e-01
-5.614072084426879883e-01
9.346489310264587402e-01
-2.127113938331604004e-01
3.481291234493255615e-02
-1.026639938354492188e+00
-7.679095119237899780e-02
-7.654726505279541016e-01
-1.472110986709594727e+00
1.892553865909576416e-01
1.855543553829193115e-01
-6.131886839866638184e-01
2.202075481414794922e+00
-8.513428568840026855e-01
-1.021283626556396484e+00
2.197489142417907715e-01
2.517971396446228027e-01
-1.228861808776855469e+00
4.143089056015014648e-01
1.591950282454490662e-02
8.594374060630798340e-01
-1.020722866058349609e+00
-2.195954024791717529e-01
4.903271421790122986e-02
-1.139678359031677246e+00
-3.815732002258300781e-01
2.176440000534057617e+00
1.175699114799499512e+00
-2.489563673734664917e-01
-2.365946620702743530e-01
-2.086880922317504883e+00
-8.949363231658935547e-02
6.702786087989807129e-01
6.892707943916320801e-01
-2.436676025390625000e-01
-6.376137137413024902e-01
1.467272162437438965e+00
-4.947065711021423340e-01
-1.028970837593078613e+00
-6.929531097412109375e-01
-4.027332663536071777e-01
9.607253074645996094e-01
3.556318879127502441e-01
-1.724599599838256836e-01
-2.159357219934463501e-01
8.152084350585937500e-01
6.693794727325439453e-01
-1.235369920730590820e+00
-1.695905923843383789e+00
4.378010630607604980e-01
-3.901604115962982178e-01
-1.173393130302429199e+00
-1.083926558494567871e+00
5.145340561866760254e-01
-1.162212193012237549e-01
1.983111977577209473e+00
1.916869431734085083e-01
-6.585721969604492188e-01
-3.091481328010559082e-01
1.660781502723693848e-01
-5.323972702026367188e-01
1.153174936771392822e-01
-1.023590683937072754e+00
2.745749056339263916e-01
6.275340318679809570e-01
-9.823351502418518066e-01
-1.013542175292968750e+00
5.647922158241271973e-01
8.569255471229553223e-01
-2.004654556512832642e-01
-2.407250702381134033e-01
5.308161973953247070e-01
-2.687765657901763916e-01
-7.971541285514831543e-01
-5.966921448707580566e-01
2.672353386878967285e-01
-2.775575816631317139e-01
1.670035123825073242e-01
-2.733200788497924805e+00
5.661332011222839355e-01
-1.048414930701255798e-01
-3.010780215263366699e-01
3.725887835025787354e-02
1.077098250389099121e+00
-1.285736411809921265e-01
4.493592083454132080e-01
-2.362958528101444244e-02
8.063938617706298828e-01
3.771032989025115967e-01
-1.099328875541687012e+00
1.051896810531616211e+00
1.265638828277587891e+00
1.546483337879180908e-01
1.194535136222839355e+00
1.180003285408020020e+00
-1.433789134025573730e+00
1.651537537574768066e+00
-4.231322109699249268e-01
1.341767191886901855e+00
5.301512479782104492e-01
-5.144901871681213379e-01
-1.072380542755126953e+00
-1.825269103050231934e+00
-4.767114520072937012e-01
4.301228523254394531e-01
2.820628881454467773e-01
1.994085013866424561e-01
2.111057788133621216e-01
-3.228581547737121582e-01
-1.014175653457641602e+00
1.493342161178588867e+00
1.518164128065109253e-01
4.128665924072265625e-01
-3.515613377094268799e-01
3.916214108467102051e-01
-1.312877297401428223e+00
6.425119042396545410e-01
-1.531616330146789551e+00
-2.642373144626617432e-01
-5.896033644676208496e-01
-4.034614264965057373e-01
-2.118737697601318359e-01
3.295492529869079590e-01
8.635720014572143555e-01
-6.181149482727050781e-01
-1.533025622367858887e+00
4.518331587314605713e-01
-2.879160046577453613e-01
-3.839706182479858398e-01
-3.016699075698852539e+00
1.349560976028442383e+00
8.587161302566528320e-01
8.580204248428344727e-01
-1.712071657180786133e+00
-1.925595998764038086e-01
-6.932197213172912598e-01
2.458463013172149658e-01
-6.103527545928955078e-02
1.649398505687713623e-01
9.669727683067321777e-01
2.712320685386657715e-01
-8.213718980550765991e-02
-9.655188322067260742e-01
5.702783465385437012e-01
-3.167975842952728271e-01
8.553621172904968262e-01
-7.099588513374328613e-01
1.384332895278930664e+00
1.554838269948959351e-01
-3.199503123760223389e-01
1.223630070686340332e+00
2.186359763145446777e-01
1.287499070167541504e-01
-7.487247586250305176e-01
3.419710993766784668e-01
4.275620877742767334e-01
4.109693765640258789e-01
-1.002506256103515625e+00
-3.680523335933685303e-01
-7.154657840728759766e-01
1.453647613525390625e+00
-1.957006454467773438e+00
-5.234692692756652832e-01
1.114094480872154236e-01
5.434240102767944336e-01
5.278434157371520996e-01
-1.186582803726196289e+00
9.051249027252197266e-01
-1.750316172838211060e-01
2.732872962951660156e-01
1.573529243469238281e-01
9.486760199069976807e-02
-3.397269546985626221e-01
1.295191794633865356e-01
-3.792434036731719971e-01
2.666721642017364502e-01
-2.086990475654602051e-01
-1.059041500091552734e+00
4.212526679039001465e-01
6.635760515928268433e-02
2.036231905221939087e-01
2.682059705257415771e-01
5.149267911911010742e-01
-2.401539564132690430e+00
1.028731465339660645e+00
1.931930631399154663e-01
-4.994353950023651123e-01
1.027939558029174805e+00
-1.077641639858484268e-02
-6.332758665084838867e-01
3.954447805881500244e-01
-7.343870401382446289e-01
-9.390198588371276855e-01
1.065463200211524963e-01
-3.492230474948883057e-01
-1.052791714668273926e+00
6.927627921104431152e-01
6.333681941032409668e-01
2.720117270946502686e-01
4.759589731693267822e-01
-8.479082584381103516e-01
7.091286778450012207e-02
-7.122353315353393555e-01
-2.577442824840545654e-01
2.852280735969543457e-01
-6.533909589052200317e-02
2.172781467437744141e+00
7.816310971975326538e-02
-5.091264843940734863e-01
6.004212498664855957e-01
5.969982147216796875e-01
2.864443957805633545e-01
2.980022430419921875e-01
9.180835634469985962e-02
-6.284698247909545898e-01
-9.674758464097976685e-02
-2.287419140338897705e-01
1.166082978248596191e+00
-2.100672960281372070e+00
5.931884646415710449e-01
8.403757810592651367e-01
-5.023940205574035645e-01
-3.850207328796386719e-01
8.642691373825073242e-02
7.525250911712646484e-01
-5.283411145210266113e-01
6.354562640190124512e-01
-1.129009008407592773e+00
-2.863630294799804688e+00
-5.380510911345481873e-02
5.718086361885070801e-01
5.010378360748291016e-01
4.948940277099609375e-01
1.428294777870178223e+00
-1.859358668327331543e+00
-8.739048242568969727e-01
-1.240485787391662598e+00
1.021250844001770020e+00
1.153532981872558594e+00
-4.794682934880256653e-02
-6.109309196472167969e-01
-1.156942367553710938e+00
1.366903901100158691e+00
1.174755245447158813e-01
-2.531062602996826172e+00
9.307622909545898438e-01
-1.262151002883911133e+00
1.157355189323425293e+00
-1.158632874488830566e+00
-1.072403341531753540e-01
7.463589310646057129e-01
1.310831308364868164e+00
1.798279047012329102e+00
8.872685953974723816e-03
-7.886740565299987793e-02
2.781508564949035645e-01
5.108526349067687988e-01
-6.926703732460737228e-03
-1.768587589263916016e+00
5.171329975128173828e-01
-8.948180675506591797e-01
-1.292589545249938965e+00
1.670114398002624512e-01
8.254280090332031250e-01
-1.465715289115905762e+00
4.753148257732391357e-01
1.618701815605163574e+00
4.914918541908264160e-01
-1.721608757972717285e+00
-9.946765899658203125e-01
-5.750489234924316406e-01
1.326755732297897339e-01
-1.050747279077768326e-02
-3.457182049751281738e-01
3.202818036079406738e-01
-6.964972615242004395e-01
-7.040587663650512695e-01
1.053956598043441772e-01
1.020266339182853699e-01
-7.295713424682617188e-01
-3.744472265243530273e-01
-1.114185452461242676e+00
1.071756243705749512e+00
-3.341240286827087402e-01
-1.513084471225738525e-01
-5.799928903579711914e-01
-5.045524239540100098e-01
-9.272138476371765137e-01
1.424121260643005371e+00
-3.755234777927398682e-01
-1.929440945386886597e-01
-1.765476316213607788e-01
1.698429584503173828e+00
4.088589251041412354e-01
-5.797079205513000488e-01
1.106916069984436035e+00
3.903457820415496826e-01
-4.740574359893798828e-01
-1.159533262252807617e+00
-7.737222909927368164e-01
8.920081257820129395e-01
-7.997579574584960938e-01
-1.093690156936645508e+00
1.301863789558410645e+00
-1.666579961776733398e+00
-5.881373286247253418e-01
3.378220498561859131e-01
9.811742305755615234e-01
4.165888130664825439e-01
6.593672633171081543e-01
6.731868982315063477e-01
3.676466643810272217e-01
-4.151406288146972656e-01
6.033916473388671875e-01
-1.158932596445083618e-01
-2.116974353790283203e+00
1.083482027053833008e+00
-9.311621189117431641e-01
1.040299177169799805e+00
-3.506309092044830322e-01
-3.659524396061897278e-02
-1.987553685903549194e-01
-1.207349419593811035e+00
-4.388803541660308838e-01
-2.196224927902221680e+00
8.615250885486602783e-02
9.402481913566589355e-01
-1.265187144279479980e+00
-1.528499007225036621e+00
5.137488842010498047e-01
-1.112963676452636719e+00
-2.372309714555740356e-01
3.115672767162322998e-01
-5.981076955795288086e-01
-1.249148368835449219e+00
2.331334352493286133e-01
-7.005956172943115234e-01
-1.985437721014022827e-01
1.832711398601531982e-01
1.980709075927734375e+00
-1.245481491088867188e+00
-4.955308511853218079e-02
9.824101626873016357e-02
2.311122715473175049e-01
-1.907963156700134277e+00
-3.090144097805023193e-01
7.825905680656433105e-01
3.677088022232055664e-02
-5.886548385024070740e-02
3.117187619209289551e-01
8.576143980026245117e-01
9.639344811439514160e-01
-2.045728683471679688e+00
7.529817521572113037e-03
1.241667032241821289e+00
-1.025826573371887207e+00
8.210726380348205566e-01
-5.266305208206176758e-01
2.598878145217895508e+00
-1.299953460693359375e-01
8.421696722507476807e-03
-1.736317753791809082e+00
