-8.043457865715026855e-01
-6.862603593617677689e-03
-1.231628775596618652e+00
1.561888575553894043e+00
4.090592563152313232e-01
-5.843848586082458496e-01
-2.867845892906188965e-01
-1.346713662147521973e+00
4.539711773395538330e-01
7.507355809211730957e-01
-1.009891986846923828e+00
-1.787108063697814941e+00
-8.264497518539428711e-01
9.011276364326477051e-01
4.476424753665924072e-01
1.401962280273437500e+00
-3.660461604595184326e-01
-8.143517374992370605e-01
-8.445824682712554932e-02
3.686138689517974854e-01
-1.164049744606018066e+00
4.989686608314514160e-02
1.445598483085632324e+00
-1.809169501066207886e-01
3.043441772460937500e-01
9.576972723007202148e-01
5.475417971611022949e-01
-1.258134961128234863e+00
-1.043855667114257812e+00
-8.804116398096084595e-02
3.607271909713745117e-01
-1.090325713157653809e+00
2.549106180667877197e-01
4.974123090505599976e-02
8.880680203437805176e-01
3.107864260673522949e-01
-1.261883974075317383e-01
6.252419352531433105e-01
1.681117296218872070e+00
-1.927183151245117188e+00
7.667336463928222656e-01
-4.740389883518218994e-01
-5.555580258369445801e-01
-1.886410832405090332e+00
5.732051283121109009e-02
3.502291813492774963e-02
-2.997288107872009277e-01
4.042452871799468994e-01
-1.472944021224975586e-01
2.651618719100952148e-01
-2.159070372581481934e-01
6.283579021692276001e-02
1.171652078628540039e+00
-2.912469804286956787e-01
1.373691678047180176e+00
-4.463588595390319824e-01
-3.502433896064758301e-01
4.967806935310363770e-01
1.975102275609970093e-01
8.695905804634094238e-01
-1.021334767341613770e+00
2.656891010701656342e-02
7.747675478458404541e-02
1.297296643257141113e+00
1.758852601051330566e-02
-5.250768661499023438e-01
8.068948239088058472e-02
-7.658120393753051758e-01
2.440042607486248016e-02
7.178606390953063965e-01
-4.009180963039398193e-01
-7.679139971733093262e-01
4.888216555118560791e-01
2.052444070577621460e-01
-1.476546406745910645e+00
-1.480034828186035156e+00
1.925188183784484863e+00
-1.231266975402832031e+00
-1.923772506415843964e-02
-9.924913048744201660e-01
-7.607442736625671387e-01
1.723602116107940674e-01
9.368710517883300781e-01
-2.466428279876708984e+00
1.744908988475799561e-01
-5.752781033515930176e-02
-8.366183377802371979e-03
-1.791273236274719238e+00
3.809243068099021912e-02
-1.452797055244445801e-01
-9.056639075279235840e-01
5.928344726562500000e-01
7.367669343948364258e-01
3.840827047824859619e-01
-9.570253491401672363e-01
-1.371978521347045898e-01
7.698993086814880371e-01
1.337749958038330078e-01
1.554419875144958496e+00
4.720714688301086426e-01
3.171813726425170898e+00
1.361047267913818359e+00
-1.873007774353027344e+00
5.752972364425659180e-01
-2.281944513320922852e+00
2.945422172546386719e+00
2.107417434453964233e-01
1.078126430511474609e+00
1.227857917547225952e-01
-3.408655822277069092e-01
-6.772724390029907227e-01
6.486845016479492188e-01
4.924211502075195312e-01
-1.867795288562774658e-01
1.919176802039146423e-02
-5.632514953613281250e-01
8.946745395660400391e-01
-6.151745319366455078e-01
-9.111834317445755005e-02
-8.717734217643737793e-01
-4.453906416893005371e-01
7.083456516265869141e-01
-3.876027464866638184e-02
7.079645991325378418e-01
-6.497017741203308105e-01
-1.930209994316101074e-01
-9.681583046913146973e-01
-8.845088481903076172e-01
3.310891687870025635e-01
-1.226988732814788818e-01
-3.087393343448638916e-01
1.669742614030838013e-01
6.362701058387756348e-01
-1.270431399345397949e+00
-2.202462196350097656e+00
8.540865778923034668e-02
-5.103764683008193970e-02
4.692011177539825439e-01
-1.583147883415222168e+00
-1.299028694629669189e-01
1.877575159072875977e+00
-4.919853806495666504e-01
-6.744503378868103027e-01
1.176106095314025879e+00
-2.581358887255191803e-02
-9.008008837699890137e-01
9.665576219558715820e-01
2.679510116577148438e-01
4.331998527050018311e-01
-1.049735307693481445e+00
-4.348949193954467773e-01
-5.171995162963867188e-01
-3.800215665251016617e-03
1.089884281158447266e+00
-1.668893218040466309e+00
-2.782506346702575684e-01
-6.312985718250274658e-02
-3.649797439575195312e-01
-5.562366917729377747e-02
-1.673476397991180420e-01
-7.680967450141906738e-01
9.826851487159729004e-01
-6.755202412605285645e-01
9.057897329330444336e-01
1.377968341112136841e-01
-1.959532022476196289e+00
3.513194620609283447e-01
4.048140943050384521e-01
-8.941610455513000488e-01
1.326187998056411743e-01
-2.539066970348358154e-01
-1.931386440992355347e-02
6.561721563339233398e-01
-8.329304456710815430e-01
-9.451779723167419434e-02
-3.117040991783142090e-01
1.617665290832519531e+00
2.223555184900760651e-02
-1.162578940391540527e+00
1.054542064666748047e+00
-2.115247398614883423e-01
1.539677500724792480e+00
1.156851768493652344e+00
-1.834176778793334961e-01
-7.817737460136413574e-01
4.628261923789978027e-01
3.542880117893218994e-01
-1.611432552337646484e+00
2.837514579296112061e-01
1.553561925888061523e+00
-1.012246757745742798e-01
-7.914281487464904785e-01
5.507981777191162109e-01
1.493343710899353027e-01
1.241218090057373047e+00
1.671352028846740723e+00
5.813178420066833496e-01
2.090145587921142578e+00
-3.213777244091033936e-01
-1.455011487007141113e+00
-3.508990705013275146e-01
6.952927112579345703e-01
1.624254107475280762e+00
2.871213294565677643e-02
2.815625965595245361e-01
-4.137998446822166443e-02
5.777388811111450195e-01
-1.829351902008056641e+00
-1.009133696556091309e+00
5.927253887057304382e-02
1.973617553710937500e+00
6.975647807121276855e-01
5.686795115470886230e-01
-1.908500790596008301e-01
-2.695217430591583252e-01
3.708870112895965576e-01
-1.566094279289245605e+00
8.366358280181884766e-02
-6.983833909034729004e-01
-2.009683251380920410e-01
4.876933395862579346e-01
-2.038069963455200195e-01
1.633758470416069031e-02
6.952268481254577637e-01
1.583923846483230591e-01
6.588837504386901855e-01
1.634136773645877838e-02
-2.247480869293212891e+00
2.872228026390075684e-01
-1.063967943191528320e+00
4.411114379763603210e-02
-5.545858740806579590e-01
-3.771220743656158447e-01
6.371550559997558594e-01
7.994536757469177246e-01
-1.070590376853942871e+00
-1.012407660484313965e+00
-6.200888752937316895e-01
-1.413183689117431641e+00
2.081011235713958740e-01
2.293164432048797607e-01
-1.151031374931335449e+00
1.374284982681274414e+00
-1.099390506744384766e+00
9.265540540218353271e-02
-9.926369190216064453e-01
-3.457330763339996338e-01
-6.206700205802917480e-01
-5.023180842399597168e-01
-6.277868151664733887e-01
5.911106467247009277e-01
-2.525520324707031250e-01
9.771802425384521484e-01
-6.826671361923217773e-01
-4.713340401649475098e-01
1.791837364435195923e-01
-3.899804949760437012e-01
-4.104339182376861572e-01
-4.661366939544677734e-01
-7.840259075164794922e-01
1.099272966384887695e+00
-1.722986251115798950e-01
6.147443652153015137e-01
1.993324518203735352e+00
-1.532914042472839355e+00
-7.255895435810089111e-02
1.599332094192504883e+00
-6.359761357307434082e-01
3.061619699001312256e-01
1.302687287330627441e+00
-6.589840650558471680e-01
-1.239781022071838379e+00
4.334222972393035889e-01
-1.346292719244956970e-02
9.695189595222473145e-01
2.740375041961669922e+00
-1.046856045722961426e+00
1.324187312275171280e-02
-1.080518364906311035e+00
-4.370728135108947754e-01
5.011665225028991699e-01
3.896499872207641602e-01
-5.028462409973144531e-01
-9.160270690917968750e-01
-8.182295560836791992e-01
6.856488585472106934e-01
-4.015811979770660400e-01
5.708341598510742188e-01
-2.105536162853240967e-01
-6.800712943077087402e-01
-6.117812991142272949e-01
-9.793015718460083008e-01
1.211839914321899414e+00
-6.739690303802490234e-01
9.802181124687194824e-01
-2.425047904253005981e-01
1.254132628440856934e+00
-1.051950231194496155e-01
-1.718875646591186523e+00
-7.580953836441040039e-01
6.457962393760681152e-01
-5.102344155311584473e-01
2.191881090402603149e-01
-1.271396040916442871e+00
8.099598884582519531e-01
4.585784971714019775e-01
-6.011397242546081543e-01
6.483640670776367188e-01
-2.177834808826446533e-01
3.012241423130035400e-01
-8.849791884422302246e-01
-7.852842211723327637e-01
-2.450608313083648682e-01
-1.281145960092544556e-01
-4.304755926132202148e-01
1.525164008140563965e+00
-1.323404908180236816e-01
-3.746414929628372192e-02
1.715527057647705078e+00
8.005915880203247070e-01
1.097295403480529785e+00
-3.669620305299758911e-02
4.265611767768859863e-01
2.681025862693786621e-01
-4.205192029476165771e-01
-3.959187269210815430e-01
9.813372492790222168e-01
4.091999232769012451e-01
-2.886029183864593506e-01
1.209653139114379883e+00
-5.632687732577323914e-02
1.260489523410797119e-01
2.253795415163040161e-02
1.640321314334869385e-01
1.009658128023147583e-01
6.069481968879699707e-01
4.020628631114959717e-01
-1.589751958847045898e+00
8.573751151561737061e-02
1.878361344337463379e+00
3.126589357852935791e-01
6.686071306467056274e-02
1.325003504753112793e-01
-1.345945119857788086e+00
1.042714476585388184e+00
2.043475769460201263e-02
-3.006243407726287842e-01
1.442637681961059570e+00
5.621775388717651367e-01
-1.569138467311859131e-01
-2.378556877374649048e-01
4.389305412769317627e-01
2.080474048852920532e-01
1.288650870323181152e+00
-1.192075014114379883e+00
-9.603106975555419922e-02
-1.651711165904998779e-01
3.248187303543090820e-01
4.339621663093566895e-01
-1.189594864845275879e-01
-2.075243949890136719e+00
2.740868091583251953e+00
-2.363412678241729736e-01
1.128620505332946777e+00
-1.111462265253067017e-01
-5.357099175453186035e-01
-9.154939651489257812e-01
1.605616092681884766e+00
-8.145786523818969727e-01
-1.294793128967285156e+00
-4.480925798416137695e-01
-7.262712717056274414e-01
-7.681740522384643555e-01
6.874828934669494629e-01
3.262702822685241699e-01
8.306738138198852539e-01
4.263217151165008545e-01
8.873105049133300781e-02
4.753512144088745117e-02
-1.105625033378601074e+00
-9.503722190856933594e-02
8.571889996528625488e-02
-1.518164873123168945e-01
-6.441451311111450195e-01
-8.499082922935485840e-01
7.293331027030944824e-01
2.971304357051849365e-01
-5.810068547725677490e-02
1.139525055885314941e+00
3.820832446217536926e-02
5.326460599899291992e-01
-4.528146386146545410e-01
1.390304267406463623e-01
-7.090986520051956177e-02
-6.192044019699096680e-01
-4.447917938232421875e-01
6.823248863220214844e-01
-7.812582254409790039e-01
-7.070815563201904297e-01
4.351218938827514648e-01
2.944361567497253418e-01
3.207298815250396729e-01
-1.399239182472229004e+00
-1.132022023200988770e+00
1.373839139938354492e+00
-1.665751636028289795e-02
-8.015998601913452148e-01
-7.267826795578002930e-01
-1.102889627218246460e-01
3.029471635818481445e-01
-5.996943712234497070e-01
-1.771760106086730957e+00
-4.013065993785858154e-02
-1.248072028160095215e+00
-6.747412681579589844e-01
-4.584109485149383545e-01
-5.463141202926635742e-01
-1.361726164817810059e+00
2.413984298706054688e+00
-1.705841064453125000e+00
-5.114331841468811035e-01
4.993206262588500977e-01
1.216325014829635620e-01
-2.359406709671020508e+00
2.487486004829406738e-01
-5.204743146896362305e-01
1.120142102241516113e+00
5.499660968780517578e-01
7.404181361198425293e-01
-7.349551916122436523e-01
-1.272840976715087891e+00
-3.518113791942596436e-01
1.029200553894042969e+00
9.377654790878295898e-01
1.061758279800415039e+00
2.796176373958587646e-01
-1.917908668518066406e+00
5.269448757171630859e-01
7.993953227996826172e-01
2.265143543481826782e-01
-2.427502870559692383e-01
2.136212438344955444e-01
1.761739969253540039e+00
-9.861818701028823853e-02
-7.496605161577463150e-03
-6.204364299774169922e-01
-3.031331300735473633e-01
1.905190587043762207e+00
1.745131313800811768e-01
3.266834616661071777e-01
-8.499074727296829224e-02
7.208969593048095703e-01
-5.168828964233398438e-01
-7.668191790580749512e-01
-1.074665784835815430e+00
3.192491829395294189e-02
9.435663819313049316e-01
-5.914720296859741211e-01
-2.899694442749023438e-01
1.426437050104141235e-01
-1.945855766534805298e-01
2.857436656951904297e+00
-8.454460650682449341e-02
-6.824477910995483398e-01
7.601585984230041504e-01
-7.124633993953466415e-03
-4.550592899322509766e-01
-3.412161767482757568e-01
-2.058852016925811768e-01
-1.618276089429855347e-01
1.161565899848937988e+00
-9.927099943161010742e-01
-4.172347486019134521e-01
7.093507051467895508e-01
1.100419282913208008e+00
1.744069457054138184e-01
-3.267529308795928955e-01
7.609823942184448242e-01
-1.244925141334533691e+00
-1.190605759620666504e+00
3.043657839298248291e-01
6.531618237495422363e-01
-1.666127294301986694e-01
-1.747154891490936279e-01
-2.222494125366210938e+00
3.151609003543853760e-01
3.420880734920501709e-01
-4.987333714962005615e-01
-1.562986671924591064e-01
8.608391880989074707e-01
-2.979831993579864502e-01
1.059407070279121399e-01
3.733410239219665527e-01
1.533895611763000488e+00
1.945589184761047363e-01
-3.337962925434112549e-01
1.070245727896690369e-01
1.646705031394958496e+00
7.932972311973571777e-01
1.171178698539733887e+00
6.346333622932434082e-01
-9.816234111785888672e-01
9.818611145019531250e-01
-1.281097888946533203e+00
9.267839193344116211e-01
-2.638216018676757812e-01
-5.819984674453735352e-01
-4.131736159324645996e-01
-1.737284660339355469e+00
-9.270067214965820312e-01
1.182504296302795410e+00
2.982230186462402344e-01
-1.207307800650596619e-01
2.105055004358291626e-01
-1.182544946670532227e+00
-5.840606689453125000e-01
2.547266781330108643e-01
6.891263276338577271e-02
-4.517644643783569336e-01
4.226866960525512695e-01
-9.924883395433425903e-02
-1.131155967712402344e+00
3.841894268989562988e-01
-1.930983901023864746e+00
4.414678215980529785e-01
-6.555536389350891113e-01
3.140247240662574768e-02
3.640248179435729980e-01
-4.800411462783813477e-01
6.796447634696960449e-01
3.378470540046691895e-01
1.128945589065551758e+00
5.116845965385437012e-01
3.416016101837158203e-01
-2.359881848096847534e-01
-1.545457005500793457e+00
5.368045568466186523e-01
6.379905343055725098e-01
-1.412504434585571289e+00
-8.151309490203857422e-01
6.857971549034118652e-01
-3.318088054656982422e-01
8.980322629213333130e-02
5.191249847412109375e-01
-1.127093076705932617e+00
5.618216395378112793e-01
-4.010686278343200684e-01
-5.220749974250793457e-01
-8.234066963195800781e-01
5.337922573089599609e-01
-5.419442653656005859e-01
6.469034552574157715e-01
-4.224123954772949219e-01
1.190716505050659180e+00
2.406010031700134277e-01
-1.179463148117065430e+00
2.262089252471923828e+00
1.133864879608154297e+00
6.223188340663909912e-02
-7.594094872474670410e-01
5.681832432746887207e-01
5.338224172592163086e-01
6.034576296806335449e-01
-1.122591853141784668e+00
-6.765100955963134766e-01
-9.897064566612243652e-01
7.541705369949340820e-01
-2.059472322463989258e+00
-6.198170185089111328e-01
-8.094686865806579590e-01
1.320351481437683105e+00
2.079143524169921875e+00
-1.430260300636291504e+00
7.179934978485107422e-01
-1.996664851903915405e-01
2.112059146165847778e-01
-1.130328297615051270e+00
-4.641990065574645996e-01
-2.862287759780883789e-01
4.393910169601440430e-01
-8.069677948951721191e-01
-6.435414776206016541e-03
-7.513141036033630371e-01
-1.402118150144815445e-02
1.141246557235717773e+00
-1.108291864395141602e+00
-3.325672149658203125e-01
3.369837701320648193e-01
4.306930601596832275e-01
-1.908607840538024902e+00
9.182260632514953613e-01
5.331186056137084961e-01
-1.677351146936416626e-01
8.397648930549621582e-01
-7.418369650840759277e-01
2.142474949359893799e-01
2.077566385269165039e-01
-1.341094493865966797e+00
-1.278535842895507812e+00
-7.407827377319335938e-01
5.737996846437454224e-02
-6.119294166564941406e-01
1.187600612640380859e+00
6.375780701637268066e-01
-1.190778892487287521e-02
5.865242481231689453e-01
7.808521389961242676e-01
-1.625676274299621582e+00
-6.526783704757690430e-01
2.125180363655090332e-01
-6.055416464805603027e-01
1.881976276636123657e-01
1.485741257667541504e+00
4.163494408130645752e-01
-4.212439432740211487e-02
5.080003738403320312e-01
6.102359294891357422e-01
-7.582876086235046387e-01
8.873379230499267578e-01
3.594939112663269043e-01
-5.880318880081176758e-01
-4.096427857875823975e-01
3.496242463588714600e-01
3.609627783298492432e-01
-1.285841584205627441e+00
7.137149572372436523e-02
1.368294835090637207e+00
-1.312925457954406738e+00
1.163742020726203918e-01
9.281031042337417603e-02
6.765433549880981445e-01
3.396969437599182129e-01
2.846535444259643555e-01
-4.744766652584075928e-01
-2.182811975479125977e+00
2.149769216775894165e-01
2.603864669799804688e+00
6.906511187553405762e-01
8.957391381263732910e-01
1.823065638542175293e+00
-1.618574857711791992e+00
-8.159280419349670410e-01
-1.157450199127197266e+00
1.638014078140258789e+00
1.710219383239746094e+00
3.707497715950012207e-01
-7.385718822479248047e-01
-3.503430187702178955e-01
1.429721474647521973e+00
-1.406765878200531006e-01
-1.254318237304687500e+00
4.948638677597045898e-01
-7.904049158096313477e-01
7.020395398139953613e-01
-1.027804970741271973e+00
8.586513400077819824e-01
1.382632851600646973e+00
7.159214615821838379e-01
1.392325758934020996e+00
4.226894080638885498e-01
-4.007864892482757568e-01
5.428925156593322754e-01
2.575554251670837402e-01
-6.262724995613098145e-01
-7.470456361770629883e-01
5.460610389709472656e-01
-1.914706110954284668e+00
-2.025862932205200195e+00
-3.191036283969879150e-01
1.011453509330749512e+00
-6.368951797485351562e-01
6.947287917137145996e-01
2.135804176330566406e+00
1.472156047821044922e+00
-1.092498421669006348e+00
-1.144721880555152893e-01
-8.531263470649719238e-01
-7.742482423782348633e-01
-5.905948951840400696e-02
3.861764967441558838e-01
8.860577344894409180e-01
1.767419837415218353e-02
-8.864977210760116577e-02
-2.847340106964111328e-01
-8.245031237602233887e-01
-2.064604014158248901e-01
-3.786391019821166992e-01
-1.057770013809204102e+00
-4.684855043888092041e-02
-7.193313241004943848e-01
-9.003756046295166016e-01
-4.141331315040588379e-01
-9.736920595169067383e-01
4.942190945148468018e-01
1.188346505165100098e+00
2.014002650976181030e-01
-1.501635164022445679e-01
-1.771279424428939819e-02
1.394387483596801758e+00
5.962784290313720703e-01
-1.242408990859985352e+00
1.667571067810058594e+00
1.041240930557250977e+00
-1.282678991556167603e-01
-8.217631578445434570e-01
-7.302251458168029785e-01
7.999759912490844727e-01
-3.780670166015625000e-01
-2.353631258010864258e-01
1.446455240249633789e+00
-9.704759120941162109e-01
-1.175784230232238770e+00
-4.365300834178924561e-01
8.098989725112915039e-01
1.522657871246337891e+00
1.313283294439315796e-01
3.227655887603759766e-01
1.072650790214538574e+00
-9.177640080451965332e-01
7.589658498764038086e-01
1.012906730175018311e-01
-1.344747066497802734e+00
3.170730471611022949e-01
-1.577221632003784180e+00
-2.581760846078395844e-02
-3.831235170364379883e-01
3.392197489738464355e-01
-1.806627064943313599e-01
-1.571971893310546875e+00
-6.652982234954833984e-01
-1.208468794822692871e+00
6.114868521690368652e-01
6.743204593658447266e-01
-3.911820352077484131e-01
-1.402518272399902344e+00
8.008112907409667969e-01
-3.960116207599639893e-01
9.628875553607940674e-02
-1.322712451219558716e-01
-2.386580407619476318e-01
-1.195472717285156250e+00
-6.238729953765869141e-01
-1.259669542312622070e+00
-1.197260543704032898e-01
-3.998770713806152344e-01
1.213535189628601074e+00
-1.038326740264892578e+00
-3.523115515708923340e-01
3.600454926490783691e-01
1.550984755158424377e-02
-2.306429624557495117e+00
-4.832238852977752686e-01
3.021542727947235107e-01
2.558376491069793701e-01
-6.163117289543151855e-01
8.004400134086608887e-01
-2.945990860462188721e-01
1.224640488624572754e+00
-1.682831287384033203e+00
4.825596138834953308e-02
1.185526609420776367e+00
7.682272195816040039e-01
1.026871427893638611e-01
-7.761334180831909180e-01
2.445156574249267578e+00
7.765626162290573120e-02
2.681966722011566162e-01
-1.477844595909118652e+00
