-9.613398313522338867e-01
-2.336291968822479248e-02
6.668277382850646973e-01
-3.808383643627166748e-01
1.103527694940567017e-01
-1.259000658988952637e+00
-3.472604751586914062e-01
-7.327796816825866699e-01
-1.131312549114227295e-01
4.074547886848449707e-01
1.428168416023254395e-01
-2.013415813446044922e+00
-1.049234032630920410e+00
-2.198796868324279785e-01
-1.528282165527343750e-01
1.298729777336120605e+00
4.754976332187652588e-01
-3.563883602619171143e-01
-5.536384582519531250e-01
1.308016180992126465e+00
-9.098244309425354004e-01
4.318112134933471680e-02
6.975158452987670898e-01
-3.320848643779754639e-01
7.179201841354370117e-01
7.466166615486145020e-01
3.548417389392852783e-01
-1.080630421638488770e+00
-7.919963002204895020e-01
-1.020292162895202637e+00
8.570176959037780762e-01
-1.008364915847778320e+00
8.024653792381286621e-01
4.683090448379516602e-01
9.303820729255676270e-01
6.334289908409118652e-01
-8.619438409805297852e-01
8.829336166381835938e-01
1.276107788085937500e+00
-1.956885695457458496e+00
8.127459287643432617e-01
-6.056038290262222290e-02
-1.001897692680358887e+00
-6.705068945884704590e-01
2.453737556934356689e-01
4.908269345760345459e-01
5.492489337921142578e-01
3.322909772396087646e-01
-1.626783460378646851e-01
-5.190353095531463623e-02
-3.065472245216369629e-01
5.145784094929695129e-02
5.393891930580139160e-01
-2.436601072549819946e-01
9.857302904129028320e-01
-2.502035498619079590e-01
7.952083349227905273e-01
-1.898482292890548706e-01
2.138476222753524780e-01
7.672491073608398438e-01
-5.273997783660888672e-01
6.954602152109146118e-02
-1.275503396987915039e+00
1.874092459678649902e+00
6.276623606681823730e-01
1.079849824309349060e-01
-7.176436781883239746e-01
-7.552639245986938477e-01
-4.404088258743286133e-01
9.294791817665100098e-01
-2.740361392498016357e-01
-4.523105323314666748e-01
-1.121689900755882263e-01
-4.695531725883483887e-01
-1.385617494583129883e+00
-5.151429176330566406e-01
6.529254913330078125e-01
-9.695621132850646973e-01
-1.146998070180416107e-02
-6.608400344848632812e-01
-2.443208843469619751e-01
4.325416982173919678e-01
1.681477278470993042e-01
-1.716782808303833008e+00
-8.213742822408676147e-02
-6.090397834777832031e-01
-9.220582991838455200e-02
-2.102335691452026367e+00
2.391335964202880859e-01
-3.165500760078430176e-01
-4.286341965198516846e-01
4.801945090293884277e-01
9.911071062088012695e-01
2.371075749397277832e-01
-2.953403294086456299e-01
1.449921578168869019e-01
-3.204229772090911865e-01
2.807658016681671143e-01
1.383982777595520020e+00
8.703305721282958984e-01
2.556227684020996094e+00
1.459282636642456055e+00
-1.049099326133728027e+00
8.001981973648071289e-01
-9.477629065513610840e-01
1.644960284233093262e+00
-3.815099298954010010e-01
1.161751389503479004e+00
-8.127748221158981323e-02
-6.613736748695373535e-01
-4.616693258285522461e-01
-1.504531055688858032e-01
2.397963404655456543e-02
8.377295136451721191e-01
-1.273764967918395996e-01
-7.661846280097961426e-01
1.083279699087142944e-01
-3.882297277450561523e-01
6.189821660518646240e-02
-1.174259185791015625e+00
2.717611491680145264e-01
1.613154768943786621e+00
-5.077677965164184570e-01
2.521240413188934326e-01
-1.179081082344055176e+00
-1.831673830747604370e-01
-3.304004967212677002e-01
-1.324290513992309570e+00
1.638334512710571289e+00
-6.535343527793884277e-01
-9.735384583473205566e-02
-5.341973900794982910e-01
2.257575839757919312e-02
6.686136126518249512e-02
-1.736764669418334961e+00
-3.255309164524078369e-01
2.422611266374588013e-01
-2.642089128494262695e-01
-4.865170717239379883e-01
-7.820735573768615723e-01
1.575527191162109375e+00
-1.067020416259765625e+00
1.751998364925384521e-01
1.151014924049377441e+00
-2.456991076469421387e-01
-1.611580014228820801e+00
7.098757624626159668e-01
5.159111618995666504e-01
2.016393281519412994e-02
-1.064661741256713867e+00
3.791776597499847412e-01
-5.410144925117492676e-01
1.590387225151062012e-01
8.963665962219238281e-01
-7.510160803794860840e-01
-2.259135693311691284e-01
4.162072837352752686e-01
-1.979695409536361694e-01
1.128449961543083191e-01
-1.797941476106643677e-01
-4.367614537477493286e-02
1.468717694282531738e+00
-8.714347481727600098e-01
7.447637915611267090e-01
1.103156208992004395e+00
-9.919646382331848145e-01
5.898467898368835449e-01
5.101149678230285645e-01
-5.444773435592651367e-01
2.097588032484054565e-01
-1.140936613082885742e+00
-9.946775622665882111e-03
7.316724061965942383e-01
-1.258358240127563477e+00
8.067435622215270996e-01
-4.745460152626037598e-01
1.010730504989624023e+00
-7.259109020233154297e-01
-7.573385238647460938e-01
1.478442788124084473e+00
-1.562649011611938477e+00
1.290841102600097656e+00
-8.885296992957592010e-03
-2.218518257141113281e-01
-5.710642933845520020e-01
6.502504348754882812e-01
-8.455178141593933105e-01
-1.673435330390930176e+00
1.772100627422332764e-01
8.532383441925048828e-01
6.097573041915893555e-01
-7.000641226768493652e-01
7.613871693611145020e-01
5.394414663314819336e-01
1.010099530220031738e+00
9.213377833366394043e-01
3.025739192962646484e-01
1.621073961257934570e+00
-7.004392147064208984e-01
-4.949332773685455322e-01
2.234557271003723145e-01
1.989684998989105225e-01
1.775521874427795410e+00
-3.184948563575744629e-01
3.675418496131896973e-01
1.019812226295471191e+00
-2.562799751758575439e-01
-1.541375756263732910e+00
-1.134736418724060059e+00
-2.716910243034362793e-01
1.896366357803344727e+00
5.619107484817504883e-01
9.050655364990234375e-01
-2.405554503202438354e-01
7.786085605621337891e-01
4.813660979270935059e-01
-1.498973727226257324e+00
-2.768068611621856689e-01
-2.671296596527099609e-01
1.247505992650985718e-01
1.185709476470947266e+00
-9.276476502418518066e-01
-4.424766302108764648e-01
2.988316416740417480e-01
4.677839875221252441e-01
-2.347585856914520264e-01
-1.202408522367477417e-01
-2.234077453613281250e+00
-6.688529849052429199e-01
-8.501858711242675781e-01
-9.177275747060775757e-02
-1.125257372856140137e+00
2.986625134944915771e-01
1.100437879562377930e+00
1.749949455261230469e-01
-7.471002936363220215e-01
-5.608503222465515137e-01
-1.075419545173645020e+00
-1.086783766746520996e+00
3.041796088218688965e-01
7.921584248542785645e-01
-1.658616185188293457e+00
9.324674606323242188e-01
-3.060940206050872803e-01
1.288749426603317261e-01
-5.701038837432861328e-01
-2.911511063575744629e-01
-1.399261504411697388e-01
-3.777850866317749023e-01
-2.850624322891235352e-01
-3.186793923377990723e-01
-2.690445184707641602e-01
8.870360255241394043e-01
4.339141845703125000e-01
-4.204814508557319641e-02
2.709314823150634766e-01
-2.128617614507675171e-01
3.355786204338073730e-01
8.454508781433105469e-01
-4.574955701828002930e-01
-5.358910560607910156e-01
2.795715034008026123e-01
4.696684777736663818e-01
9.864206910133361816e-01
-9.732542634010314941e-01
7.743276357650756836e-01
6.846261620521545410e-01
-3.379053473472595215e-01
1.423733234405517578e-01
1.447219610214233398e+00
3.725874125957489014e-01
-1.157999634742736816e+00
1.501223258674144745e-02
-1.545730531215667725e-01
4.310327768325805664e-01
2.620322465896606445e+00
-7.759158611297607422e-01
5.434335470199584961e-01
-8.996561169624328613e-01
-3.477548062801361084e-01
7.578409910202026367e-01
5.398215651512145996e-01
-3.694264292716979980e-01
-4.198843240737915039e-01
-1.026102423667907715e+00
2.884924411773681641e-01
-4.164418876171112061e-01
5.379778146743774414e-01
-3.278264701366424561e-01
3.193752765655517578e-01
-2.184144854545593262e-01
-2.072281762957572937e-02
1.639340519905090332e+00
-4.390918910503387451e-01
1.035560607910156250e+00
-5.611463785171508789e-01
7.930377721786499023e-01
4.951837062835693359e-01
-7.059484124183654785e-01
3.463604450225830078e-01
4.320930242538452148e-01
-1.768015325069427490e-02
4.813457429409027100e-01
-9.513199329376220703e-01
5.385870933532714844e-01
-3.523386716842651367e-01
-1.099186062812805176e+00
3.072812221944332123e-02
7.114604860544204712e-02
8.287228643894195557e-02
-2.374063879251480103e-01
-8.836849927902221680e-01
-1.329102814197540283e-01
-1.187258213758468628e-01
2.164418846368789673e-01
1.264588356018066406e+00
-1.123768240213394165e-01
-1.287890225648880005e-01
1.390086412429809570e+00
1.221458911895751953e+00
1.361875891685485840e+00
-1.619260609149932861e-01
8.094097375869750977e-01
-9.829707145690917969e-01
-7.493273019790649414e-01
4.878232777118682861e-01
9.876976013183593750e-01
-2.564899325370788574e-01
-3.525182306766510010e-01
8.096579909324645996e-01
1.185407266020774841e-01
-1.380607485771179199e-01
1.006584525108337402e+00
-2.073913514614105225e-01
-3.357647731900215149e-02
-1.438697576522827148e-01
5.936808586120605469e-01
-2.288614988327026367e+00
5.315965414047241211e-01
1.158337593078613281e+00
-2.711259424686431885e-01
-6.232311129570007324e-01
-4.395977556705474854e-01
-2.925104498863220215e-01
9.468441605567932129e-01
-2.074436694383621216e-01
-4.933600723743438721e-01
9.697822928428649902e-01
6.787052154541015625e-01
2.933700978755950928e-01
2.736803293228149414e-01
3.871315121650695801e-01
1.187587618827819824e+00
1.258533477783203125e+00
-1.150161743164062500e+00
-6.594673395156860352e-01
-1.110535264015197754e-01
6.124551296234130859e-01
5.033907294273376465e-01
1.960776597261428833e-01
-2.052390098571777344e+00
5.150381326675415039e-01
7.583795487880706787e-02
1.452609658241271973e+00
-4.116987287998199463e-01
-1.161337256431579590e+00
-9.044054150581359863e-01
1.593884468078613281e+00
-1.430832266807556152e+00
-1.565873861312866211e+00
-1.544886678457260132e-01
6.349180936813354492e-01
1.516333371400833130e-01
2.617378234863281250e-01
3.036927580833435059e-01
2.706639766693115234e-01
5.000092983245849609e-01
3.398602604866027832e-01
-6.171042919158935547e-01
-1.181839585304260254e+00
-1.520286053419113159e-01
3.114122450351715088e-01
-1.338790357112884521e-01
-8.411374092102050781e-01
-1.202129244804382324e+00
1.062678098678588867e+00
-3.012037277221679688e-01
1.991852521896362305e-01
6.202722787857055664e-01
7.826030254364013672e-01
6.585592627525329590e-01
-1.447465717792510986e-01
-7.394514232873916626e-02
-1.125891327857971191e+00
-6.617681980133056641e-01
-4.550484120845794678e-01
1.135438203811645508e+00
-4.647509455680847168e-01
-3.157533407211303711e-01
3.771697282791137695e-01
2.472038120031356812e-01
-3.210582435131072998e-01
-1.520280599594116211e+00
-8.986295461654663086e-01
9.969342350959777832e-01
6.378684639930725098e-01
-9.965896010398864746e-01
-5.402174592018127441e-01
8.172318339347839355e-01
3.817500174045562744e-01
4.479888379573822021e-01
-1.198143124580383301e+00
-9.583802819252014160e-01
-1.105737924575805664e+00
-6.934191584587097168e-01
-1.588324159383773804e-01
-5.062152147293090820e-01
-8.445290327072143555e-01
1.873222947120666504e+00
-1.457744240760803223e+00
-6.853950619697570801e-01
1.733102798461914062e-01
2.372134178876876831e-01
-1.286039948463439941e+00
-4.118885379284620285e-03
1.602557301521301270e-01
1.181805253028869629e+00
-2.728646099567413330e-01
-6.890550851821899414e-01
-4.162135347723960876e-02
-1.244462847709655762e+00
-8.128954172134399414e-01
1.720331788063049316e+00
6.801185607910156250e-01
-5.038062930107116699e-01
3.153011798858642578e-01
-1.278001666069030762e+00
1.036047190427780151e-01
5.507312417030334473e-01
3.870970308780670166e-01
9.282656311988830566e-01
-1.139927208423614502e-01
1.638883948326110840e+00
-7.858195900917053223e-01
-7.941626906394958496e-01
-8.149454593658447266e-01
-3.763897120952606201e-01
1.043970346450805664e+00
3.151102066040039062e-01
-1.352556049823760986e-01
1.803490668535232544e-01
1.187284946441650391e+00
8.260523676872253418e-01
-1.493443369865417480e+00
-1.562003374099731445e+00
5.858654379844665527e-01
4.414279460906982422e-01
-8.858382701873779297e-01
-6.504982113838195801e-01
6.440234184265136719e-01
7.933700680732727051e-01
1.696447253227233887e+00
4.130902290344238281e-01
-4.922891557216644287e-01
-2.957985699176788330e-01
2.939833104610443115e-01
-8.733135461807250977e-01
-1.997826546430587769e-01
-4.739106893539428711e-01
-1.540922075510025024e-01
2.504855394363403320e-01
-5.167706608772277832e-01
-6.742169857025146484e-01
5.826904773712158203e-01
1.439620614051818848e+00
-1.336453203111886978e-02
-4.083866775035858154e-01
-9.701962769031524658e-02
-1.196549311280250549e-01
-1.044814705848693848e+00
-1.416779994964599609e+00
3.977299928665161133e-01
-2.383022010326385498e-01
-2.065683454275131226e-01
-2.243923187255859375e+00
7.177321314811706543e-01
3.869760632514953613e-01
-1.180337741971015930e-01
-4.675056040287017822e-01
1.180362462997436523e+00
-1.029758930206298828e+00
4.390172064304351807e-01
3.012620210647583008e-01
1.051070809364318848e+00
2.663710713386535645e-01
-1.056550860404968262e+00
8.272761106491088867e-01
1.615890622138977051e+00
-5.098219960927963257e-02
1.363248109817504883e+00
8.347848653793334961e-01
-7.263519167900085449e-01
1.732715606689453125e+00
-1.062339544296264648e+00
1.511632442474365234e+00
4.735696911811828613e-01
-1.131313443183898926e+00
-6.120314598083496094e-01
-1.140316843986511230e+00
-6.415915675461292267e-03
1.808087714016437531e-02
-6.964877247810363770e-01
9.679720997810363770e-01
2.936563827097415924e-02
-9.338595271110534668e-01
-1.015931487083435059e+00
1.332897305488586426e+00
6.382632255554199219e-01
1.013598218560218811e-01
1.753121912479400635e-01
-7.943888306617736816e-01
-9.994369149208068848e-01
-2.833834588527679443e-01
-1.293540120124816895e+00
-1.505741924047470093e-01
-4.042149782180786133e-01
-9.245974421501159668e-01
-2.729566022753715515e-02
-5.588559508323669434e-01
7.073968052864074707e-01
1.431877315044403076e-01
-2.636105418205261230e-01
2.810906469821929932e-01
4.410188496112823486e-01
-1.983689367771148682e-01
-3.008662462234497070e+00
5.046151578426361084e-02
6.953135132789611816e-01
3.391717374324798584e-01
-7.635383009910583496e-01
9.678847789764404297e-01
-8.387167453765869141e-01
-3.588364720344543457e-01
6.058538556098937988e-01
-2.127955704927444458e-01
7.947372198104858398e-01
7.031410932540893555e-01
3.577210605144500732e-01
-4.506250917911529541e-01
-1.845465302467346191e-01
-9.221693873405456543e-01
2.486003190279006958e-01
-5.929439663887023926e-01
2.081147670745849609e+00
-1.783643066883087158e-01
-1.153813242912292480e+00
8.885606527328491211e-01
1.218448877334594727e+00
9.775030612945556641e-01
-3.994360864162445068e-01
3.654589056968688965e-01
9.486332535743713379e-02
-7.695509791374206543e-01
-6.351167559623718262e-01
7.873253524303436279e-02
-9.428153634071350098e-01
1.399626851081848145e+00
-1.931993365287780762e+00
-1.429782152175903320e+00
-1.009540081024169922e+00
1.090259790420532227e+00
3.635221421718597412e-01
-3.768710792064666748e-01
7.770876288414001465e-01
2.876482307910919189e-01
2.590976059436798096e-01
-1.026999592781066895e+00
1.061803251504898071e-01
-5.315932631492614746e-01
1.448138952255249023e+00
-3.754513561725616455e-01
4.265769720077514648e-01
-3.820390403270721436e-01
-4.034971296787261963e-01
5.951269865036010742e-01
-4.313998818397521973e-01
-2.786945998668670654e-01
4.516883194446563721e-01
1.260567069053649902e+00
-1.478725671768188477e+00
5.837481617927551270e-01
-2.421814501285552979e-01
-6.531802415847778320e-01
4.963043630123138428e-01
1.914167553186416626e-01
-7.922040224075317383e-01
2.191947400569915771e-01
-1.230707406997680664e+00
-1.280575394630432129e+00
-1.378956437110900879e-01
2.377747297286987305e-01
-5.623219013214111328e-01
7.227420210838317871e-01
7.936006784439086914e-01
-2.448853552341461182e-01
1.433200836181640625e+00
-3.081315569579601288e-02
-1.348719894886016846e-01
-4.208867847919464111e-01
4.482339695096015930e-02
1.072672829031944275e-01
3.864095360040664673e-02
1.321617126464843750e+00
1.723714172840118408e-01
-7.058513164520263672e-01
8.820711374282836914e-01
3.225603401660919189e-01
-1.169289469718933105e+00
2.592726051807403564e-01
2.114153504371643066e-01
-7.266518473625183105e-02
5.378391221165657043e-02
-5.225191358476877213e-03
1.703231096267700195e+00
-1.423699259757995605e+00
2.390749007463455200e-01
5.575654506683349609e-01
-6.466498970985412598e-01
-1.028706058859825134e-01
-7.343105673789978027e-01
8.167448043823242188e-01
2.374225109815597534e-01
3.265645503997802734e-01
-1.206538677215576172e+00
-2.198552370071411133e+00
-4.143360257148742676e-01
8.913652896881103516e-01
6.605045795440673828e-01
4.834392368793487549e-01
1.690652132034301758e+00
-1.818380475044250488e+00
-4.164618253707885742e-01
-1.454156875610351562e+00
4.872335791587829590e-01
5.874223709106445312e-01
-7.591640949249267578e-02
-1.172286346554756165e-01
1.663207262754440308e-01
2.396066427230834961e+00
-2.569852471351623535e-01
-1.426677227020263672e+00
1.414795756340026855e+00
-1.172736644744873047e+00
8.333615064620971680e-01
-6.918385028839111328e-01
1.012251377105712891e-01
5.002397894859313965e-01
6.897749900817871094e-01
1.702469706535339355e+00
-1.435638219118118286e-01
-2.877549640834331512e-02
1.179004162549972534e-01
9.013054966926574707e-01
2.758648991584777832e-01
-8.542852401733398438e-01
4.301683604717254639e-01
-9.902024269104003906e-01
-1.087469100952148438e+00
5.643885135650634766e-01
1.397740483283996582e+00
-1.133503079414367676e+00
3.727662563323974609e-01
9.977427124977111816e-01
5.929735302925109863e-01
-3.300023674964904785e-01
-6.983878612518310547e-01
-5.593179464340209961e-01
1.602197140455245972e-01
-3.714503347873687744e-02
-6.530872583389282227e-01
5.578144192695617676e-01
-1.574759334325790405e-01
-5.560507178306579590e-01
-7.106115669012069702e-02
-8.780240416526794434e-01
-2.346993684768676758e-01
-2.383275181055068970e-01
-2.099314182996749878e-01
1.096116423606872559e+00
-4.690754711627960205e-01
-1.463472098112106323e-01
-2.207388728857040405e-01
-3.086250126361846924e-01
-7.998831272125244141e-01
1.214053273200988770e+00
-7.412794828414916992e-01
6.585689783096313477e-01
1.161786690354347229e-01
1.204764485359191895e+00
2.452799528837203979e-01
-4.990161657333374023e-01
1.164466381072998047e+00
3.393546640872955322e-01
-2.369350790977478027e-01
-1.316398978233337402e+00
-5.927454829216003418e-01
2.917256057262420654e-01
-2.212515175342559814e-01
-5.599130392074584961e-01
7.001165747642517090e-01
-1.421197056770324707e+00
-3.033605031669139862e-02
-4.204021021723747253e-02
1.379305481910705566e+00
1.326871037483215332e+00
1.997485160827636719e-01
5.171049833297729492e-01
5.425044298171997070e-01
-1.130023956298828125e+00
2.623045444488525391e-01
-9.933817386627197266e-01
-1.853905558586120605e+00
9.212511181831359863e-01
-5.081188678741455078e-01
2.751377224922180176e-01
-3.951708078384399414e-01
1.537436395883560181e-01
-3.679561018943786621e-01
-9.178597927093505859e-01
-2.308608740568161011e-01
-2.452460289001464844e+00
3.035961687564849854e-01
9.075343608856201172e-01
-1.427045941352844238e+00
-1.704254269599914551e+00
5.923247337341308594e-01
-9.521232843399047852e-01
-9.878662228584289551e-01
-1.433933675289154053e-01
-7.127254009246826172e-01
-1.314512014389038086e+00
-8.270155191421508789e-01
-3.965477347373962402e-01
-2.514264918863773346e-02
7.029023766517639160e-02
2.321564435958862305e+00
-1.655029416084289551e+00
-9.683864712715148926e-01
4.623737335205078125e-01
1.284919142723083496e+00
-2.004709720611572266e+00
1.738024055957794189e-01
7.159280180931091309e-01
-1.593074500560760498e-01
8.213788270950317383e-01
4.484424740076065063e-02
5.694229602813720703e-01
1.305968165397644043e+00
-2.350522279739379883e+00
-5.804960429668426514e-02
9.044218659400939941e-01
2.142703831195831299e-01
8.046244382858276367e-01
-6.783736944198608398e-01
2.232328176498413086e+00
1.324748694896697998e-01
7.007914781570434570e-01
-1.118029475212097168e+00
