-2.557640373706817627e-01
-6.478062272071838379e-01
2.000181376934051514e-01
-2.295992970466613770e-01
-8.001767992973327637e-01
-3.097960650920867920e-01
-4.978941977024078369e-01
2.103212028741836548e-01
1.340170651674270630e-01
6.843512654304504395e-01
-3.355375528335571289e-01
-9.485146403312683105e-01
-9.256384372711181641e-01
-2.216136753559112549e-01
6.997526288032531738e-01
7.778521180152893066e-01
1.375553756952285767e-01
-1.085701704025268555e+00
-8.574734926223754883e-01
2.514426708221435547e-01
-5.386373996734619141e-01
-6.476258039474487305e-01
7.169700860977172852e-01
-1.836765855550765991e-01
1.324714779853820801e+00
4.849563241004943848e-01
4.844692647457122803e-01
-8.087741732597351074e-01
-1.677111625671386719e+00
-7.140425443649291992e-01
5.166251063346862793e-01
-1.185614109039306641e+00
1.324562191963195801e+00
1.288374662399291992e-01
8.765606284141540527e-01
3.593213856220245361e-01
-1.039325594902038574e+00
8.941292762756347656e-01
2.137585163116455078e+00
-2.279358148574829102e+00
1.605608701705932617e+00
-1.675721630454063416e-02
7.742940783500671387e-01
-8.423060178756713867e-01
-2.448237389326095581e-01
1.100737214088439941e+00
1.273616075515747070e+00
8.802868723869323730e-01
4.131670296192169189e-01
-6.396064162254333496e-01
-9.663132429122924805e-01
-5.733899772167205811e-02
-2.588409930467605591e-02
2.830085754394531250e-01
6.897016167640686035e-01
-9.776567220687866211e-01
-1.367448717355728149e-01
9.366417527198791504e-01
-1.978357434272766113e-01
8.127571940422058105e-01
-1.750516772270202637e+00
2.799859046936035156e-01
-1.781788706779479980e+00
1.580007910728454590e+00
9.830335974693298340e-01
1.009532570838928223e+00
4.465249478816986084e-01
-5.219404697418212891e-01
-1.300985693931579590e+00
3.435578942298889160e-01
-9.172047376632690430e-01
-9.225429296493530273e-01
-3.371902406215667725e-01
-2.909470498561859131e-01
-2.054199725389480591e-01
-7.057757377624511719e-01
-7.650875300168991089e-02
3.282187581062316895e-01
-4.614963829517364502e-01
-4.458860456943511963e-01
7.347475290298461914e-01
-2.400040030479431152e-01
-7.093060761690139771e-02
-8.192417621612548828e-01
4.338147640228271484e-01
-7.098703384399414062e-01
5.258672405034303665e-03
-9.612927585840225220e-02
8.946501016616821289e-01
-1.183141022920608521e-01
-1.555872201919555664e+00
-7.019323706626892090e-01
1.331293106079101562e+00
-6.545578837394714355e-01
-5.294278860092163086e-01
-4.817961156368255615e-02
-2.195034623146057129e-01
3.698556125164031982e-01
-1.794770061969757080e-01
1.373033523559570312e+00
2.672490119934082031e+00
1.101879954338073730e+00
-6.385672092437744141e-01
1.510331511497497559e+00
-9.400196671485900879e-01
1.890344262123107910e+00
-1.101037740707397461e+00
2.068680524826049805e+00
4.140985608100891113e-01
-8.261370062828063965e-01
-6.377617120742797852e-01
-2.446008026599884033e-01
4.602739512920379639e-01
-8.508542776107788086e-01
5.618813037872314453e-01
-5.901563167572021484e-01
1.171211361885070801e+00
7.791586518287658691e-01
3.953124284744262695e-01
1.031897068023681641e-01
2.630850672721862793e-01
2.583608388900756836e+00
1.252041816711425781e+00
3.019760847091674805e-01
-1.987545967102050781e+00
-1.621821999549865723e+00
8.671774268150329590e-01
-1.097017288208007812e+00
2.021532773971557617e+00
-7.565168738365173340e-01
-1.257935166358947754e+00
-6.989176273345947266e-01
7.928067445755004883e-01
-4.761761426925659180e-01
-7.988223433494567871e-01
-3.636071830987930298e-02
-6.168597340583801270e-01
-1.598837226629257202e-01
-5.677774548530578613e-01
5.544532462954521179e-02
1.544891119003295898e+00
-7.429969906806945801e-01
6.187137365341186523e-01
1.460972666740417480e+00
-2.790416777133941650e-01
-7.918588519096374512e-01
5.150706768035888672e-01
8.598669767379760742e-01
-3.426492810249328613e-01
-9.392862915992736816e-01
5.059302449226379395e-01
-9.070885777473449707e-01
-6.377193927764892578e-01
1.060815230011940002e-01
3.119830489158630371e-01
-3.109050989151000977e-01
5.721498131752014160e-01
8.162580132484436035e-01
2.565889358520507812e-01
4.597201943397521973e-01
4.148113131523132324e-01
6.698400378227233887e-01
2.229203382739797235e-04
-1.199024021625518799e-01
4.956584796309471130e-02
-1.016948103904724121e+00
1.722914457321166992e+00
1.509257704019546509e-01
-1.099410533905029297e+00
5.306851267814636230e-01
-1.029570937156677246e+00
-8.329942822456359863e-01
1.277608394622802734e+00
-1.342231869697570801e+00
1.767149806022644043e+00
-1.857167959213256836e+00
5.010555386543273926e-01
-8.430218100547790527e-01
-5.162553191184997559e-01
1.491659760475158691e+00
-3.696694374084472656e-01
1.879097580909729004e+00
-2.323289662599563599e-01
2.592299878597259521e-01
-9.238959103822708130e-02
3.547072112560272217e-01
8.072934299707412720e-02
-9.284066557884216309e-01
-6.388369202613830566e-01
2.878498733043670654e-01
-8.764903545379638672e-01
-9.678952395915985107e-02
-2.664539217948913574e-01
5.345834493637084961e-01
-1.309266805648803711e+00
1.430163502693176270e+00
4.823542535305023193e-01
1.485058426856994629e+00
5.926099792122840881e-02
-1.110978841781616211e+00
8.541090488433837891e-01
-7.153178006410598755e-02
1.311118960380554199e+00
-5.520805343985557556e-02
7.343754172325134277e-01
1.503293514251708984e+00
3.287758231163024902e-01
-9.106416702270507812e-01
-1.093655467033386230e+00
-2.113855481147766113e-01
8.697578907012939453e-01
1.489565610885620117e+00
-1.097789257764816284e-01
4.321559071540832520e-01
9.829130172729492188e-01
1.005760669708251953e+00
6.097317859530448914e-02
-8.137836456298828125e-01
-5.788043886423110962e-02
3.954918980598449707e-01
-7.579017877578735352e-01
5.332435965538024902e-01
1.197984889149665833e-01
-1.246810480952262878e-01
-3.597448579967021942e-03
-1.442043334245681763e-01
-6.296706795692443848e-01
-2.276005268096923828e+00
-8.019139766693115234e-01
-6.502178907394409180e-01
1.197299137711524963e-01
-2.571509480476379395e-01
-4.150953888893127441e-02
3.056351244449615479e-01
-4.864791929721832275e-01
-7.817394733428955078e-01
-7.958073616027832031e-01
-1.599589109420776367e+00
4.134790599346160889e-02
1.005309820175170898e-01
-8.439332246780395508e-02
-1.623040080070495605e+00
1.329507231712341309e+00
-9.166180342435836792e-02
9.618852734565734863e-01
-4.657467603683471680e-01
-2.685638964176177979e-01
-7.140156626701354980e-02
5.716885253787040710e-02
3.108907043933868408e-01
-1.080330163240432739e-01
-6.682339310646057129e-01
4.620707631111145020e-01
1.018367767333984375e+00
3.672261536121368408e-01
-2.450383901596069336e-01
9.451276063919067383e-02
8.304729461669921875e-01
-1.301916986703872681e-01
1.835688352584838867e-01
-9.597707390785217285e-01
-8.366285562515258789e-01
1.329898238182067871e+00
2.422522604465484619e-01
-1.132680177688598633e+00
4.114075303077697754e-01
1.164834618568420410e+00
-1.696540862321853638e-01
7.354110479354858398e-01
1.600932002067565918e+00
7.080743908882141113e-01
-1.530894875526428223e+00
-2.693964242935180664e-01
-5.027818083763122559e-01
-7.652043700218200684e-01
2.360040187835693359e+00
-1.261993646621704102e+00
8.398534059524536133e-01
-1.032819628715515137e+00
-4.298839271068572998e-01
-4.797609895467758179e-02
2.192777246236801147e-01
1.417053341865539551e-01
-9.598084092140197754e-01
-1.212076902389526367e+00
-6.052556633949279785e-02
-8.380813896656036377e-02
6.012932658195495605e-01
-4.970742166042327881e-01
1.838572882115840912e-02
-3.134333491325378418e-01
-1.226883769035339355e+00
1.414158821105957031e+00
-1.331935405731201172e+00
-1.381531953811645508e-01
-1.341239511966705322e-01
-9.805849939584732056e-02
7.773957252502441406e-01
-1.045270562171936035e+00
2.614778093993663788e-02
6.635089516639709473e-01
2.666352093219757080e-01
1.267919301986694336e+00
-8.456199169158935547e-01
1.220114231109619141e+00
-7.559564709663391113e-01
-4.626246690750122070e-01
1.352706074714660645e+00
1.209989935159683228e-01
4.037561416625976562e-01
5.012396574020385742e-01
-1.238491296768188477e+00
-1.156355738639831543e+00
1.033887505531311035e+00
5.296393036842346191e-01
7.544170022010803223e-01
-1.330139040946960449e-01
-8.096759915351867676e-01
1.577435374259948730e+00
3.088660240173339844e+00
7.518534064292907715e-01
5.877714753150939941e-01
5.814421176910400391e-01
-1.728157758712768555e+00
-1.650345802307128906e+00
-2.088733315467834473e-01
2.937785685062408447e-01
5.366589501500129700e-02
-7.882532477378845215e-01
1.630331516265869141e+00
2.399638742208480835e-01
7.292608618736267090e-01
4.510791599750518799e-01
-8.492622375488281250e-01
8.974559903144836426e-01
-1.842473298311233521e-01
7.137691378593444824e-01
-1.785019278526306152e+00
2.545500397682189941e-01
3.525966107845306396e-01
-4.878066182136535645e-01
1.151403188705444336e-01
-1.210621669888496399e-01
-9.482044577598571777e-01
3.694407641887664795e-01
1.058100089430809021e-01
-1.499861329793930054e-01
8.073307871818542480e-01
2.207512378692626953e+00
7.490490078926086426e-01
-3.305492550134658813e-02
-3.953216075897216797e-01
1.318307995796203613e+00
1.284205794334411621e+00
-8.609101176261901855e-01
-7.636777758598327637e-01
-3.202569186687469482e-01
5.087929964065551758e-01
3.487017154693603516e-01
-5.601457953453063965e-01
-2.092570781707763672e+00
5.619148612022399902e-01
1.549706310033798218e-01
1.406370043754577637e+00
-7.538125514984130859e-01
-1.517945647239685059e+00
-1.003918647766113281e+00
1.976589560508728027e+00
-1.095176219940185547e+00
-6.980772018432617188e-01
-1.055360555648803711e+00
-8.814575523138046265e-02
-8.864536881446838379e-02
-2.882359623908996582e-01
7.245875597000122070e-01
9.983881115913391113e-01
1.099629044532775879e+00
1.305041741579771042e-02
-1.147197127342224121e+00
-9.231818914413452148e-01
1.252312779426574707e+00
1.078877449035644531e+00
-1.497170925140380859e-01
-6.194415688514709473e-01
-1.611078977584838867e+00
7.940294742584228516e-01
-1.722304522991180420e-02
5.458732843399047852e-01
3.184867650270462036e-02
1.373166918754577637e+00
6.330036520957946777e-01
3.881724178791046143e-01
1.035010695457458496e+00
-3.444091379642486572e-01
1.345562785863876343e-01
-9.782704710960388184e-01
1.814285159111022949e+00
1.064382493495941162e-01
-6.720730066299438477e-01
-1.008477926254272461e+00
1.043566584587097168e+00
-1.528492718935012817e-01
-1.240275502204895020e+00
-1.136166810989379883e+00
2.456343919038772583e-01
2.359122186899185181e-01
-1.707788944244384766e+00
3.056759238243103027e-01
-8.878797292709350586e-02
4.798135459423065186e-01
-6.833447515964508057e-02
-9.547629356384277344e-01
-8.354864120483398438e-01
-1.044360876083374023e+00
-1.864327073097229004e+00
-5.026331543922424316e-01
-1.203779101371765137e+00
-7.583944797515869141e-01
1.652475476264953613e+00
-1.107178330421447754e+00
-7.389660477638244629e-01
-9.396445006132125854e-02
-7.848292589187622070e-01
-2.222644567489624023e+00
8.693006634712219238e-01
-1.303910136222839355e+00
1.889455199241638184e+00
-5.313160419464111328e-01
-5.796455591917037964e-02
3.669874668121337891e-01
-1.434097528457641602e+00
-4.525252580642700195e-01
2.909023761749267578e+00
1.343353748321533203e+00
7.847837805747985840e-01
5.389215350151062012e-01
-7.870212793350219727e-01
1.326864510774612427e-01
5.749674886465072632e-02
9.637448787689208984e-01
6.337186694145202637e-01
-3.776130080223083496e-01
5.907267928123474121e-01
-1.147746443748474121e+00
-1.376245260238647461e+00
-2.245176136493682861e-01
-6.044166684150695801e-01
7.043204307556152344e-01
8.876858651638031006e-02
-1.289946138858795166e-01
7.563054561614990234e-01
4.832648634910583496e-01
1.194079875946044922e+00
-5.255739688873291016e-01
-2.415772676467895508e+00
3.000692725181579590e-01
7.359830141067504883e-01
-1.419869780540466309e+00
-2.490387678146362305e+00
1.715289652347564697e-01
-3.056065924465656281e-02
1.841713905334472656e+00
-4.443435966968536377e-01
6.883603334426879883e-02
-1.566851973533630371e+00
9.829840064048767090e-01
-1.120981350541114807e-01
-9.809484481811523438e-01
-8.126330971717834473e-01
1.862144947052001953e+00
5.827183127403259277e-01
-3.690976202487945557e-01
-1.559791922569274902e+00
1.249106526374816895e+00
5.524831414222717285e-01
9.904725104570388794e-02
-4.215000569820404053e-01
1.022174730896949768e-01
-2.317717671394348145e-01
-6.071776151657104492e-01
-1.422034144401550293e+00
-1.202431321144104004e+00
-7.824718952178955078e-01
-4.383814632892608643e-01
-1.447538495063781738e+00
4.902095198631286621e-01
-4.523280560970306396e-01
3.367897868156433105e-01
-2.032343149185180664e-01
1.923529267311096191e+00
-1.175318598747253418e+00
4.275857508182525635e-01
8.828944563865661621e-01
1.770991683006286621e+00
1.867694854736328125e+00
-1.200125455856323242e+00
-2.340062558650970459e-01
1.019003629684448242e+00
-1.822054013609886169e-02
8.068997263908386230e-01
6.394160985946655273e-01
-1.157455563545227051e+00
2.399677991867065430e+00
4.038773179054260254e-01
1.084008216857910156e+00
1.048058509826660156e+00
-1.643916010856628418e+00
-1.053240418434143066e+00
-6.421887278556823730e-01
2.553654909133911133e-01
2.317171245813369751e-01
-1.642618626356124878e-01
-1.318547874689102173e-01
-8.062899708747863770e-01
-7.572215795516967773e-01
-7.971936464309692383e-02
1.140231966972351074e+00
-2.867861986160278320e-01
9.715067744255065918e-01
-5.924736261367797852e-01
6.478783488273620605e-01
-1.021944642066955566e+00
3.063016198575496674e-02
-7.934370040893554688e-01
1.478317826986312866e-01
-4.128999114036560059e-01
-1.148460209369659424e-01
-7.595494389533996582e-01
4.426526427268981934e-01
3.120789229869842529e-01
-5.964861512184143066e-01
-7.012613415718078613e-01
2.010499686002731323e-01
2.131088972091674805e-01
-9.457520246505737305e-01
-1.538644433021545410e+00
7.582882642745971680e-01
5.206971764564514160e-01
8.491501808166503906e-01
-8.337634205818176270e-01
7.687280774116516113e-01
-3.615355789661407471e-01
4.537021517753601074e-01
-2.239611446857452393e-01
8.578987717628479004e-01
5.513452887535095215e-01
7.352578639984130859e-01
-5.458850264549255371e-01
-1.026811361312866211e+00
-1.073723360896110535e-01
-1.145851388573646545e-01
1.224879622459411621e+00
1.751370280981063843e-01
1.659441590309143066e+00
-9.010618925094604492e-02
-7.630866169929504395e-01
3.911322951316833496e-01
-1.561470031738281250e-01
6.055669188499450684e-01
4.739233851432800293e-01
6.085462570190429688e-01
6.288465261459350586e-01
-3.665675818920135498e-01
-6.772706508636474609e-01
-5.606883764266967773e-01
-1.170983433723449707e+00
1.104961395263671875e+00
-8.429691195487976074e-01
-1.107383608818054199e+00
-6.895829737186431885e-02
3.609637022018432617e-01
-4.603925645351409912e-01
-1.575469970703125000e-01
6.499543786048889160e-01
-8.018177747726440430e-01
-1.210277438163757324e+00
-4.274716377258300781e-01
6.773252487182617188e-01
-5.118398070335388184e-01
-6.691043078899383545e-02
6.298508048057556152e-01
8.388970792293548584e-02
-3.722508251667022705e-01
2.793792188167572021e-01
-3.075020909309387207e-01
-2.946525514125823975e-01
4.560703411698341370e-02
1.138661384582519531e+00
1.216668725013732910e+00
-2.128521203994750977e+00
9.691961854696273804e-02
-1.021801948547363281e+00
-9.755975008010864258e-01
-7.054983824491500854e-02
2.590224444866180420e-01
-1.029587626457214355e+00
2.582508027553558350e-01
1.973723992705345154e-02
-6.383559107780456543e-01
-6.311663985252380371e-01
1.748461574316024780e-01
4.342540502548217773e-01
3.200688958168029785e-01
5.546134710311889648e-01
1.992827802896499634e-01
8.924688100814819336e-01
-1.643303155899047852e+00
6.659683585166931152e-01
-6.070950627326965332e-02
4.457650482654571533e-01
-5.175586938858032227e-01
5.550743341445922852e-01
1.425007343292236328e+00
7.340101003646850586e-01
5.108865350484848022e-02
1.098063945770263672e+00
1.475413739681243896e-01
-1.080665469169616699e+00
3.195180371403694153e-02
-5.888380408287048340e-01
9.023298621177673340e-01
6.584681868553161621e-01
2.557714283466339111e-01
4.967613220214843750e-01
-2.014864444732666016e+00
-3.604171276092529297e-01
7.366600632667541504e-01
-2.286771684885025024e-01
-2.267646193504333496e-01
1.125800013542175293e-01
4.947318434715270996e-01
6.929196119308471680e-01
-1.047802492976188660e-01
-4.187623858451843262e-01
-2.147463321685791016e+00
1.665090769529342651e-01
3.833415508270263672e-01
-4.532684106379747391e-04
5.929965972900390625e-01
3.901725709438323975e-01
-1.878507256507873535e+00
-6.524043679237365723e-01
-1.747466206550598145e+00
1.114588499069213867e+00
9.238861501216888428e-02
-1.098785877227783203e+00
-9.764082431793212891e-01
-4.584012627601623535e-01
1.598400831222534180e+00
-2.361717075109481812e-01
-1.963883042335510254e+00
1.779138743877410889e-01
-1.569022655487060547e+00
-3.823779150843620300e-02
-7.052518725395202637e-01
6.467825174331665039e-01
2.877461016178131104e-01
4.163630306720733643e-01
1.837598443031311035e+00
-2.435184270143508911e-01
-5.165387690067291260e-02
9.695004671812057495e-02
8.917048573493957520e-01
1.069219589233398438e+00
-1.020115375518798828e+00
8.364134430885314941e-01
-7.724300026893615723e-01
-6.952419877052307129e-01
5.701904892921447754e-01
1.117360830307006836e+00
-3.173606991767883301e-01
9.757481515407562256e-02
4.900482296943664551e-01
5.677978396415710449e-01
-1.382830023765563965e+00
-1.033535003662109375e+00
-7.121216058731079102e-01
5.474986433982849121e-01
-1.020914167165756226e-01
1.153582215309143066e+00
-4.120965600013732910e-01
-8.193581700325012207e-01
-3.195227980613708496e-01
8.785149455070495605e-01
5.276306867599487305e-01
-1.220162272453308105e+00
-5.204181671142578125e-01
-2.229443341493606567e-01
8.987345695495605469e-01
-6.526284813880920410e-01
-7.838100194931030273e-01
-6.170030832290649414e-01
4.636973142623901367e-01
1.568086072802543640e-02
1.366999149322509766e+00
1.709330230951309204e-01
6.416109204292297363e-01
1.284516155719757080e-01
1.904178977012634277e+00
1.863505840301513672e-01
-6.976494789123535156e-01
-2.915794849395751953e-01
8.452374935150146484e-01
1.394719928503036499e-01
-1.256729125976562500e+00
-2.840382046997547150e-02
1.385891795158386230e+00
6.295999884605407715e-02
-5.903848409652709961e-01
-2.225233763456344604e-01
-1.472866415977478027e+00
4.473968446254730225e-01
-6.052551269531250000e-01
2.470082938671112061e-01
1.186844587326049805e+00
1.164111420512199402e-01
6.612108647823333740e-02
2.913746535778045654e-01
-5.510470271110534668e-01
4.675137400627136230e-01
-7.990030199289321899e-02
-2.110896587371826172e+00
3.933217823505401611e-01
2.589888274669647217e-01
1.027632832527160645e+00
9.554625302553176880e-02
-2.203835397958755493e-01
6.788315773010253906e-01
-1.140189886093139648e+00
-1.777736842632293701e-01
-1.288371920585632324e+00
-1.107670903205871582e+00
1.548838734626770020e+00
-2.064143419265747070e+00
-1.756149530410766602e+00
-7.376223802566528320e-02
-8.316943645477294922e-01
-4.978612810373306274e-02
-4.779050946235656738e-01
6.325367093086242676e-01
-1.208820581436157227e+00
-1.107189774513244629e+00
-5.054281949996948242e-01
-7.079041004180908203e-01
-4.475654661655426025e-01
1.440551400184631348e+00
-3.983598351478576660e-01
-8.316277265548706055e-01
3.101039230823516846e-01
2.190773934125900269e-01
-2.292056322097778320e+00
-2.132233977317810059e-01
5.966087803244590759e-02
-3.612856864929199219e-01
3.218953013420104980e-01
-3.808736801147460938e-01
1.127914339303970337e-01
1.498199939727783203e+00
-2.108260393142700195e+00
3.419043868780136108e-02
1.156826138496398926e+00
-5.236510634422302246e-01
4.204468727111816406e-01
-3.053474128246307373e-01
1.642492175102233887e+00
3.755473494529724121e-01
1.105913162231445312e+00
-1.149347901344299316e+00
