-1.229076623916625977e+00
-7.705252170562744141e-01
4.576521217823028564e-01
1.116188406944274902e+00
1.720519810914993286e-01
-1.366467595100402832e+00
7.005990743637084961e-01
-8.819975256919860840e-01
8.577337861061096191e-01
1.044291496276855469e+00
-6.534202694892883301e-01
-1.063350796699523926e+00
-8.014720082283020020e-01
9.292884469032287598e-01
4.349717199802398682e-01
1.568558216094970703e+00
-4.476864635944366455e-01
-8.306159973144531250e-01
-8.947139382362365723e-01
7.809771299362182617e-01
-1.060125350952148438e+00
-1.136061325669288635e-01
1.827431917190551758e+00
-1.690399199724197388e-01
9.774910807609558105e-01
1.221569895744323730e+00
1.997414231300354004e-01
-1.159859776496887207e+00
-8.312980532646179199e-01
-3.608081340789794922e-01
1.109758973121643066e+00
-1.624119281768798828e+00
9.315817952156066895e-01
8.922412991523742676e-02
2.790746986865997314e-01
8.781025409698486328e-01
5.204104259610176086e-02
1.774223089218139648e+00
1.376365780830383301e+00
-2.472812652587890625e+00
8.853768110275268555e-01
-1.282081156969070435e-01
-3.907759785652160645e-01
-1.202836394309997559e+00
1.259054094552993774e-01
-5.823327898979187012e-01
1.303332448005676270e+00
9.765672087669372559e-01
5.264661312103271484e-01
2.899460494518280029e-01
-5.694712400436401367e-01
1.352209448814392090e-01
3.774331510066986084e-01
-1.259642541408538818e-01
1.083803772926330566e+00
-7.785811424255371094e-01
-5.846288204193115234e-01
5.896978974342346191e-01
7.237836122512817383e-01
5.931438207626342773e-01
-5.536820888519287109e-01
2.644420564174652100e-01
-1.057681202888488770e+00
1.161592602729797363e+00
2.125232517719268799e-01
5.693082138895988464e-02
8.277729153633117676e-01
-4.316074550151824951e-01
-9.500030279159545898e-01
6.379465460777282715e-01
2.631780505180358887e-01
-1.034913539886474609e+00
5.661017298698425293e-01
-4.242527186870574951e-01
-4.538824558258056641e-01
-5.757570266723632812e-01
7.784103155136108398e-01
-4.183242619037628174e-01
6.572523713111877441e-01
-1.519082188606262207e-01
-3.849916160106658936e-01
-5.156940221786499023e-01
4.893026649951934814e-01
-1.579829931259155273e+00
1.188163086771965027e-01
-7.330844402313232422e-01
-4.673480987548828125e-02
-1.870531320571899414e+00
-9.496825188398361206e-02
6.553335189819335938e-01
-7.161477208137512207e-01
-1.910081952810287476e-01
1.442667603492736816e+00
3.337143734097480774e-02
-1.032755494117736816e+00
2.855212986469268799e-01
-3.239550292491912842e-01
9.562050551176071167e-02
9.352992773056030273e-01
6.951147690415382385e-03
2.727717638015747070e+00
9.237089753150939941e-01
-5.036723613739013672e-01
6.344654560089111328e-01
-1.319745182991027832e+00
1.405261278152465820e+00
-4.245515465736389160e-01
1.083343863487243652e+00
-7.715708762407302856e-02
-6.713367700576782227e-01
-1.216891765594482422e+00
-7.331347465515136719e-02
5.305337309837341309e-01
1.888312548398971558e-01
4.290908873081207275e-01
-4.460176825523376465e-01
3.342248797416687012e-01
5.429117009043693542e-02
3.380265235900878906e-01
-8.743574619293212891e-01
-1.976308524608612061e-01
1.976526260375976562e+00
-2.614300884306430817e-02
4.126927554607391357e-01
-1.213928580284118652e+00
-1.211505651473999023e+00
-2.784631848335266113e-01
-4.556573033332824707e-01
8.438304662704467773e-01
-7.855656147003173828e-01
-6.789149641990661621e-01
2.468501776456832886e-01
5.308687686920166016e-01
4.886661469936370850e-01
-2.264916181564331055e+00
-1.706032305955886841e-01
4.080687761306762695e-01
5.037385821342468262e-01
-3.741472661495208740e-01
1.941822320222854614e-01
1.672618985176086426e+00
-1.045519471168518066e+00
-8.317322134971618652e-01
1.409587979316711426e+00
-5.072840452194213867e-01
-1.344587087631225586e+00
9.283046126365661621e-01
5.258722901344299316e-01
6.044641137123107910e-02
-1.064489603042602539e+00
-6.828050017356872559e-01
-6.440004110336303711e-01
-1.088722329586744308e-02
1.769311904907226562e+00
-1.148293375968933105e+00
-9.799870848655700684e-02
2.212878763675689697e-01
2.375473380088806152e-01
5.953229665756225586e-01
2.498099952936172485e-01
-2.250672131776809692e-01
9.192541837692260742e-01
-7.662889361381530762e-02
6.436248421669006348e-01
5.484722852706909180e-01
-1.863469123840332031e+00
4.863408505916595459e-01
8.829605579376220703e-01
-8.899530172348022461e-01
-2.803583741188049316e-01
-9.452102184295654297e-01
3.035426437854766846e-01
9.375165104866027832e-01
-1.423633217811584473e+00
9.282903671264648438e-01
-6.870949268341064453e-01
1.430863499641418457e+00
-5.417096018791198730e-01
-1.152621150016784668e+00
2.668497860431671143e-01
-2.678931355476379395e-01
1.514576792716979980e+00
4.392201080918312073e-03
1.778337508440017700e-01
-1.531699299812316895e-01
8.678737878799438477e-01
1.684570759534835815e-01
-1.882717847824096680e+00
-1.334348917007446289e-01
5.574415326118469238e-01
-6.804956495761871338e-02
-6.359651088714599609e-01
1.090584278106689453e+00
2.155066430568695068e-01
4.944529235363006592e-01
1.191378951072692871e+00
7.440742254257202148e-01
1.522293210029602051e+00
-4.156873226165771484e-01
-1.086611509323120117e+00
3.607917129993438721e-01
2.912732660770416260e-01
1.921249985694885254e+00
-4.595980048179626465e-01
8.025188446044921875e-01
1.196427568793296814e-01
-2.320581972599029541e-01
-1.941807031631469727e+00
-1.466961503028869629e+00
2.605551779270172119e-01
1.436118483543395996e+00
9.662685394287109375e-01
9.228051304817199707e-01
2.938860654830932617e-01
3.499264419078826904e-01
2.389411628246307373e-01
-9.188000559806823730e-01
-3.889128267765045166e-01
-1.266268730163574219e+00
-1.706151366233825684e-01
6.249896287918090820e-01
1.136821806430816650e-01
-5.931925773620605469e-01
3.840621709823608398e-01
3.750211894512176514e-01
8.781515359878540039e-01
2.792243957519531250e-01
-1.970861315727233887e+00
1.758077144622802734e-01
-1.283719897270202637e+00
7.640109211206436157e-02
-9.005645513534545898e-01
-2.205142229795455933e-01
2.984253466129302979e-01
-1.334762573242187500e-01
-1.102834846824407578e-02
-8.867684006690979004e-01
-5.956655144691467285e-01
-1.072260499000549316e+00
-9.728686511516571045e-02
7.295747995376586914e-01
-2.101423740386962891e+00
1.422426939010620117e+00
-3.500648140907287598e-01
9.419801831245422363e-01
-1.021510481834411621e+00
-6.007462143898010254e-01
-6.422414183616638184e-01
-4.501781463623046875e-01
-3.598206341266632080e-01
5.760042462497949600e-03
-3.132627308368682861e-01
2.286122143268585205e-01
6.007277965545654297e-01
6.557992100715637207e-02
-2.792274355888366699e-01
-9.380772709846496582e-02
1.701284795999526978e-01
7.525506615638732910e-01
-5.449743941426277161e-03
3.084567487239837646e-01
2.219863384962081909e-01
9.940607547760009766e-01
1.601568818092346191e+00
-1.289518833160400391e+00
1.181167721748352051e+00
1.288383245468139648e+00
-3.844443261623382568e-01
1.350333690643310547e+00
1.707319378852844238e+00
6.000764667987823486e-02
-6.836040019989013672e-01
9.461595118045806885e-02
3.157314360141754150e-01
3.216569423675537109e-01
1.492906212806701660e+00
-4.697019755840301514e-01
5.251821279525756836e-01
-9.042108654975891113e-01
-6.664453744888305664e-01
7.392500638961791992e-01
4.726389646530151367e-01
-3.678893744945526123e-01
-2.581118047237396240e-01
-7.614457011222839355e-01
5.051566958427429199e-01
2.452925592660903931e-01
4.826654493808746338e-01
4.066905379295349121e-02
-2.923316955566406250e-01
-4.573656916618347168e-01
-1.692023158073425293e+00
1.787719488143920898e+00
-9.744019508361816406e-01
4.418589547276496887e-02
-2.650237381458282471e-01
1.608778595924377441e+00
-3.178748488426208496e-01
-1.168318390846252441e+00
-1.104420661926269531e+00
3.834878504276275635e-01
9.057066589593887329e-02
5.492603182792663574e-01
-6.031787991523742676e-01
1.102502107620239258e+00
5.563464164733886719e-01
-9.153007268905639648e-01
5.976991653442382812e-01
7.796494960784912109e-01
1.730823218822479248e-01
4.464512318372726440e-02
-8.056435585021972656e-01
-1.361950397491455078e+00
-2.285531908273696899e-01
4.203833937644958496e-01
5.292089581489562988e-01
-1.190528869628906250e-01
-4.373691380023956299e-01
4.190493226051330566e-01
2.148264408111572266e+00
1.253667950630187988e+00
5.846807360649108887e-01
8.762878179550170898e-01
-2.434407323598861694e-01
-1.134753465652465820e+00
3.706893026828765869e-01
7.767035961151123047e-01
-9.080100804567337036e-02
-5.654546618461608887e-01
9.770586490631103516e-01
7.640684396028518677e-02
-2.948814071714878082e-02
-1.121261268854141235e-01
-1.119088008999824524e-01
7.190148234367370605e-01
4.968889057636260986e-01
7.749840021133422852e-01
-1.775668144226074219e+00
1.324530839920043945e+00
1.792808890342712402e+00
-4.404491782188415527e-01
1.025127768516540527e+00
-4.439523816108703613e-02
-1.299163550138473511e-01
1.028662443161010742e+00
-1.294222921133041382e-01
-1.844128817319869995e-01
4.461414515972137451e-01
5.628976225852966309e-01
1.528842747211456299e-01
-3.919947147369384766e-01
1.632869243621826172e-01
4.349634051322937012e-01
1.480029940605163574e+00
-1.021319389343261719e+00
-1.994028091430664062e-01
-4.466022849082946777e-01
-8.085097372531890869e-02
5.166053175926208496e-01
4.858404397964477539e-01
-1.972309827804565430e+00
1.351738095283508301e+00
4.408714473247528076e-01
7.613095045089721680e-01
-1.714643090963363647e-01
-7.025962471961975098e-01
-1.145691156387329102e+00
1.502451062202453613e+00
-1.576663017272949219e+00
-1.408159971237182617e+00
-2.177804559469223022e-01
1.895337104797363281e-01
-2.521279454231262207e-01
-1.268264930695295334e-02
7.611979842185974121e-01
1.029438734054565430e+00
4.104229509830474854e-01
1.875333786010742188e-01
-2.977825105190277100e-01
-1.000144958496093750e+00
1.457383781671524048e-01
-2.202499471604824066e-02
-1.437880247831344604e-01
-1.041581511497497559e+00
-1.155858039855957031e+00
9.235199093818664551e-01
4.793059229850769043e-01
-1.138777583837509155e-01
1.106886267662048340e+00
1.095467925071716309e+00
8.707028031349182129e-01
-2.371065765619277954e-01
4.651691913604736328e-01
-1.009603023529052734e+00
-8.354634642601013184e-01
-1.063126444816589355e+00
1.450790047645568848e+00
-5.538598895072937012e-01
-7.898508310317993164e-01
9.262973815202713013e-02
1.294667482376098633e+00
-1.811641156673431396e-01
-8.924043178558349609e-01
-9.474618434906005859e-01
5.649937987327575684e-01
2.090883255004882812e-01
-1.030823230743408203e+00
-5.908780097961425781e-01
2.546295821666717529e-01
2.216307222843170166e-01
-1.604404896497726440e-01
-1.297748088836669922e+00
-3.969162702560424805e-01
-4.045723378658294678e-01
-1.183842539787292480e+00
1.742982305586338043e-02
-9.546437263488769531e-01
-8.907952904701232910e-01
1.722972512245178223e+00
-1.723195075988769531e+00
-6.139453649520874023e-01
-3.020321130752563477e-01
-1.788651645183563232e-01
-1.620738506317138672e+00
1.294795721769332886e-01
-5.067592859268188477e-01
9.943935871124267578e-01
1.720779091119766235e-01
1.372410207986831665e-01
-3.048608601093292236e-01
-9.698138236999511719e-01
-1.000775098800659180e+00
1.067938089370727539e+00
7.096139192581176758e-01
2.291707992553710938e-01
3.789763152599334717e-01
-1.830397248268127441e+00
7.805553078651428223e-01
1.915602833032608032e-01
2.744105756282806396e-01
-1.357007771730422974e-01
-3.915971815586090088e-01
2.064927339553833008e+00
-5.742063522338867188e-01
-5.619003176689147949e-01
-7.502602338790893555e-01
-5.668314695358276367e-01
1.189240455627441406e+00
3.338350653648376465e-01
-5.897340551018714905e-02
6.549273729324340820e-01
7.591019272804260254e-01
6.843111515045166016e-01
-6.750450730323791504e-01
-1.452999234199523926e+00
2.179878205060958862e-01
-1.094765029847621918e-02
-1.241548895835876465e+00
-1.871204495429992676e+00
4.247444272041320801e-01
3.457553386688232422e-01
2.336248874664306641e+00
-2.053620368242263794e-01
-1.120539188385009766e+00
-2.374077290296554565e-01
1.157334521412849426e-01
-6.823006868362426758e-01
-8.728124201297760010e-02
-1.062609076499938965e+00
2.676328122615814209e-01
8.727052807807922363e-01
-5.631339550018310547e-01
-1.321420788764953613e+00
6.790699958801269531e-01
8.208437561988830566e-01
-4.266040399670600891e-02
-6.256451606750488281e-01
-3.221808075904846191e-01
-2.885122895240783691e-01
-1.662566781044006348e+00
-6.259278655052185059e-01
-4.327382743358612061e-01
-5.487142801284790039e-01
-3.176767826080322266e-01
-1.758338928222656250e+00
4.926667734980583191e-02
-3.871285021305084229e-01
-2.565299272537231445e-01
-4.982703328132629395e-01
1.411183595657348633e+00
-7.304317951202392578e-01
1.033123373985290527e+00
2.660781741142272949e-01
9.666308164596557617e-01
8.389945626258850098e-01
-6.561585068702697754e-01
5.187612175941467285e-01
5.617713332176208496e-01
6.910513043403625488e-01
2.272212505340576172e-01
9.963186383247375488e-01
-1.845409154891967773e+00
1.080988764762878418e+00
-4.704470038414001465e-01
1.625700235366821289e+00
-3.290228247642517090e-01
-8.236185312271118164e-01
-1.133370041847229004e+00
-3.138603568077087402e-01
-1.041671186685562134e-01
3.077075183391571045e-01
5.703342147171497345e-03
2.295852899551391602e-01
1.718756929039955139e-02
-5.937102437019348145e-01
-4.438611268997192383e-01
1.382942199707031250e+00
-9.662089496850967407e-02
2.730644941329956055e-01
-4.969632029533386230e-01
1.859535276889801025e-02
-5.133355259895324707e-01
2.542533278465270996e-01
-1.007964253425598145e+00
1.764868944883346558e-01
-2.797552049160003662e-01
-2.839961946010589600e-01
-2.058886736631393433e-01
-1.196058318018913269e-01
4.886316359043121338e-01
-5.502604246139526367e-01
-5.248900651931762695e-01
7.038518190383911133e-01
4.485584497451782227e-01
-5.056197643280029297e-01
-2.225323438644409180e+00
3.062650561332702637e-01
7.871481776237487793e-01
8.898317813873291016e-02
-1.593684792518615723e+00
7.981692999601364136e-02
-1.094429135322570801e+00
-3.398630917072296143e-01
5.179959535598754883e-01
2.202905416488647461e-01
2.032585889101028442e-01
-2.556943297386169434e-01
-2.299343198537826538e-01
-1.075020551681518555e+00
1.049566268920898438e+00
2.113983733579516411e-03
6.413879990577697754e-01
-5.521160960197448730e-01
1.663010716438293457e+00
-9.475713968276977539e-02
-3.534294366836547852e-01
9.263784885406494141e-01
8.573676943778991699e-01
3.506722748279571533e-01
-1.222476959228515625e+00
9.290425777435302734e-01
-1.652361266314983368e-02
3.898172676563262939e-01
-1.112263798713684082e+00
-1.327574253082275391e-01
-1.458904504776000977e+00
1.153311729431152344e+00
-1.390898108482360840e+00
-2.098943710327148438e+00
-9.663560241460800171e-02
6.326484084129333496e-01
2.449684590101242065e-01
-2.006677627563476562e+00
1.011378645896911621e+00
-5.691719055175781250e-01
2.329904399812221527e-02
2.017454355955123901e-01
-5.563705563545227051e-01
-6.951678395271301270e-01
7.915470004081726074e-01
-5.093214511871337891e-01
7.469847202301025391e-01
-7.873966097831726074e-01
-1.017117142677307129e+00
9.304443597793579102e-01
-8.275931477546691895e-01
-4.930578637868165970e-03
4.292517602443695068e-01
7.512817978858947754e-01
-1.702024340629577637e+00
2.450069189071655273e-01
8.274197578430175781e-02
-9.659294486045837402e-01
1.348257541656494141e+00
3.014227747917175293e-01
-8.443743586540222168e-01
-6.431158781051635742e-01
-1.070257067680358887e+00
-1.330879092216491699e+00
-1.082424998283386230e+00
-2.054909765720367432e-01
-4.454761743545532227e-01
1.396180391311645508e+00
-2.447745390236377716e-02
6.700806319713592529e-02
7.233188301324844360e-02
3.873489797115325928e-01
-6.291286349296569824e-01
-2.474001348018646240e-01
2.748696208000183105e-01
2.614835500717163086e-01
2.834713757038116455e-01
1.444177508354187012e+00
-6.202469021081924438e-02
-9.681254625320434570e-02
1.686048984527587891e+00
2.812820374965667725e-01
-3.747160732746124268e-01
5.081521272659301758e-01
1.096207574009895325e-01
-2.298778593540191650e-01
2.266267836093902588e-01
-3.931625280529260635e-03
1.585551381111145020e+00
-1.212277889251708984e+00
8.561070561408996582e-01
2.598781883716583252e-01
-3.991184532642364502e-01
-5.524105578660964966e-02
-7.603359818458557129e-01
1.322733610868453979e-01
-4.945381358265876770e-02
3.049040436744689941e-01
-1.391934752464294434e-01
-2.391569852828979492e+00
5.904384851455688477e-01
1.686066985130310059e+00
6.330257654190063477e-01
5.940690040588378906e-01
1.857486009597778320e+00
-8.043617010116577148e-01
-1.718801498413085938e+00
-1.508401513099670410e+00
8.640969395637512207e-01
1.039473772048950195e+00
-1.150752604007720947e-01
-5.634450316429138184e-01
-1.360532760620117188e+00
1.671765446662902832e+00
-3.557005226612091064e-01
-1.319624185562133789e+00
1.119760870933532715e+00
-1.629784107208251953e+00
7.217249274253845215e-01
-1.349200963973999023e+00
4.755133762955665588e-02
5.776784420013427734e-01
6.067423224449157715e-01
1.858509898185729980e+00
6.093443632125854492e-01
-6.345950365066528320e-01
5.970532298088073730e-01
6.463838219642639160e-01
-2.957958281040191650e-01
-8.443402647972106934e-01
2.921629250049591064e-01
-1.292947530746459961e+00
-1.834512472152709961e+00
2.808685600757598877e-01
8.354635834693908691e-01
-9.890167713165283203e-01
2.867726087570190430e-01
1.935667157173156738e+00
7.289059758186340332e-01
-2.239101171493530273e+00
-2.839550077915191650e-01
-9.560188651084899902e-01
6.681016087532043457e-01
-7.445318996906280518e-02
-1.019698008894920349e-01
4.726268649101257324e-01
-1.759660601615905762e+00
-4.722429215908050537e-01
3.213190138339996338e-01
-5.880735516548156738e-01
-5.091326832771301270e-01
-6.549161672592163086e-01
-9.355280399322509766e-01
-2.013025730848312378e-01
-1.072979569435119629e+00
-5.338788032531738281e-01
-2.223764061927795410e-01
-7.686796784400939941e-02
6.456554681062698364e-02
1.742435097694396973e+00
-2.378102242946624756e-01
2.250818461179733276e-01
-4.237394630908966064e-01
1.145251274108886719e+00
4.049968719482421875e-01
-1.030305504798889160e+00
6.132003664970397949e-01
4.774745106697082520e-01
4.771162569522857666e-01
-9.776260256767272949e-01
-4.792752861976623535e-01
2.796976566314697266e-01
-7.463948130607604980e-01
-4.609056413173675537e-01
1.536599755287170410e+00
-1.833694100379943848e+00
-8.649358153343200684e-01
3.915037214756011963e-01
2.687674760818481445e-01
1.138874530792236328e+00
4.489535093307495117e-02
-9.319115430116653442e-02
7.223523408174514771e-02
-1.019625067710876465e+00
7.013497352600097656e-01
4.899909198284149170e-01
-2.533028602600097656e+00
4.630707800388336182e-01
3.265557885169982910e-01
4.285122156143188477e-01
-4.356623888015747070e-01
4.143461883068084717e-01
-8.989457786083221436e-02
-1.163556933403015137e+00
-3.210874646902084351e-02
-1.449388504028320312e+00
2.574250698089599609e-01
1.621682405471801758e+00
-1.812386751174926758e+00
-1.289528965950012207e+00
5.561034083366394043e-01
-5.706647038459777832e-01
-4.290615618228912354e-01
-9.490615129470825195e-02
-7.119660973548889160e-01
-7.831254601478576660e-01
-1.192148089408874512e+00
1.495286971330642700e-01
-1.670424491167068481e-01
4.205196201801300049e-01
2.316121101379394531e+00
-1.044343590736389160e+00
-9.328570961952209473e-02
6.253037452697753906e-01
5.438832044601440430e-01
-2.047180652618408203e+00
-2.554682493209838867e-01
2.335906624794006348e-01
-2.336093038320541382e-01
4.064050018787384033e-01
4.008243605494499207e-02
1.061401844024658203e+00
1.548487067222595215e+00
-1.500457763671875000e+00
-5.159074440598487854e-03
1.354321599006652832e+00
-1.738577038049697876e-01
6.919433474540710449e-01
-1.011771678924560547e+00
2.310299158096313477e+00
4.280898869037628174e-01
3.314939737319946289e-01
-1.304810523986816406e+00
