4.605667889118194580e-01
-1.715036183595657349e-01
-1.245825961232185364e-01
-4.615484774112701416e-01
-1.472763180732727051e+00
2.123842954635620117e+00
3.155143558979034424e-01
2.025853633880615234e+00
-5.081928968429565430e-01
-1.303761005401611328e-01
1.078095674514770508e+00
7.960923910140991211e-01
-2.036234378814697266e+00
-4.415535628795623779e-01
2.280948124825954437e-02
9.718559384346008301e-01
-4.232791960239410400e-01
4.371031900518573821e-05
-1.912066638469696045e-01
2.203952372074127197e-01
9.287777543067932129e-01
4.909313619136810303e-01
1.227625131607055664e+00
-8.387787938117980957e-01
6.573475599288940430e-01
1.013405397534370422e-01
-4.600756466388702393e-01
-4.680290222167968750e-01
-9.126673936843872070e-01
-6.235411763191223145e-01
-8.969691991806030273e-01
3.410139083862304688e-01
8.320285677909851074e-01
2.794606089591979980e-01
1.049602031707763672e+00
4.913998544216156006e-01
-8.421840518712997437e-02
3.734922409057617188e-01
1.041510105133056641e+00
-1.018164873123168945e+00
8.145086765289306641e-01
3.591566085815429688e-01
-1.424217820167541504e+00
-3.919731378555297852e-01
-1.175240650773048401e-01
1.209370851516723633e+00
3.599785268306732178e-01
7.579610943794250488e-01
-4.924406409263610840e-01
-3.762819170951843262e-01
-5.023581385612487793e-01
6.309007406234741211e-01
-1.158103942871093750e+00
-1.899452090263366699e+00
6.258005499839782715e-01
7.267533540725708008e-01
-1.756351999938488007e-02
1.806150376796722412e-01
3.939247876405715942e-02
6.440520286560058594e-01
-1.189615368843078613e+00
3.519797325134277344e-01
-1.329229354858398438e+00
8.753811717033386230e-01
8.788269758224487305e-01
1.005128145217895508e+00
-3.560616374015808105e-01
1.974608600139617920e-01
-1.976320981979370117e+00
-5.656173825263977051e-01
4.580696523189544678e-01
2.651675939559936523e-01
3.048295378684997559e-01
-2.403563112020492554e-01
-3.615126758813858032e-02
1.053322911262512207e+00
3.868430554866790771e-01
5.764442086219787598e-01
1.442778110504150391e+00
-4.550320208072662354e-01
8.226611018180847168e-01
1.039728760719299316e+00
9.555369615554809570e-01
-8.019183874130249023e-01
-1.601102054119110107e-01
-2.156278789043426514e-01
6.533143669366836548e-02
-5.762692093849182129e-01
1.210048913955688477e+00
-5.088396668434143066e-01
-8.210579752922058105e-01
4.351663291454315186e-01
2.727566003799438477e+00
2.914016544818878174e-01
6.633438915014266968e-02
-5.461154580116271973e-01
1.266415268182754517e-01
-1.353821516036987305e+00
6.846308708190917969e-01
6.593562960624694824e-01
8.187486529350280762e-01
1.450013637542724609e+00
3.270624279975891113e-01
-1.098492383956909180e+00
-1.572783112525939941e+00
-1.163284643553197384e-03
-1.930589824914932251e-01
3.878420963883399963e-02
4.586177766323089600e-01
-1.469162940979003906e+00
-7.029272913932800293e-01
-2.294271886348724365e-01
6.278467774391174316e-01
1.009259298443794250e-01
1.503116935491561890e-01
6.176612898707389832e-02
2.898929417133331299e-01
4.859786629676818848e-01
1.620595902204513550e-01
-6.160964965820312500e-01
7.998535037040710449e-01
1.313021421432495117e+00
7.128557562828063965e-01
-4.999566078186035156e-01
5.854914188385009766e-01
8.988387584686279297e-01
-8.860203027725219727e-01
2.879446446895599365e-01
2.226517915725708008e+00
1.746587008237838745e-01
-6.018173694610595703e-01
-3.179654777050018311e-01
-1.224257498979568481e-01
-9.258544445037841797e-01
-2.291522502899169922e+00
-7.835618853569030762e-01
-1.208997249603271484e+00
-7.326273918151855469e-01
-1.462734937667846680e-01
6.183487772941589355e-01
1.533376127481460571e-01
-6.417810320854187012e-01
-2.728515565395355225e-01
7.489222884178161621e-01
-5.115409493446350098e-01
5.651693344116210938e-01
5.399492383003234863e-01
9.249609708786010742e-01
2.662561833858489990e-01
-8.828616738319396973e-01
5.028653740882873535e-01
-1.393974781036376953e+00
-1.153800450265407562e-02
3.618773519992828369e-01
1.808792591094970703e+00
1.369711518287658691e+00
-2.167743891477584839e-01
-8.139526844024658203e-02
-7.993099093437194824e-01
-5.433816462755203247e-02
4.401844441890716553e-01
-1.782964766025543213e-01
-9.282457083463668823e-02
-1.019455432891845703e+00
-4.061639681458473206e-02
-3.566754162311553955e-01
7.514984607696533203e-01
3.069737255573272705e-01
-1.211230397224426270e+00
-2.318993955850601196e-01
1.006208732724189758e-01
3.628126382827758789e-01
1.983516216278076172e+00
-1.416535824537277222e-01
6.366004943847656250e-01
-8.828806281089782715e-01
-1.598037004470825195e+00
1.266010105609893799e-01
2.232716828584671021e-01
9.783100485801696777e-01
8.276617527008056641e-02
7.373927831649780273e-01
1.654822230339050293e-01
3.457550704479217529e-01
-1.519868493080139160e+00
6.104444861412048340e-01
-6.788983941078186035e-01
-3.123005330562591553e-01
-8.550310134887695312e-01
-9.938206523656845093e-02
2.040569335222244263e-01
-3.117766678333282471e-01
-3.229418396949768066e-01
-1.035754919052124023e+00
-1.950049698352813721e-01
4.310343265533447266e-01
2.388177663087844849e-01
-4.051670134067535400e-01
-5.882463455200195312e-01
-3.963295221328735352e-01
-1.063370943069458008e+00
-6.773854494094848633e-01
4.611688554286956787e-01
-1.512388944625854492e+00
8.087041974067687988e-01
4.182507097721099854e-01
1.015830874443054199e+00
6.353057622909545898e-01
-6.159784197807312012e-01
6.996186971664428711e-01
1.177552580833435059e+00
8.879296183586120605e-01
1.599828451871871948e-01
6.671361327171325684e-01
-6.039620190858840942e-02
6.633543372154235840e-01
-4.659245610237121582e-01
1.134628891944885254e+00
2.123061567544937134e-01
9.242496490478515625e-01
-1.660864353179931641e+00
3.581674993038177490e-01
-1.252327561378479004e-01
-2.041916996240615845e-01
-1.123065724968910217e-01
2.715603113174438477e-01
-8.866437077522277832e-01
-1.448113799095153809e+00
-3.360293060541152954e-02
-1.177687287330627441e+00
1.364446401596069336e+00
-1.529186815023422241e-01
1.006868600845336914e+00
1.043864637613296509e-01
-3.528646230697631836e-01
-8.566927909851074219e-01
-1.320724964141845703e+00
-1.018235206604003906e+00
-3.982426822185516357e-01
1.377447009086608887e+00
1.618434429168701172e+00
-1.233430981636047363e+00
2.330613881349563599e-01
1.717327237129211426e+00
2.710440456867218018e-01
1.570729851722717285e+00
1.048114776611328125e+00
-1.354704141616821289e+00
8.971254229545593262e-01
-1.145399454981088638e-02
-9.052421450614929199e-01
-4.792971014976501465e-01
1.983923554420471191e+00
2.328027963638305664e+00
7.064127922058105469e-01
-1.157860755920410156e+00
2.004318386316299438e-01
4.006133973598480225e-01
9.193003773689270020e-01
4.548080563545227051e-01
-9.484335184097290039e-01
5.195371508598327637e-01
2.220020294189453125e+00
8.438865542411804199e-01
-1.859247088432312012e+00
1.256039142608642578e+00
1.348872661590576172e+00
1.017526268959045410e+00
-1.041957288980484009e-01
1.530979156494140625e+00
8.873800933361053467e-02
-1.226676344871520996e+00
2.833309769630432129e-01
-5.932297706604003906e-01
-1.124420166015625000e+00
1.326545715332031250e+00
-6.476518511772155762e-01
1.602513909339904785e+00
2.889815568923950195e-01
6.159943938255310059e-01
-3.211628496646881104e-01
-2.646987140178680420e-01
5.068531036376953125e-01
-1.436619281768798828e+00
-1.396956324577331543e+00
6.140857934951782227e-01
5.297145247459411621e-01
1.397696584463119507e-01
2.666606307029724121e-01
-2.830200083553791046e-02
-8.906321525573730469e-01
2.102217972278594971e-01
-5.616613477468490601e-02
2.117430269718170166e-01
2.905480861663818359e-01
-2.922041714191436768e-01
-8.456103801727294922e-01
1.646873235702514648e+00
-2.029994130134582520e-01
2.087662458419799805e+00
-2.543134056031703949e-02
1.196592450141906738e+00
9.599939584732055664e-01
2.150199860334396362e-01
-7.274089455604553223e-01
1.664520651102066040e-01
-9.725502133369445801e-01
2.173436582088470459e-01
-3.638462126255035400e-01
-1.685399055480957031e+00
-1.524715065956115723e+00
-7.767363190650939941e-01
-1.160649418830871582e+00
-4.971310496330261230e-01
7.207002043724060059e-01
2.168939635157585144e-02
-1.438316106796264648e-01
-1.275640964508056641e+00
1.777960181236267090e+00
6.271215677261352539e-01
1.953702419996261597e-01
2.062061309814453125e+00
3.770845830440521240e-01
-3.063333332538604736e-01
5.841680765151977539e-01
1.547945618629455566e+00
1.343794107437133789e+00
-5.395395755767822266e-01
-3.545559197664260864e-02
2.602203786373138428e-01
4.264618083834648132e-02
1.356059432029724121e+00
2.945428788661956787e-01
-4.549996852874755859e-01
1.042835235595703125e+00
8.274430036544799805e-01
-6.037817597389221191e-01
-3.993772566318511963e-01
1.856739282608032227e+00
-5.383169054985046387e-01
4.679201543331146240e-01
-1.580113887786865234e+00
-1.014940977096557617e+00
4.990977346897125244e-01
-2.822951078414916992e-01
-8.807898759841918945e-01
3.156423941254615784e-02
1.239572644233703613e+00
5.160263180732727051e-01
1.093338727951049805e+00
1.466890692710876465e+00
-1.054292559623718262e+00
-2.195216016843914986e-03
1.040734291076660156e+00
3.158465325832366943e-01
-3.995487689971923828e-01
-1.507826209068298340e+00
1.188986897468566895e+00
-8.626701310276985168e-03
1.994175672531127930e+00
-6.005575060844421387e-01
-1.156625986099243164e+00
-6.503915786743164062e-01
1.429949522018432617e+00
-2.327289104461669922e+00
-1.318715333938598633e+00
-1.140614628791809082e+00
2.199679851531982422e+00
3.926190733909606934e-02
-7.340534925460815430e-01
5.303239822387695312e-01
-5.421652197837829590e-01
-2.011593103408813477e+00
3.815462887287139893e-01
-6.996541619300842285e-01
1.497082829475402832e+00
1.936837434768676758e+00
7.280170321464538574e-01
-3.511681407690048218e-02
-8.111838102340698242e-01
-4.511470496654510498e-01
3.453513383865356445e-01
-1.570820659399032593e-01
-1.529527187347412109e+00
-7.411554455757141113e-01
7.280318439006805420e-02
1.571565508842468262e+00
1.400559023022651672e-02
1.895154833793640137e+00
1.491756796836853027e+00
2.878661751747131348e-01
-4.469279199838638306e-03
4.593219161033630371e-01
-1.390576362609863281e+00
8.476306796073913574e-01
-1.548735141754150391e+00
4.996113479137420654e-01
3.301833570003509521e-01
-2.878680527210235596e-01
9.307909607887268066e-01
8.037509918212890625e-01
6.408924609422683716e-02
-1.298641562461853027e+00
-1.012567996978759766e+00
-6.210733056068420410e-01
-1.713909804821014404e-01
-1.767037272453308105e+00
-2.401708364486694336e-01
7.194378972053527832e-01
-1.039084434509277344e+00
8.597391843795776367e-02
-5.894871950149536133e-01
-6.837986111640930176e-01
6.672496795654296875e-01
-1.843823306262493134e-02
-7.444799542427062988e-01
-1.520748257637023926e+00
-9.263902306556701660e-01
5.603139996528625488e-01
-6.013473272323608398e-01
1.586066484451293945e-01
-9.911087751388549805e-01
-2.602246046066284180e+00
-1.078148841857910156e+00
-2.493184357881546021e-01
-4.387387037277221680e-01
9.941245913505554199e-01
-5.930873155593872070e-01
-3.055432462133467197e-04
-8.509507775306701660e-01
2.543190419673919678e-01
-2.299949169158935547e+00
2.048165559768676758e+00
3.877938911318778992e-02
-1.803549230098724365e-01
2.630726397037506104e-01
-3.495900332927703857e-02
-1.759527623653411865e-01
-7.213977575302124023e-01
1.097291588783264160e+00
-1.997444927692413330e-01
2.556593157351016998e-02
1.430111646652221680e+00
-1.607012629508972168e+00
-5.074284076690673828e-01
-3.197958469390869141e-01
-1.193602561950683594e+00
2.400593012571334839e-01
-5.382965803146362305e-01
-1.692864656448364258e+00
-1.795977950096130371e+00
1.129098892211914062e+00
7.610836625099182129e-01
-4.004702270030975342e-01
-1.833948373794555664e+00
-2.096830457448959351e-01
6.076655387878417969e-01
-1.695551753044128418e+00
3.484699726104736328e-01
-2.278153657913208008e+00
7.158856093883514404e-02
5.495911836624145508e-01
6.108740568161010742e-01
7.347766160964965820e-01
-1.567127585411071777e+00
2.143399715423583984e+00
-6.291826367378234863e-01
-1.831432819366455078e+00
-9.162634611129760742e-01
1.076468825340270996e+00
-2.188054621219635010e-01
-6.189440488815307617e-01
-6.562368273735046387e-01
4.891431331634521484e-01
9.395740628242492676e-01
-9.340353012084960938e-01
-1.444701552391052246e-01
-9.446480870246887207e-02
1.028206586837768555e+00
4.674077033996582031e-02
-1.181473374366760254e+00
-5.282841324806213379e-01
2.953510172665119171e-02
5.912199616432189941e-01
3.492845296859741211e-01
6.659265160560607910e-01
-1.137263894081115723e+00
-4.509055614471435547e-01
-4.162268638610839844e-01
8.429590463638305664e-01
-1.685648262500762939e-01
2.236923575401306152e-01
1.251870512962341309e+00
1.605430245399475098e-01
6.816781759262084961e-01
-4.142905771732330322e-01
2.261506579816341400e-02
5.928587317466735840e-01
-2.898335158824920654e-01
2.990323603153228760e-01
1.285031586885452271e-01
-7.649626731872558594e-01
6.255749464035034180e-01
5.831969380378723145e-01
3.248911798000335693e-01
1.332432031631469727e+00
-1.193771600723266602e+00
1.397077292203903198e-01
1.560926079750061035e+00
1.402555584907531738e+00
-1.143451571464538574e+00
1.141961336135864258e+00
-9.382674098014831543e-01
-6.218312978744506836e-01
1.280029654502868652e+00
2.761103510856628418e-01
2.784278392791748047e-01
-1.173885464668273926e+00
6.739533543586730957e-01
-6.072669625282287598e-01
-2.766158342361450195e+00
4.386524558067321777e-01
-1.266764044761657715e+00
-1.318416237831115723e+00
-2.334826737642288208e-01
-1.108407527208328247e-01
-8.962659239768981934e-01
-6.547381281852722168e-01
-1.461515665054321289e+00
9.524659067392349243e-02
8.234996348619461060e-03
-1.338685512542724609e+00
1.394856810569763184e+00
-6.928719282150268555e-01
-5.305938720703125000e-01
-3.008741378784179688e+00
2.757191956043243408e-01
-6.886951923370361328e-01
2.693803787231445312e+00
-1.423184014856815338e-02
-3.046424686908721924e-01
-1.016725540161132812e+00
-3.415818512439727783e-01
3.497705161571502686e-01
3.440012335777282715e-01
3.811907470226287842e-01
-1.155489683151245117e+00
4.964495599269866943e-01
1.710378229618072510e-01
1.115721240639686584e-01
-7.281137704849243164e-01
-1.426373362541198730e+00
2.278938703238964081e-02
2.014486789703369141e+00
-9.286575913429260254e-01
-3.935089409351348877e-01
6.623399853706359863e-01
7.002040147781372070e-01
3.398165404796600342e-01
1.023920059204101562e+00
8.058059215545654297e-01
4.814487099647521973e-01
4.453327655792236328e-01
-1.379172563552856445e+00
-5.565767884254455566e-01
-1.493927597999572754e+00
5.628961920738220215e-01
-2.483348697423934937e-01
-8.852754235267639160e-01
-2.627485096454620361e-01
-9.497205615043640137e-01
6.394529938697814941e-01
-2.859224379062652588e-01
2.742490172386169434e-01
-7.060437202453613281e-01
-5.965910553932189941e-01
-1.823144912719726562e+00
5.617269873619079590e-01
-1.184136867523193359e+00
2.327912300825119019e-01
1.678232431411743164e+00
1.277928352355957031e+00
1.537232995033264160e+00
-3.212011605501174927e-02
-4.664427936077117920e-01
-5.648415535688400269e-02
-3.118521273136138916e-01
9.505769610404968262e-02
-2.663234472274780273e-01
-1.877764105796813965e+00
-5.968172848224639893e-02
-6.217197775840759277e-01
-2.383239418268203735e-01
-2.217348068952560425e-01
-1.210527420043945312e+00
-1.220836639404296875e+00
6.157960891723632812e-01
-4.565561711788177490e-01
-6.144931316375732422e-01
-2.896340489387512207e-01
-1.281704753637313843e-01
-4.156450331211090088e-01
-9.889401197433471680e-01
1.494978189468383789e+00
-8.491514325141906738e-01
-8.928264677524566650e-02
8.075637817382812500e-01
6.348540186882019043e-01
6.083545684814453125e-01
3.389193713665008545e-01
-4.573494493961334229e-01
8.494035601615905762e-01
8.061772584915161133e-01
-3.553397953510284424e-01
5.748258233070373535e-01
-5.300195142626762390e-02
5.914160609245300293e-02
-8.712870478630065918e-01
-2.559096217155456543e-01
1.217847615480422974e-01
1.481557250022888184e+00
3.838895559310913086e-01
-8.491391539573669434e-01
-1.171277880668640137e+00
-2.311783313751220703e+00
-9.646959900856018066e-01
1.729484200477600098e+00
7.413697242736816406e-01
-3.464118242263793945e-01
3.802682161331176758e-01
8.262522220611572266e-01
6.790250539779663086e-02
-5.052327513694763184e-01
-5.270232558250427246e-01
-4.205624759197235107e-01
2.233087539672851562e+00
-1.413519382476806641e+00
-4.027782976627349854e-01
-7.168697714805603027e-01
5.952442884445190430e-01
-1.075239658355712891e+00
3.119130134582519531e-01
-8.801594376564025879e-01
-7.615212202072143555e-01
1.010523676872253418e+00
4.256318807601928711e-01
-2.145901322364807129e-01
2.416506558656692505e-01
5.147696733474731445e-01
6.235814094543457031e-02
-1.235990762710571289e+00
-6.660065650939941406e-01
-1.254848003387451172e+00
3.559159338474273682e-01
-2.557698488235473633e-01
2.055079340934753418e-01
-1.090684309601783752e-01
1.015113949775695801e+00
6.715518832206726074e-01
-2.232311479747295380e-02
4.414805471897125244e-01
-9.058462381362915039e-01
-5.606406331062316895e-01
9.413244128227233887e-01
7.642318606376647949e-01
-9.354550275020301342e-04
2.695205807685852051e-01
-8.423561453819274902e-01
1.119368672370910645e+00
-2.959845364093780518e-01
-9.902740716934204102e-01
-7.943686097860336304e-02
-3.643950819969177246e-01
-1.583386659622192383e+00
-5.477553009986877441e-01
2.822413146495819092e-01
-2.016743868589401245e-01
4.564339220523834229e-01
-1.095342636108398438e-01
6.260764598846435547e-01
-1.589250266551971436e-01
6.668302416801452637e-01
8.942232728004455566e-01
-1.640968471765518188e-01
-5.991575121879577637e-01
-2.035644948482513428e-01
-5.334985256195068359e-01
-1.436659693717956543e+00
9.781026840209960938e-02
2.951546311378479004e-01
-1.200288176536560059e+00
-1.103261113166809082e+00
-4.332667887210845947e-01
-1.961850523948669434e-01
8.566397428512573242e-01
2.263219505548477173e-01
9.986135959625244141e-01
-3.497823774814605713e-01
1.509761810302734375e-01
-1.587769836187362671e-01
6.246848702430725098e-01
-4.398952722549438477e-01
-4.583088681101799011e-02
3.182714879512786865e-01
1.090681850910186768e-01
-7.838291525840759277e-01
2.010484933853149414e-01
-3.506413698196411133e-01
6.169498562812805176e-01
-7.118452191352844238e-01
-8.921243548393249512e-01
1.703017950057983398e+00
-1.285735815763473511e-01
-3.139258325099945068e-01
1.007648229598999023e+00
-4.328222274780273438e-01
3.905036747455596924e-01
-1.389986515045166016e+00
2.369209825992584229e-01
1.618503928184509277e+00
-7.628719210624694824e-01
-1.469358921051025391e+00
1.322301328182220459e-01
3.097485899925231934e-01
-2.952940165996551514e-01
9.098584204912185669e-02
3.512383252382278442e-02
5.815597623586654663e-02
-2.715059220790863037e-01
-7.763249278068542480e-01
-1.267579555511474609e+00
-5.591717734932899475e-02
2.323835611343383789e+00
-2.112816810607910156e+00
7.956928573548793793e-03
-1.054006695747375488e+00
-1.221086382865905762e+00
-2.078883796930313110e-01
-6.710578799247741699e-01
3.260400593280792236e-01
1.878046989440917969e-01
-1.523264776915311813e-02
-1.235827803611755371e-02
-1.943285346031188965e+00
-1.896896004676818848e+00
9.276924133300781250e-01
1.854078888893127441e+00
-6.772431135177612305e-01
2.379442751407623291e-01
1.004174947738647461e+00
6.164437159895896912e-02
2.886856496334075928e-01
8.199921846389770508e-01
3.609525263309478760e-01
1.466102749109268188e-01
-5.820099115371704102e-01
5.904003381729125977e-01
6.216286420822143555e-01
-7.191631793975830078e-01
7.927810400724411011e-02
3.563562035560607910e-02
5.637049078941345215e-01
1.465617775917053223e+00
-5.701004266738891602e-01
5.197325348854064941e-01
-4.571590721607208252e-01
1.931644417345523834e-02
-1.266179442405700684e+00
