4.305635392665863037e-01
-3.953262567520141602e-01
6.708418130874633789e-01
-1.547370433807373047e+00
-2.282921075820922852e+00
2.439806014299392700e-01
3.340757191181182861e-01
1.353389471769332886e-01
1.779201477766036987e-01
-3.193857669830322266e-01
-2.656526863574981689e-01
-2.334227561950683594e-01
-1.253121644258499146e-01
-1.536442875862121582e+00
-9.284372329711914062e-01
1.545491367578506470e-01
-1.817207336425781250e-01
1.086699366569519043e-01
-1.179049015045166016e+00
-8.015352487564086914e-02
4.012836515903472900e-01
-1.051817536354064941e+00
-8.198282122611999512e-02
-2.741162180900573730e-01
1.170854806900024414e+00
-1.368801832199096680e+00
-3.354201316833496094e-01
-9.162502884864807129e-01
-1.093243002891540527e+00
-1.019956350326538086e+00
-4.712820947170257568e-01
-1.025881171226501465e+00
1.794277727603912354e-01
8.948402479290962219e-03
1.158163189888000488e+00
1.248611062765121460e-01
-1.129999995231628418e+00
3.766098916530609131e-01
5.402365326881408691e-02
2.290441840887069702e-01
-7.195878028869628906e-01
3.766660392284393311e-01
-3.144375681877136230e-01
8.729553222656250000e-02
-4.840696975588798523e-02
1.396658062934875488e+00
1.657452702522277832e+00
1.217509388923645020e+00
-2.012018263339996338e-01
4.166566729545593262e-01
-1.534711867570877075e-01
-2.101272046566009521e-01
-1.661462038755416870e-01
3.587372899055480957e-01
-1.209810256958007812e+00
4.051983654499053955e-01
-1.255555868148803711e+00
4.156188368797302246e-01
1.907121688127517700e-01
4.022899866104125977e-01
8.812838792800903320e-01
7.281293272972106934e-01
-5.058758854866027832e-01
7.608545422554016113e-01
6.295787096023559570e-01
-5.406432747840881348e-01
2.284250557422637939e-01
-5.281972140073776245e-02
-1.935021765530109406e-02
-1.003118634223937988e+00
-3.117013573646545410e-01
-1.113501787185668945e+00
-1.321722269058227539e+00
-5.782549977302551270e-01
-2.126857340335845947e-01
1.443588137626647949e+00
1.113872528076171875e+00
-7.918893694877624512e-01
1.164074659347534180e+00
-4.767483770847320557e-01
1.749090671539306641e+00
1.460512995719909668e+00
-1.129081964492797852e+00
-6.103469133377075195e-01
1.528774499893188477e-01
-4.432244002819061279e-01
-7.864056527614593506e-02
8.730274438858032227e-02
-8.007938861846923828e-01
4.128377139568328857e-01
-5.103082060813903809e-01
-3.142096474766731262e-02
2.663726508617401123e-01
-3.797465264797210693e-01
3.944975733757019043e-01
7.320591807365417480e-01
-8.172620534896850586e-01
-2.717735171318054199e-01
9.861138463020324707e-01
3.884995281696319580e-01
1.926940441131591797e+00
7.087416648864746094e-01
1.447007805109024048e-01
-1.230725884437561035e+00
-1.610475897789001465e+00
1.203619688749313354e-01
-1.516652107238769531e+00
6.941065788269042969e-01
-1.232154220342636108e-01
-1.531516909599304199e+00
-3.107641041278839111e-01
-4.563154280185699463e-01
-1.030726060271263123e-01
-1.344312310218811035e+00
8.498194813728332520e-01
5.383236408233642578e-01
1.534218192100524902e-01
1.004832863807678223e+00
3.335843235254287720e-02
2.968449294567108154e-01
2.063773423433303833e-01
2.877654433250427246e-01
9.841284751892089844e-01
5.574848130345344543e-02
-5.974345207214355469e-01
-3.384814262390136719e-01
-7.043756246566772461e-01
3.183488845825195312e-01
1.510728478431701660e+00
-3.065837621688842773e-01
-3.366507589817047119e-02
-1.661557674407958984e+00
-5.085897445678710938e-01
-2.487543523311614990e-01
-2.710665464401245117e-01
-1.059113144874572754e+00
5.243396759033203125e-01
-1.611520946025848389e-01
-2.455776929855346680e+00
-6.071069240570068359e-01
1.531047224998474121e-01
-1.003958940505981445e+00
-4.480745196342468262e-01
9.057135581970214844e-01
1.078295186161994934e-01
2.089836746454238892e-01
-7.244574427604675293e-01
-9.119613766670227051e-01
1.111603021621704102e+00
-1.208954691886901855e+00
8.780238777399063110e-02
-7.312141060829162598e-01
5.594885349273681641e-01
2.898747287690639496e-02
-2.087768465280532837e-01
1.575221270322799683e-01
1.360217928886413574e-01
3.261744976043701172e-01
-4.013082385063171387e-02
-1.967077851295471191e-01
-1.076218724250793457e+00
-2.989521920680999756e-01
7.440092563629150391e-01
-8.703438937664031982e-02
1.364016532897949219e+00
4.663115441799163818e-01
-1.716429181396961212e-02
1.086511135101318359e+00
-2.785438299179077148e-01
-3.133099377155303955e-01
-8.630179762840270996e-01
-1.267093420028686523e+00
8.480252027511596680e-01
-3.866481184959411621e-01
6.655606627464294434e-01
-5.239152908325195312e-01
-1.465441584587097168e+00
-3.535003960132598877e-01
1.215675711631774902e+00
2.721071243286132812e-01
1.036517024040222168e+00
1.356465935707092285e+00
-4.808941483497619629e-01
8.430482149124145508e-01
-5.724079608917236328e-01
-3.790149986743927002e-01
-4.544346034526824951e-01
-1.907931923866271973e+00
-5.441152453422546387e-01
-6.627985239028930664e-01
2.449843734502792358e-01
-9.252733588218688965e-01
-3.265343010425567627e-01
4.791434705257415771e-01
-7.434816956520080566e-01
5.346863269805908203e-01
-1.038142919540405273e+00
-1.153543591499328613e+00
-2.793684005737304688e-01
-3.726883232593536377e-01
-1.720885753631591797e+00
-6.661210656166076660e-01
-5.725480914115905762e-01
-7.404558062553405762e-01
1.377987146377563477e+00
-3.260920047760009766e-01
-4.762767553329467773e-01
4.826330542564392090e-01
1.009904980659484863e+00
7.277141213417053223e-01
1.832220405340194702e-01
5.449272394180297852e-01
-6.153735518455505371e-01
3.392456173896789551e-01
1.038556337356567383e+00
7.256563305854797363e-01
-5.760795474052429199e-01
-5.585963726043701172e-01
9.138141870498657227e-01
-1.002924084663391113e+00
-5.326957106590270996e-01
-6.578150391578674316e-01
9.635565876960754395e-01
-1.684768438339233398e+00
-1.663616597652435303e-01
9.785286784172058105e-01
8.719175457954406738e-01
-3.057305812835693359e-01
-1.577333688735961914e+00
-1.292514085769653320e+00
2.272046506404876709e-01
-2.203442156314849854e-01
5.198438167572021484e-01
1.477771520614624023e+00
2.548540532588958740e-01
-5.006901621818542480e-01
-1.593589901924133301e+00
9.686483070254325867e-03
-6.327465176582336426e-01
-6.247709989547729492e-01
1.580723762512207031e+00
1.557315945625305176e+00
-6.649697422981262207e-01
-2.474764361977577209e-02
-5.387182235717773438e-01
1.048773050308227539e+00
1.792117118835449219e+00
8.331867307424545288e-02
1.726277768611907959e-01
4.832857251167297363e-01
-5.720741748809814453e-01
1.077510952949523926e+00
7.523891925811767578e-01
9.497172236442565918e-01
1.039880752563476562e+00
-1.734702944755554199e+00
-7.139562368392944336e-01
5.670616775751113892e-02
-4.848591387271881104e-01
6.473249197006225586e-02
-6.848109364509582520e-01
-5.407838821411132812e-01
1.278452396392822266e+00
-1.334768176078796387e+00
-4.056700766086578369e-01
2.310629367828369141e+00
-3.489991649985313416e-02
9.559518098831176758e-01
-2.410846352577209473e-01
2.144065380096435547e+00
3.099033236503601074e-01
-4.853877127170562744e-01
-6.869892477989196777e-01
9.199665784835815430e-01
-1.486949920654296875e+00
-3.755124751478433609e-03
-1.519380927085876465e+00
1.685567140579223633e+00
-8.877459764480590820e-01
1.763333976268768311e-01
-6.115960478782653809e-01
-4.861756861209869385e-01
-4.398205280303955078e-01
-8.325031995773315430e-01
8.092450499534606934e-01
-1.124237775802612305e+00
7.733524441719055176e-01
-1.554705500602722168e-01
-1.176971718668937683e-01
3.456081449985504150e-02
-1.037861347198486328e+00
1.142517998814582825e-01
3.900097012519836426e-01
-9.608710557222366333e-02
6.782855391502380371e-01
2.425704747438430786e-01
7.730909585952758789e-01
7.705074548721313477e-01
-6.595922112464904785e-01
1.583646535873413086e+00
9.542173743247985840e-01
1.457286953926086426e+00
-1.847536265850067139e-01
2.070364058017730713e-01
-1.808297872543334961e+00
-9.337533116340637207e-01
2.334887981414794922e-01
2.012128114700317383e+00
3.838463723659515381e-01
4.812424182891845703e-01
9.448590874671936035e-01
-2.137108743190765381e-01
-7.879287004470825195e-01
3.969931602478027344e-02
-3.914268910884857178e-01
-1.331490993499755859e+00
-1.142224520444869995e-01
-1.256938457489013672e+00
9.795483946800231934e-01
5.652769207954406738e-01
-1.207638382911682129e+00
3.703157603740692139e-01
8.116198778152465820e-01
6.085821986198425293e-01
-2.602152824401855469e-01
-5.492231249809265137e-01
9.938544034957885742e-01
1.051930859684944153e-01
-6.982895731925964355e-01
1.928731203079223633e-01
4.880520105361938477e-01
-1.223136037588119507e-01
2.472200095653533936e-01
-6.739249080419540405e-02
5.483691096305847168e-01
8.242362737655639648e-01
-1.156507730484008789e-01
-2.477841824293136597e-02
-1.124195456504821777e+00
3.830453455448150635e-01
-4.072402417659759521e-01
-8.429342508316040039e-02
9.177581071853637695e-01
8.631641268730163574e-01
-8.699939846992492676e-01
-1.323704600334167480e+00
-9.059622287750244141e-01
7.071799784898757935e-02
-7.461119294166564941e-01
-4.968198537826538086e-01
-6.653988957405090332e-01
-2.867868840694427490e-01
-1.907775521278381348e+00
-8.118344843387603760e-02
3.003525435924530029e-01
-1.173798814415931702e-01
-6.975512504577636719e-01
6.922909021377563477e-01
-3.184565529227256775e-02
1.235621094703674316e+00
-1.509621858596801758e+00
5.961216092109680176e-01
5.062938332557678223e-01
1.771438479423522949e+00
6.100143194198608398e-01
-2.099668264389038086e+00
-5.724775791168212891e-01
2.427184581756591797e+00
1.432212948799133301e+00
-1.401805520057678223e+00
-5.705229043960571289e-01
9.334421753883361816e-01
1.831028759479522705e-01
-1.495400220155715942e-01
9.386092424392700195e-01
4.876349866390228271e-01
1.999219655990600586e+00
6.263812780380249023e-01
-1.612452268600463867e-01
-1.218271613121032715e+00
1.537411570549011230e+00
4.177049100399017334e-01
-1.443576961755752563e-01
-1.501576304435729980e-01
1.300412118434906006e-01
5.963946878910064697e-02
1.968679428100585938e-01
3.665785491466522217e-01
2.701234102249145508e+00
1.890003800392150879e+00
4.877733886241912842e-01
-1.183035492897033691e+00
9.931775331497192383e-01
3.130928874015808105e-01
2.138043045997619629e-01
-4.751322418451309204e-02
-1.159545481204986572e-01
1.944162845611572266e-01
5.622314810752868652e-01
-1.605789363384246826e-01
-7.088724374771118164e-01
-6.217298507690429688e-01
-4.962622523307800293e-01
-3.087912201881408691e-01
1.711442172527313232e-01
-8.663323521614074707e-01
-6.851308941841125488e-01
-1.202584505081176758e+00
-2.425518035888671875e-01
-1.424383185803890228e-02
1.173228144645690918e+00
2.073559612035751343e-01
-3.036098182201385498e-01
-3.661467432975769043e-01
-2.408365756273269653e-01
-1.224267005920410156e+00
1.332996606826782227e+00
-1.211067736148834229e-01
-6.713299751281738281e-01
8.277568817138671875e-01
6.199578195810317993e-02
2.242466658353805542e-01
-6.433792114257812500e-01
3.515540063381195068e-01
-2.102347165346145630e-01
-2.777236402034759521e-01
-1.882720142602920532e-01
-5.649371817708015442e-02
3.240069150924682617e-01
-7.020579576492309570e-01
4.170739352703094482e-01
-1.513138860464096069e-01
9.238645434379577637e-01
5.960745811462402344e-01
-5.308843255043029785e-01
5.266349911689758301e-01
-8.367664813995361328e-01
1.579308509826660156e-01
-1.163279652595520020e+00
-2.691514790058135986e-01
5.271396636962890625e-01
6.062582135200500488e-01
-9.425875544548034668e-02
1.454356908798217773e+00
-7.701894044876098633e-01
-8.257588744163513184e-01
-1.315197825431823730e+00
1.012523293495178223e+00
-6.075394153594970703e-01
4.181625545024871826e-01
1.129294276237487793e+00
-8.504272103309631348e-01
5.804013013839721680e-01
-1.071642279624938965e+00
4.062752723693847656e-01
7.000955343246459961e-01
5.602557659149169922e-01
-2.213698863983154297e+00
-1.768309235572814941e+00
-4.359290301799774170e-01
1.089457124471664429e-01
-1.408946812152862549e-01
1.510142683982849121e+00
5.253715440630912781e-02
-6.438609957695007324e-01
1.753911733627319336e+00
3.604707717895507812e-01
-1.641965359449386597e-01
-1.823106288909912109e+00
-5.526756402105093002e-03
-1.035496950149536133e+00
-9.693911075592041016e-01
-5.567156076431274414e-01
5.839301347732543945e-01
-5.244374275207519531e-01
-1.180170923471450806e-01
1.108407258987426758e+00
-1.129830479621887207e+00
1.415334939956665039e+00
1.338208168745040894e-01
-1.599882125854492188e+00
-1.120253205299377441e+00
5.004566907882690430e-01
1.055885776877403259e-01
-1.273115873336791992e+00
1.125584006309509277e+00
-5.006146430969238281e-01
-4.856888055801391602e-01
5.879857540130615234e-01
1.737244486808776855e+00
1.742153912782669067e-01
1.489883303642272949e+00
6.565419435501098633e-01
-1.082552075386047363e+00
-1.865687519311904907e-01
4.161460101604461670e-01
1.078302979469299316e+00
9.890540838241577148e-01
1.943637281656265259e-01
-9.791472554206848145e-02
-1.666075289249420166e-01
1.388050675392150879e+00
8.009851574897766113e-01
1.856250762939453125e+00
3.698478043079376221e-01
1.737471103668212891e+00
-8.798106014728546143e-02
-1.419509351253509521e-01
1.169465303421020508e+00
1.550750806927680969e-02
2.425566762685775757e-01
1.404453516006469727e+00
-6.630249023437500000e-01
-9.810767769813537598e-01
1.514217734336853027e+00
-1.535214900970458984e+00
1.243791341781616211e+00
4.019855856895446777e-01
7.807127833366394043e-01
-1.530497074127197266e+00
-1.878218531608581543e+00
5.460983514785766602e-01
1.227431297302246094e+00
-2.567211091518402100e-01
-5.406047701835632324e-01
-7.874025404453277588e-02
-1.479454338550567627e-01
-1.747822165489196777e+00
-1.835043311119079590e+00
6.964262127876281738e-01
4.473722875118255615e-01
-1.407427310943603516e+00
7.814625501632690430e-01
-9.881252050399780273e-01
-2.805477008223533630e-03
-2.782167911529541016e+00
1.205104589462280273e+00
-2.532097399234771729e-01
-2.843647301197052002e-01
6.639352440834045410e-01
7.464077323675155640e-02
-1.931744068861007690e-01
-7.076312899589538574e-01
2.244503647089004517e-01
3.295498788356781006e-01
-1.130148530006408691e+00
-4.487087130546569824e-01
-2.415791712701320648e-02
-5.761414766311645508e-01
-2.952591478824615479e-01
1.409448124468326569e-02
-9.781341552734375000e-01
1.402486115694046021e-02
9.710612893104553223e-01
-1.225799471139907837e-01
-6.980718970298767090e-01
-2.128068506717681885e-01
1.302300214767456055e+00
3.223356306552886963e-01
6.742341518402099609e-01
7.662072181701660156e-01
-4.202173948287963867e-01
6.752656102180480957e-01
1.739123314619064331e-01
1.336894370615482330e-02
9.450101107358932495e-02
6.252993941307067871e-01
-1.401298642158508301e+00
-2.263496637344360352e+00
-4.818142056465148926e-01
-1.542522907257080078e+00
1.033145427703857422e+00
-5.771490335464477539e-01
4.494787156581878662e-01
4.165057837963104248e-01
3.794235885143280029e-01
-3.732192516326904297e-01
2.201929569244384766e+00
-2.070119827985763550e-01
3.973802030086517334e-01
3.250291943550109863e-01
3.405976593494415283e-01
-3.007595837116241455e-01
8.213140964508056641e-01
-7.015240192413330078e-01
-2.369172573089599609e-01
1.456434279680252075e-01
9.496385455131530762e-01
5.974931716918945312e-01
5.412698388099670410e-01
-3.933673202991485596e-01
4.658319056034088135e-01
-5.561688542366027832e-01
8.850271254777908325e-02
2.860150039196014404e-01
-2.075173854827880859e+00
-1.844424009323120117e+00
4.957061707973480225e-01
5.350094754248857498e-03
-1.486729532480239868e-01
3.028769791126251221e-01
-3.143115937709808350e-01
-1.553110480308532715e-01
1.122334524989128113e-01
-3.230036795139312744e-01
-6.109643578529357910e-01
-3.188681006431579590e-01
3.292526006698608398e-01
-1.121550679206848145e+00
-1.215788960456848145e+00
6.739957332611083984e-01
-6.781377196311950684e-01
1.929476737976074219e+00
1.969292610883712769e-01
1.338535904884338379e+00
1.207833066582679749e-01
1.251955628395080566e-01
-1.454613208770751953e+00
9.687578678131103516e-01
3.366339504718780518e-01
8.859474062919616699e-01
-8.064370751380920410e-01
-4.815503656864166260e-01
9.108709692955017090e-01
4.435169100761413574e-01
-7.041900753974914551e-01
2.524273395538330078e-01
1.283263564109802246e+00
-3.874615728855133057e-01
-2.475125938653945923e-01
5.000347495079040527e-01
1.471614480018615723e+00
-3.519033789634704590e-01
-5.890588760375976562e-01
-1.048374295234680176e+00
2.843545973300933838e-01
-9.996704459190368652e-01
3.187976405024528503e-02
2.244763076305389404e-01
7.368072867393493652e-01
-7.777336835861206055e-01
-5.748334527015686035e-01
-1.023828983306884766e+00
-1.281562261283397675e-02
-3.738200068473815918e-01
2.119337022304534912e-01
-4.858541768044233322e-03
2.386441469192504883e+00
1.360370039939880371e+00
-2.773367762565612793e-01
-1.912691235542297363e+00
-1.796081215143203735e-01
-1.129540920257568359e+00
-2.577032446861267090e-01
-2.642274141311645508e+00
2.724665105342864990e-01
1.975941807031631470e-01
3.981134295463562012e-01
1.739927291870117188e+00
-1.087517023086547852e+00
-1.469367444515228271e-01
1.373847573995590210e-02
-6.254072785377502441e-01
2.054484561085700989e-02
1.499661952257156372e-01
-6.915120175108313560e-04
-9.608850479125976562e-01
-3.559565842151641846e-01
-9.787828922271728516e-01
1.417305231094360352e+00
-1.575407862663269043e+00
1.931015610694885254e+00
-8.292831778526306152e-01
-7.084162235260009766e-01
-7.761838436126708984e-01
7.503660768270492554e-02
-1.151027560234069824e+00
1.233180880546569824e+00
-9.074562229216098785e-03
-2.101667374372482300e-01
5.551377534866333008e-01
-6.374038457870483398e-01
1.226462274789810181e-01
-1.776029616594314575e-01
3.712432980537414551e-01
3.899811804294586182e-01
-3.363917768001556396e-02
-1.469251960515975952e-01
1.823357045650482178e-01
1.129545211791992188e+00
-1.528625607490539551e+00
6.503340601921081543e-01
9.120194315910339355e-01
1.157139837741851807e-01
1.079610109329223633e+00
-8.768613934516906738e-01
2.294558435678482056e-01
-1.597530394792556763e-01
1.260102868080139160e+00
1.261652410030364990e-01
5.691963434219360352e-01
5.027596950531005859e-01
7.006113529205322266e-01
8.472548723220825195e-01
3.394301533699035645e-01
-1.280422329902648926e+00
9.942238926887512207e-01
4.411148838698863983e-04
-4.581152796745300293e-01
5.059776827692985535e-02
-7.128444910049438477e-01
9.620419889688491821e-02
1.640287339687347412e-01
6.218104958534240723e-01
8.622526526451110840e-01
-1.134426236152648926e+00
7.097210288047790527e-01
-3.262469470500946045e-01
-6.358698606491088867e-01
2.403400540351867676e-01
-6.023727655410766602e-01
-1.743433713912963867e+00
3.577386140823364258e-01
-4.900106191635131836e-01
-8.598754405975341797e-01
-1.687748134136199951e-01
-1.805125772953033447e-01
-2.916997671127319336e-01
-4.385049641132354736e-01
8.241295814514160156e-01
-8.772997558116912842e-02
1.641765356063842773e+00
6.602111458778381348e-01
-1.917195796966552734e+00
6.867226362228393555e-01
-1.438657522201538086e+00
-1.083312109112739563e-01
2.637450397014617920e-01
-1.078773498535156250e+00
1.325369358062744141e+00
-9.331964254379272461e-01
6.157517433166503906e-01
-7.508496046066284180e-01
1.208590418100357056e-01
-3.854728937149047852e-01
1.377587199211120605e+00
1.699498295783996582e-01
2.038343101739883423e-01
-7.245532274246215820e-01
8.780983686447143555e-01
4.743238091468811035e-01
1.732051223516464233e-01
-3.030645251274108887e-01
-1.463344842195510864e-01
-1.126458197832107544e-01
-7.366545796394348145e-01
1.221522569656372070e+00
-5.130620002746582031e-01
6.825270503759384155e-02
4.800846800208091736e-03
-1.133534550666809082e+00
2.592174410820007324e-01
8.137771487236022949e-01
3.352028131484985352e-01
5.915998816490173340e-01
8.235101699829101562e-01
1.731066256761550903e-01
7.434129714965820312e-01
