-6.154778227210044861e-02
-8.041518330574035645e-01
1.142243266105651855e+00
-1.689457654953002930e+00
-2.480479717254638672e+00
-4.283812940120697021e-01
-1.014317572116851807e-01
-1.621569544076919556e-01
3.383361920714378357e-02
-4.759985953569412231e-02
-6.869302988052368164e-01
-1.049795269966125488e+00
-1.317943781614303589e-01
-1.723011016845703125e+00
-1.106019258499145508e+00
4.650174677371978760e-01
2.282640151679515839e-02
5.120319724082946777e-01
-9.947184324264526367e-01
7.982584834098815918e-01
1.633269935846328735e-01
-1.151675701141357422e+00
-3.232336789369583130e-02
-6.704155802726745605e-01
1.040750145912170410e+00
-1.218260645866394043e+00
-3.439761102199554443e-01
-9.426794052124023438e-01
-1.397627115249633789e+00
-9.934926033020019531e-01
-9.098712801933288574e-01
-7.038573622703552246e-01
5.672072060406208038e-03
2.953226305544376373e-02
1.034658193588256836e+00
-3.401278257369995117e-01
-1.232174992561340332e+00
2.241570651531219482e-01
5.122761055827140808e-02
1.467382460832595825e-01
-4.105848371982574463e-01
2.007689923048019409e-01
-1.191452383995056152e+00
4.501304030418395996e-01
2.054786980152130127e-01
1.096058607101440430e+00
2.410133600234985352e+00
1.449543595314025879e+00
1.200278326869010925e-01
8.905629515647888184e-01
-4.128314554691314697e-01
-1.062285676598548889e-01
-1.018572211265563965e+00
8.892881684005260468e-03
-2.227768152952194214e-01
8.019866943359375000e-01
-9.021055102348327637e-01
2.227569818496704102e-01
-3.373553156852722168e-01
4.558077156543731689e-01
8.441300392150878906e-01
2.978131771087646484e-01
-5.027031302452087402e-01
7.609147429466247559e-01
1.392802953720092773e+00
-3.889178633689880371e-01
6.394899487495422363e-01
-1.978083699941635132e-01
-2.334146350622177124e-01
-1.268940091133117676e+00
-8.183267712593078613e-01
-6.140637993812561035e-01
-1.224301934242248535e+00
-8.110632896423339844e-01
-7.811039686203002930e-02
1.218834519386291504e+00
1.350082635879516602e+00
-2.810921370983123779e-01
9.538555741310119629e-01
-6.169701814651489258e-01
1.364760398864746094e+00
1.237648487091064453e+00
-1.364238739013671875e+00
-9.038587808609008789e-01
1.815429627895355225e-01
-9.134666323661804199e-01
-6.471476703882217407e-02
2.493290603160858154e-01
-8.801962137222290039e-01
7.679175138473510742e-01
-6.506640911102294922e-01
-1.248863115906715393e-01
6.236765906214714050e-02
-7.986491918563842773e-01
2.835538387298583984e-01
-1.068487539887428284e-01
-2.207763791084289551e-01
7.738800346851348877e-02
8.361697196960449219e-01
8.650534152984619141e-01
2.072665691375732422e+00
1.039136648178100586e+00
2.120781689882278442e-01
-6.665434241294860840e-01
-1.684439659118652344e+00
1.365259406156837940e-03
-1.429315805435180664e+00
5.634507536888122559e-01
-7.014235258102416992e-01
-1.452558279037475586e+00
-7.961602807044982910e-01
2.842453718185424805e-01
-3.831670805811882019e-02
-2.061807155609130859e+00
1.139342546463012695e+00
4.623627066612243652e-01
-3.498527407646179199e-01
1.202697634696960449e+00
-4.000571668148040771e-01
-3.056468069553375244e-01
6.084847450256347656e-01
7.912595272064208984e-01
1.672346115112304688e+00
-4.801029860973358154e-01
-5.118152499198913574e-01
-3.396432697772979736e-01
-5.779564976692199707e-01
-8.900313079357147217e-02
1.666907548904418945e+00
-2.797256410121917725e-01
2.943889796733856201e-01
-7.900151610374450684e-01
-7.841696739196777344e-01
1.204192787408828735e-01
-7.397907972335815430e-01
-9.554759263992309570e-01
2.751411199569702148e-01
-1.028881408274173737e-02
-2.126070737838745117e+00
-4.118285477161407471e-01
1.257690638303756714e-01
-8.343890905380249023e-01
-2.325198948383331299e-01
1.080418467521667480e+00
9.392093122005462646e-02
7.903397083282470703e-02
-2.320365048944950104e-02
-1.383413821458816528e-01
4.913500547409057617e-01
-1.285732150077819824e+00
5.362873673439025879e-01
-1.277785152196884155e-01
4.907771944999694824e-01
6.662455797195434570e-01
-4.666738510131835938e-01
1.381248086690902710e-01
-3.915432989597320557e-01
1.459466572850942612e-02
3.398164510726928711e-01
1.465909630060195923e-01
-6.352463364601135254e-01
5.921026691794395447e-02
7.157062888145446777e-01
4.466458857059478760e-01
1.225956797599792480e+00
5.826432108879089355e-01
-2.237804383039474487e-01
9.508069604635238647e-02
-6.769924163818359375e-01
-1.291423887014389038e-01
-2.717187106609344482e-01
-3.071790933609008789e-01
4.822190105915069580e-01
1.279255449771881104e-01
7.502039074897766113e-01
-3.824607431888580322e-01
-8.745591044425964355e-01
-9.997223615646362305e-01
1.097528934478759766e+00
1.051956772804260254e+00
1.335803389549255371e+00
1.060748457908630371e+00
1.615342199802398682e-01
6.379938125610351562e-01
-3.410732448101043701e-01
-2.682135701179504395e-01
1.631260849535465240e-02
-1.355238676071166992e+00
-8.797775506973266602e-01
-8.464419841766357422e-01
5.045756101608276367e-01
-1.654748916625976562e+00
-4.758624136447906494e-01
-7.961830496788024902e-02
-2.967546582221984863e-01
9.157239645719528198e-02
-1.491273403167724609e+00
-5.573143362998962402e-01
-1.156460344791412354e-01
-2.637973427772521973e-01
-1.549026370048522949e+00
1.307754814624786377e-01
1.826909333467483521e-01
-5.376917123794555664e-01
1.192979454994201660e+00
-8.017741441726684570e-01
4.768226146697998047e-01
8.775655031204223633e-01
1.629466712474822998e-01
4.594903290271759033e-01
1.959926635026931763e-01
6.457108855247497559e-01
-3.363963365554809570e-01
1.059045642614364624e-01
1.007697343826293945e+00
1.816025227308273315e-01
3.897517025470733643e-01
-8.087509274482727051e-01
1.267455935478210449e+00
-6.924116611480712891e-01
-4.101224839687347412e-01
9.715037047863006592e-02
5.736770033836364746e-01
-1.336441993713378906e+00
-5.875841975212097168e-01
1.027662873268127441e+00
1.026057124137878418e+00
-1.811206638813018799e-01
-1.332742929458618164e+00
-1.119444251060485840e+00
-2.758471667766571045e-01
-2.770449519157409668e-01
1.973045021295547485e-01
9.901782274246215820e-01
8.053912520408630371e-01
-4.435724616050720215e-01
-1.042765140533447266e+00
4.098897576332092285e-01
-1.332186937332153320e+00
-5.072463154792785645e-01
5.166276097297668457e-01
8.570781350135803223e-01
-7.404597997665405273e-01
-1.740551888942718506e-01
-5.502899885177612305e-01
1.256588935852050781e+00
1.564148783683776855e+00
1.113676056265830994e-01
2.958281636238098145e-01
6.411069035530090332e-01
-2.520961165428161621e-01
1.088385343551635742e+00
5.214682221412658691e-01
8.533262014389038086e-01
6.400296092033386230e-01
-1.056731224060058594e+00
7.485932111740112305e-02
-5.040782690048217773e-01
-6.940284967422485352e-01
5.192614197731018066e-01
-1.010355710983276367e+00
-1.089094161987304688e+00
1.696925163269042969e+00
-1.420773029327392578e+00
-1.237656399607658386e-01
2.068456888198852539e+00
-2.633941769599914551e-01
8.408888578414916992e-01
5.693516135215759277e-01
1.649930596351623535e+00
8.430535197257995605e-01
-1.680919677019119263e-01
-7.259928584098815918e-01
8.417751193046569824e-01
-1.565747499465942383e+00
2.952733337879180908e-01
-1.208799719810485840e+00
2.102210760116577148e+00
-6.473962068557739258e-01
9.380259513854980469e-01
-6.129738688468933105e-01
-5.546244978904724121e-01
-1.001746177673339844e+00
-2.640409767627716064e-01
4.459798336029052734e-01
-1.416712164878845215e+00
1.075053811073303223e+00
-1.571730822324752808e-01
4.204353690147399902e-01
-4.926983714103698730e-01
-2.065682888031005859e+00
8.168349266052246094e-01
2.403608709573745728e-01
-9.109836220741271973e-01
2.076361924409866333e-01
1.603143066167831421e-01
1.253459006547927856e-01
3.169599771499633789e-01
-3.508667945861816406e-01
1.605483770370483398e+00
1.027514696121215820e+00
1.365874886512756348e+00
9.973644018173217773e-01
-5.705137848854064941e-01
-1.487951278686523438e+00
-6.811041831970214844e-01
-1.982968002557754517e-01
1.268422961235046387e+00
-2.711882889270782471e-01
-7.136412858963012695e-01
6.451505422592163086e-01
3.625002205371856689e-01
-6.730930209159851074e-01
2.058404535055160522e-01
-2.743541300296783447e-01
-6.980760693550109863e-01
-1.178502663969993591e-01
-1.087984085083007812e+00
1.072975754737854004e+00
4.671986103057861328e-01
-7.533332109451293945e-01
6.455115079879760742e-01
6.579256057739257812e-01
-7.114779353141784668e-01
-2.686390876770019531e-01
-7.262841099873185158e-04
2.786849141120910645e-01
3.227562308311462402e-01
-1.004175305366516113e+00
-2.454399615526199341e-01
1.243857026100158691e+00
-5.075602531433105469e-01
6.673076748847961426e-01
-1.411627978086471558e-01
2.172807455062866211e-01
1.052038908004760742e+00
5.069341659545898438e-01
-2.256279289722442627e-01
-5.608999133110046387e-01
8.198902942240238190e-03
-4.433965086936950684e-01
3.572653830051422119e-01
2.181182622909545898e+00
8.912507891654968262e-01
-5.469848513603210449e-01
-1.074692249298095703e+00
-9.444816112518310547e-01
9.551227092742919922e-03
-1.192152857780456543e+00
4.718424677848815918e-01
-7.788606882095336914e-01
3.918335735797882080e-01
-1.708910822868347168e+00
2.312229871749877930e-01
-2.843904495239257812e-01
2.571205198764801025e-01
-8.268470764160156250e-01
5.745599269866943359e-01
-5.377903580665588379e-01
1.689654111862182617e+00
-1.658521056175231934e+00
7.906087040901184082e-01
1.845658719539642334e-01
8.782464861869812012e-01
9.216451644897460938e-01
-1.850113987922668457e+00
-1.571798026561737061e-01
2.488413095474243164e+00
1.274935960769653320e+00
-1.796206712722778320e+00
-7.931296825408935547e-01
1.231285572052001953e+00
5.109348893165588379e-02
-2.135521918535232544e-01
2.999857962131500244e-01
6.014798879623413086e-01
1.799779176712036133e+00
4.248489737510681152e-01
2.808608412742614746e-01
-1.036239027976989746e+00
1.025947570800781250e+00
-2.510638833045959473e-01
-1.444871276617050171e-01
-7.493796348571777344e-01
4.304513335227966309e-01
5.135151743888854980e-01
-1.808197796344757080e-01
6.780928969383239746e-01
2.296426534652709961e+00
1.228309512138366699e+00
1.630894467234611511e-02
-6.714149117469787598e-01
7.656711339950561523e-01
-4.398565739393234253e-02
-4.230144023895263672e-01
-4.320747554302215576e-01
1.288002133369445801e-01
-4.543285071849822998e-02
5.011787414550781250e-01
2.213442325592041016e-02
-5.944563150405883789e-01
-4.617145955562591553e-01
-1.136211991310119629e+00
-5.280668139457702637e-01
-3.097491264343261719e-01
-3.395038545131683350e-01
-6.118469834327697754e-01
-1.065770030021667480e+00
-2.498325407505035400e-01
3.295942246913909912e-01
1.098122119903564453e+00
-1.190761998295783997e-01
-1.296890228986740112e-01
-1.139451414346694946e-01
-6.510487198829650879e-01
-1.404504656791687012e+00
7.397032976150512695e-01
1.960191726684570312e-01
-5.492116138339042664e-02
-5.040955543518066406e-01
-4.895322024822235107e-01
1.766006052494049072e-01
-9.908219575881958008e-01
6.185353398323059082e-01
-1.405449658632278442e-01
7.554694414138793945e-01
-3.300172984600067139e-01
-2.095435112714767456e-01
4.944888949394226074e-01
-1.122882962226867676e+00
8.291771411895751953e-01
-2.008947879076004028e-01
1.040437936782836914e+00
1.242854744195938110e-01
-1.158821940422058105e+00
1.226905465126037598e+00
-4.466380178928375244e-01
1.020561065524816513e-02
-6.301481127738952637e-01
-3.688646852970123291e-01
-5.941491723060607910e-01
-1.569970846176147461e-01
3.932432532310485840e-01
9.851862788200378418e-01
-7.311914563179016113e-01
-6.021309494972229004e-01
-1.354087233543395996e+00
9.146441817283630371e-01
-5.183842405676841736e-02
-3.778965771198272705e-01
-3.388898372650146484e-01
-4.259517490863800049e-01
7.143796682357788086e-01
-4.431530535221099854e-01
3.225409686565399170e-01
5.231339335441589355e-01
2.826606035232543945e-01
-2.272927761077880859e+00
-1.254448294639587402e+00
-7.453932166099548340e-01
3.313361704349517822e-01
8.299157619476318359e-01
1.252614498138427734e+00
5.486493557691574097e-02
-8.455373644828796387e-01
2.253166913986206055e+00
8.114537596702575684e-02
-6.214428544044494629e-01
-2.167153120040893555e+00
7.539097666740417480e-01
-1.133185267448425293e+00
-1.328210473060607910e+00
-3.785313367843627930e-01
7.203083634376525879e-01
-4.641029536724090576e-01
1.119434181600809097e-02
1.127666354179382324e+00
-1.329029083251953125e+00
9.747238755226135254e-01
5.287549495697021484e-01
-1.356552362442016602e+00
-1.512557029724121094e+00
1.209245100617408752e-01
4.110482633113861084e-01
-4.899553656578063965e-01
1.306130051612854004e+00
-3.631349802017211914e-01
2.408952265977859497e-02
7.275382280349731445e-01
1.733923077583312988e+00
-3.873735666275024414e-01
1.992547035217285156e+00
8.517041206359863281e-01
-1.420942783355712891e+00
-5.549597144126892090e-01
9.795081019401550293e-01
1.259862065315246582e+00
1.422412991523742676e+00
-2.584678232669830322e-01
-2.777376472949981689e-01
1.108708605170249939e-01
1.205848097801208496e+00
9.201940894126892090e-01
9.613600373268127441e-01
-4.486860632896423340e-01
6.142432689666748047e-01
-6.482542753219604492e-01
-4.797952771186828613e-01
8.609271049499511719e-01
-6.910941749811172485e-02
-5.537960529327392578e-01
1.577055692672729492e+00
-7.334659099578857422e-01
-1.094385027885437012e+00
7.283638715744018555e-01
-1.280083656311035156e+00
4.946620464324951172e-01
3.404360115528106689e-01
6.462581157684326172e-01
-1.407755374908447266e+00
-1.748871564865112305e+00
4.321460127830505371e-01
4.078195691108703613e-01
-4.901827275753021240e-01
-4.152812957763671875e-01
1.642295718193054199e-01
4.237250685691833496e-01
-2.201319456100463867e+00
-1.743311643600463867e+00
1.249913215637207031e+00
6.086702346801757812e-01
-8.844213485717773438e-01
4.254389107227325439e-01
-8.488280773162841797e-01
1.007957458496093750e+00
-3.978088617324829102e+00
1.064651966094970703e+00
-2.105281800031661987e-01
9.500379115343093872e-02
5.183783173561096191e-01
2.752519249916076660e-01
-2.527951300144195557e-01
-1.651643216609954834e-01
6.866896152496337891e-01
4.467644393444061279e-01
-1.195817112922668457e+00
-3.377552628517150879e-01
-4.499612748622894287e-01
5.319256782531738281e-01
1.434701383113861084e-01
1.460537910461425781e-01
-1.489239335060119629e+00
5.876145958900451660e-01
1.109005212783813477e+00
-5.668574478477239609e-03
-5.666314959526062012e-01
5.185984969139099121e-01
1.205847859382629395e+00
-7.416993379592895508e-02
2.844151854515075684e-01
8.322239518165588379e-01
-2.377228736877441406e-01
1.311811089515686035e+00
2.808835804462432861e-01
-1.441175043582916260e-01
-1.905238479375839233e-01
1.478421688079833984e+00
-1.359870076179504395e+00
-2.215526103973388672e+00
-9.824315905570983887e-01
-1.144183158874511719e+00
1.179357647895812988e+00
-4.042114317417144775e-01
8.684284090995788574e-01
3.272325396537780762e-01
5.562298297882080078e-01
-5.358826834708452225e-03
1.830427408218383789e+00
-4.969450831413269043e-01
4.660798907279968262e-01
3.558276295661926270e-01
9.635682106018066406e-01
1.526622176170349121e-01
5.038318634033203125e-01
-5.097646713256835938e-01
-2.551041841506958008e-01
-9.061327576637268066e-02
9.591648578643798828e-01
2.767914533615112305e-01
2.733416855335235596e-01
-6.074659824371337891e-01
7.315776944160461426e-01
-6.454939842224121094e-01
3.227980136871337891e-01
-3.306618332862854004e-02
-1.540241599082946777e+00
-1.683198690414428711e+00
7.912018150091171265e-02
2.061973810195922852e-01
-6.355802416801452637e-01
5.059652924537658691e-01
-8.774714469909667969e-01
4.091147184371948242e-01
-5.174217000603675842e-02
1.324116736650466919e-01
-4.203757345676422119e-01
-3.998274803161621094e-01
4.872468709945678711e-01
-6.104615330696105957e-01
-1.304080724716186523e+00
5.655410885810852051e-01
-1.190659403800964355e+00
1.935045599937438965e+00
4.955388307571411133e-01
7.877040505409240723e-01
-2.428253144025802612e-01
-6.400409936904907227e-01
-6.614420413970947266e-01
5.607643723487854004e-01
-4.147275686264038086e-01
5.550769716501235962e-02
-6.236843392252922058e-02
1.104354932904243469e-01
8.841363191604614258e-01
3.042097985744476318e-01
-1.884144097566604614e-01
5.189849138259887695e-01
1.917129397392272949e+00
-6.599776148796081543e-01
2.374381422996520996e-01
2.118510752916336060e-01
1.282851338386535645e+00
2.012024372816085815e-01
-1.318008661270141602e+00
-1.128299713134765625e+00
-1.635771989822387695e-01
-1.873586654663085938e+00
2.011023461818695068e-01
2.261651158332824707e-01
6.874776482582092285e-01
-9.340147376060485840e-01
-4.651777446269989014e-01
-1.514139652252197266e+00
-2.132114619016647339e-01
-2.296061068773269653e-01
2.200547754764556885e-01
-7.563018053770065308e-02
1.760108828544616699e+00
6.031395792961120605e-01
-5.728467702865600586e-01
-1.453509926795959473e+00
6.799548864364624023e-01
-9.739744663238525391e-01
3.573625385761260986e-01
-1.816068410873413086e+00
-5.505194887518882751e-03
-3.485424071550369263e-02
5.010982751846313477e-01
1.994920372962951660e+00
-4.196334779262542725e-01
3.057520985603332520e-01
5.102640986442565918e-01
-1.115119338035583496e+00
3.297779262065887451e-01
-9.388128668069839478e-02
1.321705281734466553e-01
-6.716279983520507812e-01
8.912218734622001648e-03
-1.170907974243164062e+00
6.322440505027770996e-01
-1.914912343025207520e+00
1.639923334121704102e+00
-1.120679855346679688e+00
-1.454279422760009766e+00
-7.648299336433410645e-01
2.176019549369812012e-01
-3.676009476184844971e-01
1.463223218917846680e+00
7.582734804600477219e-03
-6.584518551826477051e-01
8.684571385383605957e-01
-1.041590929031372070e+00
1.421307474374771118e-01
1.875316500663757324e-01
-6.031647324562072754e-01
-7.880858778953552246e-01
2.317640185356140137e-01
1.006394550204277039e-01
9.656442403793334961e-01
1.552455902099609375e+00
-1.337917327880859375e+00
3.381133079528808594e-01
5.762700438499450684e-01
-3.458560109138488770e-01
1.102270126342773438e+00
-2.781898975372314453e-01
1.429969519376754761e-01
-1.244930624961853027e+00
4.140790998935699463e-01
2.654820680618286133e-01
3.138962984085083008e-01
9.331398010253906250e-01
2.437337934970855713e-01
6.344318985939025879e-01
2.757229506969451904e-01
-1.574117660522460938e+00
7.341937422752380371e-01
5.130143836140632629e-02
-5.375834703445434570e-01
8.254477977752685547e-01
-8.414881229400634766e-01
2.071174532175064087e-01
5.135187506675720215e-01
1.584296584129333496e+00
7.756298780441284180e-01
-5.793649554252624512e-01
6.859081387519836426e-01
-1.316400319337844849e-01
-8.807317614555358887e-01
5.005393028259277344e-01
-3.612813949584960938e-01
-1.714398980140686035e+00
3.650377094745635986e-01
-5.822807550430297852e-01
-6.212419867515563965e-01
1.366175860166549683e-01
4.120030403137207031e-01
-2.395720779895782471e-01
-7.063032984733581543e-01
1.486623525619506836e+00
-6.545440554618835449e-01
6.284056305885314941e-01
6.989838480949401855e-01
-1.596805691719055176e+00
2.023850381374359131e-01
-1.283975243568420410e+00
-1.441715657711029053e-01
1.881653517484664917e-01
-1.256415247917175293e+00
1.824014663696289062e+00
-1.234942600131034851e-01
3.920338451862335205e-01
-6.382983326911926270e-01
2.366407215595245361e-01
-4.728052616119384766e-01
1.553838849067687988e+00
-2.373005151748657227e-01
3.324591815471649170e-01
-1.312879562377929688e+00
5.466154813766479492e-01
9.050241708755493164e-01
2.259166538715362549e-01
-9.640689194202423096e-02
8.322496712207794189e-02
1.843190342187881470e-01
-3.729797303676605225e-01
1.480296254158020020e+00
-3.778017163276672363e-01
-5.735796689987182617e-01
1.427429635077714920e-02
-9.448944926261901855e-01
3.963207080960273743e-02
1.068311691284179688e+00
-2.825315855443477631e-02
6.306533217430114746e-01
9.124121665954589844e-01
-2.789776921272277832e-01
1.021184444427490234e+00
