2.768531143665313721e-01
-6.927313804626464844e-01
3.328211605548858643e-01
-1.041087388992309570e+00
-1.368840217590332031e+00
9.397721290588378906e-01
-4.416615962982177734e-01
2.788848876953125000e-01
8.376058340072631836e-01
1.468732580542564392e-02
5.402176082134246826e-02
1.325417011976242065e-01
-1.061168909072875977e+00
-1.477656126022338867e+00
-3.377146422863006592e-01
-1.011814400553703308e-01
-7.616732120513916016e-01
7.498052716255187988e-01
-1.411872148513793945e+00
1.147626042366027832e+00
-9.496839046478271484e-01
6.091491580009460449e-01
1.658375740051269531e+00
3.260220289230346680e-01
-9.579284787178039551e-01
5.830048322677612305e-01
-2.324041873216629028e-01
1.066187024116516113e-01
-1.624084353446960449e+00
-1.145934104919433594e+00
1.160156652331352234e-01
-9.731667041778564453e-01
-3.665037080645561218e-02
7.306119054555892944e-02
7.232276797294616699e-01
-6.296561658382415771e-02
-1.204545378684997559e+00
8.164001256227493286e-02
-3.416969180107116699e-01
9.294506907463073730e-02
-6.513281464576721191e-01
2.672700583934783936e-02
-7.989420890808105469e-01
1.220643147826194763e-01
1.742226928472518921e-01
1.795576572418212891e+00
6.487044692039489746e-01
1.044019103050231934e+00
-1.628178805112838745e-01
-1.186926364898681641e+00
-4.145527482032775879e-01
2.200620472431182861e-01
7.963945716619491577e-02
6.608057618141174316e-01
7.197616100311279297e-01
1.589553654193878174e-01
-8.697145581245422363e-01
-2.360967397689819336e-01
9.702194929122924805e-01
-1.434556990861892700e-01
7.327445149421691895e-01
5.016242712736129761e-02
-3.072396516799926758e-01
9.343311190605163574e-01
2.628732919692993164e-01
-3.461465537548065186e-01
1.012745276093482971e-01
-2.851006388664245605e-01
-1.698703289031982422e+00
-8.771668076515197754e-01
-2.707611918449401855e-01
-1.208648204803466797e+00
-1.056452751159667969e+00
-8.428573608398437500e-01
1.124833345413208008e+00
1.223906755447387695e+00
1.540163159370422363e+00
1.984745115041732788e-01
1.026244521141052246e+00
2.204501628875732422e-02
4.677735865116119385e-01
4.913999438285827637e-01
-8.017291426658630371e-01
-1.076631546020507812e-01
-2.584768533706665039e-01
-5.067692399024963379e-01
3.581819310784339905e-02
-3.376853764057159424e-01
3.470264971256256104e-01
-3.246223181486129761e-02
-1.331559419631958008e+00
1.841956228017807007e-01
-6.200660467147827148e-01
-9.403269290924072266e-01
8.149111270904541016e-01
-4.468517899513244629e-01
-3.873634934425354004e-01
-4.053271412849426270e-01
1.255419015884399414e+00
6.499587893486022949e-01
9.467436671257019043e-01
3.966540694236755371e-01
3.868749737739562988e-01
-2.762786149978637695e-01
-9.220858216285705566e-01
-2.471098154783248901e-01
-7.369130253791809082e-01
9.207510352134704590e-01
2.577913999557495117e-01
-9.860872626304626465e-01
-1.649906039237976074e+00
-6.784935593605041504e-01
-2.673942148685455322e-01
-7.816685438156127930e-01
9.221964478492736816e-01
8.682692646980285645e-01
1.218282431364059448e-01
1.106390450149774551e-02
5.021387338638305664e-01
-3.848375752568244934e-02
2.671763896942138672e-01
1.303608059883117676e+00
6.696137785911560059e-01
2.804892361164093018e-01
-8.688847422599792480e-01
1.144211888313293457e+00
-1.208834499120712280e-01
-6.513150036334991455e-02
1.994798302650451660e+00
-8.074944019317626953e-01
-2.063642740249633789e+00
7.145315408706665039e-01
1.494486331939697266e-01
2.251235246658325195e-01
1.147459521889686584e-01
-9.599071741104125977e-01
6.053978204727172852e-01
-9.100708365440368652e-02
6.233211755752563477e-01
1.467232584953308105e+00
2.100165933370590210e-01
-6.392298340797424316e-01
-1.016883969306945801e+00
1.517101049423217773e+00
1.126252934336662292e-01
-1.425400376319885254e-01
5.285216495394706726e-03
4.385643899440765381e-01
1.911440372467041016e+00
-1.044340968132019043e+00
1.691136598587036133e+00
-4.107661247253417969e-01
-1.123567819595336914e+00
5.548154115676879883e-01
7.363239526748657227e-01
1.391649603843688965e+00
-6.831114292144775391e-01
2.630475759506225586e-01
-6.055225804448127747e-02
8.370916247367858887e-01
-9.000427126884460449e-01
-2.023868858814239502e-01
1.051735132932662964e-01
-1.017384290695190430e+00
1.639020442962646484e+00
-5.628235340118408203e-01
1.367347985506057739e-01
-1.242698669433593750e+00
-7.959606647491455078e-01
4.684750437736511230e-01
-5.047467350959777832e-01
8.548328280448913574e-01
1.232637390494346619e-01
-9.513530731201171875e-01
2.011051654815673828e+00
-1.393752455711364746e+00
-1.031747102737426758e+00
4.956965520977973938e-02
5.080892443656921387e-01
1.509917140007019043e+00
-4.128442145884037018e-03
1.468560099601745605e+00
-6.544629931449890137e-01
6.068077683448791504e-01
-5.019938349723815918e-01
8.105309605598449707e-01
-2.645305097103118896e-01
-8.384332656860351562e-01
-8.225243538618087769e-02
3.758485317230224609e-01
4.903950691223144531e-01
-3.485670387744903564e-01
6.012803912162780762e-01
-1.922675371170043945e-01
-9.980242252349853516e-01
5.409022569656372070e-01
-4.999804776161909103e-03
-6.569395065307617188e-01
6.020010709762573242e-01
-4.995725154876708984e-01
-4.729156792163848877e-01
-9.783852100372314453e-01
3.373472392559051514e-01
-1.234134912490844727e+00
-8.089385032653808594e-01
3.520478904247283936e-01
-1.215659976005554199e-01
5.923660397529602051e-01
6.419749855995178223e-01
8.422455787658691406e-01
-5.407679080963134766e-01
3.189622610807418823e-02
4.410198926925659180e-01
1.960767656564712524e-01
4.634646773338317871e-01
4.788527786731719971e-01
3.360016047954559326e-01
1.678424030542373657e-01
2.485702633857727051e-01
-8.182712793350219727e-01
-2.341309338808059692e-01
5.730139017105102539e-01
8.180190324783325195e-01
-6.445935368537902832e-01
-8.777763247489929199e-01
4.834553599357604980e-01
-4.093467816710472107e-02
-6.593449115753173828e-01
-1.263619303703308105e+00
-1.923271641135215759e-02
3.799994885921478271e-01
-4.948878884315490723e-01
5.472261309623718262e-01
1.079462766647338867e+00
-1.979519724845886230e-01
-6.289588212966918945e-01
-2.221281290054321289e+00
1.806479096412658691e-01
2.503143846988677979e-01
7.762181572616100311e-03
7.085977792739868164e-01
8.883379101753234863e-01
-8.222428560256958008e-01
-3.847175240516662598e-01
-5.113741159439086914e-01
1.017828941345214844e+00
2.963792383670806885e-01
-3.411878645420074463e-01
-1.589893251657485962e-01
3.991664052009582520e-01
-2.293415367603302002e-01
5.108331441879272461e-01
1.187249422073364258e+00
5.202031135559082031e-01
1.118080019950866699e+00
-2.292885303497314453e+00
3.763600289821624756e-01
-2.172435820102691650e-01
1.308431029319763184e+00
5.166802406311035156e-01
2.584902644157409668e-01
-4.304174482822418213e-01
1.322283387184143066e+00
1.051157712936401367e+00
-1.919695973396301270e+00
1.359689831733703613e+00
7.294463515281677246e-01
-2.621727287769317627e-01
3.767438977956771851e-02
1.670067429542541504e+00
2.574036717414855957e-01
-1.409043073654174805e+00
1.147739142179489136e-01
-1.896465122699737549e-01
-1.936242222785949707e+00
7.638698220252990723e-01
-1.515800714492797852e+00
2.122071266174316406e+00
-8.653462529182434082e-01
1.390243172645568848e+00
3.160449862480163574e-01
-4.000948667526245117e-01
-8.841902017593383789e-01
-9.212872385978698730e-01
-7.322310805320739746e-01
-1.290020108222961426e+00
-5.557194352149963379e-01
9.254445433616638184e-01
6.636791825294494629e-01
6.803068518638610840e-01
-2.632933557033538818e-01
-5.945584177970886230e-01
2.443623095750808716e-01
-1.022006273269653320e+00
1.321986317634582520e+00
8.759519457817077637e-02
-4.905725643038749695e-02
1.290895640850067139e-01
-1.110530257225036621e+00
1.285847067832946777e+00
1.102138996124267578e+00
1.626599669456481934e+00
1.100619733333587646e-01
-2.969427108764648438e-01
-6.294087767601013184e-01
-7.103773355484008789e-01
4.447218179702758789e-01
1.149598836898803711e+00
-5.159514546394348145e-01
1.652946323156356812e-02
4.999743402004241943e-01
-9.045536518096923828e-01
6.040610074996948242e-01
-4.547103941440582275e-01
2.877928495407104492e+00
-4.277547001838684082e-01
-1.463665664196014404e-01
-6.559680216014385223e-03
1.065298795700073242e+00
-5.565851926803588867e-01
-2.619539499282836914e-01
5.106757283210754395e-01
1.627331376075744629e-01
7.741311788558959961e-01
8.972909301519393921e-02
3.650876879692077637e-01
3.099253177642822266e-01
-7.561238855123519897e-02
-8.315410614013671875e-01
1.181276440620422363e+00
-7.498574256896972656e-01
-1.079171895980834961e+00
1.334277838468551636e-01
1.017372965812683105e+00
4.739301800727844238e-01
6.293802857398986816e-01
1.010468602180480957e+00
1.533863842487335205e-01
8.784233927726745605e-01
-7.693108320236206055e-01
4.811605811119079590e-01
-6.348038315773010254e-01
1.578151583671569824e+00
4.763006567955017090e-01
2.879698760807514191e-02
-4.970610737800598145e-01
2.999353781342506409e-02
-7.996460795402526855e-02
-1.175131797790527344e+00
8.445618748664855957e-01
-9.726642370223999023e-01
7.772519588470458984e-01
-1.011109113693237305e+00
1.215261459350585938e+00
-5.369923114776611328e-01
-5.218530893325805664e-01
-1.674800872802734375e+00
4.077770411968231201e-01
3.066859841346740723e-01
5.848277807235717773e-01
-1.783329606056213379e+00
9.620220661163330078e-01
4.499746263027191162e-01
6.617049574851989746e-01
-1.048755764961242676e+00
-1.546601176261901855e+00
-1.510344266891479492e+00
9.307974576950073242e-01
1.509875178337097168e+00
-3.479457795619964600e-01
-7.556545138359069824e-01
-1.067010536789894104e-01
-1.239346623420715332e+00
6.332278251647949219e-01
3.892751336097717285e-01
3.993557393550872803e-01
1.717272520065307617e+00
1.638778671622276306e-02
8.882124423980712891e-01
4.002679586410522461e-01
5.320254564285278320e-01
9.416756629943847656e-01
-1.551889032125473022e-01
-4.870289564132690430e-02
-2.157941609621047974e-01
1.160042881965637207e+00
-1.119612455368041992e-01
-2.743887603282928467e-01
1.811698555946350098e+00
9.133757352828979492e-01
1.634631305932998657e-01
2.604809030890464783e-02
1.864891201257705688e-01
-6.751886606216430664e-01
5.969834923744201660e-01
-1.047886610031127930e+00
8.819343447685241699e-01
-7.719825208187103271e-02
2.308269441127777100e-01
9.553105384111404419e-02
1.108206033706665039e+00
1.898605972528457642e-01
-1.791410923004150391e+00
-2.014438062906265259e-01
1.391247868537902832e+00
-6.724368929862976074e-01
3.748708963394165039e-01
-6.253125667572021484e-01
-5.660699009895324707e-01
-5.285644531250000000e-01
7.359969615936279297e-01
-3.750969767570495605e-01
-1.570924930274486542e-02
1.211956501007080078e+00
3.750976324081420898e-01
9.815294146537780762e-01
-7.043926715850830078e+00
-9.520922303199768066e-01
-1.069121122360229492e+00
-6.048484444618225098e-01
-8.716486692428588867e-01
6.122705936431884766e-01
-1.882396578788757324e+00
3.926085233688354492e-01
8.655657768249511719e-01
4.615888595581054688e-01
5.090072751045227051e-01
-3.669298291206359863e-01
6.505596637725830078e-01
-1.271169304847717285e+00
-1.739481568336486816e+00
6.986349821090698242e-01
6.548715829849243164e-01
9.637831449508666992e-01
5.182741880416870117e-01
2.859312295913696289e-01
-1.414825677871704102e+00
6.111932396888732910e-01
-5.260787010192871094e-01
-3.273620903491973877e-01
-6.129538640379905701e-02
1.122829020023345947e-01
1.092997491359710693e-01
-6.085216999053955078e-01
-5.416115522384643555e-01
-9.827131628990173340e-01
-1.144222140312194824e+00
1.237939596176147461e+00
-4.030422866344451904e-01
-1.155250743031501770e-01
-7.626769691705703735e-02
-1.506539940834045410e+00
6.010303497314453125e-01
-7.569764852523803711e-01
-1.294071227312088013e-01
7.341873645782470703e-02
9.918382167816162109e-01
-2.193998336791992188e+00
-9.413833022117614746e-01
-8.118896484375000000e-01
2.068453550338745117e+00
7.483972609043121338e-02
-4.751023948192596436e-01
-2.056903392076492310e-01
-1.879247546195983887e+00
9.454436898231506348e-01
-5.446294546127319336e-01
-9.616234898567199707e-01
-2.363178253173828125e+00
9.731155633926391602e-01
-9.043655395507812500e-01
-1.435665726661682129e+00
-7.788880169391632080e-02
-8.661890029907226562e-01
6.692726612091064453e-01
-2.830192148685455322e-01
1.726694554090499878e-01
-9.456907510757446289e-01
-4.412050545215606689e-01
-4.400431737303733826e-02
-8.774120807647705078e-01
-1.185484290122985840e+00
-7.889342308044433594e-01
-2.315600812435150146e-01
-5.859574079513549805e-01
9.175605773925781250e-01
-1.028835654258728027e+00
-1.615715146064758301e+00
4.194812774658203125e-01
8.317104578018188477e-01
-7.002759575843811035e-01
6.295965909957885742e-01
2.676652073860168457e-01
-8.297328352928161621e-01
1.325472950935363770e+00
3.716611564159393311e-01
-6.822726130485534668e-01
1.487307906150817871e+00
3.748039603233337402e-01
2.965192198753356934e-01
7.656639218330383301e-01
-2.675639390945434570e-01
1.439139008522033691e+00
8.003503680229187012e-01
6.327403783798217773e-01
-1.581774204969406128e-01
-4.865409433841705322e-01
-1.330366969108581543e+00
9.769809842109680176e-01
1.554756313562393188e-01
-2.327120155096054077e-01
1.199264883995056152e+00
-5.345328450202941895e-01
-1.258808135986328125e+00
3.890818655490875244e-01
1.811737418174743652e-01
-1.181340694427490234e+00
2.851025760173797607e-01
4.756840765476226807e-01
-1.923332333564758301e+00
-9.622545838356018066e-01
6.405323743820190430e-01
3.062982559204101562e-01
2.299382388591766357e-01
-5.574160218238830566e-01
3.794949650764465332e-01
6.053025722503662109e-01
-2.021949768066406250e+00
-1.263044595718383789e+00
5.726199746131896973e-01
7.363654673099517822e-02
-1.107913732528686523e+00
1.303911328315734863e+00
-5.646848082542419434e-01
-9.795545041561126709e-02
-3.107532501220703125e+00
2.225250899791717529e-01
-3.588930666446685791e-01
1.811748743057250977e+00
-4.898618161678314209e-01
-1.058678150177001953e+00
5.264277458190917969e-01
2.305831760168075562e-01
-3.460580408573150635e-01
5.289207100868225098e-01
-5.435783863067626953e-01
-4.212545156478881836e-01
-1.962370276451110840e-01
9.635731577873229980e-01
-1.540843486785888672e+00
-1.212977647781372070e+00
-9.658802747726440430e-01
5.706619024276733398e-01
2.101696729660034180e+00
-1.010974049568176270e+00
1.074180245399475098e+00
5.944330692291259766e-01
5.095337033271789551e-01
8.454474806785583496e-01
-3.969223797321319580e-01
5.450326800346374512e-01
-1.921169757843017578e-01
7.423999905586242676e-01
4.007909595966339111e-01
1.172547340393066406e+00
-1.023266911506652832e+00
1.185177087783813477e+00
-3.233475387096405029e-01
-1.097432017326354980e+00
-8.335491418838500977e-01
-8.443802595138549805e-02
7.510342597961425781e-01
-9.820098876953125000e-01
5.852113962173461914e-01
5.997923389077186584e-02
-8.368855714797973633e-02
-7.375376820564270020e-01
9.671620130538940430e-01
-7.190771102905273438e-01
1.127073168754577637e+00
1.438584089279174805e+00
-2.097372561693191528e-01
9.975282549858093262e-01
9.880443811416625977e-01
6.826710104942321777e-01
3.412103950977325439e-01
-6.066952943801879883e-01
-8.357908129692077637e-01
-1.130640506744384766e+00
-1.245764136314392090e+00
-4.903521239757537842e-01
1.654413342475891113e-01
-7.246473431587219238e-01
2.019950598478317261e-01
6.413093805313110352e-01
-1.703153491020202637e+00
3.140312135219573975e-01
1.773768067359924316e-01
1.078684210777282715e+00
2.347613722085952759e-01
6.028183102607727051e-01
1.269990503787994385e-01
9.059246629476547241e-02
7.652609944343566895e-01
-3.073803782463073730e-01
-1.419899940490722656e+00
4.532647728919982910e-01
1.050855636596679688e+00
-8.559972047805786133e-02
-7.642408013343811035e-01
-7.048119306564331055e-01
-5.666593313217163086e-01
1.255395412445068359e+00
-1.825701743364334106e-01
1.693664193153381348e+00
-3.216339051723480225e-01
-2.462947666645050049e-01
-3.987630009651184082e-01
1.084970474243164062e+00
-5.766282081604003906e-01
1.334280967712402344e+00
-1.288230419158935547e+00
6.157595515251159668e-01
5.747222900390625000e-01
-9.751243591308593750e-01
-1.693910479545593262e+00
9.295295476913452148e-01
-6.492885947227478027e-01
-3.284066021442413330e-01
-6.513264775276184082e-01
2.551469206809997559e-01
-9.289407730102539062e-01
-2.217304706573486328e-02
-1.994547486305236816e+00
-1.830758452415466309e+00
-8.756930232048034668e-01
-7.936691641807556152e-01
7.787433862686157227e-01
6.021072864532470703e-01
1.650795340538024902e+00
-2.491750240325927734e+00
-7.632265686988830566e-01
-3.130372524261474609e+00
-3.298380970954895020e-01
7.651463150978088379e-01
-4.140544831752777100e-01
-6.087334752082824707e-01
-6.379215121269226074e-01
1.863716840744018555e+00
-4.763486683368682861e-01
-4.662897884845733643e-01
3.298780322074890137e-01
-6.169273853302001953e-01
-1.075429394841194153e-01
-1.224467515945434570e+00
-7.654718160629272461e-01
-1.742810010910034180e-01
1.409520268440246582e+00
2.533164501190185547e+00
-1.316826105117797852e+00
4.839321374893188477e-01
-4.455644264817237854e-02
9.551143050193786621e-01
8.441295623779296875e-01
1.369309782981872559e+00
5.868306756019592285e-01
-7.354937791824340820e-01
-6.777749061584472656e-01
-3.621633052825927734e-01
8.991139531135559082e-01
-1.137524008750915527e+00
1.573923468589782715e+00
-7.699750661849975586e-01
-1.604306817054748535e+00
-5.076435804367065430e-01
-5.010593533515930176e-01
-1.472670078277587891e+00
2.173005104064941406e+00
-4.657085984945297241e-02
-1.918633282184600830e-01
8.982383012771606445e-01
3.176687359809875488e-01
-2.964269220829010010e-01
1.181821346282958984e+00
1.086732864379882812e+00
6.495022773742675781e-01
-3.831090331077575684e-01
8.602579236030578613e-01
-6.222192049026489258e-01
7.728294730186462402e-01
-1.511689901351928711e+00
-5.622429251670837402e-01
4.366953074932098389e-01
5.971001386642456055e-01
8.675681948661804199e-01
-4.070562422275543213e-01
-3.457088768482208252e-01
-4.308236539363861084e-01
7.830002307891845703e-01
-6.663532257080078125e-01
-2.397039532661437988e-01
-3.345079347491264343e-02
4.647851884365081787e-01
1.648686379194259644e-01
-6.714543700218200684e-01
5.230996385216712952e-02
3.985741436481475830e-01
-5.843194127082824707e-01
5.009490251541137695e-01
-5.521706938743591309e-01
-3.162427902221679688e+00
9.987939596176147461e-01
-2.373014688491821289e-01
1.281473398208618164e+00
9.832784533500671387e-01
2.672503292560577393e-01
4.141080975532531738e-01
6.633473038673400879e-01
-4.266670942306518555e-01
5.257699489593505859e-01
7.533579468727111816e-01
-2.378829002380371094e+00
1.641607046127319336e+00
-1.107795014977455139e-01
9.340913295745849609e-01
4.336016774177551270e-01
3.485385477542877197e-01
2.010164856910705566e-01
5.710064768791198730e-01
-3.825937509536743164e-01
6.314295530319213867e-01
9.647535532712936401e-02
1.320046424865722656e+00
-1.486517906188964844e+00
7.281106114387512207e-01
-1.726545572280883789e+00
-1.622773051261901855e+00
-9.545512795448303223e-01
-1.674413204193115234e+00
7.544550299644470215e-01
-8.533894419670104980e-01
9.717234969139099121e-01
9.866717271506786346e-03
-9.256877303123474121e-01
-4.013537615537643433e-02
1.999041438102722168e+00
2.646417617797851562e-01
1.854711472988128662e-01
1.471279263496398926e-01
2.570245563983917236e-01
-8.069986701011657715e-01
7.969530224800109863e-01
9.290191531181335449e-02
-7.779830694198608398e-01
2.486733794212341309e-01
-4.466252624988555908e-01
2.867703437805175781e+00
-6.518617868423461914e-01
-2.168672561645507812e+00
9.140269458293914795e-02
-7.361857891082763672e-01
-3.252101242542266846e-01
7.524262070655822754e-01
4.666710495948791504e-01
1.315596699714660645e+00
7.040003538131713867e-01
-2.931009531021118164e-01
5.495401099324226379e-02
