8.079701066017150879e-01
-6.631613969802856445e-01
8.040027618408203125e-01
-1.029583930969238281e+00
-1.435689210891723633e+00
3.323568701744079590e-01
2.606728374958038330e-01
-1.563589870929718018e-01
-2.807603776454925537e-01
-3.657822310924530029e-01
-6.309571862220764160e-01
2.062516808509826660e-01
-3.574286699295043945e-01
-1.713170528411865234e+00
-7.763456106185913086e-01
-2.603457570075988770e-01
5.225477367639541626e-02
4.217138886451721191e-02
-1.519286394119262695e+00
1.501906633377075195e+00
-2.285858690738677979e-01
-1.670736074447631836e+00
5.018072575330734253e-02
-8.174226433038711548e-02
1.186611056327819824e+00
-5.426955223083496094e-01
-5.388131737709045410e-01
-5.090366601943969727e-01
-1.310638785362243652e+00
-1.032245993614196777e+00
-1.991422474384307861e-01
-8.208352923393249512e-01
1.127630844712257385e-01
1.179231181740760803e-01
1.195274233818054199e+00
2.168891578912734985e-01
-1.024028182029724121e+00
9.088698029518127441e-01
8.070379495620727539e-01
-3.753451257944107056e-02
-5.074836015701293945e-01
5.036960840225219727e-01
-7.380408048629760742e-01
8.456839323043823242e-01
8.298892527818679810e-02
6.568876504898071289e-01
1.629731059074401855e+00
2.175072193145751953e+00
2.435777783393859863e-01
1.114540815353393555e+00
-5.115751624107360840e-01
2.716283127665519714e-02
-9.438543915748596191e-01
-4.989386796951293945e-01
-6.303216218948364258e-01
9.029617905616760254e-02
-8.204637765884399414e-01
5.787601470947265625e-01
4.614279866218566895e-01
5.682694315910339355e-01
1.114810347557067871e+00
2.410462498664855957e-01
-5.890272855758666992e-01
1.031135916709899902e+00
7.685860991477966309e-01
-9.118115305900573730e-01
-1.567156910896301270e-01
9.813053160905838013e-02
-1.742438524961471558e-01
-1.198784947395324707e+00
-2.660967707633972168e-01
3.358411416411399841e-02
-1.568470001220703125e+00
-1.133504152297973633e+00
-2.312569022178649902e-01
1.363480925559997559e+00
1.183809518814086914e+00
-4.759473800659179688e-01
1.077030301094055176e+00
-7.338884472846984863e-01
1.386282205581665039e+00
1.062957525253295898e+00
-1.020561814308166504e+00
-1.155199646949768066e+00
-4.064349532127380371e-01
-6.696881651878356934e-01
-2.714382484555244446e-02
-3.415299654006958008e-01
-1.271570801734924316e+00
8.524661660194396973e-01
-6.928951144218444824e-01
-1.318100243806838989e-01
7.399343252182006836e-01
-8.902926445007324219e-01
-5.253264904022216797e-01
9.829295873641967773e-01
-9.774001240730285645e-01
-2.744697928428649902e-01
6.777604818344116211e-01
3.744121491909027100e-01
2.420338153839111328e+00
6.740522384643554688e-01
4.063086807727813721e-01
-4.550476670265197754e-01
-1.586712241172790527e+00
3.327966630458831787e-01
-1.368129730224609375e+00
7.576482295989990234e-01
-3.633867204189300537e-01
-1.800442814826965332e+00
-1.275479197502136230e+00
1.395706366747617722e-02
5.447806119918823242e-01
-1.123396039009094238e+00
1.203248381614685059e+00
8.651945590972900391e-01
-4.883115291595458984e-01
1.270555615425109863e+00
-4.873498380184173584e-01
3.950525820255279541e-01
2.385738492012023926e-01
1.556945085525512695e+00
1.501976370811462402e+00
4.761800169944763184e-03
-6.523033976554870605e-01
3.935932815074920654e-01
-1.769052594900131226e-01
-2.640946805477142334e-01
1.253315567970275879e+00
-1.256724298000335693e-01
-2.347963452339172363e-01
-8.559691309928894043e-01
-8.958203792572021484e-01
-1.889972388744354248e-01
-5.941255688667297363e-01
-2.617895901203155518e-01
1.642384678125381470e-01
4.849508702754974365e-01
-1.758444428443908691e+00
2.909777462482452393e-01
1.039991259574890137e+00
-1.483079075813293457e+00
-3.825271129608154297e-01
5.605350136756896973e-01
1.863199323415756226e-01
1.070540666580200195e+00
-8.800041675567626953e-01
-3.201565146446228027e-02
7.322593331336975098e-01
-1.673539638519287109e+00
-4.540650248527526855e-01
-8.639557361602783203e-01
1.587922573089599609e-01
1.091053009033203125e+00
-1.059007495641708374e-01
4.189264774322509766e-01
2.527770102024078369e-01
6.186437606811523438e-01
4.057191908359527588e-01
-3.393952846527099609e-01
-1.179525375366210938e+00
8.674945682287216187e-02
5.243404507637023926e-01
2.607821822166442871e-01
1.009406447410583496e+00
2.167228460311889648e-01
-2.885725498199462891e-01
9.877517819404602051e-02
-1.267487168312072754e+00
-1.503702849149703979e-01
-1.057479262351989746e+00
-2.909317612648010254e-01
5.756074190139770508e-01
-1.078604236245155334e-01
-3.027547337114810944e-02
-1.594876050949096680e-01
-7.775235772132873535e-01
-6.686254739761352539e-01
1.713274240493774414e+00
6.121565103530883789e-01
5.465183258056640625e-01
3.808018565177917480e-01
-3.230308592319488525e-01
7.315319180488586426e-01
1.743126958608627319e-01
4.502142667770385742e-01
-4.719717204570770264e-01
-1.483282208442687988e+00
-5.587244033813476562e-01
-5.146380066871643066e-01
5.725496411323547363e-01
-1.178582787513732910e+00
9.677086025476455688e-02
-3.039816021919250488e-02
-1.031620055437088013e-01
5.803447216749191284e-02
-1.023236989974975586e+00
-7.402558326721191406e-01
-2.701363861560821533e-01
-4.061311483383178711e-01
-1.576069593429565430e+00
-7.017277479171752930e-01
6.171824876219034195e-03
2.442526631057262421e-02
1.018733263015747070e+00
-3.481102585792541504e-01
-2.425553500652313232e-01
1.209524631500244141e+00
4.421925842761993408e-01
3.136267662048339844e-01
-2.123083472251892090e-01
4.319041371345520020e-01
-3.085859715938568115e-01
1.905534416437149048e-01
9.768365621566772461e-01
3.335506916046142578e-01
3.795897364616394043e-01
-2.139035314321517944e-01
1.170827984809875488e+00
-3.649151623249053955e-01
-3.051262497901916504e-01
-2.349560111761093140e-01
2.857145071029663086e-01
-9.322215318679809570e-01
-5.656356811523437500e-01
1.206786751747131348e+00
1.247270584106445312e+00
-4.418066740036010742e-01
-1.495764613151550293e+00
-6.097865700721740723e-01
2.858456075191497803e-01
-1.499773561954498291e-01
2.223005443811416626e-01
2.361086368560791016e+00
1.573648005723953247e-01
-1.117279410362243652e+00
-1.482249736785888672e+00
2.561822831630706787e-01
-1.176988124847412109e+00
2.448564022779464722e-01
1.108893275260925293e+00
1.306764125823974609e+00
-4.232543408870697021e-01
5.002429336309432983e-02
-2.449164539575576782e-01
8.689211606979370117e-01
1.060172796249389648e+00
6.297126412391662598e-02
2.509462535381317139e-01
4.930517971515655518e-01
-5.273654460906982422e-01
6.718894243240356445e-01
1.151244044303894043e+00
1.058558821678161621e+00
9.912019968032836914e-01
-1.018667697906494141e+00
-3.039126396179199219e-01
1.523392200469970703e-01
-4.501374959945678711e-01
9.987903237342834473e-01
-8.387884497642517090e-01
-9.837539792060852051e-01
1.265583992004394531e+00
-8.509140014648437500e-01
-8.071854114532470703e-01
1.934800028800964355e+00
5.854361057281494141e-01
4.852449297904968262e-01
4.239727929234504700e-02
2.055068254470825195e+00
5.559095740318298340e-01
-3.572401702404022217e-01
7.194015383720397949e-02
4.310632348060607910e-01
-1.822193145751953125e+00
1.022433638572692871e+00
-1.043240070343017578e+00
1.867882609367370605e+00
-6.032959818840026855e-01
1.908157616853713989e-01
-6.066424846649169922e-01
-2.552986741065979004e-01
-3.593296110630035400e-01
-6.511622071266174316e-01
9.413433670997619629e-01
-1.238090395927429199e+00
1.366104632616043091e-01
-2.790316939353942871e-01
-3.222786784172058105e-01
-8.440148085355758667e-02
-1.430409550666809082e+00
2.527601122856140137e-01
2.729065120220184326e-01
-5.273704528808593750e-01
3.271480500698089600e-01
-1.495780497789382935e-01
9.325156807899475098e-01
7.277826070785522461e-01
-1.448203921318054199e+00
1.798188686370849609e+00
4.018299877643585205e-01
1.047534584999084473e+00
2.228117436170578003e-01
-6.545762419700622559e-01
-1.844821095466613770e+00
-9.079540967941284180e-01
1.349583268165588379e-01
1.294354438781738281e+00
-1.079047545790672302e-01
1.799169927835464478e-01
5.536449551582336426e-01
-3.889232873916625977e-01
-5.443099141120910645e-01
1.611668467521667480e-01
2.239524275064468384e-01
-7.444531321525573730e-01
-1.289879232645034790e-01
-7.643789649009704590e-01
1.301616668701171875e+00
2.768194377422332764e-01
-1.268935203552246094e+00
6.862135529518127441e-01
-8.180348873138427734e-01
1.295612752437591553e-01
-4.030260816216468811e-02
1.115874573588371277e-01
1.450787782669067383e-01
3.083461523056030273e-01
-4.666346907615661621e-01
1.184920370578765869e-01
6.612317562103271484e-01
5.871689319610595703e-01
2.752205729484558105e-01
3.084402382373809814e-01
3.247160613536834717e-01
1.265672326087951660e+00
3.443485200405120850e-01
-9.170751571655273438e-01
-1.037336707115173340e+00
-1.286204159259796143e-01
-2.986634671688079834e-01
6.910781264305114746e-01
5.605307817459106445e-01
6.251775622367858887e-01
-7.223469614982604980e-01
-8.514851331710815430e-01
-6.431404948234558105e-01
-6.134871859103441238e-03
-6.705243587493896484e-01
1.840007454156875610e-01
-6.044709086418151855e-01
4.188988208770751953e-01
-1.456153273582458496e+00
-3.302238583564758301e-01
-1.539090573787689209e-01
2.882199585437774658e-01
-7.221460342407226562e-01
8.524179458618164062e-01
-5.777614116668701172e-01
2.046968936920166016e+00
-2.256169319152832031e+00
1.276087164878845215e+00
2.916893661022186279e-01
8.339163064956665039e-01
2.697724401950836182e-01
-1.981546998023986816e+00
-1.342899054288864136e-01
1.925427198410034180e+00
1.237975478172302246e+00
-1.803265810012817383e+00
-7.522724270820617676e-01
1.065929889678955078e+00
-5.202725529670715332e-01
-1.533610373735427856e-01
8.645928502082824707e-01
5.525030493736267090e-01
1.928181648254394531e+00
4.468705654144287109e-01
1.013019979000091553e-01
-1.200984120368957520e+00
1.224624037742614746e+00
-4.351469576358795166e-01
-1.491756886243820190e-01
-8.710615634918212891e-01
-2.371591031551361084e-01
7.622010260820388794e-02
9.343018382787704468e-02
2.427551448345184326e-01
3.095916032791137695e+00
1.335308194160461426e+00
-3.924429714679718018e-01
-1.300005674362182617e+00
1.847739070653915405e-01
-7.640649676322937012e-01
-3.685613274574279785e-01
-2.556228041648864746e-01
1.107475385069847107e-01
8.749581873416900635e-02
-5.913219600915908813e-02
1.575929075479507446e-01
-7.082390785217285156e-01
3.515260815620422363e-01
-1.142680883407592773e+00
-8.735706657171249390e-02
1.293234974145889282e-01
-2.828809618949890137e-01
-4.991375207901000977e-01
-1.346143841743469238e+00
2.109570652246475220e-01
-2.416699826717376709e-01
1.161819815635681152e+00
4.251794219017028809e-01
3.874453306198120117e-01
-9.085938930511474609e-01
-4.850592911243438721e-01
-7.076132893562316895e-01
1.178925275802612305e+00
1.061301827430725098e-01
-4.073163866996765137e-01
6.006432175636291504e-01
-3.888155221939086914e-01
1.906605213880538940e-01
-5.967115759849548340e-01
-9.511015564203262329e-02
-2.896764874458312988e-01
-7.073757704347372055e-03
-3.277275562286376953e-01
1.506590396165847778e-01
2.384439855813980103e-01
-1.263654708862304688e+00
6.626638770103454590e-01
-7.761473655700683594e-01
8.515071272850036621e-01
8.532157540321350098e-01
-1.480574458837509155e-01
1.199747204780578613e+00
-5.277454853057861328e-01
-1.075171008706092834e-01
-1.377295732498168945e+00
1.349122971296310425e-01
-6.545071005821228027e-01
2.911986410617828369e-01
7.667501568794250488e-01
8.096296191215515137e-01
-9.152894020080566406e-01
-1.062801122665405273e+00
-1.231437087059020996e+00
1.033155918121337891e+00
-4.347788989543914795e-01
-3.958479762077331543e-01
2.675819993019104004e-01
-8.595387339591979980e-01
8.565600514411926270e-01
-1.056377053260803223e+00
8.589088171720504761e-02
3.625290393829345703e-01
1.133162714540958405e-02
-2.665951490402221680e+00
-1.577160000801086426e+00
-1.150280237197875977e+00
3.686803951859474182e-02
8.030515313148498535e-01
1.716329932212829590e+00
7.300907373428344727e-01
-1.459975838661193848e+00
2.509974718093872070e+00
9.027025699615478516e-01
-9.379109144210815430e-01
-2.028781652450561523e+00
1.056777477264404297e+00
-1.765847563743591309e+00
-1.391181111335754395e+00
-3.677572607994079590e-01
-1.232303902506828308e-01
5.816012993454933167e-02
4.307795464992523193e-01
6.713724732398986816e-01
-6.403554677963256836e-01
3.441604673862457275e-01
3.337156176567077637e-01
-1.345620751380920410e+00
-3.573642671108245850e-01
4.369606971740722656e-01
-6.381156295537948608e-02
-1.049724698066711426e+00
1.298331856727600098e+00
-5.095345377922058105e-01
-1.714783012866973877e-01
6.934959292411804199e-01
2.239116668701171875e+00
-3.644990026950836182e-01
1.460074424743652344e+00
1.066899225115776062e-01
-7.413150072097778320e-01
-7.290997505187988281e-01
1.470031142234802246e-01
1.513468027114868164e+00
8.479043841361999512e-01
2.322198636829853058e-02
-3.422464728355407715e-01
3.403023183345794678e-01
1.227532863616943359e+00
6.178054809570312500e-01
1.296355843544006348e+00
3.678808510303497314e-01
8.801288008689880371e-01
-5.426955819129943848e-01
3.698553889989852905e-02
-2.510229647159576416e-01
2.714899480342864990e-01
-2.544328570365905762e-01
1.792238950729370117e+00
-6.223808526992797852e-01
-1.293345451354980469e+00
5.458198785781860352e-01
-8.794724345207214355e-01
1.006018877029418945e+00
-2.881078608334064484e-02
4.905478954315185547e-01
-1.400491356849670410e+00
-2.500002622604370117e+00
1.363730549812316895e+00
5.590668693184852600e-02
3.639876469969749451e-02
-7.089204192161560059e-01
-2.489122301340103149e-01
3.283863663673400879e-01
-1.828958511352539062e+00
-2.738364458084106445e+00
1.070283532142639160e+00
6.202903985977172852e-01
-1.098448038101196289e+00
1.474790096282958984e+00
-1.353397488594055176e+00
3.059777617454528809e-01
-3.101095914840698242e+00
1.227731466293334961e+00
-3.306874334812164307e-01
-1.559686958789825439e-01
-3.082720935344696045e-01
2.743877172470092773e-01
-2.306077927350997925e-01
-2.663039565086364746e-01
3.001646995544433594e-01
6.602323651313781738e-01
-8.624517321586608887e-01
-7.491796016693115234e-01
-6.302615404129028320e-01
-3.590948879718780518e-01
5.481073632836341858e-02
-3.540813028812408447e-01
-8.322764039039611816e-01
-3.674795031547546387e-01
1.325430154800415039e+00
-1.181517958641052246e+00
-2.785639166831970215e-01
4.421321749687194824e-01
1.568183779716491699e+00
4.627904593944549561e-01
3.596408665180206299e-01
4.661095142364501953e-01
-4.952632784843444824e-01
1.276594758033752441e+00
7.668377459049224854e-02
9.362088888883590698e-02
-2.168542742729187012e-01
7.049571275711059570e-01
-1.117067217826843262e+00
-1.719615101814270020e+00
-1.000470995903015137e+00
-1.725675821304321289e+00
1.986604481935501099e-01
-6.894895434379577637e-01
8.410274982452392578e-01
-2.889830246567726135e-02
9.599648714065551758e-01
6.093553081154823303e-02
1.604376196861267090e+00
1.356407185085117817e-03
7.307370901107788086e-01
5.874565243721008301e-01
2.970472574234008789e-01
-3.767839968204498291e-01
9.365450143814086914e-01
-4.483945369720458984e-01
-2.327902317047119141e-01
-5.643536336719989777e-03
2.132367789745330811e-01
8.158967643976211548e-02
2.166546732187271118e-01
-2.772718071937561035e-01
6.327024102210998535e-01
1.237825676798820496e-01
1.033608198165893555e+00
2.726796269416809082e-01
-2.616470575332641602e+00
-1.958565354347229004e+00
3.581576049327850342e-01
2.114531397819519043e-01
-1.364231348037719727e+00
5.683759450912475586e-01
-1.165303587913513184e+00
6.774315834045410156e-01
7.260958850383758545e-02
-8.665046840906143188e-02
-2.088985145092010498e-01
2.880936861038208008e-01
8.786066770553588867e-01
-1.115997076034545898e+00
-1.508459925651550293e+00
1.246294379234313965e+00
-8.053226470947265625e-01
8.757871985435485840e-01
3.175774812698364258e-01
2.098618149757385254e-01
5.080205798149108887e-01
1.120272278785705566e+00
-7.566104531288146973e-01
1.438746213912963867e+00
2.033633440732955933e-01
4.297159612178802490e-01
-5.723083615303039551e-01
-4.057421088218688965e-01
8.463019728660583496e-01
2.806975841522216797e-01
-2.587082684040069580e-01
7.740621566772460938e-01
1.339934229850769043e+00
-5.754643082618713379e-01
-9.988761693239212036e-02
9.437206983566284180e-01
1.532135009765625000e+00
-1.081969216465950012e-01
-1.084476828575134277e+00
-4.809642136096954346e-01
-1.627246290445327759e-01
-1.470221757888793945e+00
1.998613588511943817e-02
3.528676629066467285e-01
7.583761215209960938e-01
3.138256967067718506e-01
-8.502519130706787109e-01
-1.348684191703796387e+00
-6.001547574996948242e-01
-7.016242295503616333e-02
1.157998815178871155e-01
-1.080679744482040405e-01
1.918517589569091797e+00
1.972215890884399414e+00
-4.397681653499603271e-01
-2.848087251186370850e-01
-1.286190748214721680e-01
-7.954892516136169434e-01
1.901666671037673950e-01
-2.279649496078491211e+00
3.444295823574066162e-01
-7.084111124277114868e-02
3.480250537395477295e-01
1.577480077743530273e+00
-6.222116351127624512e-01
1.270281076431274414e-01
-3.978832960128784180e-01
-5.436418056488037109e-01
1.654366552829742432e-01
-4.855360090732574463e-01
8.337559700012207031e-01
-1.048049688339233398e+00
-3.407688438892364502e-01
-9.215878248214721680e-01
1.065220236778259277e+00
-1.736645460128784180e+00
2.054450750350952148e+00
-5.792326331138610840e-01
-5.534562468528747559e-01
-1.243151783943176270e+00
-5.000143870711326599e-02
-6.961585879325866699e-01
1.625363945960998535e+00
-4.700966179370880127e-03
-1.121175169944763184e+00
3.561048805713653564e-01
-1.109843254089355469e+00
-8.091655373573303223e-01
2.098247557878494263e-01
-1.065006181597709656e-01
-6.525208353996276855e-01
1.494554132223129272e-01
6.733009219169616699e-02
3.979687094688415527e-01
1.327052712440490723e+00
-1.041757345199584961e+00
2.910996377468109131e-01
4.867484271526336670e-01
6.220543384552001953e-02
1.065366029739379883e+00
-2.585332095623016357e-01
6.823113560676574707e-02
-8.369862437248229980e-01
1.220674157142639160e+00
3.143500536680221558e-02
1.589093059301376343e-01
1.616727560758590698e-01
8.783326148986816406e-01
3.675482869148254395e-01
-3.637678027153015137e-01
-1.782201170921325684e+00
9.885733127593994141e-01
1.662605553865432739e-01
2.640518248081207275e-01
4.567606151103973389e-01
-2.163364648818969727e+00
-2.549298666417598724e-02
1.376225829124450684e+00
1.159145355224609375e+00
6.572103500366210938e-01
-1.344125628471374512e+00
7.185112833976745605e-01
-6.017311215400695801e-01
-7.643538713455200195e-01
6.142013072967529297e-01
-7.501135468482971191e-01
-1.649439811706542969e+00
6.510671973228454590e-01
-5.046075582504272461e-01
-4.574005305767059326e-01
-7.075703889131546021e-02
-2.623812258243560791e-01
9.490701369941234589e-03
-1.063534379005432129e+00
1.133068323135375977e+00
-5.725021958351135254e-01
1.325208544731140137e+00
6.455164402723312378e-02
-2.325563669204711914e+00
8.957790136337280273e-01
-1.847503900527954102e+00
-8.730854988098144531e-01
1.249124884605407715e+00
-9.185205101966857910e-01
1.535276055335998535e+00
-1.001187205314636230e+00
4.043577313423156738e-01
-4.370675086975097656e-01
1.454496830701828003e-01
2.238115817308425903e-01
2.072109937667846680e+00
4.642298221588134766e-01
3.522135019302368164e-01
-2.257483750581741333e-01
5.764698386192321777e-01
-2.122024446725845337e-02
5.298233032226562500e-01
-3.523871898651123047e-01
-3.815066814422607422e-01
1.786860078573226929e-01
-1.542477369308471680e+00
1.083651542663574219e+00
-8.773662149906158447e-02
-6.721736490726470947e-02
3.713555261492729187e-02
-6.016554236412048340e-01
-8.547657132148742676e-01
6.334359049797058105e-01
-2.610220909118652344e-01
1.559430956840515137e-01
9.857782721519470215e-01
6.459253430366516113e-01
7.374078631401062012e-01
