-3.788632452487945557e-01
-8.403913378715515137e-01
8.066241145133972168e-01
-9.354659914970397949e-01
-1.543913006782531738e+00
-9.294428676366806030e-02
-6.678177714347839355e-01
9.570508599281311035e-01
-1.454249024391174316e-02
-1.008445695042610168e-01
4.668301716446876526e-02
6.229230165481567383e-01
-3.816036581993103027e-01
-9.050273299217224121e-01
-9.215452671051025391e-01
6.174279749393463135e-02
-4.276872575283050537e-01
-1.603337377309799194e-01
-1.078639030456542969e+00
1.638659000396728516e+00
6.282281875610351562e-02
-1.330503463745117188e+00
9.298756122589111328e-01
-5.909374952316284180e-01
1.260098099708557129e+00
-1.197752714157104492e+00
-3.301116228103637695e-01
4.541277885437011719e-01
-3.645642995834350586e-01
-1.200719118118286133e+00
-9.791415929794311523e-01
-9.900055527687072754e-01
4.635130167007446289e-01
8.580416440963745117e-01
5.851356983184814453e-01
-1.981430798768997192e-01
-2.650856971740722656e-01
1.002196431159973145e+00
-5.947017073631286621e-01
6.257855147123336792e-02
-8.537757396697998047e-01
2.203751206398010254e-01
-1.152967572212219238e+00
-4.630658030509948730e-01
2.144329948350787163e-03
5.924170017242431641e-01
2.038859844207763672e+00
1.474896073341369629e+00
3.242887556552886963e-01
3.059000372886657715e-01
2.267793864011764526e-01
-2.707791328430175781e-02
-8.628895878791809082e-01
-7.422537207603454590e-01
-6.316730976104736328e-01
-1.112425923347473145e-01
-4.590514898300170898e-01
6.032403111457824707e-01
-2.334399819374084473e-01
5.987296104431152344e-01
1.103370428085327148e+00
-5.927853584289550781e-01
-1.386438012123107910e+00
6.622948050498962402e-01
4.787343144416809082e-01
-1.686666011810302734e+00
3.863728642463684082e-01
3.508084118366241455e-01
-6.743458509445190430e-01
-1.249118328094482422e+00
2.376690804958343506e-01
-1.043673276901245117e+00
-1.440838098526000977e+00
-1.292686700820922852e+00
6.555155515670776367e-01
1.776785492897033691e+00
1.387561559677124023e+00
-6.176506876945495605e-01
5.747336149215698242e-01
4.692576229572296143e-01
7.507537007331848145e-01
1.446142673492431641e+00
-3.158513307571411133e-01
-9.532982707023620605e-01
3.104906082153320312e-01
-4.102369248867034912e-01
-1.063405256718397141e-02
2.118329852819442749e-01
1.108281165361404419e-01
4.686956703662872314e-01
-1.113099977374076843e-01
2.264313697814941406e-01
8.874810338020324707e-01
-9.827700853347778320e-01
-9.189179539680480957e-01
3.165623247623443604e-01
-6.908584237098693848e-01
3.131412863731384277e-01
1.480972051620483398e+00
4.936145842075347900e-01
2.102885723114013672e+00
6.659895181655883789e-01
2.416290640830993652e-01
-1.610911369323730469e+00
-2.156260490417480469e+00
-1.182707309722900391e+00
-1.381302237510681152e+00
2.244322001934051514e-01
-4.570195078849792480e-01
-1.474193692207336426e+00
-2.066034555435180664e+00
-2.468936294317245483e-01
-3.361311852931976318e-01
-1.783604025840759277e+00
5.242046713829040527e-01
1.141792654991149902e+00
-7.051956653594970703e-01
8.827897906303405762e-01
-1.068531155586242676e+00
8.895803093910217285e-01
1.216813564300537109e+00
1.353145360946655273e+00
1.681640863418579102e+00
-6.310909390449523926e-01
-5.027875304222106934e-01
1.283906817436218262e+00
-1.115618944168090820e+00
-2.048458606004714966e-01
1.686970949172973633e+00
-4.508510231971740723e-01
7.337030768394470215e-01
-2.497003376483917236e-01
-6.564182043075561523e-01
-4.848272204399108887e-01
-5.802238583564758301e-01
7.247381806373596191e-01
-7.650101184844970703e-02
-4.623994529247283936e-01
-4.735786020755767822e-01
9.691028594970703125e-01
8.917992115020751953e-01
-5.713188052177429199e-01
-7.988365292549133301e-01
8.120213150978088379e-01
-1.127486586570739746e+00
-2.902274131774902344e-01
-4.947374761104583740e-01
-4.294808804988861084e-01
1.085165500640869141e+00
-1.334912180900573730e+00
3.718299269676208496e-01
-1.587338089942932129e+00
4.994844198226928711e-01
5.799292922019958496e-01
-3.774831593036651611e-01
8.982260823249816895e-01
8.019871115684509277e-01
2.405827492475509644e-01
2.856160402297973633e-01
3.055526018142700195e-01
-8.637745380401611328e-01
-3.971103429794311523e-01
1.339502334594726562e+00
-8.770465850830078125e-01
-6.216267347335815430e-01
5.437415242195129395e-01
-3.208029568195343018e-01
5.367642045021057129e-01
-1.497900009155273438e+00
-1.862432658672332764e-01
-9.005835652351379395e-01
-5.527864694595336914e-01
8.774613142013549805e-01
1.999174654483795166e-01
1.575913906097412109e+00
-4.058300554752349854e-01
-1.509984135627746582e+00
-5.710150003433227539e-01
8.442603349685668945e-01
1.054867386817932129e+00
-6.725947856903076172e-01
1.946788072586059570e+00
5.409860052168369293e-03
5.277519226074218750e-01
-8.451948165893554688e-01
1.270708322525024414e+00
-3.332646191120147705e-01
-1.311253428459167480e+00
-6.349988281726837158e-02
3.111423850059509277e-01
-3.727056980133056641e-01
-1.120844721794128418e+00
3.143503889441490173e-02
-3.641948997974395752e-01
-1.339096575975418091e-02
-5.424055457115173340e-01
-1.429445624351501465e+00
-1.453889608383178711e+00
-9.248986840248107910e-01
-1.458223760128021240e-01
-3.236177265644073486e-01
-1.851835608482360840e+00
-5.233287811279296875e-02
-1.129379153251647949e+00
8.147372007369995117e-01
-8.726133108139038086e-01
-8.410025238990783691e-01
1.709311246871948242e+00
1.009499311447143555e+00
2.043749690055847168e-01
1.160223007202148438e+00
2.541812360286712646e-01
-7.330087423324584961e-01
-9.121989458799362183e-02
1.784716844558715820e+00
5.545436739921569824e-01
2.686499357223510742e-01
-4.409904181957244873e-01
1.144708395004272461e+00
-1.306829810142517090e+00
-1.996285617351531982e-01
-3.180623054504394531e-01
3.514825403690338135e-01
8.215695023536682129e-01
-3.324157595634460449e-01
1.364188313484191895e+00
9.714781641960144043e-01
-1.033257961273193359e+00
-1.457160472869873047e+00
-1.058961749076843262e+00
6.460641622543334961e-01
5.058182403445243835e-03
-1.257346570491790771e-01
1.639432787895202637e+00
3.092265725135803223e-01
-1.299303531646728516e+00
-5.902945995330810547e-01
9.369112253189086914e-01
-2.005453824996948242e+00
3.938825130462646484e-01
4.035130441188812256e-01
1.058539390563964844e+00
-8.614759445190429688e-01
7.608987689018249512e-01
-6.451553702354431152e-01
6.923763751983642578e-01
1.430655956268310547e+00
-5.139622688293457031e-01
-2.569446265697479248e-01
4.785324931144714355e-01
-4.011987745761871338e-01
1.327665925025939941e+00
-2.439062148332595825e-01
1.723928153514862061e-01
1.022099614143371582e+00
-1.064636826515197754e+00
-4.010637104511260986e-01
4.439033269882202148e-01
1.000501960515975952e-01
1.202754139900207520e+00
-1.014143377542495728e-01
-1.753658175468444824e+00
1.580651283264160156e+00
-2.491347342729568481e-01
-8.521264791488647461e-01
1.465917468070983887e+00
2.976485788822174072e-01
9.954242110252380371e-01
4.707603156566619873e-01
1.097783565521240234e+00
8.691766858100891113e-01
-8.403840661048889160e-01
1.667990349233150482e-02
7.334272265434265137e-01
-1.023401975631713867e+00
8.216987252235412598e-01
-9.341135025024414062e-01
1.320054173469543457e+00
4.551562070846557617e-01
6.156542897224426270e-01
6.327687948942184448e-02
-5.627875924110412598e-01
-1.436668783426284790e-01
-7.307782173156738281e-01
-1.862780600786209106e-01
-8.135508298873901367e-01
2.505137324333190918e-01
-1.567346602678298950e-01
-7.988969236612319946e-02
-1.301744580268859863e+00
-1.524144053459167480e+00
3.029999732971191406e-01
6.266005039215087891e-01
-1.399901270866394043e+00
-2.393700480461120605e-01
-7.078076004981994629e-01
-3.542011603713035583e-02
1.234838604927062988e+00
-1.068997383117675781e+00
1.707548856735229492e+00
1.443472504615783691e+00
1.461101770401000977e+00
-2.720297873020172119e-01
3.241792023181915283e-01
-1.789834141731262207e+00
-1.053597703576087952e-01
-1.157014966011047363e+00
6.889809370040893555e-01
-2.612878382205963135e-01
9.487942606210708618e-02
7.686828970909118652e-01
-6.756104230880737305e-01
-5.406984090805053711e-01
-4.721914827823638916e-01
9.007044434547424316e-01
-1.002186298370361328e+00
-1.310627758502960205e-01
-1.411506175994873047e+00
1.531533598899841309e+00
-3.306080400943756104e-01
-9.096062183380126953e-01
1.017475485801696777e+00
8.938445448875427246e-01
6.908701658248901367e-01
-5.409936904907226562e-01
-1.783008128404617310e-01
1.007729411125183105e+00
7.865751981735229492e-01
-2.485102787613868713e-02
-5.748981833457946777e-01
1.311927795410156250e+00
4.345093667507171631e-01
4.465508460998535156e-02
-5.197234153747558594e-01
-4.712562561035156250e-01
6.020830869674682617e-01
2.846531271934509277e-01
-1.313629150390625000e-01
-6.612248420715332031e-01
4.722517132759094238e-01
-1.769549846649169922e-01
5.351244807243347168e-01
1.812690615653991699e+00
1.237915277481079102e+00
-1.238715767860412598e+00
-1.351679682731628418e+00
-1.682092845439910889e-01
-8.879033476114273071e-02
-1.845151782035827637e+00
9.313408136367797852e-01
-5.055904388427734375e-01
2.103379666805267334e-01
-1.558499217033386230e+00
1.936278790235519409e-01
-1.056128218770027161e-01
5.189667344093322754e-01
-1.524945616722106934e+00
2.652390599250793457e-01
4.367021378129720688e-03
2.335980415344238281e+00
-1.227427363395690918e+00
1.810249924659729004e+00
5.389994382858276367e-01
4.469810724258422852e-01
2.449983954429626465e-01
-2.098242521286010742e+00
-8.432540297508239746e-01
1.982840657234191895e+00
4.013149440288543701e-01
-1.546058773994445801e+00
-7.903672456741333008e-01
1.330110549926757812e+00
-4.248723089694976807e-01
2.176219969987869263e-01
1.685989946126937866e-01
4.077903330326080322e-01
1.634207010269165039e+00
4.458832442760467529e-01
6.519071459770202637e-01
-2.475354671478271484e-01
8.780202269554138184e-01
-9.085547327995300293e-01
-1.533851027488708496e-01
-1.427620798349380493e-01
5.551892518997192383e-01
-6.055063605308532715e-01
-2.893640100955963135e-01
1.018727421760559082e+00
1.930519223213195801e+00
1.161859393119812012e+00
-5.301828980445861816e-01
-1.330174565315246582e+00
-8.419506549835205078e-01
-7.071608304977416992e-01
-1.379126191139221191e+00
-1.361583232879638672e+00
8.337002992630004883e-02
1.440050303936004639e-01
5.975590348243713379e-01
5.115453004837036133e-01
-4.842043817043304443e-01
-3.818885236978530884e-02
-7.880588173866271973e-01
5.827990770339965820e-01
1.360771358013153076e-01
-7.010931521654129028e-02
-6.575095057487487793e-01
1.718244403600692749e-01
-9.328418970108032227e-02
-3.251654282212257385e-02
1.237465500831604004e+00
-2.480318695306777954e-01
1.408969312906265259e-01
-6.682564020156860352e-01
-8.606075644493103027e-01
1.776868253946304321e-01
-9.063547253608703613e-01
3.308691382408142090e-01
1.304321885108947754e-01
-1.540349125862121582e-01
5.689240694046020508e-01
4.859648942947387695e-01
-6.422079801559448242e-01
7.520599365234375000e-01
-6.855163574218750000e-01
1.954330056905746460e-01
9.350893497467041016e-01
-6.529586762189865112e-02
2.269385308027267456e-01
-5.287891030311584473e-01
4.197453148663043976e-03
-9.548249840736389160e-01
5.832498669624328613e-01
5.731493830680847168e-01
2.461083419620990753e-02
7.491180300712585449e-01
-5.640470385551452637e-01
9.407557547092437744e-02
-5.572311878204345703e-01
5.915657281875610352e-01
-1.336426734924316406e+00
3.579533696174621582e-01
4.072448015213012695e-01
2.361501902341842651e-01
8.518150448799133301e-02
-8.153415918350219727e-01
-1.459711432456970215e+00
6.434831023216247559e-01
4.357661306858062744e-01
-3.930276334285736084e-01
4.887529313564300537e-01
-4.243226945400238037e-01
6.968214511871337891e-01
-6.827548146247863770e-01
8.640041351318359375e-01
4.155879616737365723e-01
1.116857677698135376e-01
-1.463724613189697266e+00
-1.195874452590942383e+00
-2.015466243028640747e-01
5.767406225204467773e-01
1.267869710922241211e+00
1.201709389686584473e+00
1.546568423509597778e-01
-1.546871423721313477e+00
1.680561304092407227e+00
5.079149007797241211e-01
-1.788480766117572784e-02
-1.881725072860717773e+00
1.737069487571716309e+00
-2.020831823348999023e+00
-1.245232582092285156e+00
8.324410021305084229e-02
-1.101926434785127640e-02
-5.571284294128417969e-01
2.447531074285507202e-01
5.039957761764526367e-01
-8.437652587890625000e-01
6.633440852165222168e-01
4.450346529483795166e-01
-1.482490301132202148e+00
-1.315521121025085449e+00
2.976711466908454895e-02
4.379164054989814758e-02
-9.450101852416992188e-01
1.409557461738586426e+00
-1.367336511611938477e-01
-1.412994623184204102e+00
5.356150269508361816e-01
2.331484556198120117e+00
-9.311935305595397949e-01
2.065917491912841797e+00
7.115373611450195312e-01
4.004522413015365601e-02
5.785426497459411621e-01
1.435317397117614746e-01
1.039003133773803711e+00
5.845065228641033173e-03
5.603699088096618652e-01
8.715170025825500488e-01
7.414239645004272461e-01
1.886574029922485352e+00
5.591385364532470703e-01
5.297388434410095215e-01
-4.630078673362731934e-01
1.250743150711059570e+00
-6.825753450393676758e-01
-1.971210986375808716e-01
-4.629279300570487976e-02
3.231508433818817139e-01
-8.630399703979492188e-01
1.251387953758239746e+00
-3.588245809078216553e-01
-1.551967978477478027e+00
5.275996923446655273e-01
-6.874521970748901367e-01
-5.307263731956481934e-01
3.214119076728820801e-01
7.537012100219726562e-01
-8.863394856452941895e-01
-3.031743049621582031e+00
1.209977507591247559e+00
1.595048904418945312e-01
1.335755884647369385e-01
-5.921986699104309082e-02
-7.275878787040710449e-01
4.774633944034576416e-01
-1.089825749397277832e+00
-1.761360287666320801e+00
1.744839668273925781e+00
9.899423718452453613e-01
-1.958160877227783203e+00
7.031878829002380371e-01
-2.138096094131469727e-01
1.073248147964477539e+00
-3.326052904129028320e+00
7.099770903587341309e-01
-9.796491861343383789e-01
5.068131685256958008e-01
-2.945909798145294189e-01
4.167110919952392578e-01
-6.970728933811187744e-02
-4.257309436798095703e-01
5.717821121215820312e-01
1.197980403900146484e+00
-1.031260609626770020e+00
-1.686970591545104980e-01
-7.111021280288696289e-01
1.946696043014526367e-01
1.231497406959533691e+00
1.063437342643737793e+00
-6.071663498878479004e-01
-4.559043422341346741e-02
2.352332025766372681e-01
-5.606993436813354492e-01
-3.465937674045562744e-01
7.673402428627014160e-01
1.775587439537048340e+00
-3.679668307304382324e-01
1.024526208639144897e-01
9.211764335632324219e-01
3.216976523399353027e-01
6.323676705360412598e-01
-3.475334048271179199e-01
-2.370440401136875153e-02
-6.451532840728759766e-01
1.191188812255859375e+00
-1.295788049697875977e+00
-7.988166213035583496e-01
-9.851770997047424316e-01
-1.261041283607482910e+00
7.158943414688110352e-01
-6.965640187263488770e-01
4.636515974998474121e-01
4.661168456077575684e-01
5.583119988441467285e-01
7.116582989692687988e-01
1.999287247657775879e+00
8.164232224225997925e-02
1.826744914054870605e+00
4.675407707691192627e-01
1.476054787635803223e-01
1.078621149063110352e+00
1.771705746650695801e-01
-1.355045557022094727e+00
-2.194671481847763062e-01
-7.596296668052673340e-01
4.506131410598754883e-01
-1.151248812675476074e+00
2.969499491155147552e-02
-4.969168901443481445e-01
2.905434370040893555e-02
8.116565942764282227e-01
4.180074632167816162e-01
-5.290191173553466797e-01
-2.701676368713378906e+00
-1.637277841567993164e+00
-3.282050192356109619e-01
5.223587155342102051e-01
-1.072694182395935059e+00
9.231632947921752930e-01
-5.157588720321655273e-01
3.431580960750579834e-01
3.294898942112922668e-02
-3.978716731071472168e-01
-1.097261190414428711e+00
2.924203574657440186e-01
6.930530667304992676e-01
-2.390125542879104614e-01
-1.316766619682312012e+00
9.980742931365966797e-01
-5.543240308761596680e-01
7.176711559295654297e-01
-3.216563761234283447e-01
3.565025627613067627e-01
4.617119729518890381e-01
-9.711696207523345947e-02
-4.253462553024291992e-01
1.279019098728895187e-02
-2.251422964036464691e-02
-1.610147476196289062e+00
-5.440872907638549805e-01
-1.673976033926010132e-01
4.302428960800170898e-01
2.866325080394744873e-01
-1.124052643775939941e+00
2.897137701511383057e-01
9.610474705696105957e-01
-6.125333309173583984e-01
6.567506585270166397e-03
3.016219735145568848e-01
1.640271663665771484e+00
3.419195413589477539e-01
2.284584194421768188e-01
-1.028981566429138184e+00
-2.550844252109527588e-01
-1.405718564987182617e+00
-1.086629852652549744e-01
9.890881180763244629e-01
1.596810460090637207e+00
2.735194861888885498e-01
-3.675469756126403809e-01
-9.684328436851501465e-01
3.368075489997863770e-01
-8.593542575836181641e-01
5.226970091462135315e-02
-2.396759688854217529e-01
1.622221112251281738e+00
1.450749754905700684e+00
-1.116150259971618652e+00
-2.161837220191955566e-01
3.113366067409515381e-01
-7.477797865867614746e-01
1.301985830068588257e-01
-1.782186031341552734e+00
7.190215587615966797e-01
-2.413660287857055664e-01
1.161468401551246643e-01
1.335507273674011230e+00
-4.376404881477355957e-01
3.889056444168090820e-01
4.604268446564674377e-02
-1.974237918853759766e+00
-8.685895800590515137e-02
-3.850694373250007629e-02
1.424947500228881836e+00
-7.447758913040161133e-01
-4.467794001102447510e-01
-4.736677706241607666e-01
5.654542446136474609e-01
-2.027270317077636719e+00
1.579762578010559082e+00
-4.085711240768432617e-01
-5.775255560874938965e-01
-8.753067255020141602e-01
2.185583412647247314e-01
1.942998915910720825e-01
1.604371666908264160e+00
-3.770524263381958008e-02
-5.539136528968811035e-01
5.217286348342895508e-01
-9.589514136314392090e-01
-1.214728116989135742e+00
1.013798594474792480e+00
-4.173229336738586426e-01
-1.576067060232162476e-01
1.040691435337066650e-01
-6.821274757385253906e-01
-2.475962042808532715e-01
8.213531970977783203e-01
-1.666322231292724609e+00
3.888451680541038513e-02
-1.162533927708864212e-02
-1.234849333763122559e+00
2.229555249214172363e-01
-5.731074213981628418e-01
9.445946812629699707e-01
1.031575053930282593e-01
8.096942305564880371e-01
-2.479865550994873047e-01
6.893817801028490067e-03
4.530601799488067627e-01
7.034997642040252686e-02
2.586559653282165527e-01
-1.031481266021728516e+00
-1.463950157165527344e+00
6.082347035408020020e-01
1.538657695055007935e-01
4.630613029003143311e-01
-2.078681997954845428e-02
-2.859641075134277344e+00
-2.872420847415924072e-01
1.486488580703735352e+00
3.652591705322265625e-01
6.436381936073303223e-01
-8.771771788597106934e-01
3.909108042716979980e-01
-7.000193595886230469e-01
-4.885991662740707397e-02
6.421218514442443848e-01
-3.634851276874542236e-01
-1.565946817398071289e+00
1.058023929595947266e+00
-3.316355943679809570e-01
3.412790894508361816e-01
4.013544917106628418e-01
4.480986297130584717e-02
-1.315737217664718628e-01
-3.478191494941711426e-01
1.524538248777389526e-01
-7.058492302894592285e-01
1.035454273223876953e+00
5.743726715445518494e-02
-2.377480268478393555e+00
-5.067920088768005371e-01
-2.641564607620239258e-01
-6.445692777633666992e-01
7.249403595924377441e-01
-6.295342445373535156e-01
8.911862969398498535e-01
-1.073230266571044922e+00
2.986864447593688965e-01
3.468476235866546631e-01
-5.235514044761657715e-01
-3.462169766426086426e-01
9.802210330963134766e-01
3.229233324527740479e-01
1.034214615821838379e+00
-9.953054189682006836e-01
-2.652992904186248779e-01
-8.391511440277099609e-01
7.133907079696655273e-01
6.962458491325378418e-01
5.237677097320556641e-01
2.770979655906558037e-03
-8.289490342140197754e-01
2.010176330804824829e-01
-6.305277943611145020e-01
-7.072082161903381348e-02
6.075208261609077454e-02
8.094543218612670898e-02
-6.364393234252929688e-01
1.884822845458984375e+00
1.597036272287368774e-01
1.404766291379928589e-01
7.461045384407043457e-01
7.475365996360778809e-01
5.410441756248474121e-01
