-4.253551661968231201e-01
-8.847277760505676270e-01
5.677884221076965332e-01
-1.241478800773620605e+00
-1.612245798110961914e+00
4.119240343570709229e-01
-5.051391124725341797e-01
1.582916826009750366e-01
-7.230549454689025879e-01
2.035618275403976440e-01
-4.465899765491485596e-01
3.298360109329223633e-01
1.934956908226013184e-01
-1.745060682296752930e+00
-1.578225493431091309e+00
-1.402214020490646362e-01
-7.359967231750488281e-01
-2.555929310619831085e-02
-1.201849102973937988e+00
1.897809028625488281e+00
-5.618796944618225098e-01
-1.322230577468872070e+00
4.257508218288421631e-01
6.012925878167152405e-02
6.921266317367553711e-01
-8.639093637466430664e-01
8.329102396965026855e-02
4.398755729198455811e-02
-1.762055158615112305e+00
-1.485737562179565430e+00
-5.724439620971679688e-01
-5.215658545494079590e-01
1.114632010459899902e+00
-1.990112960338592529e-01
6.990824937820434570e-01
-3.178474307060241699e-02
-1.501591205596923828e+00
7.518401145935058594e-01
6.750041842460632324e-01
5.613319277763366699e-01
-7.492150068283081055e-01
4.982903301715850830e-01
-7.318026423454284668e-01
8.776948451995849609e-01
-2.772302031517028809e-01
1.330583572387695312e+00
1.346473455429077148e+00
1.131379485130310059e+00
3.439807295799255371e-01
-4.719759523868560791e-02
3.907913714647293091e-02
-6.835424900054931641e-01
-7.338218092918395996e-01
5.117632746696472168e-01
-7.593069076538085938e-01
5.886333808302879333e-02
-3.195506930351257324e-01
4.639759063720703125e-01
9.447693079710006714e-02
-1.134403869509696960e-01
9.961269497871398926e-01
1.058936119079589844e-01
-4.731916189193725586e-01
8.410761356353759766e-01
1.012646079063415527e+00
-4.221840798854827881e-01
-3.277665078639984131e-01
-3.058117628097534180e-01
-6.506545543670654297e-01
-7.763711810111999512e-01
-1.469041705131530762e-01
-8.617139458656311035e-01
-1.126657128334045410e+00
3.116658627986907959e-01
-3.684311211109161377e-01
1.741374015808105469e+00
1.682610630989074707e+00
-6.260515451431274414e-01
1.713081240653991699e+00
-3.906439840793609619e-01
1.879431605339050293e+00
1.195835471153259277e+00
-1.182195782661437988e+00
-4.309584200382232666e-01
-3.454561829566955566e-01
-5.391751527786254883e-01
1.326467655599117279e-02
3.277575224637985229e-02
5.501237139105796814e-02
8.812892436981201172e-01
-1.016172543168067932e-01
-2.015214860439300537e-01
3.043528795242309570e-01
-1.005561709403991699e+00
2.522029876708984375e-01
1.207807064056396484e+00
-1.128655195236206055e+00
-1.953408122062683105e-03
8.724235743284225464e-02
2.539161741733551025e-01
8.982281684875488281e-01
7.779121398925781250e-01
2.429984509944915771e-01
-2.331955432891845703e+00
-6.676405072212219238e-01
-1.195177674293518066e+00
-8.794450163841247559e-01
6.804117560386657715e-01
-3.262932226061820984e-02
-1.701440334320068359e+00
-2.485774755477905273e-01
-6.706566214561462402e-01
-2.400330752134323120e-01
-1.230965495109558105e+00
1.043592691421508789e+00
3.685570359230041504e-01
-9.148097038269042969e-02
3.945850729942321777e-01
-2.367631644010543823e-01
5.537820458412170410e-01
-2.339585125446319580e-02
1.416501045227050781e+00
1.124255299568176270e+00
-3.512251079082489014e-01
-4.217772185802459717e-01
-2.871686220169067383e-01
-9.580691456794738770e-01
-3.217598199844360352e-01
1.558584332466125488e+00
-8.180936574935913086e-01
-2.862290740013122559e-01
-5.469564795494079590e-01
-9.316850304603576660e-01
5.304862856864929199e-01
-8.377221822738647461e-01
-3.054102957248687744e-01
7.959670424461364746e-01
-7.848175764083862305e-01
-1.996130108833312988e+00
1.028148412704467773e+00
6.492094397544860840e-01
-1.335166811943054199e+00
-8.075099587440490723e-01
3.018904924392700195e-01
-4.988715946674346924e-01
8.327186703681945801e-01
-1.693319976329803467e-01
-1.636048197746276855e+00
1.399177551269531250e+00
-1.590112328529357910e+00
6.170552372932434082e-01
-7.967166900634765625e-01
6.043931841850280762e-01
1.075116470456123352e-01
-1.383204162120819092e-01
4.143486320972442627e-01
-9.147761762142181396e-02
7.156346440315246582e-01
-9.108309149742126465e-01
1.207073330879211426e-01
-8.959220647811889648e-01
-2.804637551307678223e-01
-4.396488890051841736e-02
-7.569960355758666992e-01
4.239342510700225830e-01
2.960062026977539062e-01
8.882603794336318970e-02
1.558768004179000854e-01
-1.199346065521240234e+00
6.270933747291564941e-01
-8.318995237350463867e-01
-1.259474158287048340e+00
9.123004674911499023e-01
2.741610407829284668e-01
1.068495988845825195e+00
-2.641736567020416260e-01
-5.930883288383483887e-01
-5.151003599166870117e-01
1.238903522491455078e+00
1.423031806945800781e+00
7.930103540420532227e-01
6.601337790489196777e-01
-5.115196704864501953e-01
8.698189854621887207e-01
-2.646685838699340820e-01
-2.342597395181655884e-01
-2.409072220325469971e-01
-5.445666909217834473e-01
-6.310489773750305176e-01
-8.872078657150268555e-01
6.701628565788269043e-01
-1.152686357498168945e+00
-6.361348628997802734e-01
9.803429841995239258e-01
-4.853844940662384033e-01
-1.958708465099334717e-01
-4.659662544727325439e-01
-9.066526889801025391e-01
-3.634715080261230469e-01
-2.616292834281921387e-01
-2.024608135223388672e+00
-1.750668764114379883e+00
3.702098429203033447e-01
-4.133424162864685059e-01
1.892353773117065430e+00
2.101394981145858765e-01
-7.685995101928710938e-02
1.328340291976928711e+00
7.636190056800842285e-01
1.522974014282226562e+00
9.450477957725524902e-01
5.130999088287353516e-01
5.860955119132995605e-01
6.066484749317169189e-02
8.445895910263061523e-01
2.396357059478759766e-01
-3.669063448905944824e-01
-5.193256139755249023e-01
6.976604461669921875e-01
-1.279140114784240723e+00
-1.161162495613098145e+00
-2.510502338409423828e-01
-1.271418780088424683e-01
-2.732779681682586670e-01
-1.517897397279739380e-01
1.398115873336791992e+00
4.204019904136657715e-01
3.586959838867187500e-01
-9.414626955986022949e-01
-9.988896250724792480e-01
3.555379211902618408e-01
-2.012843638658523560e-01
3.446308672428131104e-01
1.940976977348327637e+00
4.712840020656585693e-01
-9.954048991203308105e-01
-1.202741861343383789e+00
-2.741731703281402588e-01
-1.150503158569335938e+00
-2.351455539464950562e-01
7.855340242385864258e-01
9.230022430419921875e-01
-9.776002764701843262e-01
-2.302955277264118195e-02
-4.726572930812835693e-01
1.031389832496643066e+00
6.261804699897766113e-01
1.530033349990844727e-01
3.513650298118591309e-01
4.508787989616394043e-01
-6.131820678710937500e-01
1.070780396461486816e+00
1.292263746261596680e+00
8.395193815231323242e-01
2.213338315486907959e-01
-1.020669102668762207e+00
-3.267828375101089478e-02
-3.792545497417449951e-01
1.325953006744384766e-01
8.074045181274414062e-01
-5.220020413398742676e-01
7.550226151943206787e-02
4.360223114490509033e-01
-1.047218799591064453e+00
6.534701585769653320e-01
1.600902438163757324e+00
2.192383408546447754e-01
1.311913490295410156e+00
-6.635581851005554199e-01
1.623877525329589844e+00
9.454217553138732910e-01
-8.090273141860961914e-01
-5.040148496627807617e-01
2.676949799060821533e-01
-1.887201070785522461e+00
1.890402793884277344e+00
-9.617744684219360352e-01
1.629201889038085938e+00
-7.037354707717895508e-01
8.523886799812316895e-01
-2.302941977977752686e-01
-2.759331464767456055e-01
-6.417309641838073730e-01
-1.696703583002090454e-01
6.045735478401184082e-01
-1.904366135597229004e+00
5.325691699981689453e-01
5.566909909248352051e-01
-3.003059029579162598e-01
-6.537273526191711426e-02
-9.574024677276611328e-01
4.762300848960876465e-01
5.609313845634460449e-01
-6.833047270774841309e-01
1.246187925338745117e+00
-3.189864456653594971e-01
-1.945904344320297241e-01
1.374668180942535400e-01
-2.413449734449386597e-01
1.003833889961242676e+00
1.145300030708312988e+00
1.638529539108276367e+00
-2.711338549852371216e-02
3.797554671764373779e-01
-1.873929262161254883e+00
-8.273533582687377930e-01
-1.534400284290313721e-01
2.519641637802124023e+00
-6.565067172050476074e-02
-6.738385558128356934e-01
7.679835557937622070e-01
-2.644465863704681396e-01
-5.492506027221679688e-01
-6.569302082061767578e-01
1.090861678123474121e+00
-5.222133994102478027e-01
-1.325944960117340088e-01
-8.224312663078308105e-01
2.512176334857940674e-01
-3.094718456268310547e-01
-8.620287179946899414e-01
6.964492797851562500e-01
7.994737625122070312e-01
3.211341500282287598e-01
1.538444757461547852e-01
7.797281444072723389e-02
4.469915628433227539e-01
-4.968633055686950684e-01
-9.658755660057067871e-01
6.841596364974975586e-01
5.845785140991210938e-01
7.415057718753814697e-02
4.777416288852691650e-01
-2.582654058933258057e-01
2.712388336658477783e-01
1.719644814729690552e-01
1.143799781799316406e+00
-2.355554401874542236e-01
-7.819676995277404785e-01
-5.331423282623291016e-01
-8.482195138931274414e-01
-2.367849797010421753e-01
1.504512876272201538e-01
1.235243558883666992e+00
-1.571681618690490723e+00
-1.206218719482421875e+00
-6.679101586341857910e-01
-5.701615810394287109e-01
-3.753546476364135742e-01
-3.935250639915466309e-01
-1.273550391197204590e+00
7.147415876388549805e-01
-2.129195213317871094e+00
-1.983873546123504639e-01
5.005877017974853516e-01
1.930232048034667969e-01
-6.463309526443481445e-01
5.170893669128417969e-01
3.031043112277984619e-01
1.453900456428527832e+00
-1.424658060073852539e+00
4.356086552143096924e-01
5.900929570198059082e-01
7.208850383758544922e-01
1.744872480630874634e-01
-1.726615071296691895e+00
-6.413798332214355469e-01
2.370178937911987305e+00
1.142892241477966309e+00
-1.063528776168823242e+00
-9.590595960617065430e-01
1.089014768600463867e+00
2.784102559089660645e-01
-3.057380318641662598e-01
7.620500326156616211e-01
8.045560121536254883e-01
8.989985585212707520e-01
4.697855114936828613e-01
2.780797183513641357e-01
-1.174781322479248047e+00
5.907102301716804504e-02
-1.571033149957656860e-01
-1.519965231418609619e-01
-1.071440219879150391e+00
-1.245458722114562988e+00
4.807954728603363037e-01
-3.728727996349334717e-01
1.597963929176330566e+00
2.163581132888793945e+00
1.719058513641357422e+00
-1.976555585861206055e-01
-6.969658136367797852e-01
7.030989527702331543e-01
-6.386399269104003906e-01
4.276361316442489624e-03
-1.363254308700561523e+00
6.687970757484436035e-01
1.083213612437248230e-01
6.458590030670166016e-01
3.470880091190338135e-01
-1.534232683479785919e-02
-8.736503720283508301e-01
-1.906083703041076660e+00
6.955706328153610229e-02
-4.074418917298316956e-02
-1.107984542846679688e+00
-5.626063942909240723e-01
-9.982656687498092651e-02
-5.332872867584228516e-01
-9.830042719841003418e-01
6.923689246177673340e-01
-8.281577378511428833e-02
1.507654190063476562e-01
-4.353866726160049438e-02
-4.707946777343750000e-01
-3.802354931831359863e-01
7.319264411926269531e-01
7.280761599540710449e-01
-1.591977626085281372e-01
-3.950501382350921631e-01
4.815838113427162170e-02
1.165030822157859802e-01
-9.221363067626953125e-01
1.597726903855800629e-02
5.573306977748870850e-02
2.705351114273071289e-01
-2.431204169988632202e-02
-8.405679836869239807e-03
-1.006221547722816467e-01
-6.686670780181884766e-01
6.300755143165588379e-01
8.753094673156738281e-01
1.967067718505859375e+00
6.414819955825805664e-01
-2.796657085418701172e-01
1.497321575880050659e-01
-2.279671579599380493e-01
-2.784825861454010010e-01
-1.306151270866394043e+00
3.533766865730285645e-01
-2.193133905529975891e-02
4.601746425032615662e-02
-1.139492869377136230e+00
7.728171348571777344e-01
-1.215387463569641113e+00
-1.225843191146850586e+00
-1.514917016029357910e+00
1.839526772499084473e+00
-4.315715730190277100e-01
-6.456810832023620605e-01
8.965097069740295410e-01
-1.251903772354125977e+00
9.508765339851379395e-01
-1.171222686767578125e+00
2.561633586883544922e-01
5.172910690307617188e-01
-1.312020719051361084e-01
-2.084407091140747070e+00
-1.021184921264648438e+00
-8.411816954612731934e-01
8.742410540580749512e-01
-1.580944508314132690e-01
1.367058396339416504e+00
6.805089712142944336e-01
-1.308808565139770508e+00
2.314378261566162109e+00
3.075364828109741211e-01
-7.188826203346252441e-01
-1.719346761703491211e+00
-4.641380906105041504e-01
-1.489086508750915527e+00
-1.963472127914428711e+00
-9.777566790580749512e-02
-2.337746322154998779e-01
-1.981016397476196289e-01
1.435931026935577393e-01
6.558602452278137207e-01
-4.245388507843017578e-01
9.590891003608703613e-01
7.419751286506652832e-01
-6.785548329353332520e-01
-1.770120620727539062e+00
2.567657828330993652e-01
-7.218219041824340820e-01
-2.356934070587158203e+00
1.102388024330139160e+00
-1.110685467720031738e+00
7.223912328481674194e-02
3.417218923568725586e-01
1.691780805587768555e+00
-1.225245669484138489e-01
8.760089278221130371e-01
5.371605511754751205e-03
-1.316294550895690918e+00
6.861056089401245117e-01
8.881218433380126953e-01
2.375319719314575195e+00
1.072491049766540527e+00
5.303204655647277832e-01
-2.136658728122711182e-01
4.299895763397216797e-01
1.429540634155273438e+00
1.411233067512512207e+00
1.902645707130432129e+00
9.246575832366943359e-01
1.824813961982727051e+00
-6.066614389419555664e-01
3.077283501625061035e-01
6.194258481264114380e-02
-2.638579607009887695e-01
1.184541806578636169e-01
1.814468979835510254e+00
2.298836857080459595e-01
-1.342525839805603027e+00
8.637048006057739258e-01
-4.727120101451873779e-01
-2.241000086069107056e-01
-1.097404807806015015e-01
1.174769759178161621e+00
-1.832865118980407715e+00
-2.576468944549560547e+00
8.831359148025512695e-01
1.292674422264099121e+00
4.329742193222045898e-01
-6.243538260459899902e-01
-4.368696808815002441e-01
4.385739192366600037e-02
-2.396498441696166992e+00
-1.482674956321716309e+00
7.666070461273193359e-01
3.404025435447692871e-01
-2.356221675872802734e+00
1.547343730926513672e+00
-9.325364232063293457e-01
3.455905318260192871e-01
-2.505707025527954102e+00
1.952533364295959473e+00
-8.480621576309204102e-01
2.266210615634918213e-01
7.985658645629882812e-01
-1.943457871675491333e-01
-5.331867337226867676e-01
-1.037294745445251465e+00
2.029146552085876465e-01
1.269100457429885864e-01
-1.087463140487670898e+00
-5.304656028747558594e-01
-2.207904495298862457e-02
-7.449693977832794189e-02
4.686217308044433594e-01
-6.205560564994812012e-01
-1.529046177864074707e+00
7.998903840780258179e-02
1.862542986869812012e+00
1.550853848457336426e-01
-5.264571905136108398e-01
-6.879941225051879883e-01
1.904214859008789062e+00
8.380307555198669434e-01
3.070082664489746094e-01
8.833772540092468262e-01
-9.706354141235351562e-01
7.613039016723632812e-01
-3.334068357944488525e-01
-5.619717389345169067e-02
-3.152409791946411133e-01
7.445201277732849121e-01
-2.387339808046817780e-02
-2.415288448333740234e+00
-1.344409465789794922e+00
-1.454001069068908691e+00
-3.533818125724792480e-01
-8.779082894325256348e-01
7.813611626625061035e-01
8.485086560249328613e-01
1.303018927574157715e+00
6.859954595565795898e-01
1.472137451171875000e+00
-4.336851537227630615e-01
8.151930570602416992e-01
1.330856442451477051e+00
2.256833463907241821e-01
1.695418357849121094e-01
1.252609610557556152e+00
-3.589610755443572998e-01
7.789714932441711426e-01
-3.740830719470977783e-02
-3.152882456779479980e-01
2.545851767063140869e-01
-3.345010280609130859e-01
-7.144835591316223145e-01
-5.453832149505615234e-01
1.320229563862085342e-02
4.166009426116943359e-01
9.316338896751403809e-01
-1.544545769691467285e+00
-1.243892550468444824e+00
1.180677339434623718e-01
1.427497416734695435e-01
-8.994128108024597168e-01
7.241312265396118164e-01
-8.797453641891479492e-01
-7.904428243637084961e-01
7.582224160432815552e-02
2.524625360965728760e-01
-8.835040926933288574e-01
-2.796365618705749512e-01
2.184659719467163086e+00
-5.317769646644592285e-01
-1.764429450035095215e+00
6.853675246238708496e-01
-4.812346994876861572e-01
1.442064166069030762e+00
-1.276174187660217285e-01
1.533851504325866699e+00
3.417389839887619019e-02
-2.037948071956634521e-01
-7.838706970214843750e-01
-3.148903250694274902e-01
1.077181175351142883e-01
2.494709342718124390e-01
4.676532447338104248e-01
-3.065047860145568848e-01
2.520231008529663086e-01
1.613725572824478149e-01
-1.000702857971191406e+00
8.636515736579895020e-01
7.413080930709838867e-01
-1.835633069276809692e-01
5.559681653976440430e-01
7.442410588264465332e-01
2.416197508573532104e-01
4.784310162067413330e-01
-1.221046447753906250e+00
-1.732348799705505371e+00
2.472426742315292358e-01
-1.244941711425781250e+00
3.024122864007949829e-02
1.194365501403808594e+00
1.433970689773559570e+00
3.419359326362609863e-01
-3.573655188083648682e-01
-1.543908238410949707e+00
5.811586230993270874e-02
-6.025654077529907227e-01
-1.354180932044982910e+00
1.143789105117321014e-02
1.978257298469543457e+00
2.027993679046630859e+00
-1.205818876624107361e-01
-1.747522115707397461e+00
7.760204374790191650e-02
-1.311264038085937500e+00
-5.023431181907653809e-01
-1.761038184165954590e+00
-6.123138964176177979e-02
-1.241497695446014404e-01
4.989043474197387695e-01
2.249666929244995117e+00
-3.845621943473815918e-01
1.105843067169189453e+00
-4.649602174758911133e-01
-1.803174316883087158e-01
8.728305697441101074e-01
4.202876985073089600e-01
8.516753911972045898e-01
-4.795152246952056885e-01
3.070529401302337646e-01
-5.935949087142944336e-01
8.060600161552429199e-01
-1.341602325439453125e+00
1.741350412368774414e+00
2.755620479583740234e-01
-7.931746244430541992e-01
-6.135632097721099854e-02
-1.722288429737091064e-01
-7.983621954917907715e-01
1.791496396064758301e+00
-6.194804981350898743e-02
-1.084118485450744629e+00
7.652488946914672852e-01
-1.189296245574951172e+00
-7.938578724861145020e-02
2.037454992532730103e-01
5.554061532020568848e-01
5.765826702117919922e-01
1.834520399570465088e-01
-1.877095848321914673e-01
-6.761423945426940918e-01
6.825393438339233398e-01
-9.366129636764526367e-01
3.247633203864097595e-02
5.017974376678466797e-01
-3.503137230873107910e-01
5.667405128479003906e-01
-7.448094487190246582e-01
4.374921321868896484e-01
-8.977773785591125488e-02
1.581487417221069336e+00
-1.935638636350631714e-01
4.223293960094451904e-01
-5.738939717411994934e-02
7.465225458145141602e-01
-4.901929199695587158e-01
1.758527457714080811e-01
-5.651673078536987305e-01
1.104224801063537598e+00
-8.567888289690017700e-02
-2.604907453060150146e-01
4.522748291492462158e-03
-1.829089045524597168e+00
3.952187672257423401e-02
1.088459968566894531e+00
4.271232485771179199e-01
1.218834638595581055e+00
-1.027677416801452637e+00
6.228982806205749512e-01
-4.139755964279174805e-01
-6.791444420814514160e-01
-2.043884247541427612e-01
-7.750684022903442383e-02
-1.735066533088684082e+00
-6.103282794356346130e-02
5.182688683271408081e-02
-5.619236826896667480e-01
2.201690524816513062e-01
1.321552097797393799e-01
-2.888371348381042480e-01
-2.515699267387390137e-01
6.990442872047424316e-01
-1.939177066087722778e-01
1.742412090301513672e+00
1.076709508895874023e+00
-1.913503646850585938e+00
2.733322381973266602e-01
-2.206124067306518555e+00
-1.080347418785095215e+00
2.382438778877258301e-01
-1.028316140174865723e+00
7.194628715515136719e-01
-9.023047238588333130e-02
3.253003060817718506e-01
-6.339354515075683594e-01
2.214725464582443237e-01
-1.813781559467315674e-01
3.027277290821075439e-01
5.836364030838012695e-01
-1.320260614156723022e-01
-9.512216597795486450e-02
9.169985651969909668e-01
-7.547423839569091797e-01
-1.859962642192840576e-01
-4.116107225418090820e-01
-2.483455836772918701e-01
2.332495301961898804e-01
-1.148725509643554688e+00
1.124350309371948242e+00
-6.370368003845214844e-01
1.839871853590011597e-01
4.741457104682922363e-02
2.177305519580841064e-02
-6.271708756685256958e-02
5.803781747817993164e-01
2.915683984756469727e-01
4.720822572708129883e-01
1.247562646865844727e+00
5.323212742805480957e-01
1.047166138887405396e-01
