3.598443865776062012e-01
-8.209136128425598145e-01
4.903840124607086182e-01
-1.507510542869567871e+00
-1.363664507865905762e+00
6.256535649299621582e-01
-7.316207289695739746e-01
-2.698706984519958496e-01
4.417046606540679932e-01
5.034782886505126953e-01
-6.137982010841369629e-01
1.284082174301147461e+00
-9.434750080108642578e-01
-1.515488266944885254e+00
-4.583591222763061523e-01
-3.002848923206329346e-01
2.607832849025726318e-01
-9.743350557982921600e-03
-1.790052652359008789e+00
1.449902892112731934e+00
-2.950035333633422852e-01
-1.083128213882446289e+00
3.158824443817138672e-01
-3.176864385604858398e-01
3.372026085853576660e-01
-1.486569523811340332e+00
8.130086213350296021e-02
-6.362629532814025879e-01
-8.055667877197265625e-01
-9.064276218414306641e-01
2.591482698917388916e-01
-1.442070245742797852e+00
1.001053571701049805e+00
2.699009478092193604e-01
-1.840362548828125000e-01
-1.699166595935821533e-01
-1.419376730918884277e+00
9.192057847976684570e-01
3.227975666522979736e-01
8.980339765548706055e-01
9.883891791105270386e-02
-3.116642357781529427e-03
3.957197368144989014e-01
3.075432777404785156e-01
1.054863810539245605e+00
1.888688325881958008e+00
1.938844323158264160e+00
1.024959087371826172e-01
1.016227245330810547e+00
3.247684836387634277e-01
-4.661716818809509277e-01
-4.154517948627471924e-01
-4.658783674240112305e-01
1.081829424947500229e-03
-4.768812954425811768e-01
9.457648396492004395e-01
4.355719983577728271e-01
2.006903737783432007e-01
-1.480511128902435303e-01
-2.559107840061187744e-01
8.646125197410583496e-01
-2.468560338020324707e-01
-5.445887446403503418e-01
2.063860595226287842e-01
8.786808848381042480e-01
1.071658372879028320e+00
-5.965578556060791016e-01
-1.565014421939849854e-01
3.555642068386077881e-02
-1.090561509132385254e+00
7.230582088232040405e-02
-9.629857540130615234e-01
1.235544532537460327e-01
-8.871415853500366211e-01
4.507553875446319580e-01
1.928702116012573242e+00
6.428292393684387207e-01
-3.174623548984527588e-01
9.363833665847778320e-01
-8.561621308326721191e-01
1.332202315330505371e+00
9.554137587547302246e-01
-1.969260215759277344e+00
-6.509383320808410645e-01
3.805918097496032715e-01
-1.144207000732421875e+00
5.131161212921142578e-02
7.036007046699523926e-01
-8.994250893592834473e-01
8.322066664695739746e-01
4.014440774917602539e-01
9.394897520542144775e-02
-4.015426337718963623e-01
-9.280466437339782715e-01
2.554955780506134033e-01
9.722685813903808594e-01
-6.512426733970642090e-01
1.145610332489013672e+00
3.839751482009887695e-01
3.683488070964813232e-01
-3.010213077068328857e-01
1.041775822639465332e+00
4.026114046573638916e-01
-8.838192224502563477e-01
-1.063486218452453613e+00
-4.381609857082366943e-01
-1.690341472625732422e+00
4.516743421554565430e-01
1.848418712615966797e-01
-1.369422078132629395e+00
-1.160445928573608398e+00
-9.382460117340087891e-01
-4.242072701454162598e-01
-7.922059893608093262e-01
1.455112814903259277e+00
5.064455270767211914e-01
-2.947954237461090088e-01
1.242306709289550781e+00
-2.364750802516937256e-01
4.144643545150756836e-01
6.843048334121704102e-01
1.975573658943176270e+00
1.734397172927856445e+00
-5.631107464432716370e-02
4.579864442348480225e-01
5.903916358947753906e-01
-8.015815615653991699e-01
-6.531085968017578125e-01
1.640705108642578125e+00
-4.499218463897705078e-01
5.679947733879089355e-01
3.841342031955718994e-01
-1.492934226989746094e-01
3.416105508804321289e-01
-6.930475831031799316e-01
8.104838132858276367e-01
1.590224862098693848e+00
-1.023966312408447266e+00
-2.375686645507812500e+00
5.630776286125183105e-01
1.261924743652343750e+00
-1.709034681320190430e+00
8.072189241647720337e-02
1.309402942657470703e+00
-4.204255640506744385e-01
1.049478530883789062e+00
-9.523126482963562012e-01
-9.915469884872436523e-01
1.411794185638427734e+00
-4.723694324493408203e-01
1.279253840446472168e+00
-1.540908515453338623e-01
-6.253944337368011475e-02
7.268559932708740234e-01
-9.024839401245117188e-01
1.587187349796295166e-01
-7.665999531745910645e-01
2.044850289821624756e-01
-7.376471906900405884e-02
-8.123202621936798096e-02
-2.099006175994873047e+00
6.659533977508544922e-01
-7.194821238517761230e-01
-5.762261152267456055e-01
1.926773905754089355e+00
-4.001166522502899170e-01
1.197594776749610901e-01
-2.642546594142913818e-01
-8.086119294166564941e-01
2.309102118015289307e-01
-1.118803739547729492e+00
-4.512155950069427490e-01
3.544195294380187988e-01
1.985228508710861206e-01
5.437667965888977051e-01
-2.846952378749847412e-01
-1.426429390907287598e+00
9.585631079971790314e-03
1.008747100830078125e+00
7.670414447784423828e-01
4.298789799213409424e-01
1.098511338233947754e+00
2.545427083969116211e-01
5.989398341625928879e-03
-4.439214169979095459e-01
5.421755313873291016e-01
-1.056956887245178223e+00
-7.216958403587341309e-01
-1.793336570262908936e-01
-9.028226733207702637e-01
-3.552488684654235840e-01
-9.258723258972167969e-01
-5.716282501816749573e-02
2.768142521381378174e-02
-5.211740136146545410e-01
9.088971018791198730e-01
-8.587548136711120605e-01
-1.533550769090652466e-01
3.853755891323089600e-01
-1.146959781646728516e+00
-2.716279625892639160e-01
-1.923178911209106445e+00
9.536155462265014648e-01
1.147473603487014771e-01
7.966617941856384277e-01
-1.833022981882095337e-01
-3.083858489990234375e-01
1.346410393714904785e+00
-2.385253012180328369e-01
1.596675753593444824e+00
1.400952100753784180e+00
-8.007971569895744324e-03
-6.362198293209075928e-02
-1.162909492850303650e-01
5.992783308029174805e-01
1.611060798168182373e-01
5.852611660957336426e-01
-1.131114482879638672e+00
9.148526787757873535e-01
-5.261624231934547424e-02
-8.662365078926086426e-01
-1.255989193916320801e+00
-9.188409894704818726e-02
-4.274185597896575928e-01
-4.214329719543457031e-01
8.939954042434692383e-01
4.271433353424072266e-01
2.012929916381835938e-01
-1.579367399215698242e+00
-6.949577331542968750e-01
1.124259591102600098e+00
-2.897541522979736328e-01
1.287670612335205078e+00
2.271794319152832031e+00
-4.045702219009399414e-01
-1.063351035118103027e+00
-8.434505462646484375e-01
-3.348966240882873535e-01
-2.889667451381683350e-01
5.759800672531127930e-01
5.341254472732543945e-01
1.360811948776245117e+00
2.808330208063125610e-02
6.579700112342834473e-01
-3.118086159229278564e-01
1.914407610893249512e+00
1.118709087371826172e+00
4.966974556446075439e-01
-4.550929665565490723e-01
4.277792572975158691e-01
-5.460441112518310547e-01
6.476584076881408691e-01
1.449479341506958008e+00
1.055105447769165039e+00
6.054067611694335938e-01
-6.076600551605224609e-01
8.714450597763061523e-01
-8.843505382537841797e-01
5.266103744506835938e-01
9.362444281578063965e-01
-1.058915853500366211e+00
-9.808106422424316406e-01
8.298808336257934570e-01
1.950319409370422363e-01
-9.487606287002563477e-01
1.377985239028930664e+00
-2.606631517410278320e-01
3.445324003696441650e-01
3.370110094547271729e-01
1.875941991806030273e+00
7.765603065490722656e-01
-9.543423056602478027e-01
-3.215011954307556152e-01
-9.127817302942276001e-02
-1.499471783638000488e+00
1.649291753768920898e+00
-1.144405484199523926e+00
2.310500383377075195e+00
8.795955777168273926e-01
1.643301844596862793e+00
-6.568321585655212402e-02
-9.947355836629867554e-02
-1.640946418046951294e-01
-2.529570460319519043e-01
5.247358679771423340e-01
-2.090994358062744141e+00
4.815481007099151611e-01
6.893585920333862305e-01
-4.059483110904693604e-01
3.005971312522888184e-01
-6.919968128204345703e-01
-4.547505378723144531e-01
-2.162463217973709106e-01
1.606820523738861084e-01
3.168947100639343262e-01
4.691566899418830872e-02
-6.425412371754646301e-03
1.331487417221069336e+00
6.401167809963226318e-02
1.037635326385498047e+00
-2.054068446159362793e-01
6.576610207557678223e-01
-2.507943511009216309e-01
-7.498082518577575684e-01
-1.715654492378234863e+00
4.857044517993927002e-01
-5.050538778305053711e-01
1.422602087259292603e-01
-7.599493861198425293e-01
4.363266825675964355e-01
5.148757100105285645e-01
-2.892994284629821777e-01
-6.696611642837524414e-01
-1.667466163635253906e-01
1.386424899101257324e+00
-5.176654458045959473e-01
-1.378943026065826416e-01
2.881511151790618896e-01
2.927651405334472656e-01
5.898330807685852051e-01
-6.333358287811279297e-01
1.223328590393066406e+00
-5.887325406074523926e-01
-2.022566795349121094e-01
-7.806291580200195312e-01
-6.810482740402221680e-01
5.547042489051818848e-01
3.234986066818237305e-01
-8.883131742477416992e-01
6.991358101367950439e-02
-1.126142591238021851e-01
-3.992622494697570801e-01
-1.783201098442077637e-01
6.187632679939270020e-01
3.584349751472473145e-01
-8.544684052467346191e-01
-1.853532195091247559e-01
-5.055919885635375977e-01
-8.212392330169677734e-01
7.522829622030258179e-02
-3.070553997531533241e-03
4.320667684078216553e-02
6.874584555625915527e-01
1.267225623130798340e+00
-1.507610231637954712e-01
-2.437825679779052734e+00
-3.474801778793334961e-01
1.795273572206497192e-01
3.248755633831024170e-01
-3.103367388248443604e-01
-7.846417427062988281e-01
-1.220653355121612549e-01
-1.784532308578491211e+00
3.539303839206695557e-01
3.897833526134490967e-01
-1.420900970697402954e-01
-1.221586465835571289e+00
2.919618189334869385e-01
-6.678094863891601562e-01
7.172378301620483398e-01
-1.491801738739013672e+00
8.091563582420349121e-01
-4.916905462741851807e-01
6.318169832229614258e-01
1.053060367703437805e-01
-1.477190852165222168e+00
-4.431584179401397705e-01
1.751460313796997070e+00
1.457602262496948242e+00
-1.576589703559875488e+00
-2.268384218215942383e+00
1.015471577644348145e+00
-4.260690510272979736e-01
-2.139593660831451416e-01
3.575857356190681458e-02
1.311100572347640991e-01
1.347506165504455566e+00
5.977914333343505859e-01
-1.109735225327312946e-03
-4.466941654682159424e-01
8.109340071678161621e-01
-5.083853006362915039e-01
-1.555889546871185303e-01
6.909242272377014160e-02
-1.451170206069946289e+00
9.337781667709350586e-01
-3.711237907409667969e-01
5.084220767021179199e-01
3.000547409057617188e+00
6.009891033172607422e-01
-5.179051756858825684e-01
-1.133805871009826660e+00
8.860445767641067505e-02
-1.346562743186950684e+00
9.901430606842041016e-01
-9.347712397575378418e-01
-7.621684074401855469e-01
8.119360208511352539e-01
-7.286484837532043457e-01
1.403420805931091309e+00
-4.084526002407073975e-01
-1.344123125076293945e+00
-1.336945176124572754e+00
4.417327046394348145e-01
8.245977163314819336e-01
3.638744950294494629e-01
7.023121118545532227e-01
4.585850983858108521e-02
7.281353324651718140e-02
-3.850006759166717529e-01
6.952273845672607422e-01
-1.207407236099243164e+00
-3.082706928253173828e-01
-5.433357357978820801e-01
-1.116867899894714355e+00
-2.740603089332580566e-01
-1.523614168167114258e+00
-7.647669911384582520e-01
-1.688518524169921875e+00
2.962789535522460938e-01
-7.575623393058776855e-01
4.518601894378662109e-01
-1.677022457122802734e+00
1.761579036712646484e+00
1.567442668601870537e-03
5.487712621688842773e-01
9.721145033836364746e-01
-3.026608228683471680e-01
-3.748285174369812012e-01
-1.329357862472534180e+00
2.059140354394912720e-01
1.298704981803894043e+00
5.786958336830139160e-01
-3.903083205223083496e-01
-1.043648838996887207e+00
7.693569064140319824e-01
-4.690369665622711182e-01
-5.735642313957214355e-01
-7.278027534484863281e-01
-1.358292549848556519e-01
-1.066490411758422852e+00
-3.472465276718139648e-01
-2.207140028476715088e-01
-1.965906172990798950e-01
-6.796679496765136719e-01
-1.243118643760681152e+00
-1.428913712501525879e+00
1.096622109413146973e+00
-1.422140151262283325e-01
-7.418235540390014648e-01
-1.010805606842041016e+00
-1.057367682456970215e+00
1.969572663307189941e+00
-8.413293957710266113e-01
7.129751443862915039e-01
1.078316330909729004e+00
1.663674116134643555e-01
-1.519481778144836426e+00
-2.011779546737670898e+00
-2.840062677860260010e-01
6.542106270790100098e-01
3.926335573196411133e-01
7.798201441764831543e-01
-1.842979192733764648e-01
-1.151831507682800293e+00
1.471396207809448242e+00
7.470188140869140625e-01
6.274176388978958130e-02
-2.592418432235717773e+00
9.602144360542297363e-01
-1.863542675971984863e+00
-1.416955947875976562e+00
3.990859985351562500e-01
-1.792534738779067993e-01
1.938508898019790649e-01
-1.583313941955566406e-02
2.139777690172195435e-01
-1.345740795135498047e+00
7.927253842353820801e-01
7.140297889709472656e-01
-9.659304618835449219e-01
-1.423780798912048340e+00
2.197098731994628906e-01
-8.849873393774032593e-02
-8.958302140235900879e-01
1.487101554870605469e+00
-1.843825817108154297e+00
-6.800284981727600098e-01
2.902382016181945801e-01
1.288604497909545898e+00
-6.590057611465454102e-01
1.264779090881347656e+00
1.329988613724708557e-02
-7.830463647842407227e-01
-2.993979454040527344e-01
2.395462542772293091e-01
1.248538136482238770e+00
1.019815206527709961e+00
1.460098102688789368e-02
-9.701911211013793945e-01
3.501301109790802002e-01
1.291368603706359863e+00
1.703400373458862305e+00
1.499390363693237305e+00
3.022872209548950195e-01
5.396859049797058105e-01
-4.296872019767761230e-01
3.650792539119720459e-01
1.717083305120468140e-01
3.186621144413948059e-02
-1.213746309280395508e+00
1.453419089317321777e+00
-6.721156835556030273e-01
-1.433629631996154785e+00
8.561064004898071289e-01
-1.530069589614868164e+00
3.930504024028778076e-01
5.033676624298095703e-01
6.327427625656127930e-01
-1.117261886596679688e+00
-1.734126091003417969e+00
7.035798430442810059e-01
-7.166160345077514648e-01
6.593602299690246582e-01
-1.339853525161743164e+00
1.278406828641891479e-01
4.294536113739013672e-01
-2.111215591430664062e+00
-1.671304821968078613e+00
1.006438016891479492e+00
-2.011445760726928711e-01
-1.263571977615356445e+00
1.721647024154663086e+00
-9.660597443580627441e-01
6.092842221260070801e-01
-3.273334026336669922e+00
1.298395872116088867e+00
-7.024407386779785156e-01
2.886784374713897705e-01
1.434452891349792480e+00
4.943568408489227295e-01
3.348319977521896362e-02
-8.430937528610229492e-01
3.548885881900787354e-01
-6.099687814712524414e-01
-9.202213287353515625e-01
2.053831890225410461e-02
4.369470290839672089e-03
4.749757349491119385e-01
-1.227030716836452484e-02
-7.127412408590316772e-02
-1.849429845809936523e+00
8.096303939819335938e-01
1.209908962249755859e+00
-5.647370219230651855e-01
-5.520433783531188965e-01
-1.294187307357788086e-01
1.515220165252685547e+00
2.550318241119384766e-01
1.742462366819381714e-01
1.938505917787551880e-01
1.065748035907745361e-01
1.374965906143188477e+00
5.443147420883178711e-01
-8.001582622528076172e-01
-7.357564568519592285e-01
9.659983515739440918e-01
1.288087218999862671e-01
-2.558203697204589844e+00
-5.521802902221679688e-01
-9.009822607040405273e-01
6.952437758445739746e-01
6.469656527042388916e-02
8.364641070365905762e-01
1.285734176635742188e-01
1.083702445030212402e+00
-1.884108223021030426e-02
1.156466007232666016e+00
4.001835584640502930e-01
-9.892796874046325684e-01
6.094685792922973633e-01
5.911297202110290527e-01
8.572190999984741211e-01
-1.994902826845645905e-02
-7.374447584152221680e-01
5.798723101615905762e-01
2.533991262316703796e-02
1.978077590465545654e-01
3.391866013407707214e-02
9.467363953590393066e-01
-4.137606918811798096e-01
-4.328357875347137451e-01
3.557601303327828646e-04
-6.342693418264389038e-02
2.267317026853561401e-01
-1.752216458320617676e+00
-2.056113332509994507e-01
9.104905724525451660e-01
2.242217510938644409e-01
-5.458636879920959473e-01
9.208261370658874512e-01
-2.097307920455932617e+00
-1.711263060569763184e-01
2.361751049757003784e-01
9.188175946474075317e-02
-8.245637416839599609e-01
-3.094975948333740234e-01
1.287748932838439941e+00
-1.020160198211669922e+00
-1.609428644180297852e+00
6.414654850959777832e-01
-6.076851487159729004e-01
1.065321564674377441e+00
-6.406002491712570190e-02
7.805683612823486328e-01
-4.672557711601257324e-01
-4.485054016113281250e-01
-3.208862543106079102e-01
3.304046690464019775e-01
-6.068010330200195312e-01
1.895180940628051758e+00
4.172804653644561768e-01
-4.080541729927062988e-01
-7.285673022270202637e-01
9.481919407844543457e-01
1.082928404211997986e-01
-6.222272515296936035e-01
6.913206726312637329e-02
-1.236346736550331116e-01
5.781466960906982422e-01
3.533265292644500732e-01
1.438863277435302734e+00
2.621880769729614258e-01
-1.589183688163757324e+00
-2.542028129100799561e-01
-5.177441239356994629e-02
-1.568453669548034668e+00
-7.223372161388397217e-02
1.181545928120613098e-01
-1.918870508670806885e-01
-1.128455519676208496e+00
-2.684376239776611328e-01
-2.048498392105102539e+00
-4.081329703330993652e-01
-1.840280741453170776e-02
-5.812532305717468262e-01
-1.761167347431182861e-01
2.029812812805175781e+00
2.473764419555664062e+00
2.882901579141616821e-02
-9.697684645652770996e-01
6.106591224670410156e-01
-5.683904886245727539e-01
-3.562102913856506348e-01
-1.259739995002746582e+00
-1.188156366348266602e+00
-7.680446654558181763e-02
1.552725791931152344e+00
1.551595449447631836e+00
-7.430760264396667480e-01
1.419883608818054199e+00
-8.072712421417236328e-01
-7.441988587379455566e-01
7.611380815505981445e-01
1.834966242313385010e-02
3.889084458351135254e-01
-8.747481107711791992e-01
-7.582876682281494141e-01
-1.316815614700317383e-01
2.594118118286132812e-01
-1.794537186622619629e+00
5.091959834098815918e-01
-4.053421318531036377e-01
-4.933332502841949463e-01
-7.269515395164489746e-01
-6.065986678004264832e-02
-9.336465597152709961e-01
1.928884625434875488e+00
-2.044884860515594482e-02
-1.173168659210205078e+00
3.203504383563995361e-01
-1.331850886344909668e+00
-2.796511948108673096e-01
-1.735598966479301453e-02
-2.377461940050125122e-01
2.786972522735595703e-01
7.968096435070037842e-02
-1.077183410525321960e-01
-5.765019655227661133e-01
1.107522487640380859e+00
-6.805350184440612793e-01
1.550325304269790649e-01
7.083866000175476074e-01
-2.727292776107788086e-01
4.382816255092620850e-01
-8.333062529563903809e-01
1.629770398139953613e+00
-4.560350254178047180e-02
5.629248023033142090e-01
-5.211958885192871094e-01
6.323508024215698242e-01
-3.019284605979919434e-01
4.219670593738555908e-01
-1.824723780155181885e-01
2.716737687587738037e-01
-6.246981620788574219e-01
7.544131875038146973e-01
-8.833020180463790894e-02
3.145820200443267822e-01
-7.438337057828903198e-02
-1.460396409034729004e+00
4.928556084632873535e-01
-1.079633012413978577e-01
1.825097322463989258e+00
5.631476044654846191e-01
-5.132577419281005859e-01
4.603340625762939453e-01
7.104058861732482910e-01
-8.049321770668029785e-01
5.268647670745849609e-01
-2.407401949167251587e-01
-1.312124013900756836e+00
8.435249924659729004e-01
1.338510215282440186e-01
1.180154010653495789e-01
-1.259234827011823654e-02
4.951608777046203613e-01
-1.077816009521484375e+00
-4.033000767230987549e-01
6.543284058570861816e-01
-1.770696043968200684e+00
1.030544281005859375e+00
8.838144689798355103e-02
-1.144491791725158691e+00
-5.404919981956481934e-01
-1.552692294120788574e+00
-1.430394411087036133e+00
4.531019628047943115e-01
2.450986355543136597e-01
8.112611770629882812e-01
-2.082409411668777466e-01
6.185348331928253174e-02
-9.530755281448364258e-01
-7.931973934173583984e-01
8.213502168655395508e-01
2.507804155349731445e+00
7.494180202484130859e-01
-8.153043389320373535e-01
-3.287875652313232422e-01
1.638253688812255859e+00
-2.249722242355346680e+00
9.064944982528686523e-01
2.211824059486389160e-01
9.287925809621810913e-02
-2.539693415164947510e-01
-1.399029254913330078e+00
1.952623367309570312e+00
-5.070593953132629395e-01
2.594981789588928223e-01
7.130482047796249390e-02
4.204401075839996338e-01
-9.253662079572677612e-03
9.094141721725463867e-01
-3.663785457611083984e-01
9.376211762428283691e-01
1.355049133300781250e+00
1.233329057693481445e+00
2.441138327121734619e-01
