4.659110605716705322e-01
-6.530773043632507324e-01
1.555804371833801270e+00
-5.213525295257568359e-01
-1.514837980270385742e+00
4.468972682952880859e-01
5.308898165822029114e-02
-7.009479403495788574e-01
6.228650212287902832e-01
-2.036367952823638916e-01
1.902414441108703613e+00
-1.728257417678833008e+00
-5.116808414459228516e-01
-7.081704139709472656e-01
-4.673438966274261475e-01
1.953186541795730591e-01
-7.021213769912719727e-01
8.188717812299728394e-02
-7.541632652282714844e-01
2.209545135498046875e+00
-2.529511153697967529e-01
-3.597138226032257080e-01
2.237145602703094482e-01
4.737204015254974365e-01
5.023930668830871582e-01
-9.477365612983703613e-01
9.994870424270629883e-02
-8.378825187683105469e-01
-8.824526667594909668e-01
-1.488237142562866211e+00
-3.546906113624572754e-01
-7.598697543144226074e-01
4.259252846240997314e-01
1.078777089715003967e-01
9.425826668739318848e-01
-4.762885272502899170e-01
-4.193010032176971436e-01
3.668880164623260498e-01
9.960923790931701660e-01
8.809261322021484375e-01
-9.847255945205688477e-01
6.574800610542297363e-02
-8.780388236045837402e-01
2.112076878547668457e-01
-2.800595462322235107e-01
4.278327524662017822e-01
3.195626974105834961e+00
3.938672691583633423e-02
3.847742080688476562e-01
3.140190243721008301e-01
9.372221231460571289e-01
8.315486907958984375e-01
-1.428612589836120605e+00
-2.103211164474487305e+00
5.075818300247192383e-01
-2.522329688072204590e-01
-7.883570790290832520e-01
1.022313475608825684e+00
6.839989423751831055e-01
7.759290933609008789e-01
1.515504598617553711e+00
-5.484566688537597656e-01
-1.388651371002197266e+00
5.201507210731506348e-01
-2.784075587987899780e-02
-9.194180965423583984e-01
-5.467289686203002930e-01
1.141618251800537109e+00
3.914674818515777588e-01
-1.951338946819305420e-01
-1.857716292142868042e-01
7.774949818849563599e-02
-1.294744253158569336e+00
-2.501556277275085449e-01
8.390309214591979980e-01
7.126385569572448730e-01
1.835776567459106445e+00
6.548153609037399292e-02
6.131463646888732910e-01
8.420907706022262573e-02
7.761893868446350098e-01
6.980842947959899902e-01
-5.726196169853210449e-01
-1.912422299385070801e+00
-7.158545851707458496e-01
-1.087958455085754395e+00
5.560800433158874512e-02
-6.705997586250305176e-01
-9.862453341484069824e-01
5.680640339851379395e-01
-1.979868710041046143e-01
1.700337976217269897e-01
1.527230143547058105e+00
-1.171974897384643555e+00
-3.376837670803070068e-01
-5.101904273033142090e-01
-1.486799955368041992e+00
4.822750091552734375e-01
9.020960927009582520e-01
1.582624197006225586e+00
1.880830407142639160e+00
1.381956338882446289e+00
-6.288853287696838379e-02
1.025062561035156250e+00
-2.300109148025512695e+00
-3.356325924396514893e-01
-2.173576116561889648e+00
1.302290797233581543e+00
-1.275221407413482666e-01
-8.555197715759277344e-01
1.305050998926162720e-01
1.370715022087097168e+00
-9.507225453853607178e-02
-7.774525284767150879e-01
6.989946961402893066e-01
-1.599267125129699707e-01
-3.054116070270538330e-01
5.379382967948913574e-01
-1.084843039512634277e+00
-3.588534593582153320e-01
9.263716340065002441e-01
1.937775373458862305e+00
1.834525227546691895e+00
7.425893545150756836e-01
1.104635000228881836e-01
-4.695484340190887451e-01
-7.960720062255859375e-01
6.105533987283706665e-02
2.024238348007202148e+00
-3.875752985477447510e-01
-2.304593473672866821e-01
4.867855906486511230e-01
1.046472266316413879e-01
6.129383444786071777e-01
-1.439937353134155273e+00
-5.270026326179504395e-01
3.389913439750671387e-01
3.243573382496833801e-02
-1.585948944091796875e+00
1.640443205833435059e+00
1.121692657470703125e+00
-1.673473596572875977e+00
-2.981221675872802734e-01
1.591784834861755371e+00
-9.802189469337463379e-01
-8.546860814094543457e-01
5.416626334190368652e-01
-3.534109517931938171e-02
1.288508474826812744e-01
-1.589302420616149902e+00
7.342916131019592285e-01
3.817936182022094727e-01
5.709317922592163086e-01
1.352463603019714355e+00
7.917807698249816895e-01
-2.111083865165710449e-01
-2.877512872219085693e-01
8.548096567392349243e-02
-2.920321524143218994e-01
-8.152221143245697021e-02
-6.441522240638732910e-01
-4.422457143664360046e-02
-3.011638820171356201e-01
1.444454640150070190e-01
-8.429798483848571777e-02
5.358638167381286621e-01
-3.801976516842842102e-02
1.087235093116760254e+00
-1.190105080604553223e+00
-5.481556653976440430e-01
-1.082286953926086426e+00
-9.367298483848571777e-01
9.728267192840576172e-01
1.459417194128036499e-01
-1.480338424444198608e-01
-2.336844205856323242e-01
-9.475878477096557617e-01
-5.309412479400634766e-01
-2.900968790054321289e-01
1.378515362739562988e+00
6.159874200820922852e-01
4.238879382610321045e-01
-3.765119016170501709e-01
6.291376352310180664e-01
-1.063968464732170105e-01
4.102062806487083435e-02
4.535202383995056152e-01
-7.067610621452331543e-01
6.127647161483764648e-01
6.066540479660034180e-01
-2.909198701381683350e-01
-1.814198732376098633e+00
1.046008169651031494e-01
3.224801719188690186e-01
-2.673701345920562744e-01
-1.021945849061012268e-01
-8.831753134727478027e-01
-3.086153864860534668e-01
5.040612816810607910e-01
-9.699613451957702637e-01
2.196147590875625610e-01
-7.322010397911071777e-01
-5.661839842796325684e-01
-5.925037860870361328e-01
2.127569437026977539e+00
-1.409930229187011719e+00
-2.837917208671569824e-01
-2.021067440509796143e-01
-1.341076195240020752e-01
1.347509771585464478e-01
-7.818958163261413574e-01
1.147660017013549805e+00
-5.304714441299438477e-01
-4.295717775821685791e-01
-1.146696135401725769e-01
2.916370630264282227e-01
1.029895544052124023e+00
-1.026254057884216309e+00
9.749395847320556641e-01
4.344113767147064209e-01
2.229152321815490723e-01
-5.022044777870178223e-01
2.742026746273040771e-01
-2.973894774913787842e-01
-3.145086765289306641e-01
-1.678066328167915344e-02
1.082915544509887695e+00
-1.010563850402832031e+00
7.577960938215255737e-02
-1.861219257116317749e-01
-1.000818312168121338e-01
-1.072118580341339111e-01
-7.184254527091979980e-01
5.961524695158004761e-02
6.358012557029724121e-01
-1.414611101150512695e+00
-4.965275824069976807e-01
5.772095918655395508e-01
-2.155156612396240234e+00
-7.060322761535644531e-01
9.820538759231567383e-01
4.402586445212364197e-02
8.014160394668579102e-02
2.420945614576339722e-01
-1.191537380218505859e+00
4.869889914989471436e-01
1.185553073883056641e+00
-3.078779876232147217e-01
1.921250373125076294e-01
-3.668604195117950439e-01
6.923561543226242065e-02
1.382293403148651123e-01
3.097026944160461426e-01
7.342614531517028809e-01
1.043423891067504883e+00
-8.743146061897277832e-02
-2.060723900794982910e-01
3.456047922372817993e-02
-8.812294602394104004e-01
2.052695006132125854e-01
-1.055004477500915527e+00
-1.233690857887268066e+00
6.189814805984497070e-01
-9.520983099937438965e-01
-1.121071632951498032e-02
9.867438077926635742e-01
2.843626737594604492e-01
7.180211544036865234e-01
5.520940423011779785e-01
1.259627580642700195e+00
6.696484088897705078e-01
-2.736806869506835938e-01
6.090544462203979492e-01
1.259086608886718750e+00
-1.015879511833190918e+00
1.812568306922912598e-01
-7.478418350219726562e-01
1.176230907440185547e+00
-3.960912823677062988e-01
3.024606406688690186e-01
-1.359091639518737793e+00
-7.015827894210815430e-01
-1.907937049865722656e+00
-1.061071157455444336e+00
-1.244815215468406677e-01
-4.546044468879699707e-01
5.044443607330322266e-01
5.270143747329711914e-01
9.163181781768798828e-01
-1.059505701065063477e+00
-2.759308099746704102e+00
8.251910209655761719e-01
4.244422316551208496e-01
-1.239722892642021179e-01
1.312195807695388794e-01
1.843100041151046753e-01
9.844387769699096680e-01
1.487949252128601074e+00
1.055520027875900269e-01
3.718979060649871826e-01
6.737817525863647461e-01
1.924546241760253906e+00
7.329116463661193848e-01
-5.079772472381591797e-01
-1.608623147010803223e+00
-2.684881687164306641e-01
-4.762661457061767578e-01
4.617343842983245850e-01
-7.376072406768798828e-01
5.487527251243591309e-01
7.968101501464843750e-01
-6.652622222900390625e-01
-1.111498236656188965e+00
-1.100657701492309570e+00
-3.363422453403472900e-01
8.505812287330627441e-02
-1.396020799875259399e-01
-2.261031568050384521e-01
2.109611988067626953e+00
1.728095293045043945e+00
-1.256121397018432617e+00
-2.418718934059143066e-01
-3.880242109298706055e-01
-1.109100222587585449e+00
-6.043705940246582031e-01
-8.663511276245117188e-01
1.431715250015258789e+00
4.129911959171295166e-01
-7.227376103401184082e-01
-1.501688361167907715e-01
9.096593856811523438e-01
-6.137297749519348145e-01
6.521106958389282227e-01
8.206723332405090332e-01
2.431339621543884277e-01
1.574602484703063965e+00
1.356755852699279785e+00
-1.221437931060791016e+00
6.621291041374206543e-01
-1.154352072626352310e-02
-2.624088823795318604e-01
-6.479843854904174805e-01
1.659042239189147949e-01
5.295867919921875000e-01
-8.792974948883056641e-01
-8.513537049293518066e-01
-1.945143789052963257e-01
9.334811568260192871e-01
-2.661910951137542725e-01
1.103140115737915039e+00
-1.330647706985473633e+00
8.082634210586547852e-01
-5.772451162338256836e-01
8.852541446685791016e-01
-1.395314574241638184e+00
-7.982665300369262695e-02
-9.054136872291564941e-01
3.927958309650421143e-01
-5.444000959396362305e-01
1.818905353546142578e+00
-2.107249259948730469e+00
2.913966774940490723e-01
3.106563091278076172e-01
1.988613009452819824e+00
-1.231536507606506348e+00
-8.418716788291931152e-01
-1.385626196861267090e-01
1.915081501007080078e+00
5.548658967018127441e-01
-1.396752357482910156e+00
1.442659854888916016e+00
1.347356438636779785e+00
-1.010121405124664307e-02
5.097434520721435547e-01
7.318266481161117554e-02
1.053792834281921387e+00
7.948380112648010254e-01
2.951503992080688477e-01
5.415337085723876953e-01
-9.788366556167602539e-01
1.430000662803649902e+00
2.261093109846115112e-01
-1.564899086952209473e-01
-1.280358076095581055e+00
-8.959318995475769043e-01
4.131384491920471191e-01
2.675885558128356934e-01
2.240381985902786255e-01
3.256691455841064453e+00
6.514510512351989746e-01
-7.516278624534606934e-01
-8.841122388839721680e-01
-1.403107345104217529e-01
-4.591270983219146729e-01
-1.019223108887672424e-01
9.724001586437225342e-02
4.598098397254943848e-01
-4.224233329296112061e-01
5.704267024993896484e-01
3.560829460620880127e-01
6.317384243011474609e-01
-9.009976387023925781e-01
1.970575153827667236e-01
-4.977948963642120361e-01
-8.579645752906799316e-01
7.044714093208312988e-01
-7.300444841384887695e-01
7.304570674896240234e-01
7.620449662208557129e-01
1.238671064376831055e+00
1.297716021537780762e+00
-1.754634231328964233e-01
1.248445987701416016e+00
-2.858385443687438965e-01
-1.304660797119140625e+00
-5.570203661918640137e-01
1.806484818458557129e+00
-2.735710740089416504e-01
-4.470002055168151855e-01
-8.782441020011901855e-01
-6.767332553863525391e-01
7.878167089074850082e-04
-1.411217331886291504e+00
-6.921865940093994141e-01
2.702052891254425049e-02
3.436368405818939209e-01
-3.786107301712036133e-01
-8.646300435066223145e-01
8.892951011657714844e-01
-6.653943657875061035e-01
6.718339920043945312e-01
-1.650747179985046387e+00
-3.823778331279754639e-01
1.105654635466635227e-03
-3.778949379920959473e-01
1.624307513236999512e+00
-1.908881366252899170e-01
-5.772756338119506836e-01
-2.734013497829437256e-01
-3.697099089622497559e-01
-8.509026169776916504e-01
3.817418217658996582e-01
1.199280858039855957e+00
-4.242266714572906494e-01
-7.498443722724914551e-01
-4.502980709075927734e-01
-1.329783558845520020e+00
1.386463999748229980e+00
-2.489839047193527222e-01
-4.771294295787811279e-01
-4.528655409812927246e-01
1.174988821148872375e-01
6.975220441818237305e-01
-5.344949960708618164e-01
2.783184051513671875e-01
1.538394838571548462e-01
1.711403019726276398e-02
-5.491595268249511719e-01
-1.796837568283081055e+00
-1.098694682121276855e+00
6.002534031867980957e-01
1.417135596275329590e+00
7.265105843544006348e-01
-9.550229907035827637e-01
-1.747166156768798828e+00
2.177145481109619141e+00
-3.038765788078308105e-01
-8.350457549095153809e-01
-2.215521812438964844e+00
2.654535770416259766e+00
-1.758095979690551758e+00
-1.768171548843383789e+00
-1.338977068662643433e-01
-1.300134975463151932e-02
2.478787750005722046e-01
-4.793721437454223633e-02
6.267066597938537598e-01
-1.091151833534240723e+00
-1.156992986798286438e-01
1.825416445732116699e+00
-1.455672740936279297e+00
-1.443660616874694824e+00
-4.703589677810668945e-01
7.411801218986511230e-01
2.135124355554580688e-01
1.834911584854125977e+00
-8.277902007102966309e-01
4.831672906875610352e-01
1.646411180496215820e+00
9.905085563659667969e-01
-5.273746252059936523e-01
1.183248400688171387e+00
-5.565636977553367615e-02
-2.825279533863067627e-01
4.645673334598541260e-01
-4.521751701831817627e-01
1.335725307464599609e+00
3.191856741905212402e-01
-1.192887723445892334e-01
-8.371861577033996582e-01
7.588050365447998047e-01
1.039865970611572266e+00
1.335938870906829834e-01
5.790691971778869629e-01
-6.721243858337402344e-01
3.851666450500488281e-01
-3.095713257789611816e-01
1.096992120146751404e-01
1.949113607406616211e+00
1.023408532142639160e+00
2.868991196155548096e-01
1.709009289741516113e+00
-6.426930427551269531e-01
-1.920811295509338379e+00
1.119869709014892578e+00
-1.964867830276489258e+00
4.818793535232543945e-01
-6.518827676773071289e-01
4.156291484832763672e-01
-2.488122582435607910e-01
-1.910074234008789062e+00
-4.046534299850463867e-01
4.708059430122375488e-01
-1.117193222045898438e+00
-1.711332082748413086e+00
5.137909054756164551e-01
3.355299830436706543e-01
-1.729076385498046875e+00
-1.799606204032897949e+00
-1.114469319581985474e-01
-6.400205492973327637e-01
-2.691191434860229492e+00
1.545386552810668945e+00
-1.381316930055618286e-01
1.541933417320251465e+00
-2.113728046417236328e+00
-2.957671284675598145e-01
-1.769046306610107422e+00
-3.877285420894622803e-01
-6.029212474822998047e-01
-8.424339890480041504e-01
-3.505904674530029297e-01
-4.474232792854309082e-01
-7.656727433204650879e-01
4.584875702857971191e-01
-4.244725704193115234e-01
-6.117335557937622070e-01
4.196145832538604736e-01
7.023954987525939941e-01
4.670923948287963867e-01
1.280803382396697998e-01
-1.053785920143127441e+00
1.248514533042907715e+00
2.520654439926147461e+00
-6.210660338401794434e-01
2.633828818798065186e-01
1.106875777244567871e+00
1.216709494590759277e+00
2.516436278820037842e-01
8.010534644126892090e-01
7.284619808197021484e-01
9.489488005638122559e-01
1.899429082870483398e+00
-1.345578231848776340e-03
-5.034049227833747864e-02
-1.310900688171386719e+00
1.204823553562164307e-01
-2.517649888992309570e+00
-1.034334182739257812e+00
-1.336172819137573242e+00
-1.360521197319030762e+00
1.262067198753356934e+00
-3.291505873203277588e-01
1.758147597312927246e+00
3.245761618018150330e-02
-3.899837434291839600e-01
-6.559211611747741699e-01
6.920212507247924805e-01
1.901757419109344482e-01
7.491069436073303223e-01
-1.535038352012634277e-01
5.506989955902099609e-01
1.093148231506347656e+00
-1.139495447278022766e-01
-4.304991066455841064e-01
4.073540568351745605e-01
-3.238209187984466553e-01
8.670107126235961914e-01
1.670725792646408081e-01
-7.782887816429138184e-01
5.123848915100097656e-01
-5.871064066886901855e-01
3.799352943897247314e-01
2.102764993906021118e-01
-9.592794179916381836e-01
-8.997153639793395996e-01
-4.701007306575775146e-01
-9.982600212097167969e-01
-1.235744953155517578e+00
-1.302805185317993164e+00
9.056074023246765137e-01
-1.389698028564453125e+00
-2.156199812889099121e-01
2.187553793191909790e-01
-1.451749950647354126e-01
-5.885993242263793945e-01
-3.270058631896972656e-01
1.168634533882141113e+00
-5.660900473594665527e-01
-9.562412500381469727e-01
1.263878464698791504e+00
-3.581759631633758545e-01
5.290701389312744141e-01
-5.435819625854492188e-01
-6.433675289154052734e-01
2.885005176067352295e-01
1.016639232635498047e+00
-9.995506405830383301e-01
1.030392169952392578e+00
-1.724302917718887329e-01
6.798755526542663574e-01
-5.467856526374816895e-01
-5.007905960083007812e-01
1.268528580665588379e+00
1.232698783278465271e-01
-8.628906607627868652e-01
1.466827392578125000e+00
-3.774007558822631836e-01
-3.953785598278045654e-01
-6.645268797874450684e-01
2.115395516157150269e-01
4.586715698242187500e-01
-1.349334597587585449e+00
-4.620615839958190918e-01
-9.860650300979614258e-01
1.488639235496520996e+00
-9.527322649955749512e-01
-1.629109531641006470e-01
7.444036602973937988e-01
1.532841205596923828e+00
-7.658436298370361328e-01
2.434851229190826416e-01
-9.599742889404296875e-01
-2.488770335912704468e-02
-6.205649971961975098e-01
2.826399505138397217e-01
-4.347126185894012451e-01
2.293715715408325195e+00
8.964811563491821289e-01
-3.142882883548736572e-01
-6.316712498664855957e-02
-3.237318098545074463e-01
-1.571308374404907227e+00
3.290300071239471436e-01
-6.222800016403198242e-01
1.316823065280914307e-01
-1.179859280586242676e+00
9.588123559951782227e-01
7.023305296897888184e-01
9.317777752876281738e-01
3.969590961933135986e-01
-5.632088184356689453e-01
-1.167824387550354004e+00
1.137070655822753906e+00
7.451857626438140869e-02
7.403470873832702637e-01
-8.103770613670349121e-01
-6.723309159278869629e-01
-2.569597363471984863e-01
-8.014144003391265869e-02
-5.510290265083312988e-01
3.543486893177032471e-01
-1.392375946044921875e+00
-1.410747647285461426e+00
1.924093440175056458e-02
1.143035531044006348e+00
-1.358015388250350952e-01
-1.018897652626037598e+00
-5.907011404633522034e-02
-4.184483289718627930e-01
4.144829884171485901e-02
-2.763548851013183594e+00
-5.725108981132507324e-01
-4.482340514659881592e-01
-7.180797457695007324e-01
-1.802731305360794067e-01
-3.052629232406616211e-01
-7.750442624092102051e-01
1.276360750198364258e+00
1.508226752281188965e+00
-9.274990111589431763e-02
-5.306469202041625977e-01
2.840424180030822754e-01
-5.513775944709777832e-01
6.363188624382019043e-01
3.047825768589973450e-02
-6.462351232767105103e-02
-2.022617459297180176e-01
7.397512197494506836e-01
1.562865376472473145e-01
4.245559871196746826e-01
-3.127150833606719971e-01
-1.316532373428344727e+00
7.079091668128967285e-01
-2.622147202491760254e-01
-7.632759809494018555e-01
6.065831184387207031e-01
-2.727682515978813171e-02
3.164491653442382812e-01
-2.043765783309936523e-02
-1.853814005851745605e+00
-3.085601925849914551e-01
7.315934896469116211e-01
1.096737980842590332e+00
2.411841899156570435e-01
3.534791767597198486e-01
1.029826521873474121e+00
3.112255334854125977e-01
5.138070583343505859e-01
4.917094111442565918e-02
-1.149795174598693848e+00
-1.956711649894714355e+00
1.003120183944702148e+00
2.474647909402847290e-01
1.386850357055664062e+00
-3.419410586357116699e-01
3.114395439624786377e-01
3.318750262260437012e-01
8.409618139266967773e-01
5.068865418434143066e-01
-1.669482588768005371e+00
-1.419688016176223755e-01
1.043370962142944336e+00
-1.208292722702026367e+00
-3.057283461093902588e-01
1.571830511093139648e-01
-3.907789587974548340e-01
-1.090140715241432190e-01
-1.016107082366943359e+00
9.309325218200683594e-01
3.589603677392005920e-02
-9.408938884735107422e-01
-1.596631884574890137e+00
-1.095884799957275391e+00
2.924621701240539551e-01
1.975059032440185547e+00
-1.891462951898574829e-01
1.692760884761810303e-01
-5.321682095527648926e-01
-1.949031800031661987e-01
7.062146067619323730e-01
-5.612003803253173828e-01
1.987154781818389893e-02
1.034268498420715332e+00
4.679210782051086426e-01
-6.444210410118103027e-01
3.742376267910003662e-01
3.571026325225830078e-01
2.062371373176574707e-01
6.953468918800354004e-02
-1.457639575004577637e+00
-1.283615380525588989e-01
-5.152894854545593262e-01
-5.007760524749755859e-01
-2.785971462726593018e-01
6.748880147933959961e-01
2.465782314538955688e-01
-1.161316558718681335e-01
