-1.157324910163879395e+00
2.252379432320594788e-02
-4.044612050056457520e-01
-8.069037795066833496e-01
-6.162226200103759766e-01
1.236173987388610840e+00
-8.125869035720825195e-01
7.455447316169738770e-01
-3.277156949043273926e-01
-5.078501701354980469e-01
4.181518852710723877e-01
1.732258677482604980e+00
-3.173474073410034180e-01
-5.761570334434509277e-01
9.708390831947326660e-01
-1.120033189654350281e-01
-1.986848004162311554e-02
-4.775753021240234375e-01
-3.890987485647201538e-02
1.814203381538391113e+00
1.138068288564682007e-01
-1.705346852540969849e-01
2.474936991930007935e-01
2.624063789844512939e-01
-7.135192751884460449e-01
-8.582493662834167480e-01
1.333101987838745117e-01
8.714768886566162109e-01
-5.803906917572021484e-01
-5.696797966957092285e-01
-2.195521891117095947e-01
3.261731863021850586e-01
1.941030383110046387e+00
-8.577695488929748535e-02
8.004863262176513672e-01
4.211237132549285889e-01
-1.070051193237304688e+00
4.166927635669708252e-01
9.743068367242813110e-03
-1.090748667716979980e+00
-1.008348584175109863e+00
3.309762179851531982e-01
-2.682276487350463867e+00
-7.670217752456665039e-01
-4.119479954242706299e-01
3.023294210433959961e-01
-1.501389741897583008e-01
1.667674481868743896e-01
-9.039170742034912109e-01
-4.782359898090362549e-01
-3.007563352584838867e-01
3.942212462425231934e-01
2.039130926132202148e-01
-9.294127225875854492e-01
-1.196098804473876953e+00
2.002299018204212189e-02
1.495736002922058105e+00
-1.606431752443313599e-01
-9.326334297657012939e-02
-5.628248453140258789e-01
1.460171580314636230e+00
7.291063070297241211e-01
8.726698160171508789e-01
-1.708553433418273926e+00
-1.186786413192749023e+00
-1.638084650039672852e+00
-1.657479286193847656e+00
8.079584836959838867e-01
8.343717455863952637e-01
-3.270325437188148499e-02
-7.233158349990844727e-01
8.774142265319824219e-01
-8.649009466171264648e-01
2.387490510940551758e+00
4.381038546562194824e-01
-1.302864193916320801e+00
-1.546974897384643555e+00
-7.209647297859191895e-01
-1.347219496965408325e-01
2.085027098655700684e-01
1.133831381797790527e+00
1.987688064575195312e+00
4.489371776580810547e-01
-1.860569566488265991e-01
7.138397693634033203e-01
2.411739379167556763e-01
9.301885962486267090e-02
1.910502314567565918e+00
-7.818690538406372070e-01
1.713097691535949707e-01
1.049415588378906250e+00
-1.589619874954223633e+00
1.115396738052368164e+00
-5.336270332336425781e-01
-6.506045907735824585e-02
-9.255308657884597778e-02
6.978240609169006348e-01
3.523222804069519043e-01
-1.664919704198837280e-01
1.021969795227050781e+00
9.906941056251525879e-01
1.150332838296890259e-01
-7.695567607879638672e-01
-1.724320292472839355e+00
1.498998165130615234e+00
1.250663280487060547e+00
-3.080781102180480957e-01
5.891779661178588867e-01
3.463818132877349854e-01
3.156994283199310303e-01
1.469542622566223145e+00
-5.228078961372375488e-01
1.084838628768920898e+00
-1.161880135536193848e+00
4.653271436691284180e-01
-2.733387947082519531e-01
2.963659763336181641e-01
1.304869413375854492e+00
-1.516484618186950684e+00
-2.886638879776000977e+00
2.841684222221374512e-01
6.387894153594970703e-01
-2.860680222511291504e-01
3.026623129844665527e-01
-3.147904574871063232e-01
-1.371308684349060059e+00
-1.798048257827758789e+00
-2.183135300874710083e-01
-5.167818665504455566e-01
-6.373851895332336426e-01
-1.167708873748779297e+00
1.082142710685729980e+00
-1.181771039962768555e+00
7.554224729537963867e-01
9.288159012794494629e-01
-2.299337863922119141e+00
-9.157303571701049805e-01
-1.222362637519836426e+00
-2.719590187072753906e+00
1.080018654465675354e-01
-1.386654019355773926e+00
2.006083250045776367e+00
-9.218783974647521973e-01
-1.093099713325500488e+00
8.964384794235229492e-01
-1.794273406267166138e-01
1.443953514099121094e-01
4.941847622394561768e-01
-5.640167593955993652e-01
1.896140277385711670e-01
7.123004794120788574e-01
-1.058638170361518860e-01
2.052654922008514404e-01
4.900386035442352295e-01
-9.736156463623046875e-01
4.588601291179656982e-01
-1.231102585792541504e+00
5.706458687782287598e-01
1.009887933731079102e+00
1.058075189590454102e+00
1.029984951019287109e+00
-3.625243604183197021e-01
2.643758356571197510e-01
-8.561720699071884155e-02
-9.077462553977966309e-01
1.984477877616882324e+00
-6.108008325099945068e-02
1.789010643959045410e+00
1.115257501602172852e+00
-6.094026565551757812e-01
2.397301048040390015e-01
-2.289127826690673828e+00
-2.780677676200866699e-01
-7.898297309875488281e-01
2.555791139602661133e-01
-8.265582919120788574e-01
-5.675522089004516602e-01
-8.483967185020446777e-02
-1.118789553642272949e+00
-1.147211909294128418e+00
-8.304534554481506348e-01
-4.461911022663116455e-01
1.817461013793945312e+00
-5.505151152610778809e-01
-6.510903239250183105e-01
4.806953370571136475e-01
6.573737859725952148e-01
-1.367219805717468262e+00
7.847711443901062012e-02
-4.416735768318176270e-01
-1.168607711791992188e+00
-9.617021083831787109e-01
5.571027398109436035e-01
-4.816800355911254883e-01
-2.663161158561706543e-01
6.051804423332214355e-01
-4.106429815292358398e-01
6.103398799896240234e-01
-2.742091417312622070e-01
6.530155539512634277e-01
3.296306431293487549e-01
2.508276998996734619e-01
-4.582377374172210693e-01
-2.392951399087905884e-01
1.006405591964721680e+00
-3.680575489997863770e-01
-1.307021856307983398e+00
1.871182084083557129e+00
-1.063311934471130371e+00
-7.303194999694824219e-01
1.361686468124389648e+00
-1.045599341392517090e+00
-1.943368762731552124e-01
3.980455696582794189e-01
1.434797883033752441e+00
6.343921422958374023e-01
4.526314437389373779e-01
-8.244676589965820312e-01
-1.076956868171691895e+00
9.395474195480346680e-01
-1.202621340751647949e+00
1.623624205589294434e+00
1.124500870704650879e+00
-4.026120007038116455e-01
-9.504123330116271973e-01
-5.132555961608886719e-01
9.306482970714569092e-02
-1.539562791585922241e-01
1.518587619066238403e-01
-9.541046619415283203e-01
3.249939084053039551e-01
-2.092515826225280762e-01
1.965108036994934082e+00
-3.469562530517578125e-01
-1.186424493789672852e+00
7.624451518058776855e-01
-1.887292861938476562e-01
3.341000974178314209e-01
6.075002551078796387e-01
7.842850089073181152e-01
-4.903232157230377197e-01
1.246070504188537598e+00
3.475652039051055908e-01
-5.206606984138488770e-01
-5.671673417091369629e-01
7.246876358985900879e-01
-1.351329982280731201e-01
2.519594728946685791e-01
8.349123597145080566e-01
1.490677118301391602e+00
-3.572399914264678955e-01
7.236831784248352051e-01
-1.457945406436920166e-01
1.923779606819152832e+00
6.003052592277526855e-01
-1.110249757766723633e+00
1.396516263484954834e-01
-6.413615345954895020e-01
7.213937640190124512e-01
-7.953864336013793945e-01
6.176518201828002930e-01
-1.235368013381958008e+00
1.036020964384078979e-01
-2.438171386718750000e+00
5.996905565261840820e-01
8.196640014648437500e-01
-4.468383491039276123e-01
-1.392032623291015625e+00
1.627003550529479980e-01
1.021172285079956055e+00
4.703417122364044189e-01
-4.337556660175323486e-01
-4.076344072818756104e-01
9.138547629117965698e-02
5.142149329185485840e-01
1.775591611862182617e+00
1.132191658020019531e+00
-4.502028524875640869e-01
-3.131885230541229248e-01
1.075425148010253906e+00
-1.852014064788818359e-01
7.594601511955261230e-01
1.093916654586791992e+00
-3.987751901149749756e-01
-9.337993264198303223e-01
-7.947726845741271973e-01
-1.418734669685363770e+00
-6.189417839050292969e-02
3.682070970535278320e-01
7.514055818319320679e-02
8.693026304244995117e-01
1.133904606103897095e-01
6.118087172508239746e-01
-4.993331134319305420e-01
1.271139644086360931e-02
-2.074204385280609131e-02
4.463998973369598389e-01
-6.020337939262390137e-01
6.726549267768859863e-01
-1.326276063919067383e+00
-2.550880908966064453e-01
4.316378831863403320e-01
-1.217181563377380371e+00
-4.344078153371810913e-02
-1.914374530315399170e-01
1.707433015108108521e-01
-2.824717462062835693e-01
2.545125484466552734e-01
-5.945116281509399414e-01
8.888409733772277832e-01
1.068492293357849121e+00
-1.095659136772155762e+00
-1.366721749305725098e+00
1.008080601692199707e+00
5.088247060775756836e-01
1.241693615913391113e+00
-1.499319523572921753e-01
-1.319729208946228027e+00
-6.139910221099853516e-01
-7.385697364807128906e-01
-6.190016865730285645e-01
9.355128407478332520e-01
-9.742967486381530762e-01
5.922950506210327148e-01
1.656997561454772949e+00
-7.240716218948364258e-01
-1.590140461921691895e+00
-1.290123343467712402e+00
-1.376448869705200195e-01
5.936970114707946777e-01
-1.124676823616027832e+00
-3.507376313209533691e-01
-8.334002494812011719e-01
1.140946745872497559e-01
-2.376935333013534546e-01
3.646538853645324707e-01
-9.964999556541442871e-02
-1.662937879562377930e+00
-6.870493292808532715e-01
2.590138614177703857e-01
-8.952590227127075195e-01
-1.158656358718872070e+00
-8.454349637031555176e-02
1.471776962280273438e+00
2.146264553070068359e+00
-8.886140584945678711e-01
1.748324334621429443e-01
1.480222940444946289e-01
-1.909620314836502075e-01
1.632101655006408691e+00
6.555376648902893066e-01
-1.415631532669067383e+00
-2.661466598510742188e-01
-5.406280159950256348e-01
-1.247396588325500488e+00
-1.475070953369140625e+00
6.899912357330322266e-01
-3.450169563293457031e-01
-2.863868176937103271e-01
1.344105958938598633e+00
-3.816397488117218018e-01
7.263047695159912109e-01
7.172173857688903809e-01
9.400002658367156982e-02
-1.997642517089843750e+00
-1.505783677101135254e+00
3.015373349189758301e-01
2.505004703998565674e-01
-6.397258043289184570e-01
-3.325466513633728027e-01
6.952125430107116699e-01
-1.050155144184827805e-02
7.089151144027709961e-01
-5.913531407713890076e-02
1.232936739921569824e+00
-6.010943651199340820e-01
1.544633030891418457e+00
5.798047184944152832e-01
2.253434062004089355e-01
-1.467932701110839844e+00
2.429062575101852417e-01
1.080150455236434937e-01
-1.644659042358398438e-01
6.011230498552322388e-02
-2.343167781829833984e+00
-4.322853386402130127e-01
1.581750273704528809e+00
8.617506027221679688e-01
-5.970117449760437012e-01
5.838312581181526184e-02
9.671993851661682129e-01
1.018238306045532227e+00
1.059104442596435547e+00
-1.451861619949340820e+00
-5.144031047821044922e-01
6.218187808990478516e-01
5.019261837005615234e-01
-5.296507477760314941e-01
-7.214320302009582520e-01
-2.587175369262695312e-01
4.216566681861877441e-01
-1.502178668975830078e+00
-1.197423860430717468e-01
2.623645775020122528e-02
-7.785544991493225098e-01
-1.041639328002929688e+00
3.502832949161529541e-01
-4.186685085296630859e-01
7.327039241790771484e-01
1.669184327125549316e+00
5.294332504272460938e-01
-2.481939792633056641e+00
6.544396281242370605e-01
-8.422782421112060547e-01
-5.447180867195129395e-01
1.645470112562179565e-01
5.936499238014221191e-01
1.412660956382751465e+00
-3.682546317577362061e-01
1.385749697685241699e+00
-7.999240756034851074e-01
7.743867635726928711e-01
8.247222751379013062e-02
1.733892202377319336e+00
-1.215642094612121582e-01
6.962919831275939941e-01
-1.235400319099426270e+00
-2.035014182329177856e-01
1.020786881446838379e+00
6.625823974609375000e-01
-7.971573621034622192e-02
-1.672035813331604004e+00
-3.652752041816711426e-01
7.808036208152770996e-01
-1.112847685813903809e+00
-1.477845191955566406e+00
3.020776510238647461e-01
-1.249419808387756348e+00
5.723530650138854980e-01
-8.030956387519836426e-01
4.568222761154174805e-01
1.339721381664276123e-01
1.424158453941345215e+00
-7.090380191802978516e-01
5.248134732246398926e-01
5.474130511283874512e-01
9.459324926137924194e-02
7.198293209075927734e-01
-5.002724528312683105e-01
1.068303108215332031e+00
4.623513519763946533e-01
-1.149720907211303711e+00
6.350055932998657227e-01
5.069754272699356079e-02
-2.625510215759277344e+00
5.797438025474548340e-01
-1.408473253250122070e-01
1.136852025985717773e+00
8.761721663177013397e-03
4.181728959083557129e-01
-1.310370564460754395e+00
-4.576313793659210205e-01
-1.200098156929016113e+00
4.779860377311706543e-01
-1.010965585708618164e+00
-7.840100675821304321e-02
-6.820030212402343750e-01
-1.309969127178192139e-01
7.519373297691345215e-02
-1.129227042198181152e+00
4.192695021629333496e-01
1.324311137199401855e+00
6.962468624114990234e-01
1.656424880027770996e+00
-7.332266569137573242e-01
7.163746953010559082e-01
4.200328290462493896e-01
3.296582996845245361e-01
1.819842495024204254e-02
-5.308859348297119141e-01
1.123611927032470703e+00
-1.471832394599914551e+00
-3.753580152988433838e-01
7.423200011253356934e-01
6.417884826660156250e-01
1.370773315429687500e+00
1.716594815254211426e+00
-1.135136634111404419e-01
-2.967780232429504395e-01
-1.297268629074096680e+00
9.917275905609130859e-01
-4.925730526447296143e-01
1.155965805053710938e+00
4.864626526832580566e-01
-1.972531229257583618e-01
-7.091045379638671875e-01
1.773927658796310425e-01
-1.779340147972106934e+00
-9.818608760833740234e-01
-1.816830992698669434e+00
1.472182571887969971e-01
3.186416029930114746e-01
3.897357881069183350e-01
1.813483953475952148e+00
1.202210068702697754e+00
1.725901961326599121e+00
9.513024091720581055e-01
9.658463001251220703e-01
-2.013883113861083984e+00
-8.630077838897705078e-01
-5.820348262786865234e-01
-1.835055649280548096e-02
4.642474055290222168e-01
-1.828431725502014160e+00
-2.841940522193908691e-01
1.512665152549743652e-01
2.070306062698364258e+00
4.077174067497253418e-01
-3.955561220645904541e-01
-7.849306464195251465e-01
4.796902537345886230e-01
4.131529927253723145e-01
1.165562987327575684e+00
3.348722457885742188e-01
3.130907714366912842e-01
-1.056804299354553223e+00
3.288714885711669922e-01
-3.983882367610931396e-01
-2.948312461376190186e-01
-1.338654518127441406e+00
-1.251209974288940430e+00
-7.620592117309570312e-01
-1.062747314572334290e-01
-7.637359499931335449e-01
6.589649319648742676e-01
-1.837031245231628418e+00
6.579228639602661133e-01
-5.727310851216316223e-02
-8.859034776687622070e-01
-1.376835346221923828e+00
-9.947640895843505859e-01
8.636023998260498047e-01
6.695960760116577148e-01
1.020286321640014648e+00
1.897475123405456543e-01
1.713548064231872559e+00
-4.563923776149749756e-01
8.287357091903686523e-01
2.881503999233245850e-01
9.168472290039062500e-01
-5.311449766159057617e-01
1.362857818603515625e-01
-2.196478545665740967e-01
-1.495399951934814453e+00
1.195485711097717285e+00
5.514155626296997070e-01
-5.285226702690124512e-01
1.249097943305969238e+00
2.325743436813354492e-01
-6.888428330421447754e-01
2.636231780052185059e-01
-8.202539682388305664e-01
-1.652002930641174316e+00
6.913149952888488770e-01
-9.786443710327148438e-01
2.933563590049743652e-01
-1.355496942996978760e-01
-6.071587204933166504e-01
1.203833103179931641e+00
4.056323170661926270e-01
2.003352940082550049e-01
1.120138525962829590e+00
-1.393287658691406250e+00
-8.830498456954956055e-01
-2.452265620231628418e-01
-8.599086403846740723e-01
-4.477901756763458252e-01
-7.769946455955505371e-01
-2.000219970941543579e-01
6.348329186439514160e-01
8.099867701530456543e-01
-8.418260216712951660e-01
-9.107966423034667969e-01
-2.077208042144775391e+00
5.508961677551269531e-01
-9.647422432899475098e-01
1.258866395801305771e-02
3.465585112571716309e-01
6.852987408638000488e-02
6.188335418701171875e-01
-1.517913222312927246e+00
-9.335454702377319336e-01
-1.519523143768310547e+00
3.948452770709991455e-01
8.739545941352844238e-03
-8.783825039863586426e-01
5.630861520767211914e-01
-1.064083695411682129e+00
-1.618177890777587891e-01
6.439028978347778320e-01
-1.419947504997253418e+00
-8.606096506118774414e-01
1.675299704074859619e-01
-1.306839823722839355e+00
-6.217116713523864746e-01
4.692593812942504883e-01
1.752364486455917358e-01
-2.276902198791503906e-01
3.016412444412708282e-02
-6.360140442848205566e-01
1.281914860010147095e-01
2.789049446582794189e-01
1.081121563911437988e+00
1.271065831184387207e+00
1.913836151361465454e-01
-6.482246518135070801e-01
-1.059376820921897888e-01
-3.920013308525085449e-01
-1.119335889816284180e+00
-1.384111166000366211e+00
-8.081066012382507324e-01
-2.853383123874664307e-01
6.307374238967895508e-01
2.246325016021728516e+00
-3.057668209075927734e-01
-5.597343444824218750e-01
4.487021863460540771e-01
-5.735409855842590332e-01
1.568772912025451660e+00
8.273921012878417969e-01
-1.228624507784843445e-01
1.228186041116714478e-01
6.067038178443908691e-01
-1.395847558975219727e+00
-4.720153808593750000e-01
7.152405381202697754e-01
2.283652305603027344e+00
-6.428928375244140625e-01
6.090390495955944061e-03
5.752857327461242676e-01
-1.072845935821533203e+00
-4.255345463752746582e-01
-1.398849606513977051e+00
9.448941946029663086e-01
4.315721690654754639e-01
-1.301047682762145996e+00
2.737665772438049316e-01
6.251875758171081543e-01
-3.391839563846588135e-02
-5.541943907737731934e-01
-1.808955073356628418e+00
2.174515962600708008e+00
1.223214745521545410e+00
3.147857263684272766e-03
2.530293762683868408e-01
-8.772249221801757812e-01
5.919727087020874023e-01
1.904393196105957031e+00
1.131438612937927246e+00
-6.819608807563781738e-02
9.922289848327636719e-01
-6.752583384513854980e-01
-5.881370306015014648e-01
3.820777311921119690e-02
8.886184543371200562e-03
-7.138987779617309570e-01
-4.786357581615447998e-01
-8.567744493484497070e-01
6.811556220054626465e-01
1.986249208450317383e+00
-6.528880000114440918e-01
9.652994275093078613e-01
7.651915401220321655e-02
-2.451657503843307495e-01
2.649064958095550537e-01
-1.763313293457031250e+00
6.188893318176269531e-01
1.795004844665527344e+00
-8.463354408740997314e-02
-1.676540255546569824e+00
4.040698409080505371e-01
-2.036370992660522461e+00
1.682593226432800293e-01
7.366786003112792969e-01
-7.316373288631439209e-02
6.506924629211425781e-01
-1.174669146537780762e+00
-2.826563358306884766e+00
1.173891901969909668e+00
1.005407452583312988e+00
-1.338311433792114258e+00
-1.558675020933151245e-01
-1.734007835388183594e+00
-1.005149930715560913e-01
7.706716656684875488e-01
4.369840398430824280e-02
1.457372456789016724e-01
-8.906909823417663574e-02
7.587330937385559082e-01
6.701257824897766113e-01
-1.307081580162048340e+00
4.790481030941009521e-01
-1.313730776309967041e-01
4.125192165374755859e-01
-1.698660403490066528e-01
-7.793569564819335938e-02
-7.122940421104431152e-01
5.780299901962280273e-01
9.895902872085571289e-02
3.526029288768768311e-01
3.563654422760009766e-02
-1.499095857143402100e-01
7.565169334411621094e-01
1.202102005481719971e-01
6.059527769684791565e-02
6.360369324684143066e-01
6.922586262226104736e-02
1.375886332243680954e-02
3.959174081683158875e-02
1.103168010711669922e+00
8.517555594444274902e-01
-4.199231564998626709e-01
3.602272868156433105e-01
1.029381871223449707e+00
4.091845154762268066e-01
5.910546779632568359e-01
-9.983870387077331543e-01
1.048228979110717773e+00
-6.924526095390319824e-01
-4.218496978282928467e-01
3.037379384040832520e-01
-8.493513464927673340e-01
2.933612167835235596e-01
-7.434523850679397583e-02
-5.267613530158996582e-01
-3.663855493068695068e-01
-1.486297398805618286e-01
-9.903926849365234375e-01
8.632220029830932617e-01
2.094918251037597656e+00
-1.374246329069137573e-01
3.540128469467163086e-01
-5.777605175971984863e-01
7.664858102798461914e-01
-1.160671949386596680e+00
-1.139983415603637695e+00
-4.147167205810546875e-01
-7.865753769874572754e-01
1.414362341165542603e-01
6.236710548400878906e-01
-6.980692148208618164e-01
-8.018333315849304199e-01
1.037924408912658691e+00
3.538410365581512451e-01
8.877331614494323730e-01
-1.075331568717956543e+00
-6.737829446792602539e-01
1.309265732765197754e+00
1.293574094772338867e+00
8.232304453849792480e-02
8.021095991134643555e-01
2.100660651922225952e-01
1.383094072341918945e+00
1.396083116531372070e+00
-1.600101590156555176e-01
-1.707134127616882324e+00
-2.996959686279296875e-01
9.575461149215698242e-01
