6.544927954673767090e-01
-9.871609807014465332e-01
-9.775289297103881836e-01
-9.406028389930725098e-01
1.876649260520935059e+00
3.261376917362213135e-01
3.685817122459411621e-01
8.312899619340896606e-02
2.671239674091339111e-01
-1.034590482711791992e+00
1.306710004806518555e+00
2.237730026245117188e+00
-1.075402975082397461e+00
-4.076223373413085938e-01
4.768131971359252930e-01
-1.655021868646144867e-02
-2.614398896694183350e-01
-1.222152113914489746e+00
1.328012645244598389e-01
1.367906451225280762e+00
-3.812323510646820068e-02
-2.711204290390014648e-01
4.557765722274780273e-01
9.882948398590087891e-01
5.025162696838378906e-01
2.083112895488739014e-01
4.279143735766410828e-02
-4.740426242351531982e-01
-9.900344610214233398e-01
2.572842128574848175e-02
3.873109817504882812e-01
-3.455155789852142334e-01
1.276775360107421875e+00
1.072692126035690308e-01
4.494675695896148682e-01
3.897430300712585449e-01
3.620690703392028809e-01
-5.919172167778015137e-01
4.229560196399688721e-01
-9.347036480903625488e-01
-5.531440377235412598e-01
-1.402485817670822144e-01
-2.076029539108276367e+00
-8.714792132377624512e-01
-7.173605263233184814e-02
7.192480564117431641e-01
-7.652297019958496094e-01
-1.787312388420104980e+00
-4.803996384143829346e-01
4.705075919628143311e-01
-2.256442457437515259e-01
4.795050919055938721e-01
-1.666280627250671387e-01
-7.670744657516479492e-01
-2.667820453643798828e+00
-1.097293615341186523e+00
1.949084520339965820e+00
-4.419610500335693359e-01
-4.055284261703491211e-01
8.084106445312500000e-01
1.637001633644104004e+00
-1.563104540109634399e-01
1.649749040603637695e+00
-5.411784052848815918e-01
-2.041231840848922729e-01
-8.401379585266113281e-01
-2.574580609798431396e-01
7.200499773025512695e-01
2.519623041152954102e-01
1.136020421981811523e+00
4.317401051521301270e-01
3.568938970565795898e-01
-1.226924777030944824e+00
1.661098599433898926e+00
4.378134012222290039e-01
-2.447858095169067383e+00
3.041031770408153534e-02
-1.611981630325317383e+00
1.626137495040893555e+00
-8.034937977790832520e-01
7.066718935966491699e-01
1.579690337181091309e+00
1.419825077056884766e+00
7.169307768344879150e-02
5.751173496246337891e-01
-8.596701622009277344e-01
1.048592329025268555e-01
7.579774260520935059e-01
-7.329316735267639160e-01
-1.178435921669006348e+00
1.210983991622924805e-01
-9.599219560623168945e-01
1.297141313552856445e-01
8.515292406082153320e-01
8.052116632461547852e-02
1.365320682525634766e-01
-6.347513198852539062e-01
1.568368971347808838e-01
4.443203657865524292e-02
6.189300417900085449e-01
-6.138561964035034180e-01
6.186237931251525879e-01
2.074933424592018127e-02
-7.518618702888488770e-01
1.298068910837173462e-01
5.271353721618652344e-01
5.538665652275085449e-01
1.004563927650451660e+00
-4.105786085128784180e-01
3.423163890838623047e-01
6.337367296218872070e-01
8.750829696655273438e-01
1.182631969451904297e+00
-1.317859143018722534e-01
7.963926792144775391e-01
3.367944359779357910e-01
-2.299945503473281860e-01
3.771123588085174561e-01
-1.236656069755554199e+00
-1.770122647285461426e+00
3.791408613324165344e-02
6.099848151206970215e-01
-8.639481067657470703e-01
-4.556924998760223389e-01
8.413239717483520508e-01
3.766629099845886230e-02
-1.360179543495178223e+00
-5.805343389511108398e-01
-1.466354489326477051e+00
-5.473116412758827209e-03
-7.924754023551940918e-01
9.075051546096801758e-01
-9.723842144012451172e-02
9.881643056869506836e-01
-5.095814820379018784e-03
-2.158867567777633667e-01
-8.909461498260498047e-01
-1.339443121105432510e-02
-1.902463316917419434e+00
-5.273751616477966309e-01
-1.042952418327331543e+00
1.498983263969421387e+00
-1.654832839965820312e+00
1.876347064971923828e-01
7.736456394195556641e-01
2.211232662200927734e+00
-1.971655637025833130e-01
6.380519866943359375e-01
7.987235188484191895e-01
-1.606341004371643066e+00
4.237487316131591797e-01
-4.168868958950042725e-01
3.348767161369323730e-01
-6.100498437881469727e-01
-4.556214511394500732e-01
-2.029492147266864777e-02
2.073654979467391968e-01
1.219902992248535156e+00
1.210828304290771484e+00
4.417807757854461670e-01
4.880023896694183350e-01
-6.737185716629028320e-01
-6.712034344673156738e-01
-1.467315107583999634e-01
-3.037632107734680176e-01
7.577579617500305176e-01
9.263005256652832031e-01
2.763421297073364258e+00
1.090998888015747070e+00
-1.432717084884643555e+00
2.488904446363449097e-01
-1.356069922447204590e+00
6.175308823585510254e-01
8.980127573013305664e-01
6.382423639297485352e-01
-7.523753643035888672e-01
1.309157848358154297e+00
1.414448767900466919e-01
-1.280568599700927734e+00
-2.953500747680664062e-01
-1.495073080062866211e+00
-2.174570560455322266e+00
1.357166320085525513e-01
-1.696779131889343262e+00
7.954050302505493164e-01
1.158221364021301270e+00
6.420590281486511230e-01
-1.501106977462768555e+00
9.549943208694458008e-01
-1.061482191085815430e+00
-1.386196255683898926e+00
-1.927556633949279785e+00
9.507005810737609863e-01
-9.510012269020080566e-01
-9.879539012908935547e-01
1.778909683227539062e+00
-4.528702497482299805e-01
6.031048893928527832e-01
-1.084968149662017822e-01
9.015713334083557129e-01
5.568890571594238281e-01
1.817324757575988770e+00
-3.197999298572540283e-01
5.380396842956542969e-01
1.909250393509864807e-02
-9.755434393882751465e-01
-1.021267652511596680e+00
9.893147945404052734e-01
-1.249511837959289551e+00
-2.029864862561225891e-02
2.544081211090087891e-01
1.221550777554512024e-01
6.483408808708190918e-01
-9.972786307334899902e-01
4.133969545364379883e-01
1.054911613464355469e+00
-4.843767285346984863e-01
-9.851158261299133301e-01
3.433955609798431396e-01
7.562148571014404297e-01
5.767064094543457031e-01
-1.339826226234436035e+00
5.738398432731628418e-01
5.968208312988281250e-01
-4.749941229820251465e-01
-1.652181506156921387e+00
1.774362921714782715e-01
-7.810204625129699707e-01
-3.169841170310974121e-01
-1.054779767990112305e+00
-2.566877305507659912e-01
5.251227617263793945e-01
1.449060559272766113e+00
-5.247173309326171875e-01
-1.544349312782287598e+00
2.524504363536834717e-01
-8.321442008018493652e-01
-3.940767049789428711e-01
1.781896710395812988e+00
7.467705011367797852e-02
-3.085934221744537354e-01
-6.083686351776123047e-01
-3.195883929729461670e-01
-2.141878604888916016e-01
-7.635036110877990723e-01
-1.130906715989112854e-01
-1.729165315628051758e-01
4.052515923976898193e-01
1.574910134077072144e-01
4.725557863712310791e-01
3.484156131744384766e-01
-5.869678258895874023e-01
-4.350892007350921631e-01
1.202248811721801758e+00
1.109619259834289551e+00
-8.873997330665588379e-01
4.251202642917633057e-01
6.227102279663085938e-01
6.908865571022033691e-01
1.893449723720550537e-01
7.349492311477661133e-01
-1.400363922119140625e+00
-1.120195865631103516e+00
-1.405161857604980469e+00
1.822233945131301880e-01
2.159537076950073242e+00
-1.843781322240829468e-01
-1.005805611610412598e+00
-4.698710516095161438e-02
9.904587864875793457e-01
-6.322479248046875000e-01
1.363335847854614258e-01
-5.564357042312622070e-01
4.144984781742095947e-01
8.187712430953979492e-01
1.491562247276306152e+00
3.978932201862335205e-01
6.006220579147338867e-01
-7.595744729042053223e-01
1.023819446563720703e+00
4.226563870906829834e-02
3.622085750102996826e-01
8.675950169563293457e-01
-5.770973563194274902e-01
-3.916490674018859863e-01
4.042458832263946533e-01
-9.893225431442260742e-01
-6.388098597526550293e-01
1.120180636644363403e-01
-1.067067503929138184e+00
3.138822615146636963e-01
7.689327001571655273e-01
-1.254809617996215820e+00
4.955801665782928467e-01
7.940753102302551270e-01
-5.065733566880226135e-02
1.174829721450805664e+00
-8.330680429935455322e-02
1.074575781822204590e+00
-1.075004935264587402e-01
-3.064375557005405426e-02
1.413858890533447266e+00
2.978695929050445557e-01
2.065459638833999634e-01
-6.331392526626586914e-01
2.139035761356353760e-01
1.241479873657226562e+00
-1.247291088104248047e+00
-1.870319008827209473e+00
1.662468910217285156e-01
9.482711553573608398e-03
1.557863038033246994e-02
-4.322450459003448486e-01
-6.070626378059387207e-01
1.012829899787902832e+00
1.883229374885559082e+00
-1.416414827108383179e-01
1.149904131889343262e-01
2.530166804790496826e-01
7.015220522880554199e-01
1.205954104661941528e-01
9.877918958663940430e-01
7.266515493392944336e-01
2.885675132274627686e-01
9.370664507150650024e-02
1.330908387899398804e-01
-1.029959917068481445e+00
-7.346165776252746582e-01
-2.188849598169326782e-01
1.354455947875976562e+00
-7.409679293632507324e-01
-1.479202151298522949e+00
-5.184593200683593750e-01
7.797324061393737793e-01
3.208267092704772949e-01
8.441029191017150879e-01
-3.724648058414459229e-01
-1.051491260528564453e+00
-1.606492400169372559e-01
1.721779346466064453e+00
2.105025649070739746e-01
-1.726404070854187012e+00
1.118417263031005859e+00
2.207308292388916016e+00
6.877419948577880859e-01
3.554556891322135925e-02
2.743926346302032471e-01
1.062211751937866211e+00
-2.903108596801757812e-01
-1.794808357954025269e-01
3.476599752902984619e-01
-1.730445265769958496e+00
-1.883001923561096191e+00
2.200718224048614502e-01
-8.330730348825454712e-02
-6.488788723945617676e-01
7.938938140869140625e-01
-4.632577896118164062e-01
1.149287223815917969e-01
-5.136728882789611816e-01
5.588654428720474243e-03
1.014809966087341309e+00
-1.278055757284164429e-01
-3.480114638805389404e-01
-8.332713842391967773e-01
-1.588393211364746094e+00
1.263587921857833862e-01
-7.934755831956863403e-02
1.752309352159500122e-01
-4.669483006000518799e-01
-5.084601640701293945e-01
-5.549728870391845703e-01
1.235873937606811523e+00
-4.976127147674560547e-01
5.964331030845642090e-01
6.792367696762084961e-01
1.821074962615966797e+00
8.871533721685409546e-02
3.331651687622070312e-01
-9.055791497230529785e-01
-7.689616084098815918e-01
3.949440270662307739e-02
-1.611978709697723389e-01
1.240225791931152344e+00
-2.219934701919555664e+00
-5.579309463500976562e-01
1.866342782974243164e+00
-8.677967786788940430e-01
-2.288549244403839111e-01
1.120940089225769043e+00
1.232265949249267578e+00
-9.565672874450683594e-01
1.230115219950675964e-01
-4.838750064373016357e-01
-1.738752573728561401e-01
4.064230024814605713e-01
1.839044094085693359e-01
-4.485521614551544189e-01
-1.404301643371582031e+00
2.680786252021789551e-01
-4.011988639831542969e-02
-1.517468214035034180e+00
-6.644876003265380859e-01
-3.327224254608154297e-01
-1.023308634757995605e+00
-4.833354949951171875e-01
-2.104871571063995361e-01
-8.635088801383972168e-01
2.960366606712341309e-01
3.992524743080139160e-01
-3.043962083756923676e-02
-4.765353798866271973e-01
4.493833482265472412e-01
-2.091494649648666382e-01
-7.826007008552551270e-01
2.352799624204635620e-01
-1.261243462562561035e+00
-1.812502890825271606e-01
-6.795690059661865234e-01
1.583524495363235474e-01
-1.295735836029052734e+00
1.590658068656921387e+00
-8.220316171646118164e-01
9.658211469650268555e-01
-6.873964071273803711e-01
-4.613160789012908936e-01
7.223916053771972656e-01
-6.516186594963073730e-01
1.407054662704467773e+00
-9.405430406332015991e-02
-9.284841418266296387e-01
-2.952647447586059570e+00
2.647179961204528809e-01
7.874408364295959473e-01
-7.690716385841369629e-01
-3.465424776077270508e-01
1.234341859817504883e+00
-5.962977409362792969e-01
1.162140607833862305e+00
-1.276111364364624023e+00
1.399327993392944336e+00
9.544480592012405396e-03
1.272009015083312988e+00
-1.761995673179626465e+00
-1.064623236656188965e+00
9.811187982559204102e-01
7.312357425689697266e-01
1.263729035854339600e-01
-9.482970833778381348e-01
5.317194461822509766e-01
4.870073795318603516e-01
-4.897586107254028320e-01
3.258967399597167969e-01
-1.804916381835937500e+00
-1.304708957672119141e+00
4.314231872558593750e-01
1.727338135242462158e-01
-7.376057505607604980e-01
-1.022125601768493652e+00
-1.267788857221603394e-01
-8.825684189796447754e-01
-6.815538406372070312e-01
-1.003724336624145508e+00
6.150337457656860352e-01
8.579043745994567871e-01
1.149787902832031250e+00
1.848420011810958385e-03
-1.730318367481231689e-02
1.745601594448089600e-01
8.092640638351440430e-01
1.695425629615783691e+00
1.547950744628906250e+00
7.713507413864135742e-01
-4.815116524696350098e-01
-8.428341150283813477e-01
-3.072860538959503174e-01
6.494328975677490234e-01
5.611789822578430176e-01
1.337545633316040039e+00
-5.243474245071411133e-01
-2.025939375162124634e-01
-7.241719961166381836e-01
9.011237025260925293e-01
3.049521148204803467e-01
1.365568280220031738e+00
9.308012127876281738e-01
5.318914651870727539e-01
4.949389994144439697e-01
9.833317250013351440e-02
-9.202220439910888672e-01
-6.097324490547180176e-01
-1.315037965774536133e+00
-4.509912431240081787e-02
2.036470919847488403e-01
-1.487733244895935059e+00
-1.696495532989501953e+00
-2.437333911657333374e-01
-1.864154577255249023e+00
-4.787325114011764526e-02
2.992550730705261230e-01
1.286357641220092773e+00
-1.455820560455322266e+00
-6.404135823249816895e-01
-7.948756814002990723e-01
1.779688596725463867e+00
8.438611626625061035e-01
4.198367297649383545e-01
9.423746913671493530e-02
-4.153589308261871338e-01
-1.114416420459747314e-01
-4.256132245063781738e-01
-2.285695821046829224e-01
-1.229557842016220093e-01
-1.607763648033142090e+00
-1.469296693801879883e+00
1.384672880172729492e+00
2.525765895843505859e+00
9.129317998886108398e-01
-4.385201930999755859e-01
-2.665259540081024170e-01
-5.122078657150268555e-01
4.152034521102905273e-01
3.465062677860260010e-01
-8.409307003021240234e-01
-1.199241161346435547e+00
6.308007240295410156e-02
-3.518154919147491455e-01
7.966086268424987793e-01
-4.676389694213867188e-01
-2.067537546157836914e+00
-1.264590263366699219e+00
4.313398525118827820e-02
1.414003968238830566e+00
-5.250723361968994141e-01
-2.484478652477264404e-01
-2.853688240051269531e+00
6.975724697113037109e-01
1.030872613191604614e-01
7.473275065422058105e-01
-1.840062260627746582e+00
2.208630889654159546e-01
-4.275259003043174744e-02
1.522163629531860352e+00
1.354138016700744629e+00
2.166123628616333008e+00
9.679121375083923340e-01
4.988994821906089783e-02
3.589858412742614746e-01
-8.351682424545288086e-01
1.965475678443908691e-01
2.824504077434539795e-01
5.113879442214965820e-01
8.342760801315307617e-01
-8.891821503639221191e-01
-6.333920955657958984e-01
5.696237683296203613e-01
-4.148404002189636230e-01
-4.911685734987258911e-02
-5.123182535171508789e-01
-3.112793564796447754e-01
-8.620427548885345459e-02
4.713425040245056152e-01
-1.739353239536285400e-01
-2.375499010086059570e-01
-1.307144045829772949e+00
-5.587641596794128418e-01
-5.343074798583984375e-01
-2.359788268804550171e-01
1.916797876358032227e+00
-2.948878705501556396e-01
-2.288398146629333496e-01
1.224708914756774902e+00
2.428371310234069824e-01
5.742447972297668457e-01
-1.221609950065612793e+00
-3.542418479919433594e-01
-1.019096970558166504e+00
8.933618664741516113e-01
2.806462049484252930e-01
8.959380984306335449e-01
-1.556651201099157333e-02
-7.622356414794921875e-01
-8.327690958976745605e-01
-6.754100322723388672e-01
1.119254827499389648e+00
-3.982744216918945312e-01
7.865985631942749023e-01
-3.447915911674499512e-01
1.280504763126373291e-01
7.694570422172546387e-01
-6.977228522300720215e-01
-1.649274587631225586e+00
-4.976563528180122375e-02
1.826452165842056274e-01
-1.277868151664733887e-01
-1.526124775409698486e-01
-7.521145939826965332e-01
-9.146138429641723633e-01
-1.293324112892150879e+00
7.492251396179199219e-01
-1.876385092735290527e+00
-1.103782773017883301e+00
-9.058087468147277832e-01
-1.466513276100158691e+00
-6.716581583023071289e-01
2.119847536087036133e+00
-2.309691347181797028e-02
-7.096076607704162598e-01
-4.497418105602264404e-01
1.309923171997070312e+00
-2.287644445896148682e-01
-3.727095127105712891e-01
6.008508205413818359e-01
8.003677129745483398e-01
3.038390278816223145e-01
-8.562956452369689941e-01
7.202207446098327637e-01
-4.567919671535491943e-01
-6.227898597717285156e-01
-6.046541929244995117e-01
-1.141276240348815918e+00
4.265881776809692383e-01
2.151228189468383789e-01
2.372250795364379883e+00
-3.326288759708404541e-01
-4.214695692062377930e-01
9.649065136909484863e-01
-1.719009757041931152e+00
7.962653040885925293e-01
1.671413779258728027e-01
-8.788986206054687500e-01
-3.643914461135864258e-01
1.437899231910705566e+00
-2.473699394613504410e-03
1.307412028312683105e+00
-8.186294138431549072e-02
1.776520729064941406e+00
-4.409807324409484863e-01
-7.379739880561828613e-01
5.141909122467041016e-01
1.971122622489929199e-01
5.231613516807556152e-01
-1.059371471405029297e+00
-5.310451388359069824e-01
1.046603083610534668e+00
4.894721135497093201e-02
8.419568538665771484e-01
1.181013360619544983e-01
-1.135527491569519043e-01
-5.104756355285644531e-01
-2.228029012680053711e+00
1.613178014755249023e+00
6.752165555953979492e-01
9.175839275121688843e-02
7.325025796890258789e-01
1.167456507682800293e+00
3.260066211223602295e-01
1.795151233673095703e+00
9.414381384849548340e-01
-1.032016992568969727e+00
4.762708246707916260e-01
-1.272497512400150299e-02
-9.156898260116577148e-01
1.616983532905578613e+00
-3.301061093807220459e-01
-1.664422273635864258e+00
-1.085001349449157715e+00
3.919739723205566406e-01
1.164081454277038574e+00
8.902455121278762817e-02
-1.820618510246276855e+00
-2.975534796714782715e-01
1.389618158340454102e+00
-1.172421798110008240e-01
-1.612517237663269043e-01
-8.953625559806823730e-01
-2.799709141254425049e-01
2.159792184829711914e-02
-1.194579154253005981e-02
-9.696925282478332520e-01
1.034910082817077637e+00
-2.496114730834960938e+00
3.451894819736480713e-01
1.221634268760681152e+00
1.421965360641479492e-01
-1.691684424877166748e-01
-1.451145768165588379e+00
-1.999932289123535156e+00
-1.026385352015495300e-01
9.517298936843872070e-01
-3.182921707630157471e-01
7.815857231616973877e-02
-9.079355001449584961e-01
1.571396112442016602e+00
6.892684102058410645e-01
-3.074467778205871582e-01
-4.782765209674835205e-01
-4.460560381412506104e-01
6.022819280624389648e-01
3.799238502979278564e-01
-6.213140487670898438e-01
-6.348205208778381348e-01
-1.250795483589172363e+00
1.279380917549133301e+00
-1.285719871520996094e+00
-6.069459319114685059e-01
-6.620605587959289551e-01
1.217914342880249023e+00
-3.613928854465484619e-01
3.130288794636726379e-02
-2.383632421493530273e+00
1.800373196601867676e-02
4.331707954406738281e-01
-5.224840044975280762e-01
4.510913491249084473e-01
-4.075422510504722595e-02
-9.815987199544906616e-02
-8.780778646469116211e-01
-1.166038870811462402e+00
8.316355198621749878e-02
2.315147817134857178e-01
-4.565626084804534912e-01
2.754530608654022217e-01
8.941618800163269043e-01
4.270749092102050781e-01
-2.308307737112045288e-01
-8.355005383491516113e-01
2.082790881395339966e-01
-5.141866207122802734e-01
-6.994168162345886230e-01
-1.183317378163337708e-01
2.323790043592453003e-01
-5.488506555557250977e-01
-1.308097243309020996e-01
-1.222857475280761719e+00
7.332805991172790527e-01
3.231674134731292725e-01
-1.817817449569702148e+00
-7.819174528121948242e-01
2.899585485458374023e+00
-7.799990773200988770e-01
1.490466594696044922e+00
7.315645813941955566e-01
-4.302316009998321533e-01
-1.831345260143280029e-01
1.349878430366516113e+00
-8.361475169658660889e-02
-1.021267414093017578e+00
-1.018411200493574142e-02
2.752749025821685791e-01
1.242342352867126465e+00
-8.378315567970275879e-01
4.307331051677465439e-03
-3.081384599208831787e-01
8.416591882705688477e-01
1.144896894693374634e-01
-1.461428642272949219e+00
1.086315512657165527e+00
1.313717484474182129e+00
8.397884666919708252e-02
9.797535538673400879e-01
-5.938996672630310059e-01
3.394848406314849854e-01
5.547551512718200684e-01
-6.936659216880798340e-01
-5.737397670745849609e-01
4.595328867435455322e-01
3.659456670284271240e-01
