-6.438260674476623535e-01
-9.475006461143493652e-01
8.448204398155212402e-02
-1.247732758522033691e+00
1.216242790222167969e+00
6.120389327406883240e-02
5.709496736526489258e-01
6.148598790168762207e-01
-6.990520954132080078e-01
-6.527572870254516602e-01
1.084613323211669922e+00
1.198367476463317871e+00
-9.162237048149108887e-01
-2.953050136566162109e-01
4.444262981414794922e-01
-3.176825046539306641e-01
4.572261571884155273e-01
-1.980327814817428589e-01
7.218081355094909668e-01
1.129843950271606445e+00
4.840216338634490967e-01
1.051262393593788147e-02
-6.195160746574401855e-01
2.105974853038787842e-01
-2.991331219673156738e-01
-1.291379570960998535e+00
1.575038731098175049e-01
-4.683718085289001465e-01
-1.424065232276916504e+00
-6.539998650550842285e-01
4.114864170551300049e-01
2.496924400329589844e-01
1.380645036697387695e+00
1.063285827636718750e+00
1.393540024757385254e+00
-5.692352652549743652e-01
-1.781120747327804565e-01
-8.788841962814331055e-01
6.418336033821105957e-01
-4.048352241516113281e-01
-5.928353071212768555e-01
7.145404219627380371e-01
-2.812485694885253906e+00
-1.745737642049789429e-01
-1.650196015834808350e-01
-2.465763688087463379e-01
-2.602728307247161865e-01
-1.748238690197467804e-02
5.749784111976623535e-01
-1.908933162689208984e+00
7.709800601005554199e-01
6.558638811111450195e-01
-3.843299448490142822e-01
-1.081921339035034180e+00
-2.266166448593139648e+00
-8.529768884181976318e-02
1.366231083869934082e+00
7.924609780311584473e-01
-4.578846395015716553e-01
5.365710258483886719e-01
2.472633838653564453e+00
2.432046681642532349e-01
6.852411031723022461e-01
-8.198779821395874023e-01
-8.280312418937683105e-01
-2.088400363922119141e+00
-1.623783826828002930e+00
-3.217418864369392395e-02
-5.520627498626708984e-01
-1.622203439474105835e-01
-7.469384074211120605e-01
-8.850380182266235352e-01
-3.278220891952514648e-01
1.916589617729187012e+00
-8.930501341819763184e-02
-2.058281660079956055e+00
2.099035829305648804e-01
-1.566725492477416992e+00
6.507615000009536743e-02
6.424439698457717896e-02
2.189476490020751953e-01
1.319464206695556641e+00
1.493853449821472168e+00
-4.402905106544494629e-01
-9.151733480393886566e-03
-7.556558251380920410e-01
4.864298179745674133e-02
1.537236928939819336e+00
-8.073735833168029785e-01
-7.097253203392028809e-01
1.796953439712524414e+00
-5.356184244155883789e-01
-8.898475766181945801e-02
-6.647986173629760742e-01
-9.106935262680053711e-01
-7.294492125511169434e-01
-3.620223701000213623e-01
1.451282203197479248e-01
3.251538872718811035e-01
9.581543803215026855e-01
-2.720791995525360107e-01
-5.081116557121276855e-01
-4.657658338546752930e-01
-3.451679050922393799e-01
1.234234720468521118e-01
9.179207682609558105e-02
-4.190475642681121826e-01
-1.674881279468536377e-01
-3.695268929004669189e-01
1.161254495382308960e-01
1.173877477645874023e+00
5.317355692386627197e-02
5.980729460716247559e-01
-2.645018100738525391e-01
6.701862812042236328e-01
7.098122835159301758e-01
-2.291349917650222778e-01
5.915722846984863281e-01
-9.097104668617248535e-01
-2.633803367614746094e+00
-5.081115365028381348e-01
3.055188059806823730e-01
-8.219204545021057129e-01
1.904244869947433472e-01
7.597283124923706055e-01
-4.681511521339416504e-01
-1.293239474296569824e+00
2.278568036854267120e-02
-1.306665223091840744e-02
-2.487976253032684326e-01
-7.874606847763061523e-01
1.434095978736877441e+00
-5.130029320716857910e-01
1.232216119766235352e+00
8.337602615356445312e-01
-2.019186735153198242e+00
-8.525213003158569336e-01
3.150474429130554199e-01
-2.342740297317504883e+00
1.116093277931213379e+00
-1.709941744804382324e+00
1.359931230545043945e+00
-1.393985748291015625e+00
-9.355384707450866699e-01
7.214142084121704102e-01
-1.168096661567687988e-01
-9.262816309928894043e-01
6.473646759986877441e-01
3.564972281455993652e-01
-7.013235688209533691e-01
1.507942199707031250e+00
-5.348467230796813965e-01
6.175132393836975098e-01
-1.647528819739818573e-02
-3.569746315479278564e-01
-4.048333168029785156e-01
2.642542123794555664e-01
-4.677402377128601074e-01
1.716478943824768066e+00
1.369759321212768555e+00
7.875306010246276855e-01
2.633455991744995117e-01
-8.238716050982475281e-03
7.909743189811706543e-01
-1.639510393142700195e+00
2.128663539886474609e+00
1.099340200424194336e+00
1.787048816680908203e+00
9.463679790496826172e-01
-9.127565026283264160e-01
2.350106835365295410e-01
-1.660735487937927246e+00
2.596727013587951660e-01
2.810882329940795898e-01
-1.758518517017364502e-01
-4.625816829502582550e-03
4.145406186580657959e-01
3.209069669246673584e-01
-7.289672493934631348e-01
-5.261235237121582031e-01
-3.893786370754241943e-01
-9.647870063781738281e-01
1.565089702606201172e+00
-1.792028784751892090e+00
-1.991047561168670654e-01
3.384685516357421875e-01
1.208362817764282227e+00
-2.189396858215332031e+00
-4.486922919750213623e-01
-6.200239062309265137e-01
-1.376790642738342285e+00
-4.891979694366455078e-01
2.082071304321289062e-01
-5.519702434539794922e-01
-1.643974661827087402e+00
-3.183812201023101807e-01
4.038219749927520752e-01
4.320810139179229736e-01
3.881528973579406738e-01
7.160828113555908203e-01
-9.497632831335067749e-02
-2.162873595952987671e-01
6.869720667600631714e-02
6.368013620376586914e-01
2.082054270431399345e-03
-1.208847165107727051e+00
-6.386116147041320801e-01
1.210601568222045898e+00
-7.979883551597595215e-01
-1.033875226974487305e+00
3.416348397731781006e-01
-3.108076751232147217e-02
-6.739028692245483398e-01
-1.341391801834106445e-01
4.125423431396484375e-01
1.408546447753906250e+00
-8.874612450599670410e-01
-3.929246589541435242e-02
-1.027186274528503418e+00
1.398999810218811035e+00
-6.979637742042541504e-01
1.041194796562194824e+00
-9.550336748361587524e-02
6.636318564414978027e-01
-5.929383635520935059e-01
-2.482319176197052002e-01
-1.674670130014419556e-01
-3.342037498950958252e-01
-8.876703977584838867e-01
-2.051346778869628906e+00
3.819089531898498535e-01
1.505736261606216431e-01
1.796884775161743164e+00
-1.100050449371337891e+00
-8.949974179267883301e-01
3.089149296283721924e-01
-5.841324925422668457e-01
-3.568639755249023438e-01
6.366565823554992676e-01
6.673671603202819824e-01
-1.456499457359313965e+00
1.291159152984619141e+00
-3.379653990268707275e-01
-2.539661228656768799e-01
-6.965336799621582031e-01
-2.278944253921508789e-01
-4.368208050727844238e-01
3.638086020946502686e-01
8.269697427749633789e-02
1.503815770149230957e+00
-2.017247527837753296e-01
1.642321944236755371e-01
-2.867808043956756592e-01
5.742388963699340820e-01
6.972687840461730957e-01
-1.222835406661033630e-01
5.554720163345336914e-01
-4.731796979904174805e-01
7.201817631721496582e-02
1.322050243616104126e-01
1.136787652969360352e+00
-1.353351235389709473e+00
7.317836284637451172e-01
-2.440986394882202148e+00
3.119911849498748779e-01
1.040322065353393555e+00
-3.530123531818389893e-01
-9.532327651977539062e-01
9.001646190881729126e-02
4.768736362457275391e-01
8.873512148857116699e-01
3.064831346273422241e-02
-4.980633035302162170e-02
5.999419093132019043e-01
7.662745714187622070e-01
9.500393271446228027e-01
1.224324345588684082e+00
1.412405073642730713e-01
-5.208123326301574707e-01
1.690378427505493164e+00
-1.210709810256958008e-01
-2.257897406816482544e-01
2.603221833705902100e-01
-1.366998076438903809e+00
1.076284274458885193e-01
1.098858043551445007e-01
-1.674413442611694336e+00
-7.934008240699768066e-01
1.300322860479354858e-01
-9.191446900367736816e-01
1.122602224349975586e+00
3.803090155124664307e-01
-9.290394783020019531e-01
3.409011662006378174e-01
-6.724594235420227051e-01
-3.888663351535797119e-01
7.209514975547790527e-01
-3.051977455615997314e-01
4.901502728462219238e-01
-3.229112550616264343e-02
-4.151070713996887207e-01
1.895611286163330078e+00
-1.841926813125610352e+00
8.192986249923706055e-01
-9.622474312782287598e-01
-2.574072480201721191e-01
1.275603622198104858e-01
-1.049733281135559082e+00
-8.268424272537231445e-01
4.418857693672180176e-01
1.099146962165832520e+00
-7.987248301506042480e-01
-1.466848403215408325e-01
-1.204208061099052429e-01
1.544375300407409668e+00
1.357627391815185547e+00
-1.350718140602111816e-01
-1.033920422196388245e-01
1.867457032203674316e+00
6.288394331932067871e-01
1.183609291911125183e-01
8.067175745964050293e-02
1.246157512068748474e-01
1.146104812622070312e+00
1.494689822196960449e+00
-4.944143295288085938e-01
-9.884057641029357910e-01
-1.853891015052795410e+00
-3.960454165935516357e-01
9.839682579040527344e-01
-1.156167313456535339e-01
-5.038297772407531738e-01
-6.292312741279602051e-01
-4.833444952964782715e-01
-3.242686092853546143e-01
2.384268343448638916e-01
9.837976694107055664e-01
-1.653110086917877197e-01
2.975459992885589600e-01
5.425467491149902344e-01
-4.625446796417236328e-01
-1.823578238487243652e+00
4.524993300437927246e-01
1.050903916358947754e+00
1.284768223762512207e+00
-3.197005093097686768e-01
5.359103903174400330e-02
1.008569449186325073e-01
2.860294282436370850e-02
1.380773901939392090e+00
1.371011853218078613e+00
-1.411777973175048828e+00
-1.619482278823852539e+00
-5.822727084159851074e-01
-1.398990631103515625e+00
-3.699992597103118896e-01
-1.934707611799240112e-01
2.031475454568862915e-01
4.805108010768890381e-01
1.239938855171203613e+00
1.547472625970840454e-01
4.069405049085617065e-02
4.078321158885955811e-01
-2.164127528667449951e-01
-9.333766698837280273e-01
-6.502323746681213379e-01
1.050426840782165527e+00
-2.461145669221878052e-01
3.662499189376831055e-01
-9.927447438240051270e-01
7.237467914819717407e-02
4.025360941886901855e-02
4.699836671352386475e-01
-3.947038650512695312e-01
8.299533277750015259e-02
2.578340470790863037e-01
1.933588981628417969e+00
6.552810221910476685e-02
8.364976048469543457e-01
-9.953093528747558594e-02
-5.267653241753578186e-02
-2.844118177890777588e-01
-1.591822654008865356e-01
8.421604633331298828e-01
-1.294434785842895508e+00
-8.984537124633789062e-01
2.264357089996337891e+00
-8.502854108810424805e-01
1.015448663383722305e-02
2.596407011151313782e-02
1.168438792228698730e+00
1.859480142593383789e-01
-3.531604409217834473e-01
-1.185668826103210449e+00
-3.172502815723419189e-01
5.710934400558471680e-01
-1.079883351922035217e-01
-4.050971269607543945e-01
-5.762527585029602051e-01
9.585127234458923340e-02
-8.223449587821960449e-01
-2.576538324356079102e+00
-8.232686519622802734e-01
-1.863084137439727783e-01
-1.252824664115905762e+00
-2.557135820388793945e-01
-5.926671251654624939e-02
-2.919094860553741455e-01
2.593533396720886230e-01
1.527400970458984375e+00
6.613829135894775391e-01
-1.382647275924682617e+00
6.216554045677185059e-01
-3.341572582721710205e-01
-8.611825704574584961e-01
-2.939177155494689941e-01
-4.663269594311714172e-02
3.309103846549987793e-01
-7.930803894996643066e-01
1.042556166648864746e+00
-7.470046877861022949e-01
1.093317508697509766e+00
-6.146107316017150879e-01
-2.533649206161499023e-01
-2.970491945743560791e-01
3.426011502742767334e-01
-1.672091335058212280e-01
-4.840134978294372559e-01
9.003174304962158203e-01
9.490664601325988770e-01
-7.125670909881591797e-01
-1.796642541885375977e+00
-7.016935348510742188e-01
9.754161834716796875e-01
-1.120415806770324707e+00
-1.012397885322570801e+00
1.242113232612609863e+00
-9.631606936454772949e-01
1.325344681739807129e+00
-4.924952387809753418e-01
3.735940754413604736e-01
-2.455359548330307007e-01
8.499608039855957031e-01
-2.011364698410034180e+00
5.375130102038383484e-02
1.034223079681396484e+00
-1.051528692245483398e+00
1.941921472549438477e+00
-5.643794536590576172e-01
9.232432842254638672e-01
1.135817527770996094e+00
-1.054324865341186523e+00
7.590637356042861938e-02
4.377808421850204468e-02
-1.258162736892700195e+00
6.042631864547729492e-01
4.278165102005004883e-01
-6.689109653234481812e-02
-1.697439849376678467e-01
-2.797586657106876373e-02
-1.502207040786743164e+00
-1.117874503135681152e+00
-6.616533547639846802e-02
7.409033775329589844e-01
9.456833004951477051e-01
-6.892638653516769409e-02
-9.983897209167480469e-01
-7.137565612792968750e-01
-4.625213444232940674e-01
1.355462372303009033e-01
2.415953874588012695e-01
2.046695232391357422e+00
7.392308115959167480e-01
7.208462953567504883e-01
-1.124984741210937500e+00
-4.699562489986419678e-02
1.755304813385009766e+00
-3.055260777473449707e-01
-3.411293625831604004e-01
-8.234383463859558105e-01
1.638953089714050293e+00
-5.045790076255798340e-01
6.868971395306289196e-04
7.848979830741882324e-01
1.343644261360168457e+00
1.203739643096923828e+00
9.908632040023803711e-01
2.810356318950653076e-01
8.661196231842041016e-01
-1.451349973678588867e+00
-6.002210378646850586e-01
-8.519555926322937012e-01
6.786820292472839355e-01
3.392938971519470215e-01
-8.790563941001892090e-01
-1.324859023094177246e+00
4.352178871631622314e-01
-2.047708272933959961e+00
-4.141789078712463379e-01
-7.765375971794128418e-01
3.777218759059906006e-01
3.595166802406311035e-01
-5.298157334327697754e-01
1.583997011184692383e+00
4.672144055366516113e-01
1.577513098716735840e+00
1.087222933769226074e+00
2.944313287734985352e-01
-5.396850109100341797e-01
-7.136618494987487793e-01
-8.606846928596496582e-01
1.081527173519134521e-01
2.394927591085433960e-01
-4.383680224418640137e-01
-9.784411191940307617e-01
6.110091805458068848e-01
3.042158842086791992e+00
7.256540656089782715e-01
-8.495564460754394531e-01
1.198196709156036377e-01
-5.087730288505554199e-01
7.569559812545776367e-01
7.872847914695739746e-01
2.591856122016906738e-01
2.557626664638519287e-01
-4.908771216869354248e-01
-5.680016875267028809e-01
-7.355499863624572754e-01
-1.040976166725158691e+00
-1.304748535156250000e+00
-6.578636169433593750e-01
5.658209919929504395e-01
-5.121016129851341248e-02
-7.732902765274047852e-01
5.626203417778015137e-01
-2.317122220993041992e+00
5.010048747062683105e-01
-7.980547547340393066e-01
-8.257465064525604248e-02
-9.580581784248352051e-01
1.006994962692260742e+00
-1.999045461416244507e-01
4.429330229759216309e-01
9.118408560752868652e-01
1.157826066017150879e+00
7.297034263610839844e-01
2.649306058883666992e-01
-7.567281723022460938e-01
-6.407954730093479156e-03
-1.418642401695251465e+00
2.358759492635726929e-01
9.938047528266906738e-01
-3.481051325798034668e-01
-1.869571566581726074e+00
8.118348568677902222e-02
-4.822911024093627930e-01
-2.383552938699722290e-01
1.333689332008361816e+00
-1.257497549057006836e+00
-9.953151345252990723e-01
9.799314290285110474e-02
-5.393827557563781738e-01
-1.411974430084228516e-01
9.463902115821838379e-01
1.789121776819229126e-01
-6.260944008827209473e-01
6.979487836360931396e-02
-1.315986663103103638e-01
8.043670654296875000e-01
6.548638939857482910e-01
-1.127181529998779297e+00
6.753529906272888184e-01
-1.314794421195983887e+00
1.794348657131195068e-01
-7.961817383766174316e-01
-1.104373037815093994e-01
-1.770129650831222534e-01
-3.335776627063751221e-01
1.037356257438659668e+00
1.059195876121520996e+00
-1.533710956573486328e-01
-8.121741414070129395e-01
-8.881577253341674805e-01
-1.033868908882141113e+00
1.108478426933288574e+00
-1.284232378005981445e+00
4.893001019954681396e-01
-2.826004922389984131e-01
-2.857701778411865234e-01
1.009180784225463867e+00
-2.195596456527709961e+00
-2.012453794479370117e+00
-1.478128314018249512e+00
5.861583948135375977e-01
4.721720218658447266e-01
-1.748733043670654297e+00
-8.137874603271484375e-01
-1.275653362274169922e+00
-1.220959499478340149e-01
9.245166778564453125e-01
-1.561089992523193359e+00
-8.755550980567932129e-01
-1.098167300224304199e+00
-1.498144268989562988e+00
-1.009961605072021484e+00
4.920991063117980957e-01
-1.630065441131591797e-01
3.565690517425537109e-01
3.689500391483306885e-01
1.070597171783447266e+00
1.249082386493682861e-01
8.191411495208740234e-01
1.520368814468383789e+00
9.880211353302001953e-01
9.790225028991699219e-01
-4.487792849540710449e-01
6.184051185846328735e-02
6.031155586242675781e-01
2.627019286155700684e-01
-8.172010183334350586e-01
-1.370275735855102539e+00
-9.510366320610046387e-01
1.464650988578796387e+00
1.237821817398071289e+00
2.511661350727081299e-01
-8.227049112319946289e-01
5.643601417541503906e-01
-8.714312314987182617e-01
1.435571193695068359e+00
1.244651228189468384e-01
-5.775762200355529785e-01
6.941380500793457031e-01
1.067813754081726074e+00
-8.816526830196380615e-02
6.616883277893066406e-01
-4.704295396804809570e-01
1.671667814254760742e+00
-2.112189084291458130e-01
7.390574365854263306e-02
1.013602137565612793e+00
7.108922600746154785e-01
2.070678323507308960e-01
-6.053535342216491699e-01
4.861960411071777344e-01
1.275612473487854004e+00
1.510803401470184326e-01
9.957014918327331543e-01
9.643450975418090820e-01
1.845931172370910645e+00
-7.423443794250488281e-01
-8.779878616333007812e-01
1.368468880653381348e+00
6.950712203979492188e-01
9.217134714126586914e-01
2.182337045669555664e-01
1.339265853166580200e-01
4.220865666866302490e-01
1.793924927711486816e+00
1.078135728836059570e+00
-1.166492223739624023e+00
1.495648980140686035e+00
1.139123216271400452e-01
-1.373271822929382324e+00
8.729155063629150391e-01
-5.087893009185791016e-01
-5.259824395179748535e-01
-7.429746985435485840e-01
3.866213858127593994e-01
6.428140997886657715e-01
1.193063497543334961e+00
-1.443413853645324707e+00
6.457961797714233398e-01
1.117691874504089355e+00
-1.314086675643920898e+00
-2.112245410680770874e-01
-5.696207880973815918e-01
5.348576307296752930e-01
7.702417969703674316e-01
-2.897922880947589874e-02
-2.268870830535888672e+00
-2.477096319198608398e-01
-2.251809358596801758e+00
1.521833837032318115e-01
6.701261997222900391e-01
-1.118831753730773926e+00
6.891109943389892578e-01
-1.136141777038574219e+00
-2.337279796600341797e+00
3.112113177776336670e-01
1.055609822273254395e+00
-9.321483969688415527e-01
-3.264009058475494385e-01
-6.857378482818603516e-01
-3.377699851989746094e-01
-8.590542525053024292e-02
-7.193826436996459961e-01
-6.425806283950805664e-01
-1.103570461273193359e-01
9.750055670738220215e-01
-3.511779904365539551e-01
-6.673619747161865234e-01
-1.258226037025451660e+00
-4.820031523704528809e-01
7.556263208389282227e-01
-5.592516660690307617e-01
-8.663548827171325684e-01
-1.110730171203613281e+00
8.474848270416259766e-01
4.329497516155242920e-01
3.418940305709838867e-01
3.238653838634490967e-01
1.102464437484741211e+00
1.602098464965820312e+00
-4.057327806949615479e-01
5.282831788063049316e-01
1.562334317713975906e-02
-4.133693575859069824e-01
-8.903189897537231445e-01
-4.646175503730773926e-01
8.743330240249633789e-01
-1.334445327520370483e-01
-4.481002688407897949e-01
8.986657261848449707e-01
1.128612041473388672e+00
1.656972430646419525e-02
3.237471282482147217e-01
-9.436181783676147461e-01
6.632423400878906250e-01
-2.521871924400329590e-01
-4.503539800643920898e-01
3.014639019966125488e-01
1.293852478265762329e-01
-4.309695065021514893e-01
7.793194055557250977e-02
-6.817702651023864746e-01
8.680903911590576172e-01
-5.785661339759826660e-01
-1.175209403038024902e+00
8.306928277015686035e-01
1.921169281005859375e+00
-6.132643297314643860e-02
-1.324269473552703857e-01
1.357195734977722168e+00
3.708819150924682617e-01
-1.196356266736984253e-01
-2.742768228054046631e-01
6.703087687492370605e-01
-1.712964415550231934e+00
-9.070793390274047852e-01
8.871144652366638184e-01
1.962559297680854797e-02
-1.019750952720642090e+00
3.808628022670745850e-02
3.474288880825042725e-01
9.297086596488952637e-01
8.783455938100814819e-02
-3.814295530319213867e-01
1.419292330741882324e+00
6.665391325950622559e-01
5.817748978734016418e-02
5.638379454612731934e-01
5.058538317680358887e-01
1.912257224321365356e-01
7.410126328468322754e-01
-3.052908480167388916e-01
-1.571366429328918457e+00
2.011020779609680176e-01
2.620207667350769043e-01
