-5.145958662033081055e-01
-1.126697301864624023e+00
-2.515968978404998779e-01
-7.677240371704101562e-01
-5.960049033164978027e-01
-4.330525696277618408e-01
2.780849039554595947e-01
-1.714477501809597015e-02
-9.086670279502868652e-01
7.637832760810852051e-01
9.989423155784606934e-01
1.761544704437255859e+00
-6.580876111984252930e-01
7.692238092422485352e-01
1.272773385047912598e+00
-6.166009306907653809e-01
-7.353142499923706055e-01
-4.167608022689819336e-01
-2.191469073295593262e-01
3.358773708343505859e+00
5.417754054069519043e-01
5.123267769813537598e-01
-9.333946108818054199e-01
-3.330354094505310059e-01
-5.457252264022827148e-01
-8.157881349325180054e-02
1.317612677812576294e-01
7.895556688308715820e-01
-6.669800877571105957e-01
-4.231327474117279053e-01
1.164903044700622559e+00
1.489568650722503662e-01
1.041329145431518555e+00
2.632474303245544434e-01
-1.902311146259307861e-01
3.381709754467010498e-02
-5.863001346588134766e-01
3.800320029258728027e-01
3.186237514019012451e-01
-8.691605925559997559e-01
-3.815964758396148682e-01
4.259116053581237793e-01
-2.699156045913696289e+00
-1.148354411125183105e+00
-1.361889600753784180e+00
1.997490167617797852e+00
7.077221274375915527e-01
-4.186196029186248779e-01
-2.015236854553222656e+00
5.820608735084533691e-01
1.022801268845796585e-02
-4.374113082885742188e-01
-3.113613128662109375e-01
-8.892842531204223633e-01
-1.708585143089294434e+00
-8.563759326934814453e-01
7.223740816116333008e-01
-3.863379359245300293e-01
2.488715797662734985e-01
-1.587165832519531250e+00
1.969675302505493164e+00
-4.855756461620330811e-01
-6.595956087112426758e-01
-1.345612168312072754e+00
-1.075530409812927246e+00
8.203952014446258545e-02
-5.631601214408874512e-01
1.250676345080137253e-02
4.177476167678833008e-01
4.502877593040466309e-01
-6.387680768966674805e-01
-5.251420736312866211e-01
-4.049560129642486572e-01
2.812237501144409180e+00
5.589546561241149902e-01
-1.589588999748229980e+00
-5.082609653472900391e-01
-6.500110626220703125e-01
4.723636507987976074e-01
2.554678618907928467e-01
6.497727036476135254e-01
1.036505222320556641e+00
6.086824536323547363e-01
-5.249661207199096680e-01
4.919792115688323975e-01
7.387871146202087402e-01
1.232218965888023376e-01
1.811247348785400391e+00
-4.857580959796905518e-01
5.181791782379150391e-01
3.941368460655212402e-01
-3.274365365505218506e-01
-1.225150585174560547e+00
3.402985036373138428e-01
4.676316678524017334e-01
1.616746932268142700e-01
5.199599266052246094e-01
8.997548371553421021e-02
1.721012115478515625e+00
1.129328370094299316e+00
-6.285221576690673828e-01
-1.709691882133483887e-01
-1.358364373445510864e-01
-1.126186847686767578e+00
1.824781298637390137e+00
4.497155547142028809e-01
1.206960320472717285e+00
1.087017297744750977e+00
5.760927200317382812e-01
8.323356509208679199e-01
8.464697003364562988e-01
2.384305745363235474e-01
-3.843174278736114502e-01
6.594154238700866699e-01
-6.173391342163085938e-01
1.379348784685134888e-01
-2.751507163047790527e-01
8.111760616302490234e-01
-3.674754202365875244e-01
-3.310158252716064453e+00
-8.751711249351501465e-01
-7.473816871643066406e-01
3.726907968521118164e-01
1.228134751319885254e+00
-9.887605309486389160e-01
3.316735327243804932e-01
-1.445720314979553223e+00
1.393238008022308350e-01
-2.724799327552318573e-02
-7.414506077766418457e-01
-8.619519472122192383e-01
1.186575651168823242e+00
-7.368387579917907715e-01
6.758028268814086914e-01
1.997297883033752441e+00
-7.862362861633300781e-01
-4.627795815467834473e-01
-6.621429324150085449e-01
-3.108388900756835938e+00
1.786973595619201660e+00
-1.107026576995849609e+00
1.250808835029602051e+00
-1.122398495674133301e+00
-3.898925781250000000e-01
1.779585331678390503e-01
1.466325968503952026e-01
8.659467101097106934e-01
-3.753111660480499268e-01
4.176979959011077881e-01
-5.607510805130004883e-01
9.837564826011657715e-01
-1.364960193634033203e+00
1.478573977947235107e-01
3.118880689144134521e-01
-9.541237354278564453e-01
-2.727905809879302979e-01
-5.108907222747802734e-01
6.625437736511230469e-01
1.214927554130554199e+00
-3.667062222957611084e-01
1.415080189704895020e+00
4.701281785964965820e-01
1.859162896871566772e-01
7.483657002449035645e-01
-1.458233833312988281e+00
2.279613912105560303e-01
-1.056674003601074219e+00
1.638822913169860840e+00
7.283326983451843262e-01
9.843418002128601074e-02
6.974487304687500000e-01
-2.151100397109985352e+00
-1.110473752021789551e+00
2.450483739376068115e-01
-9.030655026435852051e-01
-2.119584321975708008e+00
1.333969384431838989e-01
1.274560928344726562e+00
-1.719951182603836060e-01
-3.696702420711517334e-01
-5.611860379576683044e-02
-4.544463753700256348e-01
2.117172241210937500e+00
-2.225841999053955078e+00
-8.731748163700103760e-02
6.020086407661437988e-01
-1.560720950365066528e-01
-3.914831280708312988e-01
1.581215113401412964e-01
-2.565592527389526367e-01
-5.474192649126052856e-02
-1.795765757560729980e+00
1.655630707740783691e+00
-6.551996469497680664e-01
-8.232218027114868164e-02
9.035131335258483887e-01
-4.729956686496734619e-01
6.539325714111328125e-01
-9.462402760982513428e-02
1.311933279037475586e+00
1.242485523223876953e+00
1.553438663482666016e+00
7.304059267044067383e-01
1.480382084846496582e-01
-1.398087620735168457e+00
-3.205026686191558838e-02
-1.684948444366455078e+00
-6.743588298559188843e-02
-3.895236253738403320e-01
6.897768378257751465e-02
-6.144594550132751465e-01
3.869328200817108154e-01
1.201481819152832031e+00
2.103272229433059692e-01
1.187887430191040039e+00
-2.335018366575241089e-01
7.879974693059921265e-02
-1.020301699638366699e+00
-1.067424565553665161e-01
1.067764759063720703e+00
-8.573151826858520508e-01
-6.817575097084045410e-01
1.494022250175476074e+00
1.484382003545761108e-01
-1.074143767356872559e+00
3.272769153118133545e-01
9.732648134231567383e-01
-8.972213268280029297e-01
-7.609120011329650879e-01
-1.785143136978149414e+00
1.394813358783721924e-01
-9.381069540977478027e-01
5.535525083541870117e-01
-3.863183557987213135e-01
8.052734136581420898e-01
3.074904680252075195e-01
-1.224384531378746033e-01
-2.319619804620742798e-01
1.043764233589172363e+00
6.675631552934646606e-02
-1.405978500843048096e-01
9.285626411437988281e-01
3.756484091281890869e-01
1.091652750968933105e+00
-9.009048342704772949e-01
1.732612103223800659e-01
-5.448222160339355469e-01
-5.840883851051330566e-01
-6.285510659217834473e-01
7.386463284492492676e-01
-5.270057916641235352e-01
5.031299591064453125e-01
5.577609539031982422e-01
3.752855062484741211e-01
3.146744370460510254e-01
-5.930235385894775391e-01
9.298391938209533691e-01
3.334475755691528320e-01
5.812472701072692871e-01
1.892439574003219604e-01
1.899768352508544922e+00
-2.912597656250000000e+00
-1.138200461864471436e-01
-1.446250915527343750e+00
9.877379536628723145e-01
1.380818486213684082e-01
-1.614912599325180054e-01
-8.895982056856155396e-03
-6.881232261657714844e-01
1.685959577560424805e+00
-2.213402390480041504e-01
-3.024611175060272217e-01
1.126675963401794434e+00
-3.982692658901214600e-01
6.541294455528259277e-01
1.274719357490539551e+00
5.705265998840332031e-01
8.323284983634948730e-02
4.287081956863403320e-02
1.862918734550476074e+00
-5.934123992919921875e-01
8.765673637390136719e-01
1.067678481340408325e-01
-1.186457991600036621e+00
6.859238147735595703e-01
-1.576806753873825073e-01
-1.143410444259643555e+00
-4.431457221508026123e-01
5.110535025596618652e-01
3.959917426109313965e-01
-2.551488392055034637e-02
4.419147074222564697e-01
3.456746339797973633e-01
1.441979110240936279e-01
-1.028312817215919495e-01
2.962587475776672363e-01
4.524675905704498291e-01
-8.144856691360473633e-01
4.505463540554046631e-01
4.621763825416564941e-01
-1.245040416717529297e+00
1.462974309921264648e+00
1.037699580192565918e-01
5.295912623405456543e-01
2.574627399444580078e-01
1.386667966842651367e+00
4.508536159992218018e-01
2.316111000254750252e-03
-7.177741825580596924e-02
5.958371758460998535e-01
1.715283036231994629e+00
8.204015344381332397e-02
-4.052334725856781006e-01
-9.538512229919433594e-01
2.072855234146118164e+00
1.573067665100097656e+00
-1.565170437097549438e-01
-5.864119529724121094e-01
-5.562365651130676270e-01
9.189746528863906860e-02
6.424562931060791016e-01
3.881120383739471436e-01
-8.078268766403198242e-01
4.817139208316802979e-01
1.214047312736511230e+00
-4.628019630908966064e-01
-2.239277839660644531e+00
-1.300211668014526367e+00
-4.274799525737762451e-01
5.500055551528930664e-01
-9.748651832342147827e-02
-1.898312687873840332e+00
-2.094315767288208008e+00
4.779497981071472168e-01
3.662318587303161621e-01
5.651420950889587402e-01
-3.578186333179473877e-01
-1.210803627967834473e+00
-1.534576177597045898e+00
9.132535457611083984e-01
-8.520267605781555176e-01
-1.951841115951538086e+00
1.177055716514587402e+00
9.778461456298828125e-01
8.457924723625183105e-01
6.729338765144348145e-01
6.124013662338256836e-01
6.558894515037536621e-01
1.374191492795944214e-01
1.254888892173767090e+00
-4.032601714134216309e-01
-1.274220228195190430e+00
-7.668488025665283203e-01
-9.781409502029418945e-01
-9.426556229591369629e-01
1.548697799444198608e-01
-4.068407118320465088e-01
-2.343655526638031006e-01
-2.936649322509765625e-01
-6.087622791528701782e-02
-1.019782781600952148e+00
-2.432250529527664185e-01
4.336636364459991455e-01
-2.745435237884521484e-01
-1.991775870323181152e+00
-1.016848802566528320e+00
1.349745392799377441e-01
7.818212509155273438e-01
-5.602414608001708984e-01
7.289614528417587280e-03
-5.374087095260620117e-01
-7.600408792495727539e-01
1.173503790050745010e-02
-1.527846902608871460e-01
5.498376488685607910e-01
-3.851046860218048096e-01
1.520748853683471680e+00
1.051103711128234863e+00
7.367089390754699707e-01
-1.447574377059936523e+00
-5.981110930442810059e-01
8.061261773109436035e-01
-1.683543920516967773e-01
6.335643529891967773e-01
-1.974884510040283203e+00
-1.763949632644653320e+00
1.209095716476440430e+00
3.893950283527374268e-01
-3.450700938701629639e-01
-4.805615246295928955e-01
-3.874167203903198242e-01
2.557018697261810303e-01
1.363273739814758301e+00
-1.672231078147888184e+00
3.065830655395984650e-02
1.423054337501525879e-01
7.324680685997009277e-01
-1.209610462188720703e+00
-3.250575959682464600e-01
2.920601665973663330e-01
9.708563685417175293e-01
-1.760636448860168457e+00
-2.864147722721099854e-02
-1.943883895874023438e-01
-1.211562275886535645e+00
3.068252094089984894e-02
-7.570370435714721680e-01
-1.131555676460266113e+00
-6.139305233955383301e-01
1.005129218101501465e+00
-1.599202454090118408e-01
-1.480740427970886230e+00
5.969734787940979004e-01
-1.004433333873748779e-01
-1.717880964279174805e+00
5.652441382408142090e-01
-9.868401288986206055e-01
2.351119667291641235e-01
-1.485884338617324829e-01
7.139419317245483398e-01
-4.184820353984832764e-01
-1.146023944020271301e-01
1.270140707492828369e-01
8.821704387664794922e-01
-3.184659183025360107e-01
2.043591439723968506e-02
-1.145841360092163086e+00
-5.965425968170166016e-01
-1.839304417371749878e-01
1.282351184636354446e-02
-6.401780843734741211e-01
-2.029661178588867188e+00
-1.349171280860900879e+00
2.102238684892654419e-01
-1.887782692909240723e+00
-5.570721030235290527e-01
9.886141419410705566e-01
-1.474286317825317383e+00
2.119087457656860352e+00
-6.273304820060729980e-01
-6.321218609809875488e-01
3.268833085894584656e-02
7.965806722640991211e-01
-3.498858511447906494e-01
2.752834558486938477e-01
7.428011298179626465e-01
4.824213385581970215e-01
9.015209674835205078e-01
-2.339855879545211792e-01
-2.354066222906112671e-01
4.418637752532958984e-01
-2.342855453491210938e+00
3.688608109951019287e-01
1.196349978446960449e+00
-1.422232270240783691e+00
-5.148037075996398926e-01
-1.097981333732604980e+00
-2.039828598499298096e-01
-3.043011724948883057e-01
4.127771258354187012e-01
-2.589177787303924561e-01
3.246366977691650391e-02
-2.384053915739059448e-01
3.566335439682006836e-01
-1.990837693214416504e+00
1.782800853252410889e-01
-1.335417509078979492e+00
-1.589432954788208008e+00
9.978356212377548218e-02
-1.025069117546081543e+00
-9.810879230499267578e-01
1.837599515914916992e+00
3.803137838840484619e-01
4.867886304855346680e-01
-6.570909619331359863e-01
1.956070512533187866e-01
1.245988607406616211e+00
-4.425896797329187393e-03
3.977687358856201172e-01
-1.428173542022705078e+00
1.147338986396789551e+00
-9.087967276573181152e-01
-1.901508927345275879e+00
1.662990301847457886e-01
7.325759530067443848e-01
1.537458181381225586e+00
-8.104953914880752563e-02
-4.425312280654907227e-01
8.574515581130981445e-01
-1.133646965026855469e+00
-1.088554024696350098e+00
9.396138787269592285e-01
-1.165855377912521362e-01
-1.797524839639663696e-01
-4.922066032886505127e-01
-1.071883440017700195e+00
-3.624067008495330811e-01
-2.158828020095825195e+00
1.233903318643569946e-01
4.143390804529190063e-02
-9.542132169008255005e-02
-6.574233621358871460e-02
2.096820175647735596e-01
1.621582984924316406e+00
3.190063536167144775e-01
3.466208279132843018e-01
1.098645806312561035e+00
3.646341264247894287e-01
-9.278997182846069336e-01
-5.076145529747009277e-01
-9.796221256256103516e-01
-2.849282696843147278e-02
4.303505122661590576e-01
-1.806970953941345215e+00
-2.591420650482177734e+00
6.838018447160720825e-02
7.879297733306884766e-01
-4.527465701103210449e-01
-3.724341094493865967e-01
1.662564724683761597e-01
4.138087481260299683e-02
-6.120941042900085449e-02
1.050092458724975586e+00
9.074364900588989258e-01
2.571817636489868164e-01
1.804773509502410889e-01
3.280313611030578613e-01
6.392304897308349609e-01
-1.081429243087768555e+00
-1.155126214027404785e+00
7.299672346562147141e-03
1.048733949661254883e+00
-3.420912325382232666e-01
-8.891190886497497559e-01
8.686851859092712402e-01
-5.163500905036926270e-01
-6.987740993499755859e-01
-2.280703037977218628e-01
-9.136392474174499512e-01
-1.629839837551116943e-01
-3.400358259677886963e-01
-1.847315877676010132e-01
-3.632679283618927002e-01
1.430742263793945312e+00
2.986857295036315918e-01
2.356235027313232422e+00
-1.632426619529724121e+00
8.942765742540359497e-02
7.416501045227050781e-01
8.382539153099060059e-01
9.394162893295288086e-01
4.042598009109497070e-01
1.277870088815689087e-01
-1.924843072891235352e+00
-3.835012763738632202e-02
1.289202809333801270e+00
-1.984012842178344727e+00
1.548292517662048340e+00
-8.228214830160140991e-02
-5.525628924369812012e-01
-3.060958981513977051e-01
-9.104254841804504395e-01
8.302544951438903809e-01
5.485123395919799805e-01
-1.486802577972412109e+00
-8.840714693069458008e-01
-2.934091491624712944e-03
1.109384298324584961e+00
2.745666980743408203e+00
3.486597239971160889e-01
5.186336040496826172e-01
-2.331204712390899658e-01
2.040256559848785400e-01
-5.072154998779296875e-01
-4.449629187583923340e-01
-4.619637429714202881e-01
-1.588296532630920410e+00
-3.813196718692779541e-01
1.308964788913726807e-01
2.076306790113449097e-01
-3.851290419697761536e-02
-3.099748790264129639e-01
-9.780988693237304688e-01
-2.175410509109497070e+00
2.658361010253429413e-02
-7.716565728187561035e-01
-4.598884582519531250e-01
-2.963127493858337402e-01
-2.439480088651180267e-02
1.322483181953430176e+00
-1.796823263168334961e+00
-1.571593403816223145e+00
-6.081568002700805664e-01
1.024616718292236328e+00
1.622555255889892578e-01
1.891468167304992676e-01
-2.009822130203247070e-01
-1.211513519287109375e+00
3.540458381175994873e-01
7.416115999221801758e-01
-1.444689750671386719e+00
4.395018517971038818e-01
-3.564224392175674438e-02
-1.406563878059387207e+00
-1.004685401916503906e+00
3.694204688072204590e-01
-2.739879786968231201e-01
1.416825503110885620e-01
1.353805363178253174e-01
1.679819077253341675e-01
-7.251529395580291748e-02
-1.898693740367889404e-01
4.428811073303222656e-01
2.131650209426879883e+00
-1.819702833890914917e-01
3.183311223983764648e-01
-3.788870573043823242e-01
-3.458511233329772949e-01
-3.167788684368133545e-02
-1.206253528594970703e+00
-6.874583959579467773e-01
-2.448631078004837036e-01
1.954132169485092163e-01
1.443162560462951660e+00
1.076872944831848145e+00
-8.723274618387222290e-02
-5.617475509643554688e-01
-3.591765463352203369e-02
-1.881029754877090454e-01
-4.946085065603256226e-02
5.553258657455444336e-01
5.179936289787292480e-01
-6.491544246673583984e-01
-1.712743878364562988e+00
1.611174464225769043e+00
3.123340606689453125e-01
1.116398334503173828e+00
-2.507252097129821777e-01
-8.561734557151794434e-01
5.001976490020751953e-01
-1.780985742807388306e-01
5.037569999694824219e-01
-4.631664156913757324e-01
2.418836832046508789e+00
1.294038534164428711e+00
3.609203398227691650e-01
1.127200841903686523e+00
8.504297137260437012e-01
7.129009962081909180e-01
-3.986866772174835205e-01
-2.334005117416381836e+00
1.504777073860168457e+00
1.157509446144104004e+00
4.074773192405700684e-01
-7.707729935646057129e-01
-1.217286705970764160e+00
-3.529867231845855713e-01
1.777147531509399414e+00
1.524538397789001465e+00
7.981979846954345703e-01
1.192909359931945801e+00
2.252695560455322266e-01
-4.703264534473419189e-01
6.283417940139770508e-01
-1.220827341079711914e+00
-7.312027215957641602e-01
1.255762875080108643e-01
1.050310730934143066e-01
6.068937182426452637e-01
2.504612922668457031e+00
-3.802542686462402344e-01
7.181286811828613281e-01
-5.521327257156372070e-01
4.483653008937835693e-01
-9.060364961624145508e-02
-7.027391195297241211e-01
1.208276510238647461e+00
-2.343957722187042236e-01
-9.976871311664581299e-02
4.534750878810882568e-01
-6.395250558853149414e-01
-2.451314687728881836e+00
-3.240579664707183838e-01
-2.265763431787490845e-01
-7.591532468795776367e-01
6.539075821638107300e-02
-1.031053662300109863e+00
-2.301113843917846680e+00
8.307809233665466309e-01
5.733438134193420410e-01
-1.159670114517211914e+00
-5.307028815150260925e-02
-3.232590556144714355e-01
-6.472459435462951660e-02
4.781865179538726807e-01
6.823741793632507324e-01
-1.577494591474533081e-01
-8.791171908378601074e-01
2.113157272338867188e+00
9.037545323371887207e-01
-1.038128137588500977e+00
-9.622377902269363403e-02
-1.002650335431098938e-01
-1.859022974967956543e-01
-2.577972412109375000e-01
-5.040529370307922363e-01
-1.100312843918800354e-01
7.384674251079559326e-02
1.036517739295959473e+00
6.648754477500915527e-01
-8.860342502593994141e-01
1.545919477939605713e-01
6.068963408470153809e-01
-1.516506552696228027e+00
1.269725203514099121e+00
3.395214676856994629e-01
1.014005780220031738e+00
-7.568795680999755859e-01
-1.522860825061798096e-01
9.814838767051696777e-01
4.553135633468627930e-01
-2.817594408988952637e-01
5.377031564712524414e-01
7.462896704673767090e-01
1.048707723617553711e+00
-1.584646105766296387e-01
-3.538194596767425537e-01
1.635593652725219727e+00
-8.929648995399475098e-01
3.329899013042449951e-01
-4.322508871555328369e-01
-1.431815028190612793e+00
-3.234054744243621826e-01
1.821393519639968872e-01
-3.600396513938903809e-01
5.531579852104187012e-01
4.318345487117767334e-01
-1.307870030403137207e+00
4.462887346744537354e-01
2.729771375656127930e+00
-1.850743442773818970e-01
3.888569176197052002e-01
1.259199619293212891e+00
-1.888308227062225342e-01
-4.649447798728942871e-01
-1.267310023307800293e+00
2.931806445121765137e-01
2.667741775512695312e-01
4.711413085460662842e-01
-4.171329140663146973e-01
-4.497191607952117920e-01
-9.009799361228942871e-01
3.548898100852966309e-01
-7.172316312789916992e-01
6.416860818862915039e-01
-4.480689465999603271e-01
-1.300649404525756836e+00
1.786588430404663086e+00
1.451844692230224609e+00
1.198981851339340210e-01
8.915938735008239746e-01
7.955548763275146484e-01
4.010864496231079102e-01
1.034497022628784180e+00
1.000635504722595215e+00
-1.714525341987609863e+00
-7.916590198874473572e-03
8.234153985977172852e-01
