-1.033223628997802734e+00
-6.618369817733764648e-01
2.310467213392257690e-01
-4.436768889427185059e-01
-3.724362254142761230e-01
2.263392508029937744e-01
5.145658850669860840e-01
5.324344038963317871e-01
-9.575773477554321289e-01
4.980944693088531494e-01
-1.030058339238166809e-01
1.186870932579040527e+00
-3.789755403995513916e-01
9.424831271171569824e-01
8.958677649497985840e-01
-3.515546321868896484e-01
1.295737624168395996e+00
-5.792434811592102051e-01
-3.750886619091033936e-01
2.203668355941772461e+00
-5.238422751426696777e-01
3.764726817607879639e-01
-5.470923185348510742e-01
2.074904507026076317e-03
-4.835103154182434082e-01
-5.564027428627014160e-01
2.591370046138763428e-01
4.287665784358978271e-01
9.435748308897018433e-02
-4.091141223907470703e-01
-4.691384434700012207e-01
5.413552522659301758e-01
1.016133546829223633e+00
1.868645697832107544e-01
-2.979188859462738037e-01
-1.134893000125885010e-01
-1.084567070007324219e+00
4.187474846839904785e-01
3.422805368900299072e-01
-1.286049604415893555e+00
2.523730099201202393e-01
2.640728056430816650e-01
-1.480511426925659180e+00
1.741956770420074463e-01
-9.497082233428955078e-01
1.258601427078247070e+00
6.520634293556213379e-01
5.608093142509460449e-01
-9.891025424003601074e-01
1.273343682289123535e+00
1.062886230647563934e-02
6.177147626876831055e-01
-9.221933037042617798e-02
-1.499877214431762695e+00
-1.303169250488281250e+00
-2.206336148083209991e-02
3.672296181321144104e-02
-1.541239172220230103e-01
6.238542795181274414e-01
-2.005378305912017822e-01
1.181512951850891113e+00
3.696862459182739258e-01
-3.914768621325492859e-02
-1.522470563650131226e-01
-1.753096729516983032e-01
-1.021352052688598633e+00
1.209660023450851440e-01
3.178151845932006836e-01
8.718096017837524414e-01
-5.713135600090026855e-01
-8.393236994743347168e-01
-5.902498960494995117e-01
-1.520102977752685547e+00
3.057023286819458008e+00
4.232471585273742676e-01
-8.929121494293212891e-01
7.567145228385925293e-01
-1.650915980339050293e+00
-7.096301913261413574e-01
1.278013437986373901e-01
-4.937887191772460938e-03
8.798551559448242188e-01
4.425917565822601318e-01
6.211652755737304688e-01
8.328375220298767090e-01
-3.760598301887512207e-01
6.955419480800628662e-02
1.447162032127380371e+00
-7.332620024681091309e-02
9.891821742057800293e-01
7.397700548171997070e-01
-2.930743396282196045e-01
-9.008271098136901855e-01
-3.268343210220336914e-01
-6.711474806070327759e-02
-1.177013367414474487e-01
2.863049209117889404e-01
-7.454720735549926758e-01
1.222972154617309570e+00
8.524736166000366211e-01
3.478772044181823730e-01
-3.545839488506317139e-01
-1.133747100830078125e+00
-8.595554232597351074e-01
2.349563360214233398e+00
8.276045918464660645e-01
3.005034923553466797e-01
8.791927695274353027e-01
-2.217949032783508301e-01
8.763025403022766113e-01
4.499644637107849121e-01
6.069647669792175293e-01
1.765310019254684448e-02
4.232316911220550537e-01
3.539686501026153564e-01
1.864579319953918457e-02
3.038209974765777588e-01
2.210236787796020508e-01
-1.181140318512916565e-01
-2.700549364089965820e+00
1.088241100311279297e+00
-3.170713186264038086e-01
3.988186717033386230e-01
2.650713920593261719e-01
-3.509988784790039062e-01
-5.672799944877624512e-01
-1.635582566261291504e+00
-4.350132644176483154e-01
-1.704736948013305664e-01
-2.178987115621566772e-01
-8.065987378358840942e-02
1.017845392227172852e+00
-1.078708767890930176e+00
-9.203124046325683594e-01
3.545888662338256836e-01
-5.191347599029541016e-01
8.391793370246887207e-01
-6.944009065628051758e-01
-3.002697229385375977e+00
1.286397576332092285e+00
-6.627360731363296509e-02
2.727058172225952148e+00
-5.914026498794555664e-01
-1.088674366474151611e-01
-1.895311474800109863e-02
1.441082835197448730e+00
2.703701555728912354e-01
4.386896267533302307e-02
-4.769795835018157959e-01
-6.862679123878479004e-01
5.622692704200744629e-01
-5.969133377075195312e-01
-5.158878564834594727e-01
1.385333418846130371e+00
-9.906876683235168457e-01
1.593664586544036865e-01
-1.398249745368957520e+00
1.438751220703125000e+00
2.008394241333007812e+00
-6.208291649818420410e-01
1.696911454200744629e-01
9.133920073509216309e-02
-2.460394501686096191e-01
6.074730157852172852e-01
-1.719144105911254883e+00
9.359675049781799316e-01
-1.003883957862854004e+00
1.564656853675842285e+00
1.523303151130676270e+00
4.857021570205688477e-01
-1.440928727388381958e-01
-1.307242155075073242e+00
-1.728363707661628723e-02
-4.756610095500946045e-02
-4.895256459712982178e-01
-2.117991685867309570e+00
6.600367277860641479e-02
6.587249636650085449e-01
-2.001259177923202515e-01
-1.065921902656555176e+00
-2.443360835313796997e-01
-5.961564183235168457e-01
2.036377042531967163e-01
-1.587636828422546387e+00
5.228260755538940430e-01
1.439718365669250488e+00
1.228716969490051270e+00
-7.017484903335571289e-01
4.167692363262176514e-01
-4.647909700870513916e-01
-1.400766372680664062e-01
-1.378471374511718750e+00
1.438831925392150879e+00
-4.273666739463806152e-01
7.073373068124055862e-03
5.133179202675819397e-02
-2.801108658313751221e-01
1.207651123404502869e-01
5.783464312553405762e-01
2.052099943161010742e+00
3.804393112659454346e-01
1.458397388458251953e+00
4.445257186889648438e-01
3.238584399223327637e-01
-3.052006103098392487e-02
-5.102295279502868652e-01
-1.550014138221740723e+00
6.448470950126647949e-01
-1.215790867805480957e+00
5.983830094337463379e-01
-9.233272671699523926e-01
-5.507777333259582520e-01
3.808616697788238525e-01
-3.612145781517028809e-02
5.989260673522949219e-01
-4.702498614788055420e-01
2.318203151226043701e-01
-2.655586302280426025e-01
-3.287515938282012939e-01
6.900763511657714844e-01
3.754863440990447998e-01
-2.984213232994079590e-01
1.481835126876831055e+00
-2.108205258846282959e-01
-1.171713471412658691e+00
1.171663761138916016e+00
1.058675050735473633e+00
-7.046544551849365234e-01
9.368012547492980957e-01
-1.746122717857360840e+00
3.270184993743896484e-01
-1.658823043107986450e-01
-8.904618769884109497e-02
2.631465792655944824e-01
6.188103556632995605e-01
1.572281837463378906e+00
3.837187290191650391e-01
3.273521661758422852e-01
8.760979175567626953e-01
-4.425540864467620850e-01
-9.198250621557235718e-02
6.496899724006652832e-01
4.347593188285827637e-01
7.487388849258422852e-01
1.439415812492370605e-01
-3.848323822021484375e-01
-4.885603785514831543e-01
-1.126605153083801270e+00
-7.986003756523132324e-01
1.225584983825683594e+00
-4.137241542339324951e-01
2.816875278949737549e-01
7.726667523384094238e-01
4.111141562461853027e-01
5.555096268653869629e-01
-7.089551091194152832e-01
1.289132714271545410e+00
-4.643993079662322998e-01
5.986928567290306091e-02
6.832064986228942871e-01
2.513682126998901367e+00
-1.585608124732971191e+00
-3.314111828804016113e-01
-1.582852840423583984e+00
5.411499738693237305e-01
-1.417743414640426636e-01
6.196859478950500488e-01
-4.892184734344482422e-01
-1.208064332604408264e-01
5.550923943519592285e-01
-2.657658755779266357e-01
1.580449789762496948e-01
9.187132120132446289e-01
-8.940469026565551758e-01
4.961873218417167664e-02
-5.019038319587707520e-01
9.330905079841613770e-01
-3.794016242027282715e-01
1.011608123779296875e+00
1.137100577354431152e+00
-5.516363978385925293e-01
4.343048930168151855e-01
-5.348457098007202148e-01
-1.540690064430236816e+00
8.859847784042358398e-01
4.069922864437103271e-01
-1.299347758293151855e+00
-2.151696979999542236e-01
-5.458435416221618652e-01
-5.540984869003295898e-01
9.661923348903656006e-02
4.836726188659667969e-01
7.620625495910644531e-01
1.017991185188293457e+00
-3.997159004211425781e-01
1.304817914962768555e+00
2.726995050907135010e-01
-3.677401244640350342e-01
6.484719514846801758e-01
5.355633497238159180e-01
-1.275713086128234863e+00
2.587243795394897461e+00
-5.297430157661437988e-01
-7.575384974479675293e-01
-5.175861120223999023e-01
2.034900665283203125e+00
3.234756886959075928e-01
3.359301090240478516e-01
1.230418205261230469e+00
-8.666207194328308105e-01
1.007516980171203613e+00
1.541668623685836792e-01
-3.084796667098999023e-01
-3.556597232818603516e-01
3.155244588851928711e-01
8.807244896888732910e-01
-1.421876698732376099e-01
-9.687978029251098633e-02
-4.426851272583007812e-01
-6.235830187797546387e-01
2.255327254533767700e-01
6.991865634918212891e-01
-1.195412158966064453e+00
-2.883464694023132324e-01
6.120380163192749023e-01
-1.110877156257629395e+00
-2.327396869659423828e+00
-1.987084865570068359e+00
1.790382117033004761e-01
-6.536283344030380249e-02
-3.072497807443141937e-02
-2.130643844604492188e+00
-1.467258691787719727e+00
-5.351944565773010254e-01
-8.302555978298187256e-02
4.307918846607208252e-01
-5.663602948188781738e-01
-1.599278450012207031e+00
-2.004971981048583984e+00
5.341787934303283691e-01
-2.380741387605667114e-01
-1.306468725204467773e+00
2.689852118492126465e-01
2.622155845165252686e-01
1.973541975021362305e+00
-3.567757010459899902e-01
3.595686554908752441e-01
1.098638176918029785e+00
-6.728686392307281494e-02
1.797547578811645508e+00
-7.639687657356262207e-01
-4.771145880222320557e-01
-5.245059132575988770e-01
-1.169456720352172852e+00
-1.006799459457397461e+00
1.125231385231018066e+00
-2.998921275138854980e-01
-1.532465815544128418e+00
-5.491234660148620605e-01
5.820200443267822266e-01
-1.066660165786743164e+00
-3.555153012275695801e-01
-2.354364693164825439e-01
-1.083317399024963379e+00
-8.094167709350585938e-01
-6.972567439079284668e-01
-2.284294692799448967e-03
5.028844475746154785e-01
-1.132906913757324219e+00
-3.831450939178466797e-01
3.154125809669494629e-02
-1.042807579040527344e+00
-9.399472475051879883e-01
6.943184733390808105e-01
1.179336234927177429e-01
-6.307379156351089478e-02
2.538043022155761719e+00
6.980847120285034180e-01
4.257164001464843750e-01
-1.338409066200256348e+00
-5.522875785827636719e-01
7.153294086456298828e-01
-1.562006473541259766e-01
-5.437787994742393494e-02
-2.006598234176635742e+00
-8.732438683509826660e-01
2.396058291196823120e-01
4.795569777488708496e-01
-1.429869979619979858e-01
-4.869790673255920410e-01
-4.210680127143859863e-01
-2.356137782335281372e-01
6.415208578109741211e-01
-5.494467616081237793e-01
-2.050215154886245728e-01
3.392022252082824707e-01
6.225743889808654785e-01
3.811531141400337219e-02
-1.450790524482727051e+00
9.530020356178283691e-01
1.708382964134216309e+00
-2.433237552642822266e+00
4.516794681549072266e-01
-1.184678897261619568e-01
-8.275302052497863770e-01
4.393143057823181152e-01
-1.249138832092285156e+00
-1.482329010963439941e+00
-1.159565337002277374e-02
1.844431996345520020e+00
1.238505020737648010e-01
-1.205921411514282227e+00
8.513135910034179688e-01
-1.025887966156005859e+00
-1.377457022666931152e+00
2.651522457599639893e-01
1.445214390754699707e+00
1.839689970016479492e+00
1.070185974240303040e-01
1.206478103995323181e-01
-6.701494008302688599e-02
-4.258574843406677246e-01
9.516899585723876953e-01
2.985321044921875000e+00
7.786146402359008789e-01
-2.970993891358375549e-02
-4.607264995574951172e-01
-5.856329798698425293e-01
-1.734783411026000977e+00
4.141061380505561829e-02
-3.266740143299102783e-01
-2.085730314254760742e+00
-2.127669334411621094e+00
4.953286647796630859e-01
-4.485855102539062500e-01
-5.832856893539428711e-01
-1.689515821635723114e-02
-3.903186917304992676e-01
1.608192563056945801e+00
-1.276995182037353516e+00
-3.224285319447517395e-02
6.998162865638732910e-01
3.880714774131774902e-01
-4.848749637603759766e-01
-1.572358757257461548e-01
2.809192799031734467e-02
4.194010421633720398e-02
1.195141911506652832e+00
2.975980639457702637e-01
-4.369633197784423828e-01
-1.134258285164833069e-01
-6.364446878433227539e-01
3.335493505001068115e-01
-2.273122668266296387e-01
-1.057485222816467285e+00
-3.274190723896026611e-01
-4.092264175415039062e-01
8.602828979492187500e-01
-4.972707852721214294e-02
-1.856862604618072510e-01
-1.824986338615417480e-01
-1.690601259469985962e-01
7.362052202224731445e-01
1.309066545218229294e-02
-2.123484373092651367e+00
9.110237360000610352e-01
-9.996674060821533203e-01
-1.062995791435241699e+00
4.227804243564605713e-01
-1.871310710906982422e+00
2.333992421627044678e-01
1.445466995239257812e+00
-7.550714910030364990e-02
1.270136833190917969e-01
1.907351911067962646e-01
8.269950151443481445e-01
1.639163613319396973e+00
6.541806459426879883e-01
-5.027752369642257690e-02
-8.196018934249877930e-01
8.670719265937805176e-01
-1.539713859558105469e+00
-1.756355524063110352e+00
-9.817453473806381226e-02
1.353433609008789062e+00
1.297793745994567871e+00
1.064829230308532715e+00
-1.113940119743347168e+00
1.086672782897949219e+00
-9.094488024711608887e-01
-1.301256775856018066e+00
-1.548939108848571777e+00
6.406407356262207031e-01
-2.357089519500732422e-01
-5.262356400489807129e-01
2.506002783775329590e-01
-7.981896400451660156e-01
-2.685751914978027344e+00
-8.505535125732421875e-01
1.169161424040794373e-01
-4.824974834918975830e-01
4.608943164348602295e-01
-2.516355514526367188e-01
1.971116900444030762e+00
-2.070424556732177734e-01
-7.016546726226806641e-01
7.854706048965454102e-01
1.147099971771240234e+00
-5.394359827041625977e-01
-7.713303565979003906e-01
1.543442457914352417e-01
-7.562417387962341309e-01
-9.114775806665420532e-03
-1.488266468048095703e+00
-2.015733718872070312e+00
-4.702450633049011230e-01
1.224680066108703613e+00
4.327029287815093994e-01
-1.626579165458679199e-01
9.590761661529541016e-01
-3.149420619010925293e-01
8.555054068565368652e-01
6.603937745094299316e-01
1.838408559560775757e-01
1.485247254371643066e+00
-2.101997435092926025e-01
2.355546876788139343e-02
-3.456071615219116211e-01
-1.918602943420410156e+00
-6.792138814926147461e-01
7.695295810699462891e-01
-1.244105100631713867e+00
-6.866023540496826172e-01
-7.285417318344116211e-01
3.063013553619384766e-01
-8.305723667144775391e-01
-5.772182941436767578e-01
4.702048599720001221e-01
-8.264158368110656738e-01
-1.444967269897460938e+00
4.351357519626617432e-01
-5.079852938652038574e-01
-2.197865210473537445e-02
1.322183609008789062e+00
-1.586230695247650146e-01
2.195562601089477539e+00
-1.470005154609680176e+00
6.766654849052429199e-01
7.482416629791259766e-01
6.733177304267883301e-01
3.237111568450927734e-01
1.676913380622863770e+00
-4.006103575229644775e-01
-1.584368467330932617e+00
-2.144880443811416626e-01
1.729598343372344971e-01
-1.124651312828063965e+00
1.764255523681640625e+00
-2.081727385520935059e-01
-5.455355644226074219e-01
-1.040620803833007812e-01
-7.245138287544250488e-01
1.032733321189880371e+00
5.287885665893554688e-01
-9.662175774574279785e-01
-7.008691430091857910e-01
1.097410202026367188e+00
-9.616881012916564941e-01
1.483458757400512695e+00
-1.892174631357192993e-01
9.964030385017395020e-01
-7.860582470893859863e-01
-7.035574410110712051e-03
-6.324870586395263672e-01
-1.039347425103187561e-01
4.620843380689620972e-02
-1.381319999694824219e+00
-9.221619963645935059e-01
4.018565174192190170e-03
-2.548720538616180420e-01
-1.006309866905212402e+00
4.742723703384399414e-01
-2.542901933193206787e-01
-2.234663486480712891e+00
-4.364928305149078369e-01
-5.933544039726257324e-01
-9.921976923942565918e-01
5.388526916503906250e-01
-3.585014343261718750e-01
3.496879935264587402e-01
-1.162046074867248535e+00
-1.252331733703613281e+00
-7.308854460716247559e-01
1.339842677116394043e+00
6.523956656455993652e-01
-1.171510219573974609e+00
1.075104475021362305e+00
-1.406043171882629395e+00
1.441568851470947266e+00
1.019600152969360352e+00
-6.181650757789611816e-01
-1.907622441649436951e-02
4.818635806441307068e-02
-1.400564551353454590e+00
-8.338149189949035645e-01
6.589537858963012695e-01
-2.685196399688720703e-01
1.261888891458511353e-01
1.031325533986091614e-01
-4.309796094894409180e-01
1.479482185095548630e-02
-6.797572225332260132e-02
-1.803703904151916504e-01
1.556882381439208984e+00
-5.577545166015625000e-01
6.578908562660217285e-01
-4.430372267961502075e-02
-1.147808432579040527e+00
-5.465638041496276855e-01
-1.179230928421020508e+00
3.068883903324604034e-02
-1.248263835906982422e+00
4.108984488993883133e-03
1.739612460136413574e+00
1.059844017028808594e+00
-6.956185698509216309e-01
8.940086364746093750e-01
-4.701296985149383545e-01
-8.360868096351623535e-01
7.048646211624145508e-01
8.881288766860961914e-01
5.800519585609436035e-01
-1.702368073165416718e-02
-1.879220247268676758e+00
-3.140761554241180420e-01
-2.377757132053375244e-01
8.849436640739440918e-01
1.019161418080329895e-01
-1.026461601257324219e+00
6.190519407391548157e-02
8.427585959434509277e-01
2.647506892681121826e-01
-9.920759499073028564e-02
2.755745172500610352e+00
1.642180442810058594e+00
2.824556268751621246e-02
1.635857820510864258e+00
4.019484519958496094e-01
1.384840607643127441e+00
-1.169699788093566895e+00
-1.598556399345397949e+00
9.129410982131958008e-01
6.810946464538574219e-01
-1.701952368021011353e-01
-6.132409572601318359e-01
-1.529119491577148438e+00
3.149802982807159424e-01
2.164962768554687500e+00
8.142302632331848145e-01
1.270476698875427246e+00
2.532422542572021484e-01
5.204602479934692383e-01
-1.105381846427917480e+00
-1.289748191833496094e+00
-7.167653441429138184e-01
-9.219682812690734863e-01
1.161612942814826965e-01
1.306167542934417725e-01
-3.279682695865631104e-01
1.338937282562255859e+00
-5.680289268493652344e-01
5.404192581772804260e-02
1.259658575057983398e+00
-4.680518507957458496e-01
-5.389100313186645508e-02
-5.591941475868225098e-01
1.790594935417175293e+00
-7.144927978515625000e-01
-4.292381554841995239e-02
3.752749860286712646e-01
-1.189976930618286133e-01
-1.903558135032653809e+00
9.404102712869644165e-02
-7.362824082374572754e-01
-9.338935017585754395e-01
-4.248379468917846680e-01
-1.181102871894836426e+00
-1.165099024772644043e+00
5.182994604110717773e-01
1.393972635269165039e+00
-8.792944550514221191e-01
7.342321872711181641e-01
-1.369197249412536621e+00
5.300267040729522705e-02
1.070226430892944336e+00
-2.252486646175384521e-01
-4.753810465335845947e-01
-1.028548121452331543e+00
1.187219738960266113e+00
1.995305269956588745e-01
-1.077071785926818848e+00
-1.179614424705505371e+00
4.165960103273391724e-02
3.751489222049713135e-01
-1.088300824165344238e+00
-9.570921659469604492e-01
-8.577976822853088379e-01
2.138515114784240723e-01
7.759126424789428711e-01
-3.883311748504638672e-01
-5.976533889770507812e-01
-1.309986575506627560e-03
1.290224075317382812e+00
-3.762117922306060791e-01
5.150854587554931641e-01
-5.594696402549743652e-01
7.182480692863464355e-01
-5.438440442085266113e-01
2.701791822910308838e-01
1.010602712631225586e+00
8.314587175846099854e-02
-4.624021798372268677e-02
-3.233269751071929932e-01
2.796308100223541260e-01
6.951556205749511719e-01
-5.293598771095275879e-01
-6.041182577610015869e-02
8.649161458015441895e-01
-9.779564142227172852e-01
3.942563831806182861e-01
-2.917280495166778564e-01
-2.363188505172729492e+00
-1.385085105895996094e+00
-7.563476264476776123e-02
3.102351427078247070e-01
-3.761021196842193604e-01
9.040800333023071289e-01
-6.533883046358823776e-03
8.100032806396484375e-01
1.463841795921325684e+00
1.325026005506515503e-01
-1.546187162399291992e+00
1.172902822494506836e+00
-4.923483729362487793e-01
-3.005800247192382812e-01
-1.888978481292724609e-01
-3.219973742961883545e-01
-1.313817858695983887e+00
1.558294594287872314e-01
-5.971879959106445312e-01
-8.617905378341674805e-01
-4.100619256496429443e-01
1.273024439811706543e+00
4.545177519321441650e-01
1.299056887626647949e+00
-4.696359336376190186e-01
-1.686433553695678711e-01
1.924446344375610352e+00
1.339335322380065918e+00
8.782715350389480591e-02
-5.201863124966621399e-02
6.711409091949462891e-01
-6.685482263565063477e-01
8.168990015983581543e-01
2.787368893623352051e-01
-6.397343277931213379e-01
-2.966955304145812988e-01
3.433819115161895752e-01
