-9.551128149032592773e-01
-7.151927947998046875e-01
1.594796180725097656e+00
1.300532072782516479e-01
-9.700623154640197754e-01
1.157844066619873047e+00
5.159076452255249023e-01
6.426809430122375488e-01
-9.165158271789550781e-01
8.486064672470092773e-01
2.313597440719604492e+00
1.452653050422668457e+00
1.469307243824005127e-01
8.707722276449203491e-02
3.966575264930725098e-01
5.535278916358947754e-01
7.961876988410949707e-01
-3.358896076679229736e-01
5.138131380081176758e-01
2.644318580627441406e+00
-2.200454235076904297e+00
-2.555356025695800781e-01
1.129594892263412476e-01
-3.014133572578430176e-01
-5.117325186729431152e-01
-3.854430317878723145e-01
2.216330170631408691e-01
2.261458188295364380e-01
4.788475334644317627e-01
-3.375629484653472900e-01
2.933636009693145752e-01
1.457780718803405762e+00
8.947638869285583496e-01
-9.016651511192321777e-01
-3.283071815967559814e-01
-3.768270313739776611e-01
5.144289135932922363e-01
8.060944080352783203e-01
-7.631562948226928711e-01
-1.209222555160522461e+00
6.547101736068725586e-01
-9.297620654106140137e-01
-1.689620852470397949e+00
4.016948938369750977e-01
2.000226378440856934e-01
-7.747340202331542969e-01
-2.437690794467926025e-01
-2.444939911365509033e-01
-1.931865811347961426e+00
-3.947833180427551270e-01
-1.374862670898437500e+00
-8.446308970451354980e-01
5.215485095977783203e-01
3.739234209060668945e-01
-2.047702550888061523e+00
-2.362458705902099609e-01
8.981112241744995117e-01
-1.752481937408447266e+00
7.398170977830886841e-02
4.982507526874542236e-01
-3.197695612907409668e-01
8.913066983222961426e-01
-8.852194547653198242e-01
-5.353055000305175781e-01
-3.469738960266113281e-01
-4.095534980297088623e-01
7.488275766372680664e-01
1.209825158119201660e+00
1.073504805564880371e+00
-1.003234028816223145e+00
-1.311548352241516113e+00
-7.118103653192520142e-02
-4.088307321071624756e-01
2.166293382644653320e+00
5.082234740257263184e-01
-9.026058316230773926e-01
-2.517438530921936035e-01
1.722934991121292114e-01
4.491366446018218994e-01
5.095689892768859863e-01
1.267085433006286621e+00
2.867236435413360596e-01
-1.451747894287109375e+00
7.725548744201660156e-02
4.981094300746917725e-01
6.261081993579864502e-02
1.032251715660095215e-01
-4.889503866434097290e-02
-1.088072538375854492e+00
6.413177847862243652e-01
3.575095441192388535e-03
-1.045770883560180664e+00
2.787404879927635193e-02
-3.625880181789398193e-01
4.869199395179748535e-01
6.861787438392639160e-01
-9.157993197441101074e-01
-1.416474223136901855e+00
-6.257126927375793457e-01
1.156934022903442383e+00
-2.280504256486892700e-02
1.217002630233764648e+00
-3.412417173385620117e-01
-7.000555098056793213e-02
5.224045515060424805e-01
-3.334274888038635254e-01
1.560128927230834961e-01
2.012771844863891602e+00
9.676971286535263062e-02
-4.866197705268859863e-01
8.533636927604675293e-01
-3.576909303665161133e-01
8.996684104204177856e-02
9.878821372985839844e-01
3.860205709934234619e-01
-1.887124627828598022e-01
7.833787202835083008e-01
-9.359048306941986084e-02
-2.020843029022216797e+00
-9.698488116264343262e-01
-9.652174264192581177e-02
1.336018741130828857e-02
-4.804945588111877441e-01
1.255469322204589844e+00
-1.306396484375000000e+00
-6.402164101600646973e-01
-2.296633720397949219e+00
4.000433981418609619e-01
-1.527971327304840088e-01
1.480991244316101074e-01
-2.959441542625427246e-01
-4.623398929834365845e-02
-1.451675415039062500e+00
3.991055190563201904e-01
3.031571507453918457e-01
8.602924346923828125e-01
5.057235062122344971e-02
-9.655778408050537109e-01
-2.821770429611206055e+00
1.081828236579895020e+00
5.473154783248901367e-01
5.216200351715087891e-01
-4.086006879806518555e-01
-5.485232472419738770e-01
-3.485642373561859131e-01
1.358245491981506348e+00
1.066478490829467773e+00
4.880135655403137207e-01
1.636972576379776001e-01
3.906308114528656006e-02
2.430507838726043701e-01
-1.070289731025695801e+00
6.606858968734741211e-01
-4.248648285865783691e-01
7.423323392868041992e-02
3.206741064786911011e-02
-3.848686814308166504e-01
4.976901412010192871e-01
-3.137399852275848389e-01
5.834410190582275391e-01
3.007516860961914062e-01
-2.225297987461090088e-01
6.458757519721984863e-01
1.233998984098434448e-01
-2.117951393127441406e+00
7.110958695411682129e-01
-5.159061551094055176e-01
8.703138232231140137e-01
1.781002044677734375e+00
6.259242892265319824e-01
-7.845182418823242188e-01
-6.019969582557678223e-01
3.353977799415588379e-01
1.362587511539459229e-01
-1.020394682884216309e+00
-1.037485480308532715e+00
3.566909134387969971e-01
-3.071856871247291565e-02
-6.354236602783203125e-01
-3.420177400112152100e-01
1.112933635711669922e+00
-9.647213220596313477e-01
7.827246785163879395e-01
-9.964250326156616211e-01
2.332252860069274902e-01
3.760147094726562500e-01
-5.051119327545166016e-01
-9.280680418014526367e-01
9.581791162490844727e-01
-1.826866418123245239e-01
4.320494532585144043e-01
-1.328023195266723633e+00
8.421674370765686035e-01
1.626561164855957031e+00
1.163848415017127991e-01
6.093640923500061035e-01
-5.399523377418518066e-01
-9.576914906501770020e-01
-1.941611915826797485e-01
9.150629043579101562e-01
-6.087972521781921387e-01
1.127776265144348145e+00
-4.241119027137756348e-01
5.220063328742980957e-01
-2.496888786554336548e-01
-1.573189496994018555e+00
1.080980002880096436e-01
6.560679078102111816e-01
1.367182612419128418e+00
1.274419784545898438e+00
1.677320450544357300e-01
-4.785524010658264160e-01
-2.105441987514495850e-01
-3.699111286550760269e-03
1.149224400520324707e+00
-9.738545417785644531e-01
3.390798270702362061e-01
-7.063936591148376465e-01
-2.828884124755859375e-01
1.253662586212158203e+00
-5.706277117133140564e-02
-2.185693264007568359e+00
8.226823210716247559e-01
-9.936792254447937012e-01
-2.539902687072753906e+00
-7.494014501571655273e-01
5.454839468002319336e-01
-2.969537377357482910e-01
-1.871530152857303619e-02
3.486602008342742920e-01
-2.434956841170787811e-02
-5.336734056472778320e-01
-2.224811762571334839e-01
5.025116205215454102e-01
3.190592229366302490e-01
8.531113266944885254e-01
-2.513805627822875977e+00
8.129910379648208618e-02
8.909937143325805664e-01
7.339321970939636230e-01
-1.388122200965881348e+00
1.002135947346687317e-01
-2.064620733261108398e+00
1.687090992927551270e+00
-7.027371525764465332e-01
-2.955100834369659424e-01
1.497558474540710449e+00
-9.153600335121154785e-01
-5.961517691612243652e-01
1.581469655036926270e+00
1.146255582571029663e-01
-1.433529704809188843e-01
8.013769984245300293e-01
-4.257674217224121094e-01
-1.658652722835540771e-01
-8.261613845825195312e-01
-6.933636069297790527e-01
-8.133145570755004883e-01
1.463167667388916016e+00
9.128057956695556641e-02
2.660638809204101562e+00
-5.345895886421203613e-01
-9.410067796707153320e-01
-7.959286570549011230e-01
1.070292070508003235e-01
-1.902248620986938477e+00
-3.902763426303863525e-01
8.797577023506164551e-01
-9.090334773063659668e-01
2.474530696868896484e+00
-5.871192216873168945e-01
-8.038230538368225098e-01
-1.030696034431457520e+00
-9.882418513298034668e-01
-1.704998731613159180e+00
1.883235931396484375e+00
1.862850487232208252e-01
2.916647493839263916e-01
-3.697131872177124023e-01
7.770649194717407227e-01
-1.053730010986328125e+00
1.827248781919479370e-01
1.236566066741943359e+00
-1.123456120491027832e+00
-5.173128247261047363e-01
1.337245941162109375e+00
-1.141013979911804199e+00
2.350723594427108765e-01
1.710099875926971436e-01
7.893091440200805664e-01
3.975419104099273682e-01
5.170236825942993164e-01
8.684527277946472168e-01
-4.773516356945037842e-01
1.380839347839355469e+00
7.005720734596252441e-01
-6.068298593163490295e-02
-1.057500243186950684e+00
4.793885350227355957e-01
1.114558577537536621e+00
-2.426660060882568359e+00
9.413565993309020996e-01
5.216274261474609375e-01
6.586071252822875977e-01
1.555157184600830078e+00
-3.796525895595550537e-01
9.174317121505737305e-01
3.488702476024627686e-01
1.312917351722717285e+00
1.178134456276893616e-01
1.155541539192199707e+00
-2.074844092130661011e-01
-5.206853151321411133e-01
-3.099799752235412598e-01
-7.684436440467834473e-01
1.443194448947906494e-01
-1.427861452102661133e-01
5.391972064971923828e-01
-2.489260137081146240e-01
1.421226382255554199e+00
3.596576452255249023e-01
-1.575570404529571533e-01
-1.642894506454467773e+00
9.376788884401321411e-02
1.113848805427551270e+00
-8.604780584573745728e-02
-1.561827778816223145e+00
-5.102541446685791016e-01
-1.541415333747863770e+00
-1.449265718460083008e+00
-9.237160086631774902e-01
-8.512302041053771973e-01
8.191307634115219116e-02
2.011355608701705933e-01
-3.031531870365142822e-01
-3.871577680110931396e-01
6.942933201789855957e-01
-2.341213524341583252e-01
3.166840672492980957e-01
1.723438262939453125e+00
-1.160059690475463867e+00
-2.782343149185180664e+00
4.985259473323822021e-01
6.622187495231628418e-01
2.276188880205154419e-01
5.915194749832153320e-01
9.520782530307769775e-02
-1.289111524820327759e-01
1.230074167251586914e+00
2.140087366104125977e+00
6.109939813613891602e-01
-1.229656413197517395e-01
1.865295767784118652e-01
-6.927676796913146973e-01
6.490910649299621582e-01
9.547854214906692505e-02
-1.269767805933952332e-02
2.388258427381515503e-01
8.440610766410827637e-01
2.139137089252471924e-01
4.452729225158691406e-01
3.220819532871246338e-01
1.063099265098571777e+00
1.053945496678352356e-01
-1.941455483436584473e+00
1.013990759849548340e+00
1.523127079010009766e+00
4.356991965323686600e-03
3.647202551364898682e-01
-7.015484571456909180e-01
6.427905559539794922e-01
-4.696995019912719727e-01
-1.101846620440483093e-01
1.409416675567626953e+00
1.357133269309997559e+00
-4.023841395974159241e-02
2.304318189620971680e+00
1.129566788673400879e+00
-6.502115130424499512e-01
-1.426653742790222168e+00
-7.234812378883361816e-01
-1.660676449537277222e-01
-1.630303859710693359e-01
7.071901857852935791e-02
-5.837748050689697266e-01
-1.050284624099731445e+00
4.872572422027587891e-01
5.123764872550964355e-01
-1.514795422554016113e-01
-1.082596302032470703e+00
1.559514641761779785e+00
5.943997502326965332e-01
-2.601940743625164032e-02
-6.571749448776245117e-01
-6.490021944046020508e-01
6.128485798835754395e-01
2.043259143829345703e+00
5.914565920829772949e-01
-4.432757794857025146e-01
5.915477871894836426e-01
1.037740707397460938e+00
5.375916957855224609e-01
-9.613354504108428955e-02
-1.090613722801208496e+00
6.952511668205261230e-01
2.604823708534240723e-01
-6.347717642784118652e-01
1.381293311715126038e-02
4.138692021369934082e-01
1.040049076080322266e+00
1.713267117738723755e-01
-8.901943564414978027e-01
-4.309912025928497314e-01
-1.082623720169067383e+00
-4.675915539264678955e-01
-2.090458422899246216e-01
7.694869637489318848e-01
-2.280478775501251221e-01
-1.388492703437805176e+00
6.072233915328979492e-01
-4.451912343502044678e-01
-3.958353698253631592e-01
1.220498800277709961e+00
4.756115972995758057e-01
-1.020713210105895996e+00
2.183253318071365356e-01
1.404799103736877441e+00
-7.122833132743835449e-01
-1.025705099105834961e+00
-1.551247984170913696e-01
-9.212183356285095215e-01
-2.545489549636840820e+00
2.911146879196166992e-01
1.082264542579650879e+00
-8.741776458919048309e-03
-1.202790498733520508e+00
1.034140944480895996e+00
-6.361840367317199707e-01
2.088058233261108398e+00
-1.617555260658264160e+00
5.482192039489746094e-01
1.252940893173217773e+00
-5.867050290107727051e-01
-8.556507229804992676e-01
-1.966601610183715820e-01
-5.794291496276855469e-01
1.584286808967590332e+00
-1.173104047775268555e+00
2.336663156747817993e-01
2.215825021266937256e-01
-1.166276812553405762e+00
-7.033007740974426270e-01
7.032103538513183594e-01
-7.333907485008239746e-01
-1.267535090446472168e+00
1.633462905883789062e-01
-1.531048893928527832e+00
5.661057308316230774e-02
1.362016558647155762e+00
-1.905840992927551270e+00
-6.950525045394897461e-01
-6.190888583660125732e-02
-4.956541061401367188e-01
6.322385072708129883e-01
-3.946263074874877930e+00
2.475098073482513428e-01
-2.531423270702362061e-01
9.869797229766845703e-01
2.859601974487304688e-01
-1.191997647285461426e+00
-6.953502893447875977e-01
2.694551706314086914e+00
-1.626757740974426270e+00
-7.305596768856048584e-02
-8.909056782722473145e-01
1.589958071708679199e-01
-1.406380683183670044e-01
8.027812242507934570e-01
1.315326988697052002e-01
-6.599502563476562500e-01
-7.917060852050781250e-01
-1.753133058547973633e+00
-4.657364189624786377e-01
-4.209425449371337891e-01
2.786273322999477386e-02
4.475155472755432129e-01
4.933388233184814453e-01
7.869098782539367676e-01
1.450872540473937988e+00
-9.155853986740112305e-01
-7.226336002349853516e-01
-2.287563085556030273e+00
5.534915328025817871e-01
6.581077575683593750e-01
9.890784025192260742e-01
2.265894562005996704e-01
-1.968525767326354980e+00
-1.447751522064208984e+00
-8.616406321525573730e-01
-3.536948561668395996e-01
4.410146772861480713e-01
2.720622122287750244e-01
2.050452679395675659e-01
5.620099306106567383e-01
-2.170191109180450439e-01
8.293585777282714844e-01
-6.308737397193908691e-01
-6.476285457611083984e-01
-1.228417992591857910e+00
1.271871924400329590e+00
-4.692724049091339111e-01
-1.846486806869506836e+00
4.353780299425125122e-02
-1.916710853576660156e+00
-1.738281130790710449e+00
-6.466052681207656860e-02
2.906190454959869385e-01
-3.813829421997070312e-01
1.080943346023559570e-01
-1.649157851934432983e-01
1.874221563339233398e+00
3.307755887508392334e-01
1.879818677902221680e+00
3.271803259849548340e-01
-6.885462999343872070e-02
8.859038949012756348e-01
-2.157638408243656158e-02
1.782649457454681396e-01
-5.172879099845886230e-01
-2.933395147323608398e+00
3.247909247875213623e-01
-1.451241850852966309e+00
-5.411512851715087891e-01
-1.072479844093322754e+00
4.342337548732757568e-01
-1.080548167228698730e+00
1.427189409732818604e-01
-5.313036590814590454e-02
-7.679309844970703125e-01
-4.637771248817443848e-01
6.468032598495483398e-01
1.007883548736572266e+00
-1.222073659300804138e-01
3.358708024024963379e-01
-6.872928887605667114e-02
1.401926517486572266e+00
-1.494241505861282349e-01
1.604834437370300293e+00
-5.367812514305114746e-01
-6.477482616901397705e-02
-1.869544573128223419e-02
-5.128961428999900818e-02
2.535670101642608643e-01
1.131743043661117554e-01
3.022902309894561768e-01
2.741098999977111816e-01
-1.024302482604980469e+00
-6.283197999000549316e-01
3.793914914131164551e-01
-1.257959604263305664e-01
-2.318220585584640503e-01
-9.533560276031494141e-02
9.679882526397705078e-01
-5.949015021324157715e-01
9.608671665191650391e-01
6.192784309387207031e-01
3.546469211578369141e-01
3.634563684463500977e-01
-3.298782110214233398e-01
5.357031226158142090e-01
6.564130783081054688e-01
8.714238405227661133e-01
-6.120759844779968262e-01
2.335988879203796387e-01
-1.891263484954833984e+00
7.397258877754211426e-01
-3.510090708732604980e-01
-4.522815644741058350e-01
3.157632946968078613e-01
7.252161502838134766e-01
-1.667989641427993774e-01
4.309529662132263184e-01
-4.802079200744628906e-01
-2.890314579010009766e+00
-1.413056813180446625e-02
6.518778949975967407e-02
6.519283056259155273e-01
1.911756753921508789e+00
-1.026039004325866699e+00
1.123478293418884277e+00
-5.266693830490112305e-01
-1.401948213577270508e+00
-2.011594057083129883e+00
-4.777875542640686035e-01
-6.359444856643676758e-01
-1.111010432243347168e+00
-5.713886022567749023e-01
-2.123162746429443359e+00
6.649814546108245850e-02
1.867335587739944458e-01
-2.896646261215209961e-01
1.081416726112365723e+00
4.631513357162475586e-01
-1.027576804161071777e+00
-6.516547799110412598e-01
7.418821454048156738e-01
6.611177921295166016e-01
-1.031761884689331055e+00
3.612031694501638412e-03
6.346158683300018311e-02
8.019210398197174072e-02
1.914356052875518799e-01
5.198730826377868652e-01
1.019493579864501953e+00
3.613930344581604004e-01
8.674547076225280762e-02
1.851131953299045563e-02
-1.154731512069702148e+00
-4.598810523748397827e-02
-7.894334793090820312e-01
2.568331658840179443e-01
-6.046535968780517578e-01
-6.378279328346252441e-01
1.655954003334045410e+00
-1.829028367996215820e+00
-6.754829883575439453e-01
1.519731998443603516e+00
5.398034453392028809e-01
-4.538421630859375000e-01
6.148801445960998535e-01
3.946780860424041748e-01
-1.077099680900573730e+00
-1.672118306159973145e-01
-7.434967160224914551e-01
-1.857029199600219727e-01
-2.276723384857177734e+00
1.221214294433593750e+00
-3.517671823501586914e-01
4.512790143489837646e-01
-1.059334874153137207e+00
-7.700904458761215210e-02
-4.326389431953430176e-01
2.939463853836059570e-01
-4.131973981857299805e-01
-1.380550563335418701e-01
5.758679509162902832e-01
4.984632432460784912e-01
9.826896190643310547e-01
1.439660072326660156e+00
-6.422479748725891113e-01
8.024789690971374512e-01
2.197507619857788086e+00
6.729236245155334473e-01
5.053938031196594238e-01
1.066843271255493164e+00
-1.494831919670104980e+00
1.100662469863891602e+00
1.292790651321411133e+00
1.854397892951965332e+00
8.891172409057617188e-01
-6.021785736083984375e-01
9.144752621650695801e-01
5.030987858772277832e-01
1.428306698799133301e-01
9.210558533668518066e-01
-1.571279644966125488e+00
-1.456500411033630371e+00
9.470107555389404297e-01
-6.156837344169616699e-01
7.350209355354309082e-01
-5.631752014160156250e-01
-1.025175079703330994e-01
2.512706756591796875e+00
1.577092707157135010e-01
-6.716604828834533691e-01
-1.060283780097961426e+00
9.512367844581604004e-01
-8.239101171493530273e-01
-7.609633356332778931e-02
-3.338990211486816406e-01
8.563524484634399414e-01
-8.169280290603637695e-01
5.795875191688537598e-01
1.620789170265197754e+00
5.993766188621520996e-01
-8.626684546470642090e-01
-4.405142664909362793e-01
-2.675507783889770508e+00
-1.612858325242996216e-01
2.440660148859024048e-01
-2.502058148384094238e-01
3.035740852355957031e-01
2.065927684307098389e-01
4.054520130157470703e-01
-2.877422869205474854e-01
-7.201035022735595703e-01
-1.560562402009963989e-01
-8.355876803398132324e-01
-2.006639689207077026e-01
4.981106221675872803e-01
1.150757908821105957e+00
1.668666601181030273e-01
4.317948520183563232e-01
5.742037892341613770e-01
1.059684872627258301e+00
1.325058043003082275e-01
-1.018303036689758301e+00
1.233711540699005127e-01
-3.563832640647888184e-01
4.504559636116027832e-01
-1.964905977249145508e+00
-3.914468288421630859e-01
6.618470549583435059e-01
-7.151829600334167480e-01
6.146263480186462402e-01
3.962059915065765381e-01
6.698277592658996582e-02
3.625524044036865234e-01
-2.315755188465118408e-01
-1.573187410831451416e-01
1.488458275794982910e+00
5.173767209053039551e-01
-3.288151323795318604e-01
-6.427479386329650879e-01
-9.660042524337768555e-01
-9.185247421264648438e-01
1.377943605184555054e-01
1.506090283393859863e+00
-1.743952870368957520e+00
7.728897929191589355e-01
2.309436202049255371e-01
-8.640649318695068359e-01
-1.397473335266113281e+00
2.046318948268890381e-01
6.704922020435333252e-02
-2.840665355324745178e-02
1.778028130531311035e+00
-7.275823354721069336e-01
4.906759858131408691e-01
1.420624136924743652e+00
-7.460712641477584839e-02
-1.108861207962036133e+00
-6.202357411384582520e-01
-7.846271246671676636e-02
-4.104010760784149170e-01
6.606462597846984863e-01
-3.581869304180145264e-01
-7.240738868713378906e-01
-4.431162178516387939e-01
-1.037498593330383301e+00
-1.653836131095886230e+00
-4.067254662513732910e-01
4.342633783817291260e-01
2.294459789991378784e-01
4.111843109130859375e-01
-1.023750826716423035e-01
-9.331058859825134277e-01
-1.752630025148391724e-01
4.776823818683624268e-01
1.309626996517181396e-01
1.327363848686218262e+00
4.142387807369232178e-01
-1.515983343124389648e-01
-3.812115788459777832e-01
-1.311891376972198486e-01
-1.620329469442367554e-01
6.941332221031188965e-01
1.484312176704406738e+00
