-3.470971286296844482e-01
-1.349814057350158691e+00
6.381798386573791504e-01
-6.884383559226989746e-01
2.301296740770339966e-01
-6.180691719055175781e-02
1.121216058731079102e+00
7.697967886924743652e-01
-3.711019083857536316e-02
1.077317476272583008e+00
1.488722085952758789e+00
1.570781111717224121e+00
-3.073529303073883057e-01
5.686994791030883789e-01
1.055582284927368164e+00
-1.001187041401863098e-01
5.308150649070739746e-01
-9.069702029228210449e-01
-4.633606672286987305e-01
2.438174486160278320e+00
-3.636817634105682373e-01
3.004831075668334961e-01
-3.831609487533569336e-01
1.485820710659027100e-01
-7.466283440589904785e-01
3.830024898052215576e-01
-3.422876000404357910e-01
-2.033013850450515747e-02
-5.967495590448379517e-02
-7.170570492744445801e-01
1.292382359504699707e+00
7.101618051528930664e-01
1.438640594482421875e+00
-8.467850089073181152e-01
-2.952543199062347412e-01
6.299716234207153320e-01
-3.979776427149772644e-02
5.892909169197082520e-01
-5.757849216461181641e-01
-1.838368028402328491e-01
7.286360859870910645e-01
-1.146803274750709534e-01
-4.212995052337646484e+00
-5.785391330718994141e-01
-1.549291133880615234e+00
7.727547883987426758e-01
6.706568002700805664e-01
-3.678478002548217773e-01
-1.048572421073913574e+00
6.187339425086975098e-01
5.331583619117736816e-01
3.068360984325408936e-01
-1.106991410255432129e+00
1.866009682416915894e-01
-3.260992765426635742e+00
-6.743400096893310547e-01
7.012244896031916142e-04
-1.054648682475090027e-01
4.110683500766754150e-01
-6.136715412139892578e-01
1.221344709396362305e+00
-8.156306743621826172e-01
-8.469192385673522949e-01
-1.011969447135925293e+00
-1.466720461845397949e+00
-7.069769501686096191e-01
-7.993850708007812500e-01
5.011963248252868652e-01
-1.162724345922470093e-01
-8.652133494615554810e-02
-6.210846304893493652e-01
-1.384229212999343872e-01
-6.024572849273681641e-01
2.223042964935302734e+00
1.131960153579711914e+00
-1.441845655441284180e+00
1.500248257070779800e-02
-3.547669053077697754e-01
5.057275891304016113e-01
-2.992764860391616821e-02
6.135693788528442383e-01
2.309415340423583984e+00
1.125114202499389648e+00
-5.385569930076599121e-01
6.958377957344055176e-01
-3.119927942752838135e-01
1.682904809713363647e-01
1.609081387519836426e+00
-4.515563547611236572e-01
6.288555264472961426e-01
-1.811657100915908813e-01
-1.020802974700927734e+00
7.231376767158508301e-01
2.190978825092315674e-01
3.338684737682342529e-01
1.409624338150024414e+00
1.968560218811035156e-01
-3.040431439876556396e-01
1.208186030387878418e+00
1.274282217025756836e+00
-4.389151334762573242e-01
-4.518860578536987305e-01
-6.178429722785949707e-01
-9.265702366828918457e-01
3.036718070507049561e-01
-1.102919429540634155e-01
8.864939808845520020e-01
1.821847200393676758e+00
9.404202699661254883e-01
3.505674377083778381e-02
3.447210192680358887e-01
1.579959988594055176e-01
6.240475177764892578e-01
-3.484251797199249268e-01
1.296710371971130371e-01
-8.706739544868469238e-01
-1.414124488830566406e+00
1.479477524757385254e+00
-1.640661835670471191e+00
-2.061317205429077148e+00
-1.006761193275451660e-01
-4.313064217567443848e-01
-1.294056892395019531e+00
1.739351451396942139e-01
-1.338868498802185059e+00
1.210546851158142090e+00
8.495926260948181152e-01
6.881769895553588867e-01
-8.428065106272697449e-03
-8.720987439155578613e-01
-1.082988739013671875e+00
1.666853904724121094e+00
-5.101744532585144043e-01
8.227407336235046387e-01
3.761539459228515625e-01
-9.557878375053405762e-01
-3.555325865745544434e-01
2.762981057167053223e-01
-2.400988817214965820e+00
5.034332275390625000e-01
-3.786815702915191650e-01
6.821166872978210449e-01
-1.387055397033691406e+00
-4.729552865028381348e-01
1.017557144165039062e+00
6.406015157699584961e-01
1.464258074760437012e+00
-9.735266566276550293e-01
4.100207090377807617e-01
-3.653986752033233643e-01
9.753897786140441895e-01
-8.374787569046020508e-01
5.297573208808898926e-01
7.667503356933593750e-01
-2.427649974822998047e+00
1.003445029258728027e+00
-5.520865917205810547e-01
2.769861817359924316e-01
4.097969830036163330e-01
8.767549991607666016e-01
1.765332698822021484e+00
3.977189213037490845e-02
5.394294261932373047e-01
8.721079230308532715e-01
-4.815519452095031738e-01
1.720968008041381836e+00
2.901052832603454590e-01
2.115463733673095703e+00
4.498125910758972168e-01
-8.858178257942199707e-01
6.975561380386352539e-01
-1.167222380638122559e+00
8.320170044898986816e-01
1.106679961085319519e-01
-1.377402782440185547e+00
-8.095759749412536621e-01
4.889700114727020264e-01
3.132078647613525391e-01
3.586963191628456116e-02
-8.206424117088317871e-01
-8.924952745437622070e-01
-4.716264605522155762e-01
1.087297081947326660e+00
-1.157846570014953613e+00
9.177313446998596191e-01
1.419809460639953613e+00
3.487286716699600220e-02
2.261595427989959717e-01
3.000788986682891846e-01
3.183284699916839600e-01
1.958000510931015015e-01
-1.915612101554870605e+00
1.058336377143859863e+00
-3.447863757610321045e-01
-2.049441337585449219e-01
8.493833988904953003e-02
-4.761205911636352539e-01
1.995391130447387695e+00
2.122312933206558228e-01
1.235985636711120605e+00
3.190127313137054443e-01
1.533033132553100586e+00
3.016650080680847168e-01
9.739528894424438477e-01
-2.931933403015136719e-01
4.405586421489715576e-01
-2.137378454208374023e+00
1.305758833885192871e+00
-9.067180007696151733e-02
9.665754437446594238e-01
-4.920355081558227539e-01
-1.493035435676574707e+00
1.242117762565612793e+00
2.080956548452377319e-01
8.232746124267578125e-01
9.100883603096008301e-01
7.929961383342742920e-02
-1.024988532066345215e+00
-9.863365888595581055e-01
4.709912836551666260e-01
-1.083083391189575195e+00
5.723070502281188965e-01
-9.379678964614868164e-02
-2.865753136575222015e-02
-1.368455171585083008e+00
7.739475965499877930e-01
1.258204221725463867e+00
-1.497828602790832520e+00
-2.439488619565963745e-01
-2.035086631774902344e+00
7.455731183290481567e-02
2.231678664684295654e-01
-3.086252510547637939e-01
-1.618292570114135742e+00
5.057312250137329102e-01
-6.236302256584167480e-01
-7.742489129304885864e-02
-2.621968090534210205e-02
9.559882432222366333e-02
7.307950854301452637e-01
-1.067126035690307617e+00
1.114316225051879883e+00
3.111730217933654785e-01
3.553386330604553223e-01
-8.821831941604614258e-01
-4.129075407981872559e-01
-2.096507996320724487e-01
4.203075766563415527e-01
5.413625240325927734e-01
1.575507283210754395e+00
-2.286237850785255432e-02
6.142588853836059570e-01
2.768899500370025635e-01
8.486196398735046387e-01
-7.172100991010665894e-02
-1.080119848251342773e+00
-1.397667527198791504e+00
9.614962339401245117e-01
1.227823615074157715e+00
4.582822024822235107e-01
1.531644821166992188e+00
-2.475591182708740234e+00
2.100008577108383179e-01
-1.323752284049987793e+00
8.664789795875549316e-01
6.733400821685791016e-01
1.006824851036071777e+00
-9.046804904937744141e-01
-1.033134341239929199e+00
8.147958517074584961e-01
-1.078042387962341309e+00
-1.371553778648376465e+00
-8.224827051162719727e-02
-6.945572495460510254e-01
4.797826111316680908e-01
2.184209346771240234e+00
6.970970630645751953e-01
2.714491486549377441e-01
2.542076408863067627e-01
1.117487311363220215e+00
-1.106805086135864258e+00
1.218318581581115723e+00
-5.349645018577575684e-01
-6.596465706825256348e-01
-2.022951841354370117e-01
6.213681101799011230e-01
-2.057462453842163086e+00
-9.873531758785247803e-02
6.013126373291015625e-01
1.026165246963500977e+00
1.336001604795455933e-01
8.307428359985351562e-01
1.788530051708221436e-01
-7.226747274398803711e-01
-1.616464406251907349e-01
5.127748847007751465e-02
6.166706085205078125e-01
-4.541656672954559326e-01
-1.339623332023620605e+00
5.209804773330688477e-01
-5.905546545982360840e-01
1.259205341339111328e-01
-1.543935894966125488e+00
9.205976724624633789e-01
-1.726741552352905273e+00
6.635463237762451172e-01
1.090474009513854980e+00
7.491355389356613159e-02
1.483542472124099731e-01
-2.967225611209869385e-01
1.493482828140258789e+00
-1.727562993764877319e-01
-1.265462636947631836e+00
2.603182792663574219e-01
2.548539876937866211e+00
2.200261116027832031e+00
-1.605675071477890015e-01
2.497937977313995361e-01
4.263569787144660950e-02
2.343610376119613647e-01
1.152180209755897522e-01
9.391036629676818848e-02
-8.168536424636840820e-02
-6.469778418540954590e-01
8.252567052841186523e-01
-7.969441413879394531e-01
-1.845673918724060059e+00
-1.026456132531166077e-01
-1.055014848709106445e+00
-2.444905191659927368e-01
-2.679579854011535645e-01
-8.093760013580322266e-01
-7.212049961090087891e-01
2.110186666250228882e-01
2.657546103000640869e-01
6.652818322181701660e-01
2.754771709442138672e-01
-9.794408679008483887e-01
-5.455138087272644043e-01
1.104236006736755371e+00
-1.802347660064697266e+00
-2.207908868789672852e+00
9.776026010513305664e-01
3.772082626819610596e-01
8.602605462074279785e-01
-3.614136576652526855e-01
7.101025581359863281e-01
7.378367185592651367e-01
-7.771916985511779785e-01
1.614273667335510254e+00
4.752925932407379150e-01
-1.157309293746948242e+00
-2.298997163772583008e+00
-6.488829851150512695e-01
-1.563941597938537598e+00
1.263509839773178101e-01
-2.467465996742248535e-01
-7.571395635604858398e-01
6.220730394124984741e-02
2.172082364559173584e-01
-9.475577473640441895e-01
1.486001163721084595e-01
6.417478322982788086e-01
1.834282875061035156e-01
-1.003600001335144043e+00
-1.354711532592773438e+00
1.508721113204956055e+00
6.364216804504394531e-01
2.794134914875030518e-01
-7.188231498003005981e-02
1.018845438957214355e-01
8.198677748441696167e-02
-3.109443485736846924e-01
-1.290295720100402832e+00
6.086410880088806152e-01
1.026788875460624695e-01
2.386733293533325195e+00
2.791298627853393555e-01
1.128086566925048828e+00
-1.011743068695068359e+00
-4.149868786334991455e-01
-6.394329667091369629e-02
-1.713900715112686157e-01
1.221708282828330994e-01
-1.746285438537597656e+00
-1.109391093254089355e+00
4.446035027503967285e-01
-2.837253212928771973e-01
-1.026481270790100098e+00
-6.884416341781616211e-01
-1.470397971570491791e-02
-1.749009728431701660e+00
-1.016816720366477966e-01
-9.621286392211914062e-02
-5.653346776962280273e-01
2.570636272430419922e-01
6.267268657684326172e-01
-7.503907084465026855e-01
-4.228748083114624023e-01
1.359775662422180176e-01
-1.178816080093383789e+00
-5.817650556564331055e-01
2.846360504627227783e-01
6.955592036247253418e-01
-4.244352579116821289e-01
-5.591320991516113281e-01
-3.996162489056587219e-02
-1.411263048648834229e-01
3.148961663246154785e-01
1.130669593811035156e+00
1.251717507839202881e-01
-1.187690734863281250e+00
1.264231920242309570e+00
-8.548442125320434570e-01
-6.239476203918457031e-01
9.068550467491149902e-01
7.784944772720336914e-01
-3.614811301231384277e-01
-1.883386015892028809e+00
4.588856175541877747e-02
-1.101796865463256836e+00
6.474970579147338867e-01
2.461525946855545044e-01
1.259509325027465820e+00
3.465585410594940186e-01
3.649207353591918945e-01
-5.227366089820861816e-01
-6.368561983108520508e-01
-1.264664083719253540e-01
-7.518731951713562012e-01
-1.009925723075866699e+00
-1.709802389144897461e+00
-7.640420198440551758e-01
7.840421199798583984e-01
-2.194494247436523438e+00
-2.769013941287994385e-01
1.378955841064453125e+00
-1.288399338722229004e+00
3.696810901165008545e-01
-1.135519266128540039e+00
-2.493039965629577637e-01
-2.727573215961456299e-01
7.027786970138549805e-01
-2.540306448936462402e-01
-1.779236644506454468e-01
2.140744030475616455e-01
2.148076444864273071e-01
1.538035273551940918e-01
-1.277861297130584717e-01
1.187512576580047607e-01
1.667757749557495117e+00
-2.930673122406005859e+00
-9.049085527658462524e-02
-9.149932861328125000e-02
-1.628219723701477051e+00
-1.243030205368995667e-01
-2.073994874954223633e+00
1.505411565303802490e-01
-9.028267860412597656e-01
2.042006403207778931e-01
-1.297371268272399902e+00
5.493119824677705765e-03
-1.050104260444641113e+00
5.784990787506103516e-01
-9.951212406158447266e-01
-2.759021222591400146e-01
-8.367643356323242188e-01
-1.423582434654235840e+00
6.800343096256256104e-02
-4.476319551467895508e-01
4.848840534687042236e-01
2.660890579223632812e+00
-8.814600706100463867e-01
9.382669925689697266e-01
-6.618099212646484375e-01
1.680761426687240601e-01
1.154009997844696045e-01
7.210036516189575195e-01
9.489799290895462036e-02
-1.667712092399597168e+00
1.752786040306091309e+00
-6.186091899871826172e-01
-9.070046544075012207e-01
-4.136349540203809738e-03
1.634008735418319702e-01
2.488433122634887695e+00
9.069669842720031738e-01
-2.883089780807495117e-01
7.964344620704650879e-01
5.654564499855041504e-01
4.397265017032623291e-01
-4.000415802001953125e-01
-1.732283830642700195e-01
7.058963179588317871e-02
-5.862847566604614258e-01
-1.295874476432800293e+00
-1.498753905296325684e+00
-3.065406560897827148e+00
-2.161550819873809814e-01
-7.648792862892150879e-01
8.883755803108215332e-01
-3.112672567367553711e-01
-3.788472115993499756e-01
2.601730823516845703e-01
1.456823348999023438e+00
1.517092585563659668e+00
-2.705780565738677979e-01
6.430308818817138672e-01
-3.008720278739929199e-01
-7.675963640213012695e-01
-1.453886032104492188e+00
-3.740166723728179932e-01
-3.664678037166595459e-01
-5.092943087220191956e-02
-1.658188104629516602e+00
2.747679054737091064e-01
1.036320209503173828e+00
-7.670085430145263672e-01
9.643923640251159668e-01
5.102873444557189941e-01
-3.252664208412170410e-02
-5.664618611335754395e-01
-1.127835586667060852e-01
1.879958212375640869e-01
3.842280507087707520e-01
6.048635840415954590e-01
1.320151835680007935e-01
1.855350017547607422e+00
-9.689673185348510742e-01
-1.533999919891357422e+00
-1.084713459014892578e+00
-2.565294206142425537e-01
4.468324184417724609e-01
-9.585106968879699707e-01
1.034436702728271484e+00
-1.520791798830032349e-01
5.452983379364013672e-01
2.097764750942587852e-03
3.831710815429687500e-01
-1.059966087341308594e+00
-8.286363482475280762e-01
1.121382236480712891e+00
2.815477550029754639e-01
1.139528632164001465e+00
1.983495652675628662e-01
1.672724127769470215e+00
-1.966750860214233398e+00
-2.072011232376098633e-01
1.085716009140014648e+00
4.158478230237960815e-02
2.361153662204742432e-01
-1.335187315940856934e+00
-5.535218119621276855e-01
-5.887610316276550293e-01
6.065468788146972656e-01
3.234367370605468750e-01
-1.169538870453834534e-01
6.035447120666503906e-01
-1.119105339050292969e+00
-4.877274036407470703e-01
3.434906527400016785e-02
-2.793150544166564941e-01
-6.993811130523681641e-01
-2.762442640960216522e-02
-6.131953597068786621e-01
5.235832929611206055e-01
4.103204011917114258e-01
1.019177913665771484e+00
2.832626581192016602e+00
-4.641403444111347198e-03
1.169912815093994141e+00
-2.967417538166046143e-01
2.867396771907806396e-01
-9.725857973098754883e-01
-6.143488287925720215e-01
2.275544255971908569e-01
-9.953967928886413574e-01
-8.324472904205322266e-01
-7.804667577147483826e-03
4.996893107891082764e-01
1.059288978576660156e+00
-1.333858966827392578e-01
-7.855982780456542969e-01
-1.188437223434448242e+00
1.410817265510559082e+00
-1.167595863342285156e+00
-6.527646183967590332e-01
-1.596747517585754395e+00
-3.499648869037628174e-01
5.666068792343139648e-01
-1.490527868270874023e+00
-4.324323534965515137e-01
-1.182984471321105957e+00
8.566652536392211914e-01
-7.392876744270324707e-01
8.377562165260314941e-01
-6.072564721107482910e-01
-1.519425511360168457e+00
-1.008350729942321777e+00
9.483634829521179199e-01
-1.786823153495788574e+00
9.543586969375610352e-01
-3.777477741241455078e-01
-1.188710689544677734e+00
-1.473617792129516602e+00
6.654033064842224121e-01
9.624643325805664062e-01
-6.787325143814086914e-01
-3.834389746189117432e-01
-1.751352995634078979e-01
-5.178494453430175781e-01
-2.409446835517883301e-01
3.320134580135345459e-01
6.255678534507751465e-01
1.226446405053138733e-01
2.697521746158599854e-01
4.635676145553588867e-01
2.224410921335220337e-01
-3.212400972843170166e-01
-1.188402414321899414e+00
-1.064047336578369141e+00
3.413025438785552979e-01
-5.833836197853088379e-01
1.909896254539489746e+00
4.811187386512756348e-01
1.866343803703784943e-02
5.597708746790885925e-02
8.995248079299926758e-01
1.507950186729431152e+00
4.422509372234344482e-01
-9.883031845092773438e-01
2.332896925508975983e-02
8.052133917808532715e-01
-3.606541454792022705e-01
1.077338933944702148e+00
7.734485864639282227e-01
8.745504617691040039e-01
-3.798558115959167480e-01
-2.452708631753921509e-01
-1.201067119836807251e-01
5.348334908485412598e-01
-2.956215441226959229e-01
5.943914651870727539e-01
1.245616674423217773e+00
4.639182686805725098e-01
1.698946654796600342e-01
5.628771781921386719e-01
7.394573688507080078e-01
6.865057349205017090e-02
-4.342948198318481445e-01
-1.599145174026489258e+00
3.236726999282836914e+00
1.415376514196395874e-01
-1.692812293767929077e-01
-1.626871526241302490e-02
-5.918869376182556152e-01
4.294232130050659180e-01
7.622739076614379883e-01
1.814665079116821289e+00
3.638191521167755127e-01
4.331618547439575195e-01
-5.857639908790588379e-01
2.425689697265625000e-01
1.045856595039367676e+00
-5.784514546394348145e-01
-3.911981880664825439e-01
-8.937701582908630371e-01
-3.009319901466369629e-01
-5.797366425395011902e-02
1.108534216880798340e+00
-2.721969485282897949e-01
-1.608409583568572998e-01
-1.970512717962265015e-01
5.793580412864685059e-01
-5.219008922576904297e-01
-4.455371499061584473e-01
1.899577498435974121e+00
9.117707014083862305e-01
-8.454586565494537354e-02
-9.446350336074829102e-01
-2.569882571697235107e-01
-1.575667500495910645e+00
-8.538978695869445801e-01
6.318531464785337448e-03
-3.996644616127014160e-01
1.357459127902984619e-01
-1.575816631317138672e+00
-7.450879216194152832e-01
-2.863597869873046875e-01
6.668217182159423828e-01
-4.932533204555511475e-01
-1.962729394435882568e-01
5.271880626678466797e-01
-4.266102313995361328e-01
4.060823619365692139e-01
-1.198189035058021545e-01
5.550097823143005371e-01
4.568225741386413574e-01
1.567254662513732910e+00
1.336665153503417969e+00
-7.195080518722534180e-01
5.794970989227294922e-01
-5.326278805732727051e-01
5.454033613204956055e-01
-5.643381476402282715e-01
-9.991044998168945312e-01
-8.667387962341308594e-01
3.185197114944458008e-01
8.998561501502990723e-01
-7.131255865097045898e-01
-1.303411841392517090e+00
5.587348341941833496e-01
5.444145202636718750e-02
-9.934219121932983398e-01
9.951069355010986328e-01
-5.223704129457473755e-02
2.114594578742980957e-01
-8.497475981712341309e-01
-8.177128434181213379e-01
6.101025342941284180e-01
2.097961425781250000e+00
2.343194186687469482e-01
-3.955452144145965576e-01
4.600821435451507568e-01
2.700580656528472900e-01
2.125006914138793945e-02
4.745978415012359619e-01
-1.828213483095169067e-01
-5.526566505432128906e-01
1.873101949691772461e+00
-3.217941224575042725e-01
-1.617714166641235352e+00
-3.351603448390960693e-01
-9.988757967948913574e-01
3.909211978316307068e-02
3.196785748004913330e-01
8.070811629295349121e-01
-2.054944276809692383e+00
-2.673190832138061523e-01
2.238413333892822266e+00
-4.557839930057525635e-01
-5.316323041915893555e-01
8.542144298553466797e-02
-5.830565690994262695e-01
-9.934266656637191772e-02
5.231533646583557129e-01
3.499163091182708740e-01
-2.934648282825946808e-02
-5.171508789062500000e-01
-4.905435144901275635e-01
-3.982895910739898682e-01
-1.413335442543029785e+00
4.246530234813690186e-01
6.484173703938722610e-03
4.520386457443237305e-01
-1.533171772956848145e+00
-1.132339358329772949e+00
1.935203194618225098e+00
1.792731761932373047e+00
1.544651538133621216e-01
1.057844161987304688e+00
-4.087868034839630127e-01
1.590484976768493652e+00
4.960305988788604736e-01
-5.169842243194580078e-01
-1.494369864463806152e+00
2.190511822700500488e-01
6.906805038452148438e-01
