-1.464023470878601074e+00
-9.836667180061340332e-01
3.561988770961761475e-01
-9.322317242622375488e-01
1.075805053114891052e-01
1.216062545776367188e+00
-3.948821127414703369e-01
7.063091993331909180e-01
6.803084015846252441e-01
-8.069839477539062500e-01
2.979745715856552124e-02
7.883707284927368164e-01
2.257425896823406219e-02
-1.068039298057556152e+00
9.164152741432189941e-01
-8.612220175564289093e-03
4.311794042587280273e-01
-3.330258280038833618e-02
-3.983564972877502441e-01
1.441875457763671875e+00
7.708306908607482910e-01
-5.048128962516784668e-01
-3.291981220245361328e-01
1.235987842082977295e-01
-7.577409744262695312e-01
-4.735833704471588135e-01
8.565992116928100586e-02
-6.352465748786926270e-01
-2.580040097236633301e-01
-5.075183510780334473e-01
-1.376875162124633789e+00
8.556877970695495605e-01
8.351957798004150391e-01
-6.848116964101791382e-02
1.022246479988098145e+00
1.086075663566589355e+00
-4.477448761463165283e-02
1.556679725646972656e+00
-3.309132754802703857e-01
-1.083930492401123047e+00
-9.197763204574584961e-01
6.224692240357398987e-02
-2.839820623397827148e+00
-1.091141343116760254e+00
1.483965758234262466e-02
-1.596542894840240479e-01
-6.584267020225524902e-01
1.899155229330062866e-01
3.350850045680999756e-01
-1.537537574768066406e-01
6.553500890731811523e-02
7.069904804229736328e-01
-4.303808510303497314e-01
-1.230703353881835938e+00
-3.671444356441497803e-01
2.493867278099060059e-02
1.625438451766967773e+00
3.624158799648284912e-01
-6.583026647567749023e-01
-7.200002670288085938e-01
1.082635879516601562e+00
6.043170690536499023e-01
3.351612389087677002e-01
5.141732692718505859e-01
-1.894186288118362427e-01
-1.307903051376342773e+00
-1.105183959007263184e+00
1.243795394897460938e+00
5.419335365295410156e-01
-1.882220655679702759e-01
3.983211815357208252e-01
4.824638962745666504e-01
-1.568815350532531738e+00
1.235232710838317871e+00
7.036505341529846191e-01
-6.023527383804321289e-01
-5.277735590934753418e-01
-1.170008420944213867e+00
-6.641297340393066406e-01
-6.078401803970336914e-01
1.194822862744331360e-01
1.280079126358032227e+00
5.836165547370910645e-01
1.795455813407897949e-01
5.980705618858337402e-01
-4.865688085556030273e-01
5.709303915500640869e-02
2.055404901504516602e+00
9.038549661636352539e-02
-9.755014777183532715e-01
1.636159777641296387e+00
-6.720943748950958252e-02
5.161384940147399902e-01
-8.332507014274597168e-01
-5.490706562995910645e-01
-7.109680175781250000e-01
2.111338637769222260e-02
-1.575352847576141357e-01
-6.901842355728149414e-01
8.524096012115478516e-01
1.558180332183837891e+00
-4.679275453090667725e-01
5.425038281828165054e-03
-1.251567482948303223e+00
1.078267574310302734e+00
4.831210672855377197e-01
-2.650300562381744385e-01
-3.885198533535003662e-01
-9.891685247421264648e-01
6.279588937759399414e-01
1.899225354194641113e+00
-5.729500651359558105e-01
1.392556190490722656e+00
2.243366837501525879e-01
1.246978878974914551e+00
1.207531452178955078e+00
-2.506955862045288086e-01
1.847457289695739746e+00
-7.049891352653503418e-01
-2.311623334884643555e+00
1.456928700208663940e-01
7.691829800605773926e-01
6.004364416003227234e-02
8.104500360786914825e-03
1.657196879386901855e-01
-1.400400876998901367e+00
-1.272996902465820312e+00
-6.005925312638282776e-02
2.802689969539642334e-01
-9.254319071769714355e-01
8.386559039354324341e-02
1.746847987174987793e+00
-3.571745455265045166e-01
1.020623564720153809e+00
7.813342213630676270e-01
-2.342266321182250977e+00
-1.159247756004333496e+00
-1.393080353736877441e+00
-8.588982373476028442e-02
-8.916724324226379395e-01
-6.051816940307617188e-01
1.649379849433898926e+00
-4.584912359714508057e-01
-7.264885902404785156e-01
1.433627009391784668e-01
-4.571730270981788635e-02
-3.337873518466949463e-01
1.713992953300476074e+00
3.492600098252296448e-02
-5.953208208084106445e-01
1.848931789398193359e+00
-4.040057361125946045e-01
-3.252555802464485168e-02
3.357903361320495605e-01
2.216148935258388519e-02
4.508557915687561035e-02
-1.327306270599365234e+00
6.342118382453918457e-01
1.433564662933349609e+00
8.420339226722717285e-01
8.061917424201965332e-01
-5.035061836242675781e-01
3.610098063945770264e-01
3.785374462604522705e-01
-1.062713980674743652e+00
1.409939765930175781e+00
3.848053216934204102e-01
1.952529311180114746e+00
1.130842566490173340e+00
-8.657692074775695801e-01
1.588117778301239014e-01
-2.087080717086791992e+00
-9.349261969327926636e-02
-7.869179844856262207e-01
5.473030209541320801e-01
-3.347467184066772461e-01
-2.671496868133544922e-01
1.495860666036605835e-01
-1.232067584991455078e+00
-5.453751087188720703e-01
-4.772859811782836914e-01
-6.334347724914550781e-01
8.426465392112731934e-01
-2.354157119989395142e-01
2.709457874298095703e-01
5.964906811714172363e-01
1.326217651367187500e-01
-9.047001600265502930e-01
7.622625678777694702e-02
-8.567242026329040527e-01
-1.959455758333206177e-01
4.311321377754211426e-01
-2.630753517150878906e-01
-3.842977881431579590e-01
-1.732145786285400391e+00
-2.253551781177520752e-01
4.472040832042694092e-01
-9.427574872970581055e-01
5.493810176849365234e-01
6.906369328498840332e-01
-3.229070305824279785e-01
1.095169782638549805e+00
-3.957296907901763916e-01
9.491445496678352356e-03
1.495584607124328613e+00
5.619419217109680176e-01
-1.964280366897583008e+00
1.710609197616577148e+00
-2.913018763065338135e-01
-1.188383460044860840e+00
1.154428958892822266e+00
-2.862583100795745850e-01
-1.122849658131599426e-01
1.009334549307823181e-01
-8.710438758134841919e-02
4.096610248088836670e-01
-8.047178387641906738e-01
3.179871439933776855e-01
-5.128065347671508789e-01
1.097590923309326172e+00
-9.973369240760803223e-01
1.025769829750061035e+00
-1.179039701819419861e-01
-3.884341120719909668e-01
-9.494028687477111816e-01
-1.272313952445983887e+00
-4.084337651729583740e-01
1.321146041154861450e-01
-2.494300007820129395e-01
-4.018057286739349365e-01
5.208761096000671387e-01
4.911353290081024170e-01
1.405304521322250366e-01
1.832142770290374756e-01
-1.738579511642456055e+00
1.424406422302126884e-03
-3.105852603912353516e-01
6.380648612976074219e-01
6.163459420204162598e-01
1.410975098609924316e+00
-1.315619230270385742e+00
2.512491226196289062e+00
3.701656758785247803e-01
-1.089701414108276367e+00
-1.790697932243347168e+00
-5.274587124586105347e-02
-1.202378749847412109e+00
-2.856591045856475830e-01
-5.843168124556541443e-02
3.713763356208801270e-01
-1.081901907920837402e+00
-7.181980609893798828e-01
7.014753669500350952e-02
3.859915137290954590e-01
1.950952261686325073e-01
-9.887334108352661133e-01
5.949012041091918945e-01
-7.266331315040588379e-01
7.871049046516418457e-01
-8.098859190940856934e-01
3.175382614135742188e-01
-4.816857576370239258e-01
7.660850286483764648e-01
-2.065455675125122070e+00
8.191888332366943359e-01
4.291503727436065674e-01
4.484488070011138916e-01
-8.672878146171569824e-01
1.047030985355377197e-01
5.128481388092041016e-01
5.208793282508850098e-01
1.378588795661926270e+00
-4.002606496214866638e-02
4.717329442501068115e-01
1.193478822708129883e+00
1.090021610260009766e+00
1.454211324453353882e-01
-3.032925128936767578e-01
-9.232004284858703613e-01
1.643629819154739380e-01
-4.138935208320617676e-01
1.689691841602325439e-01
9.896677732467651367e-01
-2.436765283346176147e-01
-8.381425142288208008e-01
4.618166685104370117e-01
-9.206948280334472656e-01
-5.427029132843017578e-01
-1.884598657488822937e-02
2.625601887702941895e-01
3.943032920360565186e-01
3.006496131420135498e-01
-2.125690877437591553e-01
-6.851835250854492188e-01
-1.129739403724670410e+00
-1.512302160263061523e-01
3.645119965076446533e-01
-1.755624771118164062e+00
-5.493987202644348145e-01
-7.001502513885498047e-01
7.700722664594650269e-02
1.959415316581726074e+00
-5.771757960319519043e-01
6.235479563474655151e-02
-7.711851596832275391e-02
-1.580736786127090454e-01
-8.610903024673461914e-01
6.096663475036621094e-01
-2.291003912687301636e-01
1.424044370651245117e-01
5.446428656578063965e-01
-1.553397923707962036e-01
-2.919883131980895996e-01
3.495593667030334473e-01
1.168491125106811523e+00
1.309295535087585449e+00
-1.463677883148193359e-01
-1.232338428497314453e+00
-8.531773835420608521e-02
-1.580037713050842285e+00
-5.059554576873779297e-01
1.799834370613098145e+00
-6.841561198234558105e-01
1.434425830841064453e+00
1.626202702522277832e+00
-1.287976980209350586e+00
2.429213374853134155e-01
-1.885654568672180176e+00
3.834359347820281982e-01
2.311468124389648438e-01
-5.561248660087585449e-01
-6.591255664825439453e-01
7.809364795684814453e-02
1.261029094457626343e-01
-1.238688111305236816e+00
4.287276268005371094e-01
6.949033588171005249e-02
-4.014393687248229980e-01
-6.702365875244140625e-01
8.800303936004638672e-01
1.320002675056457520e-01
-1.025637865066528320e+00
-9.347710609436035156e-01
1.348044276237487793e+00
2.115834236145019531e+00
-6.456009149551391602e-01
-7.890931367874145508e-01
6.231877207756042480e-01
-8.874529004096984863e-01
9.185168147087097168e-01
-3.061194419860839844e-01
-1.292168378829956055e+00
6.230182573199272156e-02
-1.354472875595092773e+00
-1.093001127243041992e+00
5.208696797490119934e-02
8.001150488853454590e-01
-9.106961488723754883e-01
-5.553582310676574707e-01
1.173054218292236328e+00
1.118656620383262634e-01
8.944046497344970703e-01
-9.211742132902145386e-02
-4.495488703250885010e-01
-1.068388104438781738e+00
-1.739141583442687988e+00
-5.515327453613281250e-01
8.696815371513366699e-02
2.691058516502380371e-01
-8.284263610839843750e-01
-5.795349478721618652e-01
2.225076407194137573e-01
3.475319743156433105e-01
-3.705201148986816406e-01
1.488605290651321411e-01
6.230391934514045715e-02
2.783612489700317383e+00
4.191358387470245361e-01
1.930670291185379028e-01
-4.732054471969604492e-01
1.172930002212524414e-01
-1.081217601895332336e-01
-1.589286029338836670e-01
-7.908406257629394531e-01
-1.237856745719909668e+00
-1.775704026222229004e-01
1.792292952537536621e+00
-6.236978620290756226e-02
-7.232475280761718750e-01
1.992368847131729126e-01
8.110856413841247559e-01
1.904912441968917847e-01
-2.141016274690628052e-01
-8.886849880218505859e-01
-5.938985347747802734e-01
-1.124103426933288574e+00
4.384750425815582275e-01
2.646212875843048096e-01
-1.002235412597656250e+00
8.902933597564697266e-01
4.924929141998291016e-02
-1.094497323036193848e+00
-5.663850903511047363e-01
5.980096459388732910e-01
-2.647622108459472656e+00
-3.091112375259399414e-01
1.097979784011840820e+00
1.239234358072280884e-01
1.729522496461868286e-01
1.141301512718200684e+00
1.513436436653137207e-01
-7.476871609687805176e-01
-3.630515635013580322e-01
-1.600620448589324951e-01
-1.151944637298583984e+00
-8.738657236099243164e-01
1.115502715110778809e-01
1.356510519981384277e+00
6.312938332557678223e-01
2.233576774597167969e+00
-1.665958911180496216e-01
9.391321539878845215e-01
4.260399639606475830e-01
1.811532020568847656e+00
-3.365769088268280029e-01
1.016233205795288086e+00
-1.464721202850341797e+00
-5.107415318489074707e-01
4.034498333930969238e-01
1.341346144676208496e+00
-6.689820885658264160e-01
-1.714667439460754395e+00
-8.559914231300354004e-01
1.519080996513366699e+00
-4.003918170928955078e-01
-1.165737748146057129e+00
5.062462687492370605e-01
-1.242578864097595215e+00
4.017993509769439697e-01
-3.439513146877288818e-01
1.039050817489624023e+00
1.248043060302734375e+00
2.524490356445312500e-01
-1.105337381362915039e+00
8.524219393730163574e-01
-8.481934666633605957e-02
-9.320601820945739746e-02
1.464648008346557617e+00
-6.421815156936645508e-01
-6.008542329072952271e-02
-7.145745754241943359e-01
-4.847327172756195068e-01
1.163114786148071289e+00
-7.823811173439025879e-01
-1.745044469833374023e+00
5.808125734329223633e-01
9.557185173034667969e-01
3.446749448776245117e-01
-3.568288683891296387e-01
1.027985811233520508e+00
-1.393397927284240723e+00
-1.839685440063476562e+00
2.507023811340332031e-01
1.713635921478271484e-01
-1.180148601531982422e+00
3.901681303977966309e-01
1.302220299839973450e-02
3.500200808048248291e-02
3.874402940273284912e-01
-2.124019622802734375e+00
7.016974687576293945e-01
1.471733450889587402e+00
1.499019861221313477e-01
9.766908884048461914e-01
-8.873745799064636230e-02
2.110677771270275116e-02
8.430736660957336426e-01
-1.062802821397781372e-01
-9.951425194740295410e-01
-1.891628265380859375e+00
4.793132245540618896e-01
-5.164161920547485352e-01
3.374747037887573242e-01
-5.713718011975288391e-02
-4.695242345333099365e-01
1.790287852287292480e+00
1.330648183822631836e+00
2.524423897266387939e-01
6.421918272972106934e-01
-3.782730996608734131e-01
4.934236779808998108e-02
-1.736344575881958008e+00
3.081573843955993652e-01
1.458737969398498535e+00
-1.244559526443481445e+00
-1.443325877189636230e-01
1.386860966682434082e+00
-1.688053131103515625e+00
-6.493382453918457031e-01
-1.309425354003906250e+00
4.765268266201019287e-01
1.306407004594802856e-01
2.380285412073135376e-01
1.265021204948425293e+00
7.026253938674926758e-01
9.424487948417663574e-01
4.999414384365081787e-01
4.065807461738586426e-01
-1.106040477752685547e+00
-1.157182693481445312e+00
-1.298016190528869629e+00
-3.712545633316040039e-01
5.710726380348205566e-01
-2.724424600601196289e-01
-1.370821714401245117e+00
-3.657811284065246582e-01
2.690132617950439453e+00
1.013933062553405762e+00
-1.079474329948425293e+00
5.123509764671325684e-01
5.739032626152038574e-01
3.920997977256774902e-01
-2.349143177270889282e-01
1.094554781913757324e+00
1.632067918777465820e+00
-9.215997457504272461e-01
6.795418262481689453e-02
-1.167965959757566452e-02
-2.051313519477844238e-01
-6.896446347236633301e-01
1.538553684949874878e-01
-1.105731964111328125e+00
-9.438460469245910645e-01
-1.977378726005554199e-01
1.257444143295288086e+00
-7.081919312477111816e-01
-1.827418431639671326e-02
4.120961949229240417e-02
-5.158548355102539062e-01
-2.696710348129272461e+00
-7.050446867942810059e-01
8.254210352897644043e-01
7.922930717468261719e-01
7.816201448440551758e-01
1.323441505432128906e+00
1.662891864776611328e+00
-1.781530529260635376e-01
8.249120116233825684e-01
6.875175982713699341e-02
-1.815387606620788574e-02
-7.009504437446594238e-01
7.922084070742130280e-03
4.460449814796447754e-01
-1.346324324607849121e+00
-1.560755446553230286e-02
1.712341666221618652e+00
-3.393438458442687988e-02
3.626358807086944580e-01
-3.913853168487548828e-01
-8.836430311203002930e-01
3.723404705524444580e-01
-6.153575181961059570e-01
9.244082868099212646e-02
1.110775113105773926e+00
8.624166846275329590e-01
1.509794592857360840e-01
3.614180535078048706e-02
4.686496853828430176e-01
5.705423951148986816e-01
-5.474910736083984375e-01
1.700640559196472168e+00
-3.129428923130035400e-01
-1.988282084465026855e+00
-1.142376810312271118e-01
-1.087668776512145996e+00
-6.865921616554260254e-01
-9.673075079917907715e-01
1.251375794410705566e+00
5.105089545249938965e-01
-1.235936358571052551e-01
4.795234501361846924e-01
-1.046788811683654785e+00
-2.543419837951660156e+00
-8.669154047966003418e-01
1.451067209243774414e+00
-4.311864376068115234e-01
-3.109875023365020752e-01
8.245585560798645020e-01
-3.220117092132568359e-01
-5.991639494895935059e-01
-2.875863611698150635e-01
-5.233688354492187500e-01
-2.201577723026275635e-01
-2.370256334543228149e-01
-2.441764473915100098e-01
-1.670191764831542969e+00
-5.588004589080810547e-01
-1.120723843574523926e+00
1.031638503074645996e+00
6.622405052185058594e-01
-1.062918782234191895e+00
-3.362214267253875732e-01
-7.949382662773132324e-01
-1.552761912345886230e+00
-7.840332984924316406e-01
1.269984841346740723e+00
8.559376001358032227e-01
-6.316598057746887207e-01
-1.562803238630294800e-01
-5.554834604263305664e-01
5.934522151947021484e-01
8.665882945060729980e-01
1.574706673622131348e+00
3.222655355930328369e-01
4.024651646614074707e-01
5.537871122360229492e-01
2.945292294025421143e-01
-1.260241031646728516e+00
1.130151271820068359e+00
-1.462302058935165405e-01
-2.079123497009277344e+00
2.530064284801483154e-01
1.183999419212341309e+00
4.774890840053558350e-01
-1.923475742340087891e+00
-1.331425786018371582e+00
2.853814661502838135e-01
2.524781785905361176e-02
6.266667246818542480e-01
-7.763513177633285522e-02
-1.697751134634017944e-01
1.150338575243949890e-01
1.633595675230026245e-01
-1.758049368858337402e+00
-8.746920228004455566e-01
4.095315635204315186e-01
1.798159718513488770e+00
-2.042521983385086060e-01
-2.300196588039398193e-01
-9.393906593322753906e-02
4.377102255821228027e-01
5.074083209037780762e-01
-8.613081574440002441e-01
1.643766641616821289e+00
8.374394178390502930e-01
-4.531202018260955811e-01
5.745134949684143066e-01
9.032054990530014038e-02
8.666051030158996582e-01
-1.936392307281494141e+00
-1.180366992950439453e+00
1.740476369857788086e+00
1.642740607261657715e+00
-3.714382350444793701e-01
4.155408442020416260e-01
-1.751815199851989746e+00
1.678122878074645996e+00
2.216947793960571289e+00
1.928278356790542603e-01
-7.043267786502838135e-02
5.398297905921936035e-01
-5.815180540084838867e-01
-1.054546594619750977e+00
1.138164043426513672e+00
-9.404260516166687012e-01
-1.467917487025260925e-02
1.810736805200576782e-01
-3.428287506103515625e-01
4.285061955451965332e-01
6.413381695747375488e-01
-1.085912942886352539e+00
3.929290473461151123e-01
2.599571347236633301e-01
-1.134178787469863892e-01
9.285975694656372070e-01
-1.483757019042968750e+00
1.297514081001281738e+00
3.049954175949096680e-01
-6.085174158215522766e-02
-2.078728199005126953e+00
5.790978670120239258e-02
-2.682593345642089844e+00
4.989493489265441895e-01
1.618581652641296387e+00
-8.233624696731567383e-01
5.445815622806549072e-02
-1.788978576660156250e+00
-2.344560861587524414e+00
6.737506389617919922e-01
3.759283125400543213e-01
-1.366950869560241699e+00
-1.155439615249633789e-01
-1.308723688125610352e+00
-3.230547308921813965e-01
1.402443528175354004e+00
-6.454280614852905273e-01
-1.139739900827407837e-01
1.881043463945388794e-01
1.023758649826049805e+00
-1.926538199186325073e-01
-2.302823215723037720e-01
1.953827738761901855e-01
-1.317997336387634277e+00
4.949263483285903931e-02
-5.774616003036499023e-01
-3.341251611709594727e-01
-7.449197024106979370e-02
2.334321439266204834e-01
3.458588421344757080e-01
-4.254296422004699707e-01
-3.425639867782592773e-01
-5.638251304626464844e-01
7.043597698211669922e-01
1.497136116027832031e+00
1.019237160682678223e+00
3.645540475845336914e-01
-3.048833608627319336e-01
1.440839648246765137e+00
-5.427292734384536743e-02
4.893822371959686279e-01
8.557766675949096680e-01
-4.225874841213226318e-01
1.995867937803268433e-01
1.063388109207153320e+00
-8.132810592651367188e-01
-3.682076930999755859e-01
-6.972941160202026367e-01
-7.118671536445617676e-01
-4.680713415145874023e-01
7.244160771369934082e-01
4.125464856624603271e-01
3.127802610397338867e-01
-1.868956089019775391e-01
1.665551066398620605e-01
-9.414871931076049805e-01
-1.989696472883224487e-01
9.555031359195709229e-02
-3.839292824268341064e-01
1.062164306640625000e+00
2.281648874282836914e+00
1.778971254825592041e-01
-1.122183874249458313e-01
-5.042328238487243652e-01
1.024718523025512695e+00
-1.654708862304687500e+00
6.550406813621520996e-01
-1.508059263229370117e+00
-1.596967816352844238e+00
1.464194536209106445e+00
8.459987044334411621e-01
-1.607482671737670898e+00
8.257279172539710999e-03
8.910253643989562988e-01
3.349622786045074463e-01
7.380457520484924316e-01
-4.886518418788909912e-01
-7.117754220962524414e-01
9.235006570816040039e-01
1.155365943908691406e+00
7.622437179088592529e-02
-4.456260502338409424e-01
-1.068044066429138184e+00
8.803637623786926270e-01
7.616068124771118164e-01
1.913229525089263916e-01
-8.395175933837890625e-01
-1.749982833862304688e+00
1.869048923254013062e-02
