-9.810826778411865234e-01
-1.146342277526855469e+00
-6.331141591072082520e-01
3.511313721537590027e-02
6.090419292449951172e-01
8.394659757614135742e-01
-9.580327272415161133e-01
3.007090389728546143e-01
-1.209899425506591797e+00
-8.741846680641174316e-02
3.566938638687133789e-01
2.224814176559448242e+00
-3.203300833702087402e-01
-7.095260620117187500e-01
8.314588665962219238e-01
-2.187827527523040771e-01
1.641653180122375488e-01
-1.856593489646911621e+00
-8.537703752517700195e-01
1.614386200904846191e+00
4.852735698223114014e-01
2.007859945297241211e-01
-3.560946583747863770e-01
-2.546414919197559357e-02
9.000497311353683472e-02
8.021783232688903809e-01
1.755283355712890625e+00
5.001039505004882812e-01
-7.500821948051452637e-01
-6.857454776763916016e-01
5.272224545478820801e-01
1.095425367355346680e+00
1.462518930435180664e+00
1.870900094509124756e-01
2.117117345333099365e-01
4.517517611384391785e-02
-1.155625224113464355e+00
2.301280349493026733e-01
6.601977944374084473e-01
1.723483800888061523e-01
7.082248330116271973e-01
5.306051969528198242e-01
-2.531698226928710938e+00
4.068474099040031433e-02
-1.313896417617797852e+00
-7.210295796394348145e-01
-5.835328996181488037e-02
-1.407231688499450684e+00
-1.563193559646606445e+00
3.304696083068847656e-01
-2.911561131477355957e-01
7.348818778991699219e-01
6.340955495834350586e-01
7.547776401042938232e-02
-2.091497033834457397e-01
-4.201924204826354980e-01
1.130845546722412109e+00
7.030464708805084229e-02
-3.400373160839080811e-01
6.519696712493896484e-01
2.330053091049194336e+00
1.035105064511299133e-01
-2.242353372275829315e-02
-1.796578764915466309e+00
-8.290415406227111816e-01
-1.133307456970214844e+00
6.466978192329406738e-01
1.153551101684570312e+00
-1.377862840890884399e-01
-3.864629194140434265e-02
-3.521486520767211914e-01
1.771651804447174072e-01
-2.913902103900909424e-01
1.931393146514892578e+00
7.578870058059692383e-01
-2.798858404159545898e+00
2.677175775170326233e-02
-1.511993765830993652e+00
8.303439617156982422e-01
4.876199960708618164e-01
6.398785114288330078e-01
2.159371137619018555e+00
1.559122800827026367e+00
-1.004959106445312500e+00
-1.412631571292877197e-01
4.947217404842376709e-01
7.123787701129913330e-02
1.615386605262756348e+00
3.190246820449829102e-01
-4.155597090721130371e-01
2.385175079107284546e-01
-7.518748641014099121e-01
-1.769425868988037109e-01
2.282652705907821655e-01
9.891874194145202637e-01
3.862387239933013916e-01
2.906673848628997803e-01
5.970051884651184082e-01
2.800492942333221436e-01
9.041393995285034180e-01
-1.014185249805450439e-01
6.068662405014038086e-01
-1.775159537792205811e-01
-1.994020223617553711e+00
4.004833400249481201e-01
3.700655400753021240e-01
6.007052063941955566e-01
1.038220286369323730e+00
2.336518019437789917e-01
-1.836792081594467163e-01
2.401506900787353516e-01
-7.306911945343017578e-01
-1.578655093908309937e-01
-1.401327848434448242e+00
-3.888743519783020020e-01
1.840715557336807251e-01
-2.259542495012283325e-01
1.125533461570739746e+00
-1.704300045967102051e+00
-1.033206462860107422e+00
1.734402962028980255e-02
1.743714570999145508e+00
-8.866317272186279297e-01
1.309668868780136108e-01
-8.178574591875076294e-02
1.086838543415069580e-02
-1.851076245307922363e+00
2.496220469474792480e-01
-3.719059526920318604e-01
-2.896173857152462006e-02
-2.857709527015686035e-01
6.671122312545776367e-01
-5.000415444374084473e-01
1.803353071212768555e+00
6.800010800361633301e-01
1.828905791044235229e-01
-1.254492759704589844e+00
2.566810846328735352e-01
-4.423407554626464844e+00
-4.869723320007324219e-02
-1.006595373153686523e+00
1.541586756706237793e+00
-1.174314260482788086e+00
-1.722765117883682251e-01
1.146609663963317871e+00
1.829686999320983887e+00
9.756286144256591797e-01
-7.629189491271972656e-01
8.188862204551696777e-01
1.512630283832550049e-01
3.856375217437744141e-01
-1.098636388778686523e+00
-1.021626234054565430e+00
2.972398139536380768e-02
-3.260591626167297363e-01
1.390626311302185059e+00
2.630185782909393311e-01
1.107449650764465332e+00
-1.024162530899047852e+00
3.863166570663452148e-01
2.104722499847412109e+00
-1.426488995552062988e+00
9.555969238281250000e-01
3.299377560615539551e-01
-7.576245814561843872e-02
-3.071863055229187012e-01
-5.133712291717529297e-01
2.614560842514038086e+00
1.909437328577041626e-01
-1.093522906303405762e+00
-1.903929114341735840e-01
-2.174360513687133789e+00
6.152707934379577637e-01
3.738209307193756104e-01
6.049910187721252441e-01
-1.035097002983093262e+00
9.065594524145126343e-03
2.748118042945861816e-01
-7.038495540618896484e-01
-3.036074340343475342e-01
-6.279547214508056641e-01
-1.491629123687744141e+00
9.120681881904602051e-01
-1.127408146858215332e+00
2.604540884494781494e-01
5.384607315063476562e-01
-7.337204217910766602e-01
-1.707035660743713379e+00
8.539063930511474609e-01
-4.346427917480468750e-01
-1.359859108924865723e+00
-1.047966599464416504e+00
6.222009658813476562e-01
8.212121725082397461e-01
-1.560974836349487305e+00
-3.869847059249877930e-01
-6.874157786369323730e-01
1.218263879418373108e-01
-5.821014642715454102e-01
-5.514734387397766113e-01
-3.400014936923980713e-01
5.243806838989257812e-01
7.179086208343505859e-01
1.790403425693511963e-01
7.423524856567382812e-01
3.792423605918884277e-01
-1.449425816535949707e+00
9.893376231193542480e-01
-3.463288247585296631e-01
-3.206057846546173096e-01
8.971174955368041992e-01
1.665869504213333130e-01
-1.082849502563476562e-01
-4.074614942073822021e-01
1.116703271865844727e+00
5.014990568161010742e-01
-7.884567230939865112e-02
-1.085402727127075195e+00
-4.119352102279663086e-01
3.634510934352874756e-01
-4.250854253768920898e-01
-1.072963029146194458e-01
-6.314738653600215912e-03
-2.558201253414154053e-01
-1.490772604942321777e+00
-1.097720623016357422e+00
1.096422791481018066e+00
-3.956107795238494873e-01
3.424076139926910400e-01
3.072263300418853760e-01
-1.135568499565124512e+00
4.145992100238800049e-01
2.455072551965713501e-01
-3.818223178386688232e-01
-1.611764907836914062e+00
3.729917407035827637e-01
-5.848281383514404297e-01
-7.024531960487365723e-01
1.803234696388244629e+00
1.498706579208374023e+00
9.516829848289489746e-01
-1.884615719318389893e-01
-1.077810674905776978e-01
-5.880546569824218750e-01
-7.994952201843261719e-01
5.627116933465003967e-02
9.983494281768798828e-01
1.057111740112304688e+00
-6.603030562400817871e-01
1.118584752082824707e+00
1.224531233310699463e-01
2.489339113235473633e-01
-4.910141229629516602e-01
-4.695697501301765442e-02
8.090668320655822754e-01
8.135640025138854980e-01
-1.284863829612731934e+00
3.205282390117645264e-01
1.156048893928527832e+00
1.542767405509948730e+00
7.700688242912292480e-01
-1.119151353836059570e+00
-6.965059041976928711e-02
-2.558373212814331055e-01
1.200699340552091599e-02
2.749891579151153564e-01
-4.368888586759567261e-02
-1.701555013656616211e+00
-1.209844827651977539e+00
1.375596165657043457e+00
-1.040669158101081848e-01
-5.536710023880004883e-01
-8.143108487129211426e-01
-3.614051640033721924e-01
2.903168499469757080e-01
-1.616226322948932648e-02
2.769763953983783722e-02
3.098759055137634277e-01
-1.328558325767517090e+00
-2.350152432918548584e-01
-5.427784100174903870e-02
2.066708058118820190e-01
6.034264564514160156e-01
-1.358084797859191895e+00
-6.497722864151000977e-01
9.722324609756469727e-01
-6.275981068611145020e-01
-5.738550424575805664e-01
-3.239167481660842896e-02
6.194593310356140137e-01
-8.222063779830932617e-01
8.747618198394775391e-01
-2.320301681756973267e-01
1.191857457160949707e+00
1.319955289363861084e-01
-2.022054344415664673e-01
3.180902823805809021e-02
-1.072934150695800781e+00
1.710068941116333008e+00
1.758626699447631836e-01
-1.404479265213012695e+00
-1.485309004783630371e-01
-2.366596221923828125e+00
8.317531347274780273e-01
9.080768823623657227e-01
-6.169857382774353027e-01
6.539233326911926270e-01
9.913253188133239746e-01
-2.557597458362579346e-01
-8.009326457977294922e-01
1.628167480230331421e-01
-5.290428996086120605e-01
2.460649758577346802e-01
-4.088352322578430176e-01
1.241988420486450195e+00
1.676148414611816406e+00
-1.469837129116058350e-01
3.923383951187133789e-01
7.730543613433837891e-01
8.338811993598937988e-01
-1.023283749818801880e-01
-1.017139196395874023e+00
-1.800990462303161621e+00
1.351954579353332520e+00
-7.759397625923156738e-01
-2.798847556114196777e-01
-1.019350767135620117e+00
-4.878931939601898193e-01
-4.581919312477111816e-01
9.915479421615600586e-01
-1.180838234722614288e-02
6.072173118591308594e-01
-1.459292769432067871e-01
-8.880788087844848633e-02
3.485339134931564331e-02
-5.206341743469238281e-01
-3.843210041522979736e-01
-2.926265299320220947e-01
-1.263978123664855957e+00
1.579542636871337891e+00
-3.956829309463500977e-01
-7.762846350669860840e-01
-5.075648427009582520e-01
2.311573743820190430e+00
1.106316924095153809e+00
-5.191788673400878906e-01
1.283066034317016602e+00
-2.544773817062377930e-01
6.673049926757812500e-01
7.269231677055358887e-01
-1.633091121912002563e-01
-1.948600053787231445e+00
-7.403624653816223145e-01
4.083186686038970947e-01
-9.963386058807373047e-01
-1.668733835220336914e+00
3.330569267272949219e-01
-6.006447672843933105e-01
4.673066437244415283e-01
-1.075952872633934021e-01
1.525091409683227539e+00
8.210011720657348633e-01
3.744169175624847412e-01
-8.630747795104980469e-01
-1.087013363838195801e+00
-1.593506336212158203e-01
2.585397660732269287e-01
1.167035579681396484e+00
-6.608175635337829590e-01
3.252955153584480286e-02
-6.878024339675903320e-01
5.024088621139526367e-01
1.789222478866577148e+00
-1.950748413801193237e-01
5.549595952033996582e-01
-3.519151508808135986e-01
1.473863720893859863e+00
2.130450680851936340e-02
-8.232668042182922363e-01
-2.052003443241119385e-01
-1.560601115226745605e+00
7.961269021034240723e-01
-1.645226478576660156e-01
3.127481043338775635e-01
-5.070700645446777344e-01
-1.831447362899780273e+00
1.004771113395690918e+00
-1.149217262864112854e-01
-1.340377032756805420e-01
9.288798570632934570e-01
2.163254499435424805e+00
-1.430050730705261230e+00
-1.351768970489501953e+00
-9.830781221389770508e-01
-1.467514783143997192e-01
9.236119985580444336e-01
7.230520248413085938e-01
-1.345611095428466797e+00
3.402501344680786133e-02
4.173756539821624756e-01
1.284390807151794434e+00
-4.021858692169189453e+00
-4.942586123943328857e-01
-5.145540833473205566e-01
-2.265653461217880249e-01
-4.825547039508819580e-01
-3.353399783372879028e-02
-4.971681237220764160e-01
-4.336738586425781250e-01
1.192469000816345215e+00
-6.426994800567626953e-01
-5.777705907821655273e-01
1.218939304351806641e+00
-1.428604960441589355e+00
-5.968177914619445801e-01
1.430130362510681152e+00
4.195277214050292969e+00
-1.233616694808006287e-01
-5.972142815589904785e-01
8.030675053596496582e-01
-1.254786610603332520e+00
4.383169412612915039e-01
-2.931420803070068359e-01
8.328959941864013672e-01
3.344286978244781494e-01
5.114767700433731079e-02
-6.873763203620910645e-01
-8.203378915786743164e-01
3.149594664573669434e-01
-4.914723932743072510e-01
-1.343631505966186523e+00
-4.629174768924713135e-01
1.126943603157997131e-01
2.296120822429656982e-01
-1.238836765289306641e+00
-5.495965480804443359e-01
5.996930003166198730e-01
-1.718499958515167236e-01
9.242473244667053223e-01
-1.033209085464477539e+00
1.075746655464172363e+00
2.537399530410766602e-01
9.799740314483642578e-01
-9.580472111701965332e-01
-3.461242914199829102e-01
8.232967257499694824e-01
1.072766304016113281e+00
1.601033955812454224e-01
-5.609326958656311035e-01
1.162341237068176270e+00
-1.718936264514923096e-01
-5.720314383506774902e-01
-5.481747537851333618e-02
-2.843714654445648193e-01
-1.690233230590820312e+00
9.329337477684020996e-01
-9.147033691406250000e-01
9.293884634971618652e-01
-5.184313654899597168e-01
-5.783776640892028809e-01
-2.016487360000610352e+00
-1.158238410949707031e+00
5.455563664436340332e-01
6.747121214866638184e-01
-3.849028050899505615e-01
-9.845381975173950195e-01
-9.815270900726318359e-01
-6.276019215583801270e-01
7.493440508842468262e-01
-4.337117075920104980e-01
7.291613221168518066e-01
1.051679372787475586e+00
3.381186723709106445e-01
1.190375760197639465e-01
-2.368080765008926392e-01
8.590199798345565796e-02
-1.209662929177284241e-01
4.962825179100036621e-01
4.942417144775390625e-01
-1.940228223800659180e+00
7.509039044380187988e-01
2.368832677602767944e-01
5.758684277534484863e-01
1.548805534839630127e-01
1.569229245185852051e+00
8.462531566619873047e-01
1.278327941894531250e+00
4.545622766017913818e-01
3.294021785259246826e-01
-4.528535604476928711e-01
2.634051740169525146e-01
1.687289774417877197e-01
-1.156596064567565918e+00
8.781853318214416504e-02
1.769179552793502808e-01
-1.821732759475708008e+00
-5.977396667003631592e-02
-1.022527813911437988e+00
-2.315348200500011444e-02
-7.639007270336151123e-02
1.136348009109497070e+00
1.140285166911780834e-03
6.089357733726501465e-01
-3.884688913822174072e-01
1.157038211822509766e+00
1.324055433273315430e+00
1.247382044792175293e+00
-7.298315763473510742e-01
-1.364617824554443359e+00
-6.179698184132575989e-02
-3.527804613113403320e-01
2.073932811617851257e-02
5.585564374923706055e-01
-5.603767037391662598e-01
-9.097045660018920898e-01
1.760965734720230103e-01
2.370895385742187500e+00
8.481489121913909912e-02
-7.716416120529174805e-01
-1.424345612525939941e+00
-2.275992184877395630e-01
8.506942987442016602e-01
6.952862143516540527e-01
8.169119358062744141e-01
-2.805590629577636719e-01
-5.172496438026428223e-01
-1.173075199127197266e+00
-1.151236444711685181e-01
-3.021675050258636475e-01
-2.494889736175537109e+00
8.532617241144180298e-02
5.881392359733581543e-01
-9.549277424812316895e-01
6.081784963607788086e-01
1.456477999687194824e+00
-1.955081343650817871e+00
1.414242666214704514e-02
8.010259270668029785e-01
3.022886514663696289e-01
-1.375309348106384277e+00
-9.788748025894165039e-01
2.240082621574401855e-01
1.237676739692687988e+00
7.197108864784240723e-01
1.818264126777648926e-01
6.923102140426635742e-01
-3.480249270796775818e-02
-9.903576225042343140e-02
-1.987287700176239014e-01
2.697535455226898193e-01
-4.194541871547698975e-01
1.359376549720764160e+00
6.609148532152175903e-02
-8.659594655036926270e-01
-1.483969837427139282e-01
-4.937130957841873169e-02
-1.412873625755310059e+00
9.459190368652343750e-01
5.819597467780113220e-02
5.447007417678833008e-01
-2.261342480778694153e-02
1.450289413332939148e-02
1.403142094612121582e+00
-4.157447218894958496e-01
2.370369285345077515e-01
-4.736990034580230713e-01
-8.686185479164123535e-01
-5.098469257354736328e-01
1.921701550483703613e+00
1.113278508186340332e+00
-8.671865463256835938e-01
5.141400098800659180e-01
-4.644705951213836670e-01
-3.231582045555114746e-01
-6.570829749107360840e-01
-3.711786866188049316e-02
-1.410277128219604492e+00
-2.682656943798065186e-01
6.644872426986694336e-01
8.501379489898681641e-01
-1.305100172758102417e-01
-7.065259814262390137e-01
-6.546657681465148926e-01
-1.020130515098571777e+00
7.871609330177307129e-01
-1.030024290084838867e+00
2.467577457427978516e-01
6.130400300025939941e-01
-1.850651502609252930e-01
8.239781260490417480e-01
-9.826545119285583496e-01
-2.424964427947998047e+00
-1.634918600320816040e-01
-4.760388433933258057e-01
-5.909954309463500977e-01
-1.459644436836242676e-01
3.047656714916229248e-01
-1.010835170745849609e+00
-2.508607208728790283e-01
2.392417639493942261e-01
-1.155175566673278809e+00
-3.006584942340850830e-01
-8.302075862884521484e-01
-1.035778641700744629e+00
-1.539644241333007812e+00
1.696455359458923340e+00
8.153806924819946289e-01
-7.099567055702209473e-01
8.525849878787994385e-02
-6.467013359069824219e-01
-2.200474292039871216e-01
-4.614754617214202881e-01
1.034302473068237305e+00
-3.977412879467010498e-01
-2.092189043760299683e-01
-5.595099329948425293e-01
5.905821919441223145e-01
-1.330628395080566406e-01
-6.052168607711791992e-01
-3.657253086566925049e-01
-7.313554883003234863e-01
-6.263948678970336914e-01
-1.266478538513183594e+00
2.803266048431396484e+00
4.106404781341552734e-01
-1.181533575057983398e+00
1.026436209678649902e+00
-7.667726874351501465e-01
1.353971719741821289e+00
9.204972386360168457e-01
6.550953537225723267e-02
2.779511176049709320e-02
9.846869111061096191e-01
-6.146968603134155273e-01
-4.637338221073150635e-01
-1.234610229730606079e-01
5.303883552551269531e-01
-5.589472874999046326e-02
5.271676182746887207e-01
1.801903843879699707e+00
4.297835230827331543e-01
6.725401878356933594e-01
2.680016160011291504e-01
3.568693995475769043e-01
3.634267151355743408e-01
-8.994179368019104004e-01
2.035440653562545776e-01
3.476424515247344971e-01
-1.295219182968139648e+00
-5.560286641120910645e-01
-8.746635317802429199e-01
1.786497354507446289e+00
1.015945434570312500e+00
1.325251221656799316e+00
-9.339458346366882324e-01
3.410116583108901978e-02
1.160070538520812988e+00
7.031107544898986816e-01
1.169217944145202637e+00
7.231271862983703613e-01
3.168001770973205566e-01
1.315736293792724609e+00
-1.013337373733520508e+00
-7.280388474464416504e-01
-7.239955663681030273e-02
-1.108242392539978027e+00
-1.003268957138061523e+00
-1.885352134704589844e-01
9.317044019699096680e-01
6.955450773239135742e-01
-8.715938329696655273e-01
8.032375574111938477e-01
1.131406307220458984e+00
1.365156531333923340e+00
-1.088656112551689148e-01
-7.894647717475891113e-01
-2.482365220785140991e-01
5.304446816444396973e-02
-1.963506452739238739e-02
-1.659297823905944824e+00
-4.452482163906097412e-01
-1.328189492225646973e+00
5.441144108772277832e-01
1.168364048004150391e+00
5.868787318468093872e-02
-8.243826627731323242e-01
-8.107611536979675293e-01
-1.881755828857421875e+00
5.351374149322509766e-01
7.743682861328125000e-01
-1.379732251167297363e+00
9.872169792652130127e-02
-1.484868049621582031e+00
1.184938073158264160e+00
4.044299721717834473e-01
-8.628270030021667480e-01
-1.054150223731994629e+00
-1.436762571334838867e+00
-5.923826247453689575e-03
3.066594600677490234e-01
-9.104545116424560547e-01
-1.796341687440872192e-01
-3.213310837745666504e-01
1.778655886650085449e+00
1.845375657081604004e+00
1.715837001800537109e+00
-1.130640983581542969e+00
-7.176436185836791992e-01
-9.164559096097946167e-02
4.490854442119598389e-01
-2.871881723403930664e-01
-5.251156687736511230e-01
1.071844935417175293e+00
3.138552978634834290e-02
4.634400606155395508e-01
2.267533838748931885e-01
5.552447214722633362e-02
5.376097559928894043e-02
5.405085682868957520e-01
-3.977912068367004395e-01
1.074874877929687500e+00
1.585787415504455566e+00
-5.977170467376708984e-01
1.199750900268554688e+00
5.261819437146186829e-02
-4.957978725433349609e-01
-7.440010905265808105e-01
-2.512221634387969971e-01
-6.541116833686828613e-01
-1.301705718040466309e+00
-1.783991008996963501e-01
-1.407436728477478027e+00
-2.149721384048461914e-01
-1.981626898050308228e-01
-2.119476050138473511e-01
1.074490904808044434e+00
2.341176718473434448e-01
-6.973739862442016602e-01
8.529215455055236816e-01
1.520995378494262695e+00
-6.050353050231933594e-01
5.008710026741027832e-01
-9.998485445976257324e-01
5.588943883776664734e-02
-1.239811703562736511e-01
-1.407500505447387695e-01
6.049067974090576172e-01
-5.442736148834228516e-01
-9.556983709335327148e-01
-4.844119846820831299e-01
9.991615414619445801e-01
-1.425687432289123535e+00
-4.922890365123748779e-01
-6.518462300300598145e-01
1.097623944282531738e+00
-8.911607861518859863e-01
-2.075875282287597656e+00
1.576797723770141602e+00
6.477293968200683594e-01
1.170251742005348206e-01
1.088671684265136719e+00
4.576763212680816650e-01
-2.033259153366088867e+00
4.290900528430938721e-01
-9.634252190589904785e-01
-1.183455958962440491e-01
8.631823658943176270e-01
2.959859967231750488e-01
