-1.142396450042724609e+00
-5.322565436363220215e-01
9.660749882459640503e-02
-2.934087514877319336e-01
-1.757380247116088867e+00
2.691590599715709686e-02
2.464762628078460693e-01
6.251110434532165527e-01
4.728030860424041748e-01
3.280780017375946045e-01
1.428617000579833984e+00
-1.697401106357574463e-01
-5.558300614356994629e-01
1.445706129074096680e+00
1.056506931781768799e-01
-3.173526525497436523e-01
8.075765371322631836e-01
2.005247324705123901e-01
-5.852032899856567383e-01
4.580886363983154297e-01
2.007182687520980835e-01
9.281511306762695312e-01
-4.299845099449157715e-01
3.662086557596921921e-03
6.395440697669982910e-01
-7.218690514564514160e-01
-4.260611534118652344e-02
8.567342758178710938e-01
-4.103890955448150635e-01
-1.023122668266296387e+00
6.384275555610656738e-01
1.495823740959167480e+00
8.946139216423034668e-01
9.417385458946228027e-01
8.625332713127136230e-01
-1.721390634775161743e-01
2.454194724559783936e-01
1.020266175270080566e+00
-5.331089496612548828e-01
-1.652679443359375000e+00
-8.611112087965011597e-02
6.475360393524169922e-01
-1.470894455909729004e+00
2.362998723983764648e-01
-9.642591476440429688e-01
1.392559766769409180e+00
-4.847687482833862305e-01
2.703321874141693115e-01
-1.359472870826721191e+00
-3.559953570365905762e-01
1.160282015800476074e+00
-1.877753585577011108e-01
-1.838991940021514893e-01
3.349589407444000244e-01
-1.634619951248168945e+00
-4.954360723495483398e-01
9.288604855537414551e-01
-9.331548959016799927e-02
6.017109155654907227e-01
-1.604007482528686523e-01
7.545107007026672363e-01
8.271513581275939941e-01
-1.838827729225158691e-01
-3.058701455593109131e-01
7.230889797210693359e-01
-1.996445059776306152e+00
-1.727077484130859375e+00
1.016776800155639648e+00
1.236916899681091309e+00
-2.391638904809951782e-01
-6.223751306533813477e-01
-4.447832405567169189e-01
-1.818705677986145020e+00
1.650079131126403809e+00
3.425409197807312012e-01
1.599351465702056885e-01
-1.003263592720031738e+00
-1.283273458480834961e+00
-2.590665519237518311e-01
7.386010885238647461e-01
-1.166784018278121948e-01
1.709894657135009766e+00
8.019199967384338379e-01
2.213460803031921387e-01
8.072310686111450195e-01
-6.428285837173461914e-01
1.372171789407730103e-01
1.339455723762512207e+00
4.791852552443742752e-03
5.643650293350219727e-01
7.240319252014160156e-01
-4.812768399715423584e-01
1.106539607048034668e+00
-1.333592832088470459e-01
-8.077605366706848145e-01
3.556282073259353638e-02
-2.764012217521667480e-01
-6.334422528743743896e-02
-1.427305340766906738e-01
1.114927768707275391e+00
1.160161644220352173e-01
2.981997132301330566e-01
-7.423937320709228516e-01
-1.789809703826904297e+00
2.870583832263946533e-01
-2.319468408823013306e-01
3.698055148124694824e-01
2.026154279708862305e+00
8.803519606590270996e-01
5.773622393608093262e-01
1.224152326583862305e+00
-1.500393033027648926e+00
4.137677252292633057e-01
-1.272103548049926758e+00
2.807030081748962402e-01
5.117786582559347153e-03
-5.696802139282226562e-01
4.948176443576812744e-01
-1.244763374328613281e+00
-2.182922124862670898e+00
1.231685996055603027e+00
8.073952198028564453e-01
-1.413212895393371582e+00
-4.599828720092773438e-01
2.622591331601142883e-02
3.950632810592651367e-01
-1.948904514312744141e+00
-9.591326713562011719e-01
-5.378486122936010361e-03
6.513530611991882324e-01
7.147673368453979492e-01
1.834667086601257324e+00
-6.565177440643310547e-01
-1.199214532971382141e-01
3.082265555858612061e-01
-1.165642380714416504e+00
-2.664909660816192627e-01
-6.267272233963012695e-01
-2.764377117156982422e+00
6.832928657531738281e-01
-4.175452589988708496e-01
1.735855340957641602e+00
-4.284985363483428955e-01
-1.713035106658935547e+00
-2.821128666400909424e-01
1.953832656145095825e-01
1.283540606498718262e+00
3.083363175392150879e-02
1.801909059286117554e-01
-6.907987594604492188e-01
1.239174246788024902e+00
-9.764833450317382812e-01
-3.466823697090148926e-01
6.589019298553466797e-01
-2.099230289459228516e-01
1.663005232810974121e+00
1.841025948524475098e-01
-7.927507907152175903e-02
1.470859169960021973e+00
4.170465469360351562e-01
2.296390771865844727e+00
-9.717864394187927246e-01
-5.822659134864807129e-01
1.630345284938812256e-01
-3.250816345214843750e+00
1.462276577949523926e+00
-9.017305374145507812e-01
2.851744890213012695e+00
4.999160170555114746e-01
-5.101282596588134766e-01
3.050677292048931122e-02
-1.551746249198913574e+00
2.881220579147338867e-01
-1.828939616680145264e-01
-9.357550740242004395e-01
-1.318525314331054688e+00
9.957867860794067383e-02
1.347563147544860840e+00
-4.761331379413604736e-01
4.031104445457458496e-01
-1.000226616859436035e+00
-2.043745517730712891e+00
1.056688427925109863e+00
-4.124743938446044922e-01
-2.360605001449584961e-01
7.123390436172485352e-01
1.174611330032348633e+00
-6.016114354133605957e-01
1.168757379055023193e-01
-9.151089191436767578e-02
-6.319334506988525391e-01
-1.466823458671569824e+00
8.221231102943420410e-01
-1.374063372611999512e+00
3.382293283939361572e-01
5.989633798599243164e-01
6.834280490875244141e-02
1.804084032773971558e-01
2.021927833557128906e+00
2.016966342926025391e+00
4.619844555854797363e-01
8.328174352645874023e-01
2.020562887191772461e-01
-6.273963451385498047e-01
7.335700839757919312e-02
-5.878198146820068359e-01
-1.417530536651611328e+00
1.281964182853698730e+00
6.377370357513427734e-01
-3.836529552936553955e-01
5.256367325782775879e-01
-5.332055091857910156e-01
-1.334238797426223755e-01
8.043397665023803711e-01
9.697815775871276855e-01
-2.280538976192474365e-01
-8.286332488059997559e-01
-1.423028826713562012e+00
-1.423524975776672363e+00
1.376241683959960938e+00
-6.389887332916259766e-01
6.071775555610656738e-01
8.708941340446472168e-01
-2.287732511758804321e-01
-1.039746046066284180e+00
-4.315133392810821533e-01
8.106224536895751953e-01
-9.734038710594177246e-01
7.004302740097045898e-01
-1.375827312469482422e+00
7.318205237388610840e-01
-1.325323879718780518e-01
1.031463146209716797e+00
-1.530843257904052734e+00
3.705722689628601074e-01
1.401738166809082031e+00
1.589619815349578857e-01
-3.019927740097045898e-01
1.661552786827087402e+00
-1.398129582405090332e+00
4.634311199188232422e-01
7.248374223709106445e-01
-1.328844428062438965e+00
-4.902100563049316406e-01
-4.295653849840164185e-02
5.258843898773193359e-01
-8.723108172416687012e-01
-9.876708388328552246e-01
-9.573192596435546875e-01
6.038575768470764160e-01
-7.373698353767395020e-01
6.609311103820800781e-01
5.825155377388000488e-01
6.997891664505004883e-01
3.914213180541992188e-02
-3.490941822528839111e-01
-1.319757938385009766e+00
-1.386035919189453125e+00
4.246132671833038330e-01
4.124127328395843506e-02
1.038583755493164062e+00
-2.334244966506958008e+00
-6.674717068672180176e-01
-4.666685163974761963e-01
7.768300175666809082e-01
-1.148175954818725586e+00
1.939326822757720947e-01
-1.511700510978698730e+00
2.468293458223342896e-01
1.094991922378540039e+00
1.011096477508544922e+00
-7.414072751998901367e-01
5.324198305606842041e-02
-8.945839405059814453e-01
5.052844062447547913e-02
-2.497874647378921509e-01
1.033984661102294922e+00
-3.386982381343841553e-01
6.631867587566375732e-02
8.068258166313171387e-01
-1.047357797622680664e+00
2.165525406599044800e-01
3.649429082870483398e-01
-9.483037889003753662e-02
-4.196566343307495117e-01
2.996511459350585938e-01
-1.406903982162475586e+00
-1.731718301773071289e+00
2.587571181356906891e-02
-4.485740065574645996e-01
-4.830842837691307068e-02
1.110732555389404297e+00
1.710081696510314941e-01
-6.585505604743957520e-01
2.774750888347625732e-01
1.405520796775817871e+00
-8.098859786987304688e-01
9.858097434043884277e-01
-4.355787634849548340e-01
-3.630555570125579834e-01
-1.300352573394775391e+00
1.622811108827590942e-01
-1.686377763748168945e+00
5.606160163879394531e-01
2.630597949028015137e-01
1.065374255180358887e+00
-1.696495264768600464e-01
-9.384310245513916016e-01
1.660811901092529297e+00
7.440164685249328613e-01
3.559058308601379395e-01
4.419771581888198853e-02
-2.862039804458618164e-01
-1.052709221839904785e+00
7.937410473823547363e-01
1.991393208503723145e+00
-1.551751643419265747e-01
-4.084133207798004150e-01
-2.204385101795196533e-01
-2.505972050130367279e-02
4.239046275615692139e-01
-5.592846870422363281e-01
-1.832684278488159180e-01
-1.109939068555831909e-01
1.029078960418701172e+00
-9.646570086479187012e-01
-2.690949440002441406e+00
-1.024399995803833008e+00
-7.186896800994873047e-01
3.190617859363555908e-01
-7.096254229545593262e-01
-4.466333687305450439e-01
-1.413090705871582031e+00
-6.389295458793640137e-01
6.672671437263488770e-02
1.315726786851882935e-01
2.553009688854217529e-01
-1.266207337379455566e+00
-1.589712262153625488e+00
8.104892969131469727e-01
-1.670971751213073730e+00
-1.580996155738830566e+00
3.389445841312408447e-01
2.176018059253692627e-01
1.348468303680419922e+00
1.728160530328750610e-01
8.067702054977416992e-01
-2.421197742223739624e-01
6.408922076225280762e-01
8.720213770866394043e-01
-2.682927846908569336e-01
-2.454316169023513794e-01
-1.698246836662292480e+00
-1.363829374313354492e+00
-1.069869160652160645e+00
-2.205441147089004517e-01
-5.893048048019409180e-01
-1.819658279418945312e+00
-4.383695125579833984e-01
1.625040888786315918e+00
2.606571018695831299e-01
1.316996961832046509e-01
2.719033360481262207e-01
5.098037719726562500e-01
-6.225801110267639160e-01
-8.163459300994873047e-01
-2.212352156639099121e-01
-7.701601833105087280e-02
-6.518666744232177734e-01
-3.009214401245117188e-01
1.543098688125610352e-01
-6.510841250419616699e-01
5.615517497062683105e-01
-7.189486026763916016e-01
-6.833863854408264160e-01
-6.289438009262084961e-01
1.658050060272216797e+00
6.794717311859130859e-01
5.329211354255676270e-01
-1.949624061584472656e+00
-1.088806033134460449e+00
-9.530597329139709473e-01
-1.672647446393966675e-01
4.776052534580230713e-01
-1.178129792213439941e+00
-3.910936415195465088e-01
2.383629798889160156e+00
-2.640197277069091797e-01
-6.607755422592163086e-01
-1.121215820312500000e-01
1.188178420066833496e+00
3.481082022190093994e-01
8.609768748283386230e-01
-1.160519480705261230e+00
-4.235788583755493164e-01
6.787418723106384277e-01
-5.878288745880126953e-01
-9.674515724182128906e-01
-1.823515057563781738e+00
4.246649742126464844e-01
2.084475278854370117e+00
-1.723317861557006836e+00
4.111880958080291748e-01
-8.756695389747619629e-01
1.686213724315166473e-02
5.288337469100952148e-01
-9.985465407371520996e-01
5.219258666038513184e-01
6.455852389335632324e-01
1.603342413902282715e+00
3.174951672554016113e-02
-5.827955007553100586e-01
6.593648791313171387e-01
-5.455558896064758301e-01
-1.292840957641601562e+00
2.554328441619873047e-01
8.337717652320861816e-01
7.601875662803649902e-01
-7.978751659393310547e-01
7.924169301986694336e-02
-8.694205880165100098e-01
6.058793663978576660e-01
8.285161852836608887e-01
3.258221745491027832e-01
9.297693967819213867e-01
3.522945344448089600e-01
-4.054577946662902832e-01
3.397487699985504150e-01
4.174590110778808594e-02
-2.999981045722961426e-01
-1.541866183280944824e+00
-1.379826068878173828e+00
-1.124331355094909668e+00
1.129132509231567383e+00
-1.383903026580810547e+00
-1.172073245048522949e+00
-2.562066018581390381e-01
-8.303773403167724609e-01
1.228332042694091797e+00
-6.592605113983154297e-01
1.323119163513183594e+00
8.863480687141418457e-01
1.063522696495056152e+00
3.250170648097991943e-01
-1.341327726840972900e-01
8.806788921356201172e-01
-2.524426952004432678e-02
-2.121621184051036835e-02
-1.211919635534286499e-01
-3.316409885883331299e-01
1.430331230163574219e+00
-2.033576726913452148e+00
1.138240337371826172e+00
4.131090268492698669e-02
-1.898755669593811035e+00
5.770195126533508301e-01
-1.271403074264526367e+00
6.147606968879699707e-01
2.950859442353248596e-02
1.098967120051383972e-01
-8.122965097427368164e-01
-6.505781412124633789e-01
-4.972098469734191895e-01
-4.727083072066307068e-02
-1.158404469490051270e+00
2.497325092554092407e-01
-7.063348293304443359e-01
-5.330037474632263184e-01
7.254297733306884766e-01
-6.794569492340087891e-01
5.482997894287109375e-01
2.420414686203002930e+00
2.593182623386383057e-01
4.370319247245788574e-01
-1.235826462507247925e-01
-6.198435425758361816e-01
6.323309540748596191e-01
7.246956825256347656e-01
5.194422006607055664e-01
-6.269431114196777344e-01
9.571788907051086426e-01
-5.149584412574768066e-01
2.065204679965972900e-01
5.188623666763305664e-01
6.099314689636230469e-01
1.899327635765075684e+00
-1.029070392251014709e-01
-2.332075536251068115e-01
1.799265295267105103e-01
4.976833760738372803e-01
-1.580993272364139557e-02
-1.302560120820999146e-01
-9.841430187225341797e-01
1.439362287521362305e+00
3.861715197563171387e-01
3.126630485057830811e-01
3.363650739192962646e-01
-1.934337139129638672e+00
-1.167333841323852539e+00
-2.036849737167358398e+00
1.243547946214675903e-01
-3.324509859085083008e-01
4.051683098077774048e-02
1.383030533790588379e+00
6.765114665031433105e-01
7.089049816131591797e-01
1.461723327636718750e+00
5.619662404060363770e-01
-9.142225384712219238e-01
-5.188224911689758301e-01
-7.401179671287536621e-01
-1.650174558162689209e-01
3.553156256675720215e-01
-1.609945774078369141e+00
-1.413355827331542969e+00
4.000259041786193848e-01
2.066114664077758789e+00
9.482318162918090820e-01
-9.177126884460449219e-01
5.848280787467956543e-01
-7.864857912063598633e-01
-1.923776715993881226e-01
-3.438270688056945801e-01
6.882788985967636108e-02
9.236528873443603516e-01
1.092413902282714844e+00
1.402367234230041504e+00
7.029628753662109375e-01
-1.948906332254409790e-01
-1.534557819366455078e+00
-1.124176383018493652e+00
-9.291030764579772949e-01
4.167776703834533691e-01
-6.028681397438049316e-01
9.840214997529983521e-02
-7.418355345726013184e-01
3.003740906715393066e-01
-5.154758095741271973e-01
-8.033635020256042480e-01
-8.682644963264465332e-01
-1.181324496865272522e-01
-5.130900740623474121e-01
1.121129989624023438e+00
1.722053647041320801e+00
-3.610195592045783997e-02
8.539680242538452148e-01
-4.872116148471832275e-01
1.388752341270446777e+00
4.769898056983947754e-01
8.440525829792022705e-02
7.045486569404602051e-01
3.687484562397003174e-02
-1.582516193389892578e+00
-1.661338686943054199e+00
-6.111424565315246582e-01
1.740104854106903076e-01
-7.604003548622131348e-01
2.124228239059448242e+00
-3.520248830318450928e-02
-1.291328817605972290e-01
8.981819450855255127e-02
-1.611356019973754883e+00
1.266160726547241211e+00
1.367716312408447266e+00
-4.726457595825195312e-01
-1.319418668746948242e+00
4.957577586174011230e-01
-4.761717617511749268e-01
1.601987957954406738e+00
-4.864883720874786377e-01
1.432429075241088867e+00
7.614202499389648438e-01
-3.958985805511474609e-01
1.476952284574508667e-01
-1.311188340187072754e-01
-3.815869092941284180e-01
-1.611418724060058594e+00
1.797905117273330688e-01
-8.746819198131561279e-02
-8.913145214319229126e-02
9.603743255138397217e-02
1.076335161924362183e-01
-6.748188138008117676e-01
-1.132784605026245117e+00
-2.467940002679824829e-01
-9.879865646362304688e-01
-8.184991478919982910e-01
4.120180308818817139e-01
3.798770904541015625e-01
2.159106254577636719e+00
-7.095803618431091309e-01
-1.786576509475708008e+00
-1.202034592628479004e+00
1.223532557487487793e+00
3.201812207698822021e-01
-6.605798602104187012e-01
8.318049460649490356e-02
-2.220916032791137695e+00
3.681966960430145264e-01
1.027404189109802246e+00
-7.865169644355773926e-01
-5.159133076667785645e-01
-3.561519086360931396e-01
-8.759957551956176758e-01
-7.306481599807739258e-01
1.142553687095642090e+00
1.054635763168334961e+00
-6.969612240791320801e-01
1.734139025211334229e-01
-3.526549637317657471e-01
3.498467803001403809e-01
2.183187007904052734e-01
5.055887103080749512e-01
1.430201888084411621e+00
-1.036774754524230957e+00
-4.764817357063293457e-01
1.419365257024765015e-01
-3.998608887195587158e-02
-1.171567738056182861e-01
-1.280151367187500000e+00
-1.727989435195922852e+00
-3.344791829586029053e-01
-9.441931545734405518e-02
1.943871736526489258e+00
-1.555686444044113159e-01
1.854787021875381470e-01
8.835194110870361328e-01
-7.461902499198913574e-01
1.173645853996276855e+00
6.549195051193237305e-01
2.939855754375457764e-01
8.717624545097351074e-01
2.325430214405059814e-01
-1.824868679046630859e+00
-3.562018275260925293e-01
-8.174862861633300781e-01
1.810435891151428223e+00
-2.668512165546417236e-01
1.410844773054122925e-01
8.109011054039001465e-01
1.868678331375122070e-01
-6.273630857467651367e-01
-5.485286712646484375e-01
1.974542975425720215e+00
2.779266238212585449e-01
-3.900992572307586670e-01
7.821558713912963867e-01
1.274059414863586426e+00
1.462950706481933594e+00
1.064085289835929871e-01
-9.049085378646850586e-01
2.224152803421020508e+00
9.929621219635009766e-01
-5.445534586906433105e-01
1.855597831308841705e-02
-3.693192899227142334e-01
8.209696412086486816e-01
1.751715540885925293e+00
8.112005591392517090e-01
9.999727457761764526e-02
7.650917172431945801e-01
7.484921067953109741e-02
-1.983319163322448730e+00
7.319982051849365234e-01
-2.297870635986328125e+00
-7.844374179840087891e-01
6.677711009979248047e-01
-2.291581034660339355e-01
6.807880476117134094e-03
8.549172282218933105e-01
-1.283546444028615952e-02
2.705801427364349365e-01
-1.675887256860733032e-01
-8.799240589141845703e-01
8.436882495880126953e-01
2.228050678968429565e-01
1.077563047409057617e+00
4.814077019691467285e-01
-1.020958721637725830e-01
-1.196352720260620117e+00
-2.664448022842407227e-01
-2.134849309921264648e+00
3.697480261325836182e-01
8.306577801704406738e-02
-3.004440069198608398e-01
1.781912520527839661e-03
-6.597372293472290039e-01
-1.289737820625305176e+00
2.623166143894195557e-01
5.743161439895629883e-01
-2.059516668319702148e+00
1.390174746513366699e+00
-1.542197346687316895e+00
1.548049896955490112e-01
3.984680175781250000e-01
1.811593323945999146e-01
5.678084492683410645e-01
-4.741778373718261719e-01
1.163565665483474731e-01
-4.926130473613739014e-01
-1.451245427131652832e+00
-1.011259078979492188e+00
-4.531142413616180420e-01
8.903277516365051270e-01
-8.196802735328674316e-01
-5.103412866592407227e-01
-9.333971738815307617e-01
1.878549754619598389e-01
4.102928936481475830e-01
1.076676964759826660e+00
-6.782092899084091187e-02
-3.708330094814300537e-01
1.592152714729309082e-01
3.112576603889465332e-01
4.298476576805114746e-01
1.083024024963378906e+00
6.028953194618225098e-01
7.061278223991394043e-01
2.632252275943756104e-01
5.192773938179016113e-01
1.039574384689331055e+00
4.484862089157104492e-01
1.182876229286193848e+00
7.190479636192321777e-01
2.822047099471092224e-02
-1.512827277183532715e-01
-1.204055190086364746e+00
1.503845095634460449e+00
-1.504015445709228516e+00
-2.936244010925292969e-01
-2.220626771450042725e-01
-1.686511397361755371e+00
-9.687540531158447266e-01
9.127505123615264893e-02
-1.099863052368164062e-01
4.892025589942932129e-01
1.238728165626525879e+00
-1.159849643707275391e+00
2.630465924739837646e-01
1.967536330223083496e+00
3.836014866828918457e-02
2.628180980682373047e-01
-2.640300691127777100e-01
4.727861285209655762e-01
-1.786384701728820801e+00
-1.424357652664184570e+00
2.901660799980163574e-01
-5.256507992744445801e-01
6.136603951454162598e-01
-4.755631089210510254e-01
-1.297448158264160156e+00
-7.340115308761596680e-01
8.709011226892471313e-02
5.569916367530822754e-01
1.081695675849914551e+00
-3.013103902339935303e-01
-1.223879456520080566e+00
1.316599249839782715e+00
8.962521553039550781e-01
1.274997740983963013e-01
4.509660601615905762e-02
6.166096329689025879e-01
2.144124746322631836e+00
1.291948795318603516e+00
-2.976159453392028809e-01
-1.663612484931945801e+00
-3.283796086907386780e-02
2.655563950538635254e-01
