-1.716859698295593262e+00
-6.366456151008605957e-01
-4.912221133708953857e-01
2.130830474197864532e-02
4.833786487579345703e-01
3.748257756233215332e-01
-5.377577543258666992e-01
7.229202985763549805e-01
-1.290223002433776855e+00
-4.023821353912353516e-01
7.486924529075622559e-01
1.881787300109863281e+00
-3.892119228839874268e-01
-3.312314748764038086e-01
1.525812983512878418e+00
-1.544106453657150269e-01
3.587388992309570312e-01
-1.846986114978790283e-01
-3.086912035942077637e-01
1.079549551010131836e+00
9.881360083818435669e-02
1.835397481918334961e-01
-3.010208308696746826e-01
-2.089400142431259155e-01
-5.211552381515502930e-01
7.962281256914138794e-02
9.175313115119934082e-01
1.647098809480667114e-01
8.851077407598495483e-02
-4.360112547874450684e-01
-6.684359312057495117e-01
2.496615201234817505e-01
1.866457343101501465e+00
1.009629845619201660e+00
1.110033690929412842e-01
8.348324894905090332e-02
-4.778645932674407959e-01
2.256173372268676758e+00
-1.780651062726974487e-01
-9.090282320976257324e-01
-8.975847959518432617e-01
-2.210409641265869141e-01
-2.377811193466186523e+00
-1.281521797180175781e+00
-6.402564048767089844e-01
-6.671974658966064453e-01
-4.709927737712860107e-01
7.259097695350646973e-01
-1.115667819976806641e+00
-3.244916498661041260e-01
-4.726285338401794434e-01
2.337088286876678467e-01
-5.295442342758178711e-01
-8.107011318206787109e-01
-9.053692817687988281e-01
2.654200792312622070e-01
6.653531193733215332e-01
-6.588432192802429199e-01
4.889453351497650146e-01
-4.017208218574523926e-01
1.510047078132629395e+00
2.852418422698974609e-01
2.334895916283130646e-02
-1.007107973098754883e+00
-6.587241888046264648e-01
-6.776894927024841309e-01
-1.028508424758911133e+00
8.874688148498535156e-01
5.718047618865966797e-01
2.551865279674530029e-01
-1.292405962944030762e+00
3.500968515872955322e-01
-1.313129067420959473e+00
2.923937559127807617e+00
6.902964115142822266e-01
-4.941124320030212402e-01
-8.497954905033111572e-02
-1.150667428970336914e+00
-8.574690818786621094e-01
5.788655281066894531e-01
1.444246649742126465e+00
2.383023500442504883e+00
1.411654502153396606e-01
-1.947955638170242310e-01
2.364538758993148804e-01
4.656268060207366943e-01
8.345296233892440796e-02
6.332684159278869629e-01
-1.286666631698608398e+00
6.274518370628356934e-02
1.300055503845214844e+00
-9.804367423057556152e-01
-2.120413631200790405e-01
-1.331412792205810547e+00
-3.140326440334320068e-01
-4.798418879508972168e-01
-2.311760038137435913e-01
2.516349311918020248e-03
8.610448241233825684e-01
7.142809033393859863e-01
1.225621342658996582e+00
4.851125925779342651e-02
-2.643583714962005615e-01
-1.315147161483764648e+00
7.742116451263427734e-01
5.524398684501647949e-01
7.565819472074508667e-02
1.251466274261474609e+00
-4.850363135337829590e-01
2.660457491874694824e-01
1.001329064369201660e+00
4.386913180351257324e-01
1.244340538978576660e+00
1.920440047979354858e-01
6.161734461784362793e-01
5.030524134635925293e-01
-3.603800237178802490e-01
5.613066554069519043e-01
-1.994061172008514404e-01
-3.159710407257080078e+00
1.291443705558776855e+00
-4.187593460083007812e-01
-3.516253083944320679e-02
9.381296038627624512e-01
-4.512034356594085693e-01
-6.208387613296508789e-01
-1.238355278968811035e+00
-4.551137685775756836e-01
-9.427108168601989746e-01
-2.141984105110168457e-01
-2.115980386734008789e-01
1.487720251083374023e+00
-1.621773719787597656e+00
1.044424653053283691e+00
8.749825954437255859e-01
-1.444967627525329590e+00
-9.949264526367187500e-01
-1.893764376640319824e+00
-3.082672834396362305e+00
2.349303066730499268e-01
-1.197742104530334473e+00
2.338988542556762695e+00
-1.220659375190734863e+00
-1.074887365102767944e-01
9.679332375526428223e-01
1.019322156906127930e+00
6.642304658889770508e-01
-1.175675913691520691e-01
-8.365259766578674316e-01
-3.452003300189971924e-01
7.821956276893615723e-01
-9.201136976480484009e-02
2.065467881038784981e-03
1.122585415840148926e+00
-1.435196995735168457e+00
2.162180840969085693e-01
-7.856146693229675293e-01
1.721941679716110229e-01
2.045924425125122070e+00
1.158167839050292969e+00
8.444231152534484863e-01
-4.733908474445343018e-01
3.264742791652679443e-01
5.155127644538879395e-01
-1.498495221138000488e+00
1.690268158912658691e+00
-6.584759354591369629e-01
2.202106952667236328e+00
4.973988533020019531e-01
2.511318325996398926e-01
4.436940848827362061e-01
-2.437466621398925781e+00
4.675271511077880859e-01
4.822552502155303955e-01
-2.542136311531066895e-01
-1.414949059486389160e+00
-3.084419667720794678e-01
9.549135565757751465e-01
-3.118224740028381348e-01
4.092673063278198242e-01
-4.272367358207702637e-01
1.059151161462068558e-02
7.569463253021240234e-01
-1.008897662162780762e+00
8.732592463493347168e-01
8.217068314552307129e-01
1.415762782096862793e+00
-1.477444052696228027e+00
3.806433975696563721e-01
1.004988029599189758e-01
1.193226426839828491e-01
-6.750290989875793457e-01
7.704642415046691895e-01
7.664076089859008789e-01
-3.459241986274719238e-01
9.409422278404235840e-01
-3.412922024726867676e-01
-2.783068418502807617e-01
-2.882337272167205811e-01
2.371207475662231445e-01
3.518942296504974365e-01
8.286452889442443848e-01
-2.780273556709289551e-01
-5.215449929237365723e-01
1.453518867492675781e+00
-7.794753909111022949e-01
-1.220050930976867676e+00
2.566681623458862305e+00
-9.591155052185058594e-01
-2.988622337579727173e-02
-1.136370539665222168e+00
4.553848877549171448e-02
-5.708431005477905273e-01
-3.637842368334531784e-03
7.523478269577026367e-01
2.796767950057983398e-01
-9.025761485099792480e-01
-5.978500247001647949e-01
2.588587701320648193e-01
6.304219365119934082e-01
-6.181930899620056152e-01
-6.855214834213256836e-01
1.281488895416259766e+00
-3.475931882858276367e-01
-2.731564939022064209e-01
3.410519063472747803e-01
9.335262179374694824e-01
-6.345708370208740234e-01
6.553961038589477539e-01
-1.878333091735839844e+00
1.123730689287185669e-01
4.086111187934875488e-01
5.612597465515136719e-01
-2.233935743570327759e-01
-1.085378170013427734e+00
1.975948959589004517e-01
-8.889566063880920410e-01
-3.498731255531311035e-01
5.655503869056701660e-01
2.355087399482727051e-01
-2.242031812667846680e+00
1.810592174530029297e+00
3.218664228916168213e-01
1.959192380309104919e-02
-1.693318784236907959e-01
1.688208878040313721e-01
4.034308791160583496e-01
2.380427904427051544e-02
-3.276343345642089844e-01
1.098776221275329590e+00
-5.861346125602722168e-01
4.148528277873992920e-01
-3.811086416244506836e-01
2.118406444787979126e-01
1.069360494613647461e+00
-9.564568400382995605e-01
2.264754772186279297e-01
-8.989523164927959442e-03
6.323551535606384277e-01
5.505931377410888672e-02
1.603674530982971191e+00
-1.198158979415893555e+00
-5.487616658210754395e-01
-2.778080224990844727e+00
5.647955536842346191e-01
-1.727496981620788574e-01
-1.397472470998764038e-01
-6.376325488090515137e-01
-2.436282932758331299e-01
1.036210417747497559e+00
3.429073393344879150e-01
-1.321182996034622192e-01
4.288008809089660645e-02
-3.976644873619079590e-01
5.232400298118591309e-01
-5.344994664192199707e-01
1.534198164939880371e+00
1.981915384531021118e-01
-3.645414710044860840e-01
5.683900117874145508e-01
3.947447538375854492e-01
2.642664313316345215e-01
8.782471418380737305e-01
-2.048692941665649414e+00
-1.038140729069709778e-01
-2.623414099216461182e-01
-1.489367008209228516e+00
6.387557089328765869e-02
4.942338764667510986e-01
-2.581135928630828857e-01
8.399502635002136230e-01
9.206575155258178711e-01
1.288398623466491699e+00
-2.408635802567005157e-02
-4.566640257835388184e-01
4.646875560283660889e-01
-8.411684632301330566e-02
-5.722022056579589844e-01
5.636925697326660156e-01
-2.856473624706268311e-01
-1.853840351104736328e-01
1.659343004226684570e+00
-1.983134299516677856e-01
-5.767129659652709961e-01
3.164330124855041504e-01
9.337836503982543945e-01
3.428955078125000000e-01
5.008371472358703613e-01
4.910005629062652588e-01
1.389540076255798340e+00
3.906620144844055176e-01
-2.502310276031494141e-01
-1.267691969871520996e+00
7.165423631668090820e-01
1.002164006233215332e+00
1.910934329032897949e+00
-1.448056846857070923e-01
-7.056266069412231445e-01
-2.804838120937347412e-01
-1.035248413681983948e-01
-1.838463544845581055e-01
2.015603631734848022e-01
-1.969753980636596680e+00
-4.966834932565689087e-02
1.408406853675842285e+00
2.562476396560668945e-01
-1.855628967285156250e+00
-2.301018476486206055e+00
1.035971790552139282e-01
-4.903910458087921143e-01
-2.954514324665069580e-01
-1.862999916076660156e+00
-1.323891520500183105e+00
1.772203594446182251e-01
-3.585446476936340332e-01
-1.882532536983489990e-01
-9.895319491624832153e-02
-1.153035163879394531e+00
-1.064947485923767090e+00
3.693555593490600586e-01
2.550733089447021484e-01
-8.316949009895324707e-01
-1.560918241739273071e-01
8.990679383277893066e-01
2.490164279937744141e+00
-6.099519133567810059e-01
7.990218698978424072e-02
6.626029014587402344e-01
1.421243995428085327e-01
2.960200786590576172e+00
-2.273277044296264648e-01
-1.521975159645080566e+00
-3.745732605457305908e-01
-8.224817365407943726e-02
-1.638244509696960449e+00
3.181616365909576416e-01
2.853888571262359619e-01
-2.048457413911819458e-01
-5.811279416084289551e-01
3.148670792579650879e-01
4.102663695812225342e-02
4.715368449687957764e-01
-7.381930351257324219e-01
-1.296416878700256348e+00
-1.834858059883117676e+00
-1.577498555183410645e+00
-2.576898634433746338e-01
9.301463365554809570e-01
-1.320866584777832031e+00
-1.302627086639404297e+00
-2.189080119132995605e-01
-3.184326365590095520e-02
1.324356198310852051e+00
-1.668772548437118530e-01
5.797845125198364258e-01
-2.486701160669326782e-01
2.439378023147583008e+00
-2.077418416738510132e-01
6.729524731636047363e-01
-1.379466295242309570e+00
6.380560994148254395e-01
-2.316778451204299927e-01
-1.626726984977722168e-01
-6.510013937950134277e-01
-1.277361512184143066e+00
-7.314824461936950684e-01
1.386232137680053711e+00
7.332344651222229004e-01
-7.452077865600585938e-01
3.580164909362792969e-01
2.265016287565231323e-01
-2.697994410991668701e-01
1.451651811599731445e+00
-1.031704664230346680e+00
-3.022049069404602051e-01
4.434789121150970459e-01
1.173765182495117188e+00
-6.905761957168579102e-01
-1.221410393714904785e+00
4.093451499938964844e-01
2.780986726284027100e-01
-1.993797779083251953e+00
-3.951239585876464844e-01
-1.236307621002197266e+00
-7.243432402610778809e-01
2.664987929165363312e-02
-5.532531738281250000e-01
-4.581680297851562500e-01
-4.180993437767028809e-01
1.361465811729431152e+00
8.508274555206298828e-01
-1.610217094421386719e+00
8.153406381607055664e-01
-1.086581826210021973e+00
-1.766457080841064453e+00
-2.516677975654602051e-01
7.233865261077880859e-01
1.464548707008361816e+00
-4.924277961254119873e-01
1.022785305976867676e+00
-3.325283229351043701e-01
-4.296407401561737061e-01
7.306856513023376465e-01
2.307700872421264648e+00
-5.438745617866516113e-01
-4.529843330383300781e-01
-8.257324099540710449e-01
-2.734115719795227051e-01
-1.222427606582641602e+00
3.519140779972076416e-01
4.556945562362670898e-01
-1.488329648971557617e+00
-7.546437382698059082e-01
8.537901043891906738e-01
-1.125414371490478516e+00
-1.576822876930236816e+00
-8.318302035331726074e-02
-1.748682022094726562e+00
9.333727955818176270e-01
-1.709879994392395020e+00
3.358693122863769531e-01
2.893092930316925049e-01
5.264244079589843750e-01
-3.027140796184539795e-01
2.536420226097106934e-01
2.242859452962875366e-01
-3.977353274822235107e-01
5.971642732620239258e-01
-2.500917017459869385e-01
-1.849814951419830322e-01
-4.992607533931732178e-01
-7.743879556655883789e-01
4.140243530273437500e-01
1.132064908742904663e-01
-1.742908477783203125e+00
2.049815207719802856e-01
-1.166220545768737793e+00
6.974464654922485352e-01
-5.541501939296722412e-02
-2.802693843841552734e-01
-1.806931257247924805e+00
-4.058396518230438232e-01
-5.266709327697753906e-01
7.967894077301025391e-01
-2.422059535980224609e+00
6.863365173339843750e-01
-1.448097586631774902e+00
-4.383767843246459961e-01
3.181253969669342041e-01
-1.107364296913146973e+00
5.643093585968017578e-01
1.450032234191894531e+00
-1.768412590026855469e-01
5.513342022895812988e-01
3.335021138191223145e-01
7.377876639366149902e-01
4.900609850883483887e-01
-1.094566732645034790e-01
1.280533969402313232e-01
-1.627742052078247070e+00
4.039035737514495850e-01
-1.870340704917907715e+00
-6.353726983070373535e-01
3.150393366813659668e-01
9.418674111366271973e-01
8.236119151115417480e-01
1.367674350738525391e+00
4.248310327529907227e-01
2.131928801536560059e-01
-1.566295921802520752e-01
1.509915441274642944e-01
-1.425107717514038086e+00
9.883206486701965332e-01
3.517622053623199463e-01
-2.576628029346466064e-01
6.358687877655029297e-01
-9.034361690282821655e-02
-2.351609945297241211e+00
-6.566877961158752441e-01
-1.332679748535156250e+00
-9.574728459119796753e-02
1.295605063438415527e+00
1.036436855792999268e-01
5.650506019592285156e-01
1.338134765625000000e+00
3.772671818733215332e-01
1.046969890594482422e+00
7.600057125091552734e-01
-9.919493794441223145e-01
-7.780666351318359375e-01
-4.114679098129272461e-01
-9.369831085205078125e-01
5.840885043144226074e-01
-1.688012957572937012e+00
-4.849483072757720947e-01
-1.550490558147430420e-01
1.490651249885559082e+00
2.702034413814544678e-01
-9.978092461824417114e-02
-3.001838028430938721e-01
4.052867889404296875e-01
1.441715598106384277e+00
9.856742024421691895e-01
1.525777935981750488e+00
5.533407330513000488e-01
-5.345092415809631348e-01
-8.034847378730773926e-01
-4.681639373302459717e-01
-1.295720458030700684e+00
-6.179898381233215332e-01
-4.025741666555404663e-02
-1.531003117561340332e+00
9.636747837066650391e-02
-4.034586250782012939e-01
3.648503720760345459e-01
-1.650793433189392090e+00
6.072450876235961914e-01
2.199794203042984009e-01
4.459168761968612671e-02
-1.714602112770080566e+00
-2.310525178909301758e-01
4.037023782730102539e-01
4.175008535385131836e-01
9.213258624076843262e-01
-9.765457361936569214e-02
1.910136580467224121e+00
-1.471103668212890625e+00
1.197389364242553711e+00
9.471563249826431274e-02
-1.393768638372421265e-01
1.895155310630798340e-01
1.344378829002380371e+00
-1.215972542762756348e+00
-1.245848178863525391e+00
7.357104420661926270e-01
6.002807021141052246e-01
-5.206367969512939453e-01
1.442877173423767090e+00
7.871334254741668701e-02
-8.842158317565917969e-01
-1.256050020456314087e-01
-3.572520017623901367e-01
-1.856520920991897583e-01
1.032594561576843262e+00
-1.064039945602416992e+00
-5.858415961265563965e-01
2.936352789402008057e-01
-4.129020571708679199e-01
1.109022021293640137e+00
2.622777521610260010e-01
7.010650038719177246e-01
5.034419894218444824e-01
-1.159487128257751465e+00
-3.898732960224151611e-01
-5.389456152915954590e-01
-5.165133997797966003e-02
-1.209070160984992981e-01
-8.867209553718566895e-01
2.363168299198150635e-01
8.871836662292480469e-01
1.871655583381652832e-01
-7.802823781967163086e-01
-1.350715517997741699e+00
-1.190750479698181152e+00
6.102582216262817383e-01
-4.426092505455017090e-01
-6.757559776306152344e-01
1.788730382919311523e+00
-4.370869398117065430e-01
7.276812195777893066e-01
-1.302981376647949219e+00
-1.461663484573364258e+00
-1.084758520126342773e+00
2.325854152441024780e-01
2.405350841581821442e-02
-9.266760349273681641e-01
-5.027619004249572754e-02
-5.284950733184814453e-01
2.814893126487731934e-01
-2.413639426231384277e-02
-6.978560686111450195e-01
-5.171772241592407227e-01
8.139711618423461914e-01
-1.062681555747985840e+00
-9.684796929359436035e-01
7.973976731300354004e-01
2.230334728956222534e-01
-3.964769244194030762e-01
3.762453198432922363e-01
-9.448721408843994141e-01
-1.297563500702381134e-02
-2.873278409242630005e-02
1.414840817451477051e+00
6.119494438171386719e-01
2.563290894031524658e-01
4.761915802955627441e-01
7.657217979431152344e-01
-1.366850018501281738e+00
-4.944062232971191406e-01
-9.039074778556823730e-01
-7.984668612480163574e-01
-6.575110554695129395e-01
3.550825119018554688e-01
2.765808343887329102e+00
4.637354314327239990e-01
-5.950589776039123535e-01
6.920053958892822266e-01
-8.462724685668945312e-01
9.934622645378112793e-01
-1.553016155958175659e-01
-3.921633362770080566e-01
2.209954857826232910e-01
7.032395601272583008e-01
-1.157210588455200195e+00
-6.854242682456970215e-01
-5.555331707000732422e-01
1.330784082412719727e+00
-2.694907784461975098e-01
-3.361128866672515869e-01
9.068681001663208008e-01
3.999395370483398438e-01
2.919854521751403809e-01
-5.061044692993164062e-01
1.596473693847656250e+00
6.545065641403198242e-01
-4.765073359012603760e-01
2.546943128108978271e-01
8.627871870994567871e-01
1.574297428131103516e+00
-9.435542821884155273e-01
-2.108030557632446289e+00
1.671617388725280762e+00
1.390198588371276855e+00
4.019930660724639893e-01
6.193261742591857910e-01
-1.315281748771667480e+00
1.048574805259704590e+00
2.087046384811401367e+00
3.928529620170593262e-01
4.899920225143432617e-01
9.456203132867813110e-02
-2.882276177406311035e-01
-6.640933156013488770e-01
-2.421018779277801514e-01
-2.089456468820571899e-01
-1.071112871170043945e+00
-7.067411788739264011e-04
1.822265088558197021e-01
9.847622513771057129e-01
2.210701465606689453e+00
-7.131442427635192871e-01
1.077924489974975586e+00
1.643220633268356323e-01
-2.333931028842926025e-01
-1.089477181434631348e+00
-1.396170854568481445e+00
7.943139076232910156e-01
3.558628857135772705e-01
-9.918005019426345825e-02
-1.027096986770629883e+00
-4.181243013590574265e-03
-2.636989831924438477e+00
4.619370400905609131e-02
2.404660433530807495e-01
-8.004043698310852051e-01
-1.137299165129661560e-01
-1.378426671028137207e+00
-1.930046558380126953e+00
8.268841505050659180e-01
8.215952515602111816e-01
-1.594821333885192871e+00
1.333662420511245728e-01
-1.818993330001831055e+00
3.044652640819549561e-01
4.992050528526306152e-01
-4.561640322208404541e-02
2.266331464052200317e-01
-1.453600287437438965e+00
1.184297204017639160e+00
2.553815245628356934e-01
-9.053396582603454590e-01
1.252400428056716919e-01
-9.855194091796875000e-01
1.101283788681030273e+00
-5.578867346048355103e-02
1.263051748275756836e+00
-4.362509250640869141e-01
4.919465482234954834e-01
2.531596720218658447e-01
2.127581685781478882e-01
3.928636312484741211e-01
-4.661812782287597656e-01
1.710717797279357910e+00
5.565785169601440430e-01
1.094419240951538086e+00
1.997562497854232788e-02
-1.131249517202377319e-01
-2.509043216705322266e-01
1.032729744911193848e+00
4.983674287796020508e-01
8.794877529144287109e-01
2.394046932458877563e-01
9.778260439634323120e-02
1.670589685440063477e+00
3.889440000057220459e-01
-1.673834621906280518e-01
2.598923146724700928e-01
1.251364111900329590e+00
-1.388175725936889648e+00
-7.269530892372131348e-01
-6.125674024224281311e-02
-1.611785769462585449e+00
-3.253803253173828125e-01
4.459181800484657288e-02
-6.289964914321899414e-02
-2.377002537250518799e-01
4.998292028903961182e-02
-1.312430799007415771e-01
7.288473248481750488e-01
1.225451827049255371e+00
-8.334035426378250122e-02
-4.432304799556732178e-01
9.483851194381713867e-01
8.431541174650192261e-02
-1.199176549911499023e+00
-3.851574659347534180e-02
-1.561793088912963867e-01
-1.175562739372253418e+00
3.015030920505523682e-01
-3.954935073852539062e-01
-4.183880388736724854e-01
-2.644792012870311737e-02
8.943125605583190918e-01
5.495127439498901367e-01
1.448529362678527832e+00
-8.620547652244567871e-01
-1.303093552589416504e+00
1.344851970672607422e+00
8.123435974121093750e-01
9.460033476352691650e-02
1.268508564680814743e-02
-4.929040670394897461e-01
1.368145793676376343e-01
1.328741431236267090e+00
1.664688289165496826e-01
-1.559833288192749023e+00
-9.366611242294311523e-01
1.317462325096130371e+00
