-8.659185767173767090e-01
-1.211320042610168457e+00
2.365635149180889130e-02
-1.941638141870498657e-01
-1.913773566484451294e-01
6.363617181777954102e-01
-5.930699706077575684e-01
1.803019344806671143e-01
-4.144029915332794189e-01
1.143730163574218750e+00
1.019141197204589844e+00
2.259793996810913086e+00
4.274346232414245605e-01
8.021740317344665527e-01
1.635611534118652344e+00
4.672071635723114014e-01
9.188191890716552734e-01
-1.328677177429199219e+00
-1.482279002666473389e-01
2.626771450042724609e+00
4.682801067829132080e-01
8.835263252258300781e-01
-6.674003005027770996e-01
3.395262062549591064e-01
-1.057883143424987793e+00
-2.298777177929878235e-02
-1.326823830604553223e-01
7.844731211662292480e-01
1.041331887245178223e-02
-3.165523707866668701e-01
3.271018862724304199e-01
9.583391547203063965e-01
1.137850165367126465e+00
-1.684019565582275391e-01
-3.646593689918518066e-01
-7.715058326721191406e-02
-1.320934593677520752e-01
7.566156983375549316e-01
4.245535135269165039e-01
-8.543133735656738281e-01
-1.113543659448623657e-01
-1.332826167345046997e-01
-3.360783338546752930e+00
-9.673277735710144043e-01
-1.646945357322692871e+00
4.189250469207763672e-01
1.076370403170585632e-01
-2.251817844808101654e-02
-1.353267788887023926e+00
-9.568274021148681641e-01
4.561804234981536865e-02
3.844038844108581543e-01
-9.505155682563781738e-02
-5.790097266435623169e-02
-1.815162539482116699e+00
-5.395191311836242676e-01
6.940048933029174805e-01
-3.738424554467201233e-02
-1.062294095754623413e-01
-5.706630945205688477e-01
2.275623559951782227e+00
-3.504439592361450195e-01
-6.896387338638305664e-01
-1.050645709037780762e+00
-3.623793721199035645e-01
-1.377481460571289062e+00
-7.524009346961975098e-01
7.539861202239990234e-01
1.748902499675750732e-01
-3.260468132793903351e-03
-4.058528840541839600e-01
-5.667344331741333008e-01
-3.911992311477661133e-01
3.694336414337158203e+00
1.684255361557006836e+00
-8.281931281089782715e-01
-7.845101952552795410e-01
-1.164116501808166504e+00
2.947266772389411926e-02
2.994572520256042480e-01
8.357111811637878418e-01
1.812738656997680664e+00
7.183011621236801147e-02
4.261634051799774170e-01
9.511058330535888672e-01
-2.004211694002151489e-01
9.838224947452545166e-02
1.547976732254028320e+00
-5.394991636276245117e-01
7.963311672210693359e-01
2.275429666042327881e-01
9.892775863409042358e-02
-3.752760589122772217e-01
-2.729043364524841309e-01
6.638162732124328613e-01
-6.112574934959411621e-01
-6.867367029190063477e-01
-1.702089309692382812e-01
5.207821726799011230e-01
1.665072202682495117e+00
8.823333978652954102e-01
2.002623975276947021e-01
-1.728479564189910889e-01
-8.791332244873046875e-01
7.726834416389465332e-01
9.135637432336807251e-02
-1.864769309759140015e-01
8.539052009582519531e-01
5.107246637344360352e-01
7.140996456146240234e-01
3.240586221218109131e-01
2.064805030822753906e-01
1.208781898021697998e-01
3.959954380989074707e-01
8.265684843063354492e-01
-6.104125380516052246e-01
1.722750812768936157e-01
6.205185651779174805e-01
-9.721533060073852539e-01
-2.481019258499145508e+00
6.215623393654823303e-02
9.343386888504028320e-01
2.197444587945938110e-01
5.452966094017028809e-01
-1.372663974761962891e+00
-9.347561001777648926e-01
-1.304348826408386230e+00
3.213686347007751465e-01
6.468439698219299316e-01
-5.416157841682434082e-01
-1.216157078742980957e+00
1.312008738517761230e+00
-1.128747582435607910e+00
2.047948837280273438e-01
8.714049458503723145e-01
-2.863867878913879395e-01
-5.278763920068740845e-02
1.031594127416610718e-01
-3.638456583023071289e+00
2.888419628143310547e-01
-5.106561779975891113e-01
6.229635477066040039e-01
-1.593440771102905273e+00
-4.959135949611663818e-01
4.062217473983764648e-01
5.032290816307067871e-01
6.963772773742675781e-01
-8.080009818077087402e-01
5.510517954826354980e-01
-8.306504487991333008e-01
2.114763021469116211e+00
-8.537882566452026367e-01
-1.399320270866155624e-02
4.739095270633697510e-01
-6.999349594116210938e-01
-5.849862694740295410e-01
-5.434059351682662964e-02
7.714073061943054199e-01
4.936134815216064453e-01
6.389240026473999023e-01
1.505932450294494629e+00
-1.646620631217956543e-01
-3.396196365356445312e-01
2.748102322220802307e-02
-2.245372056961059570e+00
8.827020525932312012e-01
-8.469433188438415527e-01
1.075170874595642090e+00
1.766218543052673340e+00
-7.704278826713562012e-02
3.695979416370391846e-01
-2.496617317199707031e+00
-3.364711105823516846e-01
-6.225640177726745605e-01
-2.090530395507812500e-01
-1.596411824226379395e+00
-9.690756350755691528e-02
1.034937858581542969e+00
-6.537535786628723145e-01
7.174144387245178223e-01
5.679898858070373535e-01
-1.738185167312622070e+00
1.315841436386108398e+00
-1.736323356628417969e+00
6.499228477478027344e-01
2.062781333923339844e+00
2.946441471576690674e-01
-5.827620625495910645e-01
1.083017230033874512e+00
-1.827312260866165161e-01
1.097179889678955078e+00
-1.300212621688842773e+00
1.251220822334289551e+00
-9.689849019050598145e-01
-7.590985894203186035e-01
4.263905286788940430e-01
-1.000732541084289551e+00
9.753801822662353516e-01
2.591038346290588379e-01
1.133369445800781250e+00
5.324462056159973145e-01
1.256787657737731934e+00
-6.437833607196807861e-02
2.484259009361267090e-01
1.615211516618728638e-01
-1.428717732429504395e+00
-4.902410805225372314e-01
1.087040975689888000e-01
-1.817960441112518311e-01
6.498016715049743652e-01
-6.242859363555908203e-01
-6.039102673530578613e-01
2.121296972036361694e-01
1.967550516128540039e-01
6.383693218231201172e-01
1.050806045532226562e-02
-3.585693240165710449e-02
2.248146831989288330e-01
-3.490413129329681396e-01
1.246515512466430664e+00
-5.494331717491149902e-01
-3.583690226078033447e-01
8.249391913414001465e-01
-7.147694230079650879e-01
-7.848851680755615234e-01
1.096642494201660156e+00
1.119607329368591309e+00
-1.347437977790832520e+00
7.012643218040466309e-01
-1.555596590042114258e+00
-2.794993519783020020e-01
-2.834178507328033447e-01
6.707441210746765137e-01
-8.982327580451965332e-02
-3.558815419673919678e-01
-4.886393994092941284e-02
-3.067031800746917725e-01
-2.713231444358825684e-01
1.521781086921691895e+00
7.122714519500732422e-01
-3.263204991817474365e-01
1.437968134880065918e+00
4.165706932544708252e-01
-3.382661342620849609e-01
-1.158882975578308105e+00
5.638306736946105957e-01
-3.605987131595611572e-01
-4.028133451938629150e-01
-3.278155624866485596e-01
8.872049450874328613e-01
-1.033159971237182617e+00
1.417490690946578979e-01
1.896138787269592285e+00
9.708233922719955444e-02
-2.661789655685424805e-01
-6.905145645141601562e-01
-1.243832930922508240e-01
4.489449858665466309e-01
4.315068721771240234e-01
1.062116771936416626e-01
1.217292904853820801e+00
-1.903200984001159668e+00
2.639629244804382324e-01
-1.509998083114624023e+00
7.752445340156555176e-01
-1.226028203964233398e+00
-1.668547689914703369e-01
-1.397256255149841309e-01
-8.628736138343811035e-01
1.809261560440063477e+00
-5.519392490386962891e-01
2.487718686461448669e-02
6.394985318183898926e-01
-2.416581809520721436e-01
1.283843368291854858e-01
1.903016567230224609e+00
2.980937957763671875e-01
-4.034298956394195557e-01
2.977257370948791504e-01
1.688082337379455566e+00
-3.972994089126586914e-01
1.284891843795776367e+00
1.555668711662292480e-01
-1.551426649093627930e+00
-8.410279750823974609e-01
7.645036578178405762e-01
-1.829844117164611816e+00
-1.160825729370117188e+00
-5.863130092620849609e-03
-1.254278779029846191e+00
1.127278566360473633e+00
5.740480422973632812e-01
1.488525420427322388e-01
-3.973368927836418152e-02
-1.424142420291900635e-01
3.085847198963165283e-01
4.323523938655853271e-01
-4.455285668373107910e-01
6.861548125743865967e-02
1.728469729423522949e+00
-1.630169630050659180e+00
1.195047736167907715e+00
-1.158177733421325684e+00
-1.824723482131958008e-01
-7.413375973701477051e-01
1.178493380546569824e+00
-9.152268618345260620e-02
-1.953363865613937378e-01
-3.404986858367919922e-01
-6.593660116195678711e-01
2.738994657993316650e-01
-3.594348132610321045e-01
-4.459147453308105469e-01
-6.722148060798645020e-01
1.055242180824279785e+00
1.795657277107238770e+00
-1.471615731716156006e-01
-2.265110239386558533e-02
-6.277223825454711914e-01
-1.165678620338439941e+00
-4.244364202022552490e-01
3.929820656776428223e-01
-9.600539207458496094e-01
1.889723092317581177e-01
1.227065563201904297e+00
-7.953913211822509766e-01
-2.734275102615356445e+00
-1.048537611961364746e+00
-1.237411856651306152e+00
8.948995918035507202e-02
-2.171175628900527954e-01
-1.167064666748046875e+00
-5.232914090156555176e-01
8.552678823471069336e-01
1.097554937005043030e-01
6.909883618354797363e-01
-9.437098354101181030e-02
-2.083016872406005859e+00
-8.655588626861572266e-01
1.152545690536499023e+00
-1.317938685417175293e+00
-2.282540559768676758e+00
5.975783467292785645e-01
9.714944958686828613e-01
1.556604623794555664e+00
-3.625510931015014648e-01
1.174458742141723633e+00
7.817615568637847900e-02
-8.602281659841537476e-02
1.410687208175659180e+00
-5.069254338741302490e-02
-8.318793177604675293e-01
-3.816815018653869629e-01
-2.552343606948852539e-01
-9.663261771202087402e-01
-1.470916122198104858e-01
-8.966085910797119141e-01
-7.471930384635925293e-01
2.206919193267822266e-01
2.859317064285278320e-01
-1.152315497398376465e+00
6.439988613128662109e-01
2.228696346282958984e-01
1.806067675352096558e-01
-1.311395645141601562e+00
-7.471506595611572266e-01
3.068927228450775146e-01
9.793837070465087891e-01
-3.821167349815368652e-01
-8.389585614204406738e-01
-2.505498826503753662e-01
-1.060218662023544312e-01
-7.212455868721008301e-01
-5.475620627403259277e-01
3.626701235771179199e-01
-1.395052671432495117e+00
2.385994672775268555e+00
1.454806208610534668e+00
-3.828986734151840210e-02
-1.907194137573242188e+00
-7.487144321203231812e-02
-1.998465061187744141e-01
-1.609730720520019531e-01
9.300042986869812012e-01
-1.241831779479980469e+00
-1.401604294776916504e+00
1.293857574462890625e+00
7.148968428373336792e-02
1.989957094192504883e-01
-9.204199314117431641e-01
1.132240533828735352e+00
-5.064443871378898621e-02
2.618761360645294189e-01
-1.239540457725524902e+00
9.409257024526596069e-02
-4.176018238067626953e-01
1.262305140495300293e+00
-1.252313256263732910e+00
-6.392282247543334961e-01
3.241937458515167236e-01
1.263509869575500488e+00
-1.909784317016601562e+00
3.759869337081909180e-01
-3.308170437812805176e-01
1.161284819245338440e-01
8.717290312051773071e-02
-1.278442740440368652e+00
2.378580868244171143e-01
2.531329393386840820e-01
1.063567280769348145e+00
-3.901667892932891846e-01
-1.117552161216735840e+00
7.196295857429504395e-01
-3.810964822769165039e-01
-3.552923798561096191e-01
-1.703523546457290649e-01
1.254566460847854614e-01
8.018292486667633057e-03
-1.002804160118103027e+00
8.554749488830566406e-01
-1.383030891418457031e+00
9.785115718841552734e-01
6.770821809768676758e-01
1.083950877189636230e+00
2.720783352851867676e-01
-5.039455294609069824e-01
-8.908442258834838867e-01
-9.303182363510131836e-01
-4.874105453491210938e-01
8.825021386146545410e-01
-4.170368313789367676e-01
-2.160941362380981445e+00
-8.091332912445068359e-01
1.049421787261962891e+00
-1.158826351165771484e+00
-2.130956798791885376e-01
9.428989887237548828e-01
-1.060823321342468262e+00
1.290984869003295898e+00
-5.566300749778747559e-01
2.923636436462402344e-01
-3.950406014919281006e-01
7.348179221153259277e-01
2.872611284255981445e-01
2.761646509170532227e-01
7.308912873268127441e-01
1.034653544425964355e+00
9.417647719383239746e-01
-1.145647764205932617e-01
1.465283274650573730e+00
1.041086912155151367e+00
-1.792226314544677734e+00
1.128471374511718750e+00
6.836698651313781738e-01
-2.119733810424804688e+00
1.856835931539535522e-01
-1.651681303977966309e+00
-1.302641928195953369e-01
9.317393898963928223e-01
-5.302785634994506836e-01
-1.129331946372985840e+00
-4.154420197010040283e-01
5.945892259478569031e-02
7.727757096290588379e-01
-1.423314690589904785e+00
-7.361070066690444946e-02
-1.140306353569030762e+00
-2.452016249299049377e-02
-1.334084630012512207e+00
-8.440525531768798828e-01
-7.195106148719787598e-01
2.667281389236450195e+00
-7.742586135864257812e-01
7.546963095664978027e-01
-9.931030869483947754e-01
7.150178551673889160e-01
6.230392456054687500e-01
4.324832558631896973e-01
9.298576712608337402e-01
-1.791575074195861816e+00
8.888114094734191895e-01
-1.249953985214233398e+00
-8.185541033744812012e-01
-2.537202835083007812e-01
7.588385939598083496e-01
1.896438956260681152e+00
3.361086547374725342e-02
3.980966210365295410e-01
8.505938649177551270e-01
-9.111281633377075195e-01
-9.290014505386352539e-01
-7.866280078887939453e-01
-2.856778204441070557e-01
-1.838620752096176147e-01
-7.907620817422866821e-02
-6.707759499549865723e-01
-9.395686984062194824e-01
-2.044950485229492188e+00
-5.805263295769691467e-02
-6.847854852676391602e-01
7.428269088268280029e-02
-2.875484228134155273e-01
-3.093415200710296631e-01
1.795390695333480835e-01
2.397184669971466064e-01
1.496265530586242676e+00
4.383080005645751953e-01
7.510249018669128418e-01
-7.641838788986206055e-01
-1.305901527404785156e+00
-1.150302648544311523e+00
-4.522487819194793701e-01
4.684363603591918945e-01
-1.878775119781494141e+00
-1.238231778144836426e+00
6.950939297676086426e-01
2.312587976455688477e+00
-1.609172485768795013e-02
-6.735070347785949707e-01
8.123716711997985840e-01
7.254381775856018066e-01
4.591305926442146301e-02
2.528709769248962402e-01
7.487868517637252808e-02
4.688389301300048828e-01
4.883397817611694336e-01
-7.657495737075805664e-01
2.659234683960676193e-03
-1.480100512504577637e+00
-1.953160047531127930e+00
4.419549703598022461e-01
-1.950391530990600586e-01
-3.647250831127166748e-01
-8.071677088737487793e-01
-9.406807273626327515e-02
-1.426874041557312012e+00
2.347963154315948486e-01
-1.241934180259704590e+00
-3.132577836513519287e-01
-1.266644120216369629e+00
-2.652444876730442047e-02
8.754447102546691895e-01
-8.614103794097900391e-01
1.413381695747375488e+00
7.254165410995483398e-02
1.471923828125000000e+00
-1.303692579269409180e+00
-6.790633499622344971e-02
3.937734067440032959e-01
1.183360099792480469e+00
-3.297793269157409668e-01
1.378540754318237305e+00
-1.685104668140411377e-01
-1.808010816574096680e+00
2.241899371147155762e-01
7.006790637969970703e-01
-1.404406070709228516e+00
1.145953893661499023e+00
-1.411995477974414825e-02
-4.116280078887939453e-01
-3.222448229789733887e-01
-7.084938287734985352e-01
2.609540522098541260e-01
1.885400265455245972e-01
-3.493366837501525879e-01
2.341272979974746704e-01
-4.029552340507507324e-01
3.364972472190856934e-01
2.649222850799560547e+00
-4.169470667839050293e-01
3.904169797897338867e-01
-4.074440300464630127e-01
-9.459038376808166504e-01
-3.165336847305297852e-01
-1.230502009391784668e+00
4.670796394348144531e-01
-1.205194115638732910e+00
9.274931550025939941e-01
-1.006876211613416672e-02
-5.236272811889648438e-01
2.336511015892028809e-01
1.486390382051467896e-01
-5.513116717338562012e-01
-1.662989139556884766e+00
2.030464708805084229e-01
-2.589776217937469482e-01
-1.636367589235305786e-01
-5.277861952781677246e-01
1.344676852226257324e+00
8.757264614105224609e-01
-8.464650511741638184e-01
-2.071865797042846680e+00
-7.683026194572448730e-01
6.900036931037902832e-01
-1.523355692625045776e-01
-5.662858486175537109e-01
1.273766160011291504e-01
-1.295248866081237793e+00
-2.820809781551361084e-01
1.034792780876159668e+00
-1.339412808418273926e+00
7.503132820129394531e-01
-4.406883940100669861e-02
-1.079617500305175781e+00
-9.722058176994323730e-01
3.285837471485137939e-01
1.045365214347839355e+00
6.672638654708862305e-01
8.107802867889404297e-01
-2.229792326688766479e-01
1.292843967676162720e-01
5.137673616409301758e-01
3.730418086051940918e-01
1.311138391494750977e+00
-4.460953921079635620e-02
-2.738007307052612305e-01
4.569304287433624268e-01
-1.351364016532897949e+00
-1.122021004557609558e-01
-1.255898237228393555e+00
-1.261015415191650391e+00
-6.833530068397521973e-01
-8.410325646400451660e-02
2.853306531906127930e+00
4.464793503284454346e-01
-2.769402600824832916e-02
1.014187574386596680e+00
6.302396059036254883e-01
4.631237387657165527e-01
4.816381633281707764e-01
-1.988197714090347290e-01
2.355752512812614441e-02
-5.202761888504028320e-01
-1.915575027465820312e+00
9.953674077987670898e-01
1.526656448841094971e-01
1.768114805221557617e+00
-1.120671853423118591e-01
-6.773363798856735229e-02
4.918530285358428955e-01
1.532602757215499878e-01
4.762788712978363037e-01
4.093003273010253906e-01
1.883868336677551270e+00
1.434647202491760254e+00
-6.483123302459716797e-01
3.400393128395080566e-01
9.139195829629898071e-02
1.407811164855957031e+00
6.557003855705261230e-01
-2.221932888031005859e+00
2.325434684753417969e+00
8.439303636550903320e-01
-3.025203384459018707e-02
-4.095641970634460449e-01
-1.745407938957214355e+00
7.568266391754150391e-01
2.572055101394653320e+00
7.821244597434997559e-01
1.018160939216613770e+00
7.200238704681396484e-01
3.481976389884948730e-01
-5.578795671463012695e-01
4.140818417072296143e-01
-7.798177599906921387e-01
-4.491521120071411133e-01
-1.119151949882507324e+00
-3.461476862430572510e-01
2.043579965829849243e-01
1.668818712234497070e+00
-4.485510885715484619e-01
6.154187321662902832e-01
8.453096151351928711e-01
-2.553536593914031982e-01
2.592726051807403564e-02
-8.364698290824890137e-01
1.782280921936035156e+00
1.068794652819633484e-01
-9.952344745397567749e-02
1.272190809249877930e-01
-7.965048551559448242e-01
-2.497039079666137695e+00
-1.781271100044250488e-01
-2.065548747777938843e-01
-3.239824995398521423e-02
-1.140237972140312195e-01
-1.238675236701965332e+00
-1.542054176330566406e+00
4.909518957138061523e-01
3.831194639205932617e-01
-1.555426239967346191e+00
-1.665110737085342407e-01
-9.622245430946350098e-01
1.028763651847839355e+00
-4.394608736038208008e-02
-4.673975706100463867e-01
-3.756976723670959473e-01
-7.782021760940551758e-01
1.018380045890808105e+00
6.732777953147888184e-01
2.337284013628959656e-02
4.737658500671386719e-01
-9.924150258302688599e-02
2.299661487340927124e-01
-2.065234445035457611e-02
-5.921725630760192871e-01
-9.815751314163208008e-01
6.079182773828506470e-02
1.217367649078369141e-01
3.994588553905487061e-01
-9.390202164649963379e-01
-4.573940932750701904e-01
6.736411452293395996e-01
-9.104796051979064941e-01
1.271833628416061401e-01
1.547349989414215088e-01
1.651885733008384705e-02
-6.080702543258666992e-01
-7.739233970642089844e-01
7.861000895500183105e-01
1.208119392395019531e+00
2.034789919853210449e-01
-4.840897321701049805e-01
-2.267147749662399292e-01
5.153850838541984558e-02
-1.075063347816467285e+00
-2.923321723937988281e-01
4.831229448318481445e-01
-1.546153068542480469e+00
8.436310291290283203e-01
-1.240283101797103882e-01
-1.550122380256652832e+00
-9.721485972404479980e-01
-2.165705710649490356e-01
3.004006855189800262e-02
-6.921055167913436890e-02
2.118323326110839844e+00
-2.824625670909881592e-01
4.992188215255737305e-01
1.634552121162414551e+00
-5.901824235916137695e-01
-7.247211039066314697e-02
-5.335084795951843262e-01
5.173103809356689453e-01
-7.333343625068664551e-01
3.948462605476379395e-01
2.303933948278427124e-01
-3.710956126451492310e-02
-1.350481063127517700e-01
1.463934332132339478e-01
-8.453007936477661133e-01
-7.698261141777038574e-01
6.403116583824157715e-01
2.054807841777801514e-01
1.235313177108764648e+00
-5.881615281105041504e-01
-1.121597528457641602e+00
2.105613708496093750e+00
6.501283645629882812e-01
9.338681399822235107e-02
1.669711351394653320e+00
6.307426095008850098e-01
1.172386929392814636e-01
1.160263895988464355e+00
5.006251931190490723e-01
-1.066567063331604004e+00
-4.408324360847473145e-01
8.146624565124511719e-01
