-2.480064332485198975e-01
1.411463737487792969e+00
2.437796629965305328e-02
9.617519378662109375e-01
4.598671197891235352e-01
5.834065675735473633e-01
-6.370513439178466797e-01
-6.425662636756896973e-01
-6.678912043571472168e-01
5.031175613403320312e-01
-4.059726893901824951e-01
1.247772812843322754e+00
6.953099966049194336e-01
-2.515366971492767334e-01
-4.238899648189544678e-01
2.406249195337295532e-01
2.915042638778686523e-01
-4.750285744667053223e-01
4.468028247356414795e-01
1.144232392311096191e+00
3.586160838603973389e-01
-1.602546870708465576e-01
6.435308456420898438e-01
-9.259445965290069580e-02
-7.626037597656250000e-01
-8.513151109218597412e-02
5.389638617634773254e-02
-6.937626004219055176e-01
1.402322798967361450e-01
-1.745274811983108521e-01
5.446557998657226562e-01
8.680475950241088867e-01
6.753191947937011719e-01
1.254375457763671875e+00
2.739630937576293945e-01
-1.231192722916603088e-01
2.879577577114105225e-01
1.243280053138732910e+00
-1.483636736869812012e+00
2.362149953842163086e-01
1.271458864212036133e+00
-9.470568895339965820e-01
4.183005094528198242e-01
-6.959071755409240723e-01
1.704852133989334106e-01
-1.334515929222106934e+00
3.675991892814636230e-01
-3.297124803066253662e-01
-9.282129406929016113e-01
3.497318923473358154e-01
-4.345819950103759766e-01
-6.619148254394531250e-01
-4.453328251838684082e-01
1.156078279018402100e-01
-1.028998851776123047e+00
-1.407111048698425293e+00
6.947388648986816406e-01
-6.747330427169799805e-01
5.634614229202270508e-01
7.470985054969787598e-01
2.173527479171752930e-01
1.150277137756347656e+00
-6.036897897720336914e-01
3.949716985225677490e-01
1.016688823699951172e+00
1.959146372973918915e-02
7.734097242355346680e-01
2.802149951457977295e-01
-2.236316055059432983e-01
-9.203502535820007324e-02
-3.330645263195037842e-01
7.443066239356994629e-01
3.702670037746429443e-01
1.621608257293701172e+00
9.605910181999206543e-01
1.451673388481140137e+00
-1.233125701546669006e-01
-1.050431802868843079e-01
-1.426710247993469238e+00
-4.701724350452423096e-01
1.336966395378112793e+00
3.891111910343170166e-01
-7.269803285598754883e-01
-5.117587447166442871e-01
1.482221037149429321e-01
-2.317249327898025513e-01
-1.445264667272567749e-01
1.284743189811706543e+00
-4.192239940166473389e-01
-7.632018923759460449e-01
1.102304220199584961e+00
-6.363432407379150391e-01
-6.321953535079956055e-01
3.666819334030151367e-01
-7.536485046148300171e-02
3.376649022102355957e-01
1.645375788211822510e-01
-8.906717412173748016e-03
-7.568412274122238159e-02
6.546490192413330078e-01
3.782650530338287354e-01
-3.399144709110260010e-01
-3.102076947689056396e-01
6.649140119552612305e-01
1.180104017257690430e+00
-7.438117265701293945e-01
-8.547185063362121582e-01
6.135614514350891113e-01
-4.996071755886077881e-01
-8.308027386665344238e-01
1.584497541189193726e-01
-7.173718512058258057e-02
1.054502248764038086e+00
3.341397345066070557e-01
4.737907946109771729e-01
1.021775126457214355e+00
-5.695952773094177246e-01
-1.063886404037475586e+00
6.587991118431091309e-01
4.156811162829399109e-02
1.190823197364807129e+00
-5.580028891563415527e-01
2.202200293540954590e-01
-1.228330656886100769e-01
-3.232755362987518311e-01
6.855762600898742676e-01
-5.183467864990234375e-01
-6.039502024650573730e-01
4.555209279060363770e-01
-3.251969218254089355e-01
4.917514324188232422e-01
-1.904534399509429932e-01
1.659182757139205933e-01
1.385275363922119141e+00
3.772278726100921631e-01
6.128973960876464844e-01
1.948372006416320801e+00
5.948733687400817871e-01
-2.435331821441650391e+00
1.146784901618957520e+00
9.304285645484924316e-01
5.252928659319877625e-02
5.695681571960449219e-01
-1.309791445732116699e+00
6.261799931526184082e-01
7.190991640090942383e-01
-1.053142696619033813e-01
-1.170508861541748047e+00
-2.573623955249786377e-01
1.589958190917968750e+00
-1.538314819335937500e-01
-6.795008182525634766e-01
-2.994453310966491699e-01
8.108435869216918945e-01
1.209324479103088379e+00
2.545588463544845581e-02
4.150459468364715576e-01
-1.136644124984741211e+00
-8.157424330711364746e-01
-7.891225218772888184e-01
-4.269620478153228760e-01
-1.057399734854698181e-01
1.175596833229064941e+00
2.471941411495208740e-01
-5.857594609260559082e-01
-4.434139728546142578e-01
3.539901226758956909e-02
1.399278402328491211e+00
-5.670738220214843750e-01
-1.100225090980529785e+00
-9.680352210998535156e-01
-5.577440857887268066e-01
-3.496443033218383789e-01
-1.760690361261367798e-01
-1.353865265846252441e-01
-7.481462359428405762e-01
8.141922950744628906e-01
7.078886032104492188e-01
-3.101296424865722656e-01
-1.540515661239624023e+00
-2.006355673074722290e-01
-6.183645129203796387e-01
-2.352501451969146729e-01
1.637025028467178345e-01
6.746756434440612793e-01
3.751466572284698486e-01
8.927079439163208008e-01
-3.666117906570434570e+00
6.310118436813354492e-01
-7.817852497100830078e-01
9.434284567832946777e-01
-1.915367692708969116e-01
-1.058597683906555176e+00
4.702632427215576172e-01
4.775544404983520508e-01
-9.359685778617858887e-01
3.937392532825469971e-01
-7.898188382387161255e-02
-2.618974745273590088e-01
-5.078556537628173828e-01
-8.688136935234069824e-01
-6.028228402137756348e-01
-2.308429628610610962e-01
8.780478239059448242e-01
-3.780508041381835938e-01
-1.893007278442382812e+00
-8.410288691520690918e-01
2.391507476568222046e-01
-3.546691834926605225e-01
-1.725805521011352539e+00
1.320716142654418945e+00
4.632737040519714355e-01
9.040733575820922852e-01
-7.003815770149230957e-01
1.025135993957519531e+00
-4.621674120426177979e-01
-1.418429166078567505e-01
1.382934153079986572e-01
3.180471956729888916e-01
-6.841955184936523438e-01
1.213914081454277039e-01
1.289205789566040039e+00
1.662956476211547852e-01
8.005599975585937500e-01
3.009455204010009766e-01
-1.373586416244506836e+00
3.382091820240020752e-01
-1.475598573684692383e+00
8.271369151771068573e-03
5.290222764015197754e-01
-5.623095035552978516e-01
1.109489798545837402e+00
1.031698510050773621e-01
-1.977307558059692383e+00
-5.655011534690856934e-01
-1.225180387496948242e+00
-1.071956515312194824e+00
-2.025885730981826782e-01
-6.006538495421409607e-02
5.347831249237060547e-01
-1.241932511329650879e+00
-7.797785568982362747e-03
-1.076001152396202087e-01
8.403455615043640137e-01
5.428509116172790527e-01
-2.377453595399856567e-01
-3.554041087627410889e-01
-1.436805486679077148e+00
1.488672792911529541e-01
6.973210573196411133e-01
-1.163200959563255310e-01
-4.987992346286773682e-01
-1.574426174163818359e+00
-9.729061275720596313e-03
2.284645102918148041e-02
-2.496876986697316170e-04
-4.715059697628021240e-01
-9.851063042879104614e-02
4.198014736175537109e-01
1.622548252344131470e-01
1.595105886459350586e+00
4.446956217288970947e-01
-6.798139214515686035e-02
6.389091014862060547e-01
-2.144214957952499390e-01
1.775905303657054901e-02
-1.887541770935058594e+00
1.898101866245269775e-01
-1.471661925315856934e-01
1.686868309974670410e+00
8.869023919105529785e-01
-4.452637732028961182e-01
-3.682241439819335938e-01
-1.047773361206054688e-01
-3.977560997009277344e-01
-1.604853034019470215e+00
-1.219151496887207031e+00
4.496189579367637634e-02
-2.806290090084075928e-01
8.825185894966125488e-02
1.592679470777511597e-01
-9.003061801195144653e-03
1.498048424720764160e+00
-7.220380902290344238e-01
3.025754690170288086e-01
1.141100539825856686e-03
-7.564040422439575195e-01
-6.084405183792114258e-01
-3.766441047191619873e-01
5.661824941635131836e-01
4.353704154491424561e-01
7.839322686195373535e-01
1.107627868652343750e+00
-1.037585735321044922e+00
-8.637830018997192383e-01
3.184693753719329834e-01
1.828225404024124146e-01
1.159455537796020508e+00
1.262524127960205078e+00
-3.236195743083953857e-01
-2.032046318054199219e+00
1.432948857545852661e-01
-3.801333308219909668e-01
-1.790807396173477173e-01
8.960227370262145996e-01
1.642020344734191895e-01
4.393169283866882324e-01
2.159132957458496094e+00
1.465527415275573730e+00
6.413629055023193359e-01
-9.218598604202270508e-01
3.872237205505371094e-01
-4.869407415390014648e-02
-6.327138543128967285e-01
-1.581452131271362305e+00
-4.054954349994659424e-01
-1.122875437140464783e-01
-1.487920284271240234e-01
1.387613058090209961e+00
4.868060946464538574e-01
4.182677268981933594e-01
-5.982987880706787109e-01
-1.602811217308044434e+00
-1.496897101402282715e+00
5.146549344062805176e-01
-1.459671616554260254e+00
-3.522505760192871094e-01
-9.675276279449462891e-01
-1.052384972572326660e+00
-3.339271783828735352e+00
-8.579391241073608398e-02
1.344674229621887207e-01
-8.507416844367980957e-01
-4.766836166381835938e-01
5.986120104789733887e-01
-2.156399786472320557e-01
1.443939566612243652e+00
-5.260959267616271973e-01
-3.496348857879638672e-01
1.385443210601806641e+00
-3.157774209976196289e-01
-3.004083633422851562e+00
1.708903431892395020e+00
1.804188728332519531e+00
1.264886140823364258e+00
6.094355583190917969e-01
-3.773725032806396484e-01
-2.941770553588867188e-01
5.232145190238952637e-01
1.974234133958816528e-01
1.198345303535461426e+00
4.468591213226318359e-01
-4.052170515060424805e-01
-8.309492468833923340e-01
-8.950101137161254883e-01
2.387686073780059814e-01
-3.193123638629913330e-01
8.801382184028625488e-01
-2.364040911197662354e-01
-7.632942199707031250e-01
1.359701037406921387e+00
2.568408250808715820e-01
-3.070427477359771729e-01
-1.724011898040771484e+00
-7.859541177749633789e-01
-1.099392548203468323e-01
7.760159969329833984e-01
-3.263463973999023438e-01
-2.048072338104248047e+00
4.702199697494506836e-01
-4.856524467468261719e-01
-1.347944855690002441e+00
2.071008682250976562e+00
3.176047503948211670e-01
-1.967802792787551880e-01
-1.846987009048461914e-01
-5.765968561172485352e-01
-6.226025223731994629e-01
4.545857384800910950e-02
-4.893090724945068359e-01
4.955707490444183350e-01
-5.160740017890930176e-01
-1.441619247198104858e-01
9.818251430988311768e-02
7.263517379760742188e-02
3.068310916423797607e-01
8.494117110967636108e-02
-7.607713341712951660e-01
-3.035045266151428223e-01
3.876096308231353760e-01
1.083571314811706543e+00
7.388144135475158691e-01
1.451590955257415771e-01
3.543563485145568848e-01
-1.015856385231018066e+00
3.596977889537811279e-01
-1.500406265258789062e-01
1.819395124912261963e-01
1.767225712537765503e-01
2.683873414993286133e+00
6.961474418640136719e-01
-2.641379535198211670e-01
-4.768763110041618347e-02
-1.037678003311157227e+00
6.340037286281585693e-02
1.043496727943420410e+00
5.253666043281555176e-01
-6.595984101295471191e-01
1.657185852527618408e-01
2.794830322265625000e+00
4.265488684177398682e-01
-3.562622070312500000e-01
7.763808369636535645e-01
1.605821132659912109e+00
-9.530197381973266602e-01
-4.189910590648651123e-01
2.477800607681274414e+00
-1.192954108119010925e-01
1.045910716056823730e+00
-1.601026773452758789e+00
-6.541570276021957397e-02
-3.152215778827667236e-01
-7.989866286516189575e-02
-4.310481622815132141e-02
-5.058451890945434570e-01
-3.436198532581329346e-01
1.419203281402587891e+00
1.338959932327270508e-01
-1.080819725990295410e+00
1.054774403572082520e+00
5.328402519226074219e-01
-2.948050498962402344e-01
5.351835489273071289e-02
8.288064599037170410e-01
1.442553877830505371e+00
-1.203605294227600098e+00
-7.368162870407104492e-01
-5.790350437164306641e-01
-6.615633964538574219e-01
-2.032366953790187836e-02
-1.634186983108520508e+00
-1.153420925140380859e+00
-8.265038728713989258e-01
6.036615967750549316e-01
2.786021232604980469e-01
-3.393245041370391846e-01
1.249626278877258301e-02
4.445034265518188477e-01
2.422044426202774048e-01
6.502666473388671875e-01
7.981081008911132812e-01
-2.050960779190063477e+00
-2.476858645677566528e-01
1.295416709035634995e-02
-8.831424117088317871e-01
8.892191052436828613e-01
-1.234964489936828613e+00
-4.598067998886108398e-01
-7.557442188262939453e-01
-6.063553094863891602e-01
-1.169764637947082520e+00
-7.201385684311389923e-03
8.129480481147766113e-01
-5.092319846153259277e-01
-6.684442162513732910e-01
6.734763979911804199e-01
-4.966292381286621094e-01
2.188664525747299194e-01
-2.474923431873321533e-02
1.636776179075241089e-01
-1.505225181579589844e+00
8.024924397468566895e-01
1.637340188026428223e+00
-2.442999333143234253e-01
9.892792105674743652e-01
1.355777233839035034e-01
9.962396621704101562e-01
4.219807982444763184e-01
2.560480833053588867e-01
-6.537006497383117676e-01
1.047874689102172852e+00
-1.002137303352355957e+00
-3.453613817691802979e-02
7.079106569290161133e-01
9.506432414054870605e-01
2.576420307159423828e-01
-1.835831999778747559e+00
2.238911390304565430e+00
1.477672576904296875e+00
-1.486760228872299194e-01
-2.647284865379333496e-01
-2.065513610839843750e+00
2.826435863971710205e-01
1.103600382804870605e+00
-8.491027951240539551e-01
1.761177182197570801e+00
4.433405697345733643e-01
-9.728771448135375977e-01
-4.684347212314605713e-01
-5.640920400619506836e-01
4.537334442138671875e-01
-4.319047182798385620e-02
3.015863001346588135e-01
6.350834965705871582e-01
-1.769774705171585083e-01
1.705695629119873047e+00
-1.078791260719299316e+00
-1.267925739288330078e+00
-6.062746644020080566e-01
-1.452362239360809326e-01
-1.996785253286361694e-01
-6.158431172370910645e-01
-1.686657369136810303e-01
-4.787539541721343994e-01
9.805660843849182129e-01
-2.341196984052658081e-01
4.897568821907043457e-01
1.080534681677818298e-01
-1.173566877841949463e-01
6.077057719230651855e-01
1.047449469566345215e+00
-4.716863036155700684e-01
4.866827428340911865e-01
-5.551397800445556641e-01
-1.039051413536071777e+00
1.185176134109497070e+00
-3.065305650234222412e-01
1.157054379582405090e-01
8.577768206596374512e-01
-1.168528318405151367e+00
-2.765165269374847412e-01
-6.116798520088195801e-01
-2.215352840721607208e-02
7.093564420938491821e-02
-1.900435388088226318e-01
-1.686036705970764160e+00
3.985643982887268066e-01
2.795518338680267334e-01
5.489368438720703125e-01
-2.549573659896850586e+00
-4.015340935438871384e-03
-4.731946587562561035e-01
-1.125811815261840820e+00
7.786317914724349976e-02
-1.109916567802429199e+00
9.733664244413375854e-02
-1.155141443014144897e-01
-7.905877828598022461e-01
-1.651095747947692871e+00
-1.314141750335693359e-01
7.006926536560058594e-01
-3.345229029655456543e-01
-1.817829847335815430e+00
-6.031606793403625488e-01
6.684507727622985840e-01
1.476188778877258301e+00
-2.643044590950012207e-01
3.218780755996704102e-01
9.183111786842346191e-01
-1.062517762184143066e+00
-7.066927552223205566e-01
8.785260915756225586e-01
9.981498122215270996e-01
5.257017612457275391e-01
1.427390575408935547e+00
1.396730780601501465e+00
-2.749813199043273926e-01
1.098444104194641113e+00
-7.281259894371032715e-01
1.403174269944429398e-02
6.128578186035156250e-01
4.189427495002746582e-01
-7.585364580154418945e-01
-1.826721876859664917e-01
-9.268499910831451416e-02
-1.526953577995300293e-01
1.604021310806274414e+00
-1.856605410575866699e-01
-1.107295900583267212e-01
-5.047914385795593262e-01
-1.029989123344421387e-01
3.210378587245941162e-01
-3.742970824241638184e-01
8.483046293258666992e-01
4.218760728836059570e-01
4.912676513195037842e-01
5.197978019714355469e-01
1.838745117187500000e+00
-1.523437738418579102e+00
-1.391728520393371582e-01
-1.059624314308166504e+00
1.310190409421920776e-01
-9.531931877136230469e-01
1.327303647994995117e-01
1.685398340225219727e+00
-4.128307700157165527e-01
8.380004167556762695e-01
-1.188699603080749512e+00
4.629239439964294434e-01
-6.073848009109497070e-01
9.221335649490356445e-01
-8.485293388366699219e-01
-4.235704541206359863e-01
-8.693957328796386719e-01
-5.629186034202575684e-01
8.487626314163208008e-01
5.125417560338973999e-02
7.416236996650695801e-01
1.788672208786010742e-01
-1.538834627717733383e-02
-1.520684212446212769e-01
-5.416678786277770996e-01
1.336444467306137085e-01
4.400568604469299316e-01
9.659658074378967285e-01
-6.628607511520385742e-01
-6.375516653060913086e-01
-9.682022333145141602e-01
7.789412140846252441e-01
3.486103713512420654e-01
6.947830319404602051e-01
-1.138148665428161621e+00
-1.157907128334045410e+00
5.679884552955627441e-01
1.028833150863647461e+00
6.590073704719543457e-01
3.798423409461975098e-01
4.603745043277740479e-02
-5.517171025276184082e-01
8.071590214967727661e-02
-8.119377493858337402e-01
-7.702869176864624023e-02
1.037217974662780762e+00
-2.722242176532745361e-01
1.335279703140258789e+00
1.233165487647056580e-01
1.746792078018188477e+00
9.880628585815429688e-01
2.909319698810577393e-01
-3.470475077629089355e-01
2.330348491668701172e+00
-2.482048571109771729e-01
9.949977993965148926e-01
-2.467462420463562012e-01
1.193563789129257202e-01
1.800885647535324097e-01
-3.780570030212402344e-01
1.400303721427917480e+00
2.948127985000610352e-01
6.574916243553161621e-01
7.019658088684082031e-01
2.036782503128051758e+00
-1.172690153121948242e+00
-5.630840659141540527e-01
-9.445447325706481934e-01
-1.813184320926666260e-01
-4.945780038833618164e-01
-6.351117976009845734e-03
9.466480612754821777e-01
-3.161497712135314941e-01
-1.160146355628967285e+00
1.682575583457946777e+00
-9.151086211204528809e-01
9.825904369354248047e-01
2.346418946981430054e-01
-7.324098944664001465e-01
-5.370122194290161133e-02
1.026310682296752930e+00
1.397839784622192383e+00
-5.494450926780700684e-01
-9.793635010719299316e-01
5.091280937194824219e-01
8.934255838394165039e-01
-1.935854077339172363e+00
4.536323621869087219e-02
6.135200858116149902e-01
-3.320924937725067139e-01
6.270556449890136719e-01
-6.081958301365375519e-03
-1.044391870498657227e+00
3.999753296375274658e-01
-2.149347543716430664e+00
-4.852347075939178467e-01
-2.070793807506561279e-01
2.749631106853485107e-01
-9.007290750741958618e-02
-9.406345486640930176e-01
-6.607311964035034180e-01
-2.129359990358352661e-01
2.531311511993408203e-01
-5.815374255180358887e-01
2.897485196590423584e-01
-6.146263480186462402e-01
-1.091823816299438477e+00
-6.762737035751342773e-01
4.046114906668663025e-02
-4.371250867843627930e-01
5.638010799884796143e-03
1.853391379117965698e-01
-6.331302523612976074e-01
-6.616772413253784180e-01
3.571522831916809082e-01
-5.365793704986572266e-01
1.002578586339950562e-01
5.197436213493347168e-01
-3.710854351520538330e-01
4.307164251804351807e-01
-3.163484334945678711e-01
-1.924207925796508789e+00
-6.974714994430541992e-01
-1.277568697929382324e+00
8.493623733520507812e-01
1.030804634094238281e+00
1.562476754188537598e+00
2.879683077335357666e-01
1.752323657274246216e-01
-7.314040064811706543e-01
-7.939133048057556152e-02
6.254848837852478027e-01
1.997819095849990845e-01
-4.288126155734062195e-02
1.220391154289245605e+00
-1.153023838996887207e+00
-2.718672454357147217e-01
-1.067198514938354492e+00
-2.335730791091918945e-01
5.111601352691650391e-01
1.356869697570800781e+00
-1.518417239189147949e+00
-4.095695912837982178e-01
1.735669851303100586e+00
-1.158988356590270996e+00
-9.653976559638977051e-01
-8.867241144180297852e-01
-3.268394172191619873e-01
-1.135608315467834473e+00
5.233048796653747559e-01
1.146536469459533691e+00
4.010126590728759766e-01
8.886090517044067383e-01
-1.618351221084594727e+00
-5.777596831321716309e-01
-6.018968224525451660e-01
-5.526101589202880859e-01
-6.598437428474426270e-01
8.143954277038574219e-01
-3.079309165477752686e-01
-7.942609190940856934e-01
-7.951210141181945801e-01
-1.033876538276672363e+00
-3.347623050212860107e-01
-4.116676151752471924e-01
1.768849194049835205e-01
6.032228469848632812e-01
-2.918470203876495361e-01
-4.994795024394989014e-01
-2.009334713220596313e-01
3.541485071182250977e-01
-5.114727616310119629e-01
-7.405570242553949356e-03
-6.027461960911750793e-02
-3.637331426143646240e-01
-1.165385007858276367e+00
1.484150648117065430e+00
-6.610978841781616211e-01
8.138132691383361816e-01
-4.905922114849090576e-01
6.089047789573669434e-01
