-1.275585770606994629e+00
1.008352711796760559e-01
5.500788688659667969e-01
5.921971797943115234e-01
-1.681197732686996460e-01
2.635463140904903412e-02
-8.878582715988159180e-01
-1.722004175186157227e+00
-2.592525005340576172e+00
4.241236746311187744e-01
1.197830438613891602e+00
1.901794195175170898e+00
-2.958166897296905518e-01
2.907063625752925873e-02
-5.988981127738952637e-01
-3.648933470249176025e-01
9.792667627334594727e-01
-9.132393002510070801e-01
-7.539793252944946289e-01
1.142528891563415527e+00
-4.419428408145904541e-01
-2.803439199924468994e-01
3.236909210681915283e-02
-9.017171859741210938e-01
-4.177071154117584229e-01
-5.909412503242492676e-01
-3.356687426567077637e-01
3.372256159782409668e-01
-5.837096571922302246e-01
-1.143795132637023926e+00
9.846339225769042969e-01
1.016994476318359375e+00
1.269612789154052734e+00
6.279857754707336426e-01
-7.277255058288574219e-01
-9.298718571662902832e-01
8.354843854904174805e-01
8.409824222326278687e-02
-1.413363695144653320e+00
-8.784617781639099121e-01
1.393828511238098145e+00
1.197794824838638306e-01
2.066738009452819824e-01
-7.514113783836364746e-01
-5.193430781364440918e-01
-1.524680137634277344e+00
1.602690100669860840e+00
-1.129035830497741699e+00
-2.169662237167358398e+00
-6.471644043922424316e-01
3.241833150386810303e-01
-3.205288946628570557e-01
5.424008369445800781e-01
3.545420467853546143e-01
-3.745338916778564453e-01
-3.760220110416412354e-01
3.073301613330841064e-01
-4.710856080055236816e-01
-4.790316820144653320e-01
7.645630240440368652e-01
-1.282106161117553711e+00
1.414559483528137207e+00
1.959569379687309265e-02
3.229854702949523926e-01
7.505561113357543945e-01
1.083507299423217773e+00
-1.143843978643417358e-01
1.741285324096679688e+00
1.523614823818206787e-01
-6.183483004570007324e-01
9.837650060653686523e-01
-2.001802623271942139e-01
6.309162974357604980e-01
1.828834414482116699e+00
-1.529534459114074707e-01
1.952574402093887329e-01
9.515225291252136230e-01
7.747756838798522949e-01
5.406478643417358398e-01
7.232999801635742188e-01
3.983110189437866211e-01
1.569796681404113770e+00
-9.104189872741699219e-01
5.873091816902160645e-01
-7.798089087009429932e-02
1.704464107751846313e-01
-5.616111680865287781e-03
8.611590266227722168e-01
-1.315377950668334961e-01
-5.882154107093811035e-01
7.856304645538330078e-01
-1.627964675426483154e-01
-1.393474578857421875e+00
-1.042574167251586914e+00
-6.530427932739257812e-01
3.597316518425941467e-02
7.327472418546676636e-02
-7.491725683212280273e-01
-3.478434979915618896e-01
1.950418502092361450e-01
-2.486806213855743408e-01
1.091143965721130371e+00
-8.280116915702819824e-01
-8.059239983558654785e-01
5.701323151588439941e-01
-3.108755648136138916e-01
-2.392773032188415527e-01
3.360132575035095215e-01
5.894193053245544434e-01
-1.064488589763641357e-01
1.734064519405364990e-01
-2.790911793708801270e-01
8.977031111717224121e-01
1.605959892272949219e+00
1.109755411744117737e-01
1.140818953514099121e+00
-1.070590376853942871e+00
-1.010117411613464355e+00
-1.711439251899719238e+00
-1.049736365675926208e-01
1.549576997756958008e+00
8.507468551397323608e-02
-1.067357510328292847e-01
5.396296381950378418e-01
-8.024781346321105957e-01
5.473799109458923340e-01
-1.068690657615661621e+00
-7.907786965370178223e-01
1.535048007965087891e+00
1.330824345350265503e-01
-1.866904258728027344e+00
-1.229024529457092285e-01
-2.666662633419036865e-01
2.132246494293212891e+00
1.929448544979095459e-01
8.897015452384948730e-01
1.054065465927124023e+00
-1.134889960289001465e+00
-3.333802700042724609e+00
1.832781732082366943e-01
1.239823341369628906e+00
1.259501725435256958e-01
-4.913181662559509277e-01
-7.366467714309692383e-01
-1.441349387168884277e+00
-1.050679564476013184e+00
1.063019037246704102e+00
5.354762077331542969e-01
-2.437696158885955811e-01
1.256409049034118652e+00
8.439992368221282959e-02
-7.048934698104858398e-01
-5.494773983955383301e-01
-1.766279488801956177e-01
7.677915692329406738e-01
-6.758648753166198730e-01
2.446476370096206665e-01
-1.153347969055175781e+00
-1.102442622184753418e+00
-2.085253000259399414e+00
-3.672583401203155518e-02
-3.161888420581817627e-01
2.365697771310806274e-01
5.436420440673828125e-01
-1.988744854927062988e+00
-9.685894250869750977e-01
-1.160353515297174454e-02
1.477388620376586914e+00
-2.349810749292373657e-01
5.481875538825988770e-01
-2.888061106204986572e-01
-1.560832738876342773e+00
4.221410676836967468e-02
-9.569770097732543945e-01
5.046910643577575684e-01
-3.818497061729431152e-01
-1.610637158155441284e-01
1.317074656486511230e+00
-1.319047927856445312e+00
-4.342693090438842773e-01
-2.994349896907806396e-01
-1.759145259857177734e+00
8.887800574302673340e-01
4.268592298030853271e-01
7.869391441345214844e-01
6.483832597732543945e-01
2.167193174362182617e+00
-1.667599797248840332e+00
2.375018410384654999e-02
-1.609461158514022827e-01
-4.582782983779907227e-01
-9.036365747451782227e-01
-1.429304629564285278e-01
-8.345407992601394653e-02
4.870191588997840881e-02
-8.224140852689743042e-03
6.083558201789855957e-01
-7.937239110469818115e-02
-2.553308010101318359e-01
-5.041633248329162598e-01
-5.787669420242309570e-01
-1.381749153137207031e+00
-5.612979531288146973e-01
4.643849730491638184e-01
-1.262948155403137207e+00
-1.201891899108886719e+00
1.594763696193695068e-01
4.399091303348541260e-01
2.752700448036193848e-01
-1.541884541511535645e-01
9.211012125015258789e-01
-2.775177955627441406e-01
4.587440788745880127e-01
-7.351536154747009277e-01
1.439308166503906250e+00
1.365607231855392456e-01
1.987946778535842896e-01
-7.079878449440002441e-01
-1.559831261634826660e+00
3.498351573944091797e-01
-1.241956371814012527e-03
7.551318407058715820e-01
6.972801685333251953e-01
-1.535369157791137695e+00
-6.408517360687255859e-01
-3.773505687713623047e-01
1.057761788368225098e+00
-1.207148313522338867e+00
1.325521916151046753e-01
-4.318801462650299072e-01
1.216274976730346680e+00
2.229175418615341187e-01
4.867718815803527832e-01
-7.526029348373413086e-01
-2.032060176134109497e-01
-5.589776039123535156e-01
-1.484696507453918457e+00
-3.996529430150985718e-02
5.034373998641967773e-01
6.740262508392333984e-01
-4.258379042148590088e-01
-1.051530838012695312e+00
-1.834400773048400879e+00
3.379601538181304932e-01
-5.097841620445251465e-01
-6.222649812698364258e-01
6.482637524604797363e-01
-4.199520647525787354e-01
-1.213267922401428223e+00
1.176214933395385742e+00
2.425016369670629501e-03
9.404486417770385742e-01
6.678274869918823242e-01
-3.397734165191650391e-01
1.284362375736236572e-02
-8.014587759971618652e-01
8.079500985331833363e-04
-1.013796478509902954e-01
3.141399323940277100e-01
-7.973744869232177734e-01
3.364898920059204102e+00
-5.017824172973632812e-01
-7.044458985328674316e-01
-1.034750699996948242e+00
-1.664179414510726929e-01
7.141604274511337280e-02
-1.326000809669494629e+00
-7.843717336654663086e-01
1.006153225898742676e+00
1.011476755142211914e+00
1.438348889350891113e-01
-9.953632354736328125e-01
-1.527352690696716309e+00
7.407116889953613281e-01
-1.100434899330139160e+00
1.473191618919372559e+00
8.896968513727188110e-02
5.198724269866943359e-01
6.429196149110794067e-02
-2.052639424800872803e-01
-5.765140056610107422e-01
4.532355070114135742e-02
1.998115032911300659e-01
-6.605505943298339844e-02
-1.364794611930847168e+00
-3.964582085609436035e-01
-1.022581100463867188e+00
-8.677158355712890625e-01
4.480328559875488281e-01
7.057558894157409668e-01
4.891938567161560059e-01
-5.442130938172340393e-02
1.988649368286132812e+00
5.439991950988769531e-01
-1.268577337265014648e+00
1.320914268493652344e+00
-1.690196618437767029e-02
1.004243135452270508e+00
1.542626917362213135e-01
1.894035786390304565e-01
-7.521725296974182129e-01
5.688338875770568848e-01
-7.952427864074707031e-01
1.074656844139099121e+00
9.871974587440490723e-01
2.891218960285186768e-01
2.155154496431350708e-01
2.270997047424316406e+00
1.375306010246276855e+00
-1.204726994037628174e-01
-9.405402541160583496e-01
-5.154380798339843750e-01
8.903406262397766113e-01
8.953608274459838867e-01
-5.485926195979118347e-02
-7.744161486625671387e-01
-1.333476752042770386e-01
5.334928035736083984e-01
2.370143175125122070e+00
-9.876574277877807617e-01
2.720010280609130859e-01
-2.651500463485717773e+00
-5.183570981025695801e-01
-1.789853572845458984e-01
-5.987026263028383255e-03
-2.717175781726837158e-01
-1.861304998397827148e+00
4.608713984489440918e-01
-1.551512956619262695e+00
-1.261409163475036621e+00
-1.013128280639648438e+00
-6.407548487186431885e-02
-1.239215254783630371e+00
3.536154925823211670e-01
1.300820827484130859e+00
-1.502036213874816895e+00
4.970028698444366455e-01
-5.658113360404968262e-01
4.792982339859008789e-01
1.955874800682067871e+00
1.155119910836219788e-01
-5.606155395507812500e-01
9.601529240608215332e-01
1.409324169158935547e+00
1.081874012947082520e+00
1.767462730407714844e+00
5.600096583366394043e-01
-9.348947405815124512e-01
1.173993468284606934e+00
-7.186173796653747559e-01
9.097748249769210815e-02
1.329349637031555176e+00
-9.694582819938659668e-01
-9.431340694427490234e-01
1.162132434546947479e-02
1.059077233076095581e-01
-3.761216104030609131e-01
7.441799640655517578e-01
6.715272665023803711e-01
-9.914128184318542480e-01
1.030026793479919434e+00
2.014543056488037109e+00
-6.022998690605163574e-01
-1.006154179573059082e+00
-8.974804282188415527e-01
-5.259323716163635254e-01
-1.726004928350448608e-01
1.977669149637222290e-01
-1.688658833503723145e+00
1.296224474906921387e+00
-7.856915146112442017e-02
-1.839499711990356445e+00
7.640053033828735352e-01
-8.796184659004211426e-01
-1.030284315347671509e-01
2.879460901021957397e-02
2.303860425949096680e+00
8.890423923730850220e-02
-1.954256929457187653e-02
-9.227631688117980957e-01
-3.147402703762054443e-01
1.082096338272094727e+00
-1.589864045381546021e-01
7.194316387176513672e-01
2.097910195589065552e-01
-5.349303483963012695e-01
8.493355661630630493e-02
2.087950855493545532e-01
6.340131759643554688e-01
-1.561443656682968140e-01
1.711201906204223633e+00
-1.586168706417083740e-01
-3.986307680606842041e-01
-1.042147353291511536e-02
9.872248023748397827e-02
-4.110579788684844971e-01
1.233819484710693359e+00
2.277070283889770508e-01
5.741689801216125488e-01
2.435768127441406250e+00
1.157313466072082520e+00
-5.567016601562500000e-01
-2.416766434907913208e-01
-1.374255537986755371e+00
7.065098881721496582e-01
1.034681126475334167e-01
-8.172204494476318359e-01
6.035472750663757324e-01
-1.854504644870758057e-01
1.446139335632324219e+00
2.787719666957855225e-01
4.402129650115966797e-01
-1.479839831590652466e-01
-8.048833012580871582e-01
-1.030100941658020020e+00
-4.451462626457214355e-01
1.757316589355468750e+00
-4.719847738742828369e-01
-5.865018963813781738e-01
-1.000273346900939941e+00
-1.134552478790283203e+00
-4.686631262302398682e-01
8.308505415916442871e-01
9.982225894927978516e-01
-1.820517420768737793e+00
-4.244347810745239258e-01
1.389937639236450195e+00
6.935777068138122559e-01
-1.299297451972961426e+00
-3.515936136245727539e-01
3.883055746555328369e-01
-6.708726286888122559e-01
8.084746599197387695e-01
-1.031820416450500488e+00
-1.878647059202194214e-01
-1.299368739128112793e+00
5.082870125770568848e-01
-6.523312926292419434e-01
-5.368165373802185059e-01
-9.760829061269760132e-02
-6.735453605651855469e-01
1.052806854248046875e+00
4.608087539672851562e-01
7.805026173591613770e-01
-1.212238788604736328e+00
-1.201661452651023865e-01
1.720477223396301270e+00
-1.428981572389602661e-01
-3.041857182979583740e-01
-3.460690379142761230e-01
2.633664608001708984e+00
-1.676798611879348755e-01
8.483160138130187988e-01
1.796565763652324677e-02
-7.165536880493164062e-01
8.407365679740905762e-01
-9.702751636505126953e-01
-1.486212611198425293e+00
8.409172892570495605e-01
-3.224425911903381348e-01
-2.459001064300537109e+00
-8.370911478996276855e-01
-1.154192462563514709e-01
-8.540869951248168945e-01
5.773147344589233398e-01
-7.216457128524780273e-01
-9.665030837059020996e-01
6.801772713661193848e-01
2.920603454113006592e-01
1.040108442306518555e+00
-2.579245567321777344e-01
8.658785820007324219e-01
1.558629155158996582e+00
-6.383273005485534668e-01
4.038958549499511719e-01
1.281290054321289062e-01
8.670356869697570801e-01
3.686622157692909241e-02
1.034099817276000977e+00
-4.556408226490020752e-01
1.348414897918701172e+00
-2.411569595336914062e+00
-1.905107311904430389e-02
1.309137463569641113e+00
4.755635857582092285e-01
-3.461998105049133301e-01
-3.979194164276123047e-01
6.331270933151245117e-01
1.517235040664672852e+00
1.892985850572586060e-01
-7.996641993522644043e-01
-2.363587141036987305e+00
2.722969055175781250e-01
1.265254855155944824e+00
1.136106014251708984e+00
1.373268246650695801e+00
3.218688666820526123e-01
-8.071192502975463867e-01
-1.433027863502502441e+00
5.406001210212707520e-02
7.788770794868469238e-01
-2.590419054031372070e-01
1.117753386497497559e+00
9.486185312271118164e-01
-1.756881624460220337e-01
1.243583679199218750e+00
1.599466204643249512e-01
-1.482281684875488281e+00
4.046767354011535645e-01
8.534963726997375488e-01
-9.309188276529312134e-02
1.991949379444122314e-01
1.276942342519760132e-01
5.706166028976440430e-01
-4.639194905757904053e-01
-2.241031527519226074e-01
8.238754272460937500e-01
1.047227859497070312e+00
1.723888814449310303e-01
-1.771670103073120117e+00
8.190731406211853027e-01
6.032598018646240234e-01
1.344439268112182617e+00
-8.378755450248718262e-01
-1.926433324813842773e+00
5.983418226242065430e-01
1.377449512481689453e+00
8.843103647232055664e-01
1.385073065757751465e+00
-7.975263595581054688e-01
-1.278283447027206421e-01
2.047191858291625977e-01
-7.991686463356018066e-01
1.032308042049407959e-01
2.397388666868209839e-01
-9.903050661087036133e-01
7.965113520622253418e-01
4.628540873527526855e-01
-3.624925613403320312e-01
-1.341575503349304199e+00
-4.017823934555053711e-01
2.740593999624252319e-02
-2.613266408443450928e-01
7.492325901985168457e-01
1.159687116742134094e-01
6.136304140090942383e-01
1.717595815658569336e+00
-1.007993578910827637e+00
-1.501848816871643066e+00
-1.203308343887329102e+00
3.840920701622962952e-02
-1.633631736040115356e-01
-6.138678789138793945e-01
-1.255133628845214844e+00
1.230308413505554199e+00
1.183694720268249512e+00
-1.159400939941406250e+00
1.286198496818542480e+00
-3.445000946521759033e-01
1.002727627754211426e+00
1.989737898111343384e-01
-5.767850279808044434e-01
-9.132906794548034668e-02
1.886134624481201172e+00
3.574703037738800049e-01
-4.307350516319274902e-01
-1.329334855079650879e+00
1.729911565780639648e+00
-7.731444239616394043e-01
-1.193137526512145996e+00
3.958220481872558594e-01
6.941130012273788452e-02
-9.247418045997619629e-01
-6.297640204429626465e-01
-6.750321984291076660e-01
2.562122642993927002e-01
2.402332872152328491e-01
-2.191974371671676636e-01
-8.684442639350891113e-01
9.998251199722290039e-01
-8.108098506927490234e-01
1.541904449462890625e+00
-9.909669756889343262e-01
-4.047190546989440918e-01
6.713417172431945801e-01
-2.474844902753829956e-01
2.786833643913269043e-01
1.508714914321899414e+00
-4.034360647201538086e-01
-1.975399702787399292e-01
-6.448680758476257324e-01
4.102744460105895996e-01
-1.254060029983520508e+00
1.585417836904525757e-01
6.048355698585510254e-01
-2.597894906997680664e+00
-5.857198834419250488e-01
-1.594401597976684570e+00
7.741677761077880859e-01
4.435934424400329590e-01
6.107377409934997559e-01
1.232178330421447754e+00
-3.255700170993804932e-01
-9.926854968070983887e-01
-5.468404889106750488e-01
4.526287913322448730e-01
8.034901618957519531e-01
2.559148371219635010e-01
5.317885875701904297e-01
-6.756272912025451660e-01
-8.135764598846435547e-01
-9.799641557037830353e-04
1.570412874221801758e+00
1.953162252902984619e-01
-1.656398922204971313e-01
1.378763467073440552e-01
-2.245152711868286133e+00
1.744514852762222290e-01
3.859283924102783203e-01
-6.545547842979431152e-01
-5.839514359831809998e-02
-4.507164061069488525e-01
-9.421454668045043945e-01
1.736975908279418945e+00
2.428418211638927460e-02
-3.048523664474487305e-01
3.775562047958374023e-01
-9.312427043914794922e-01
-3.366638422012329102e-01
8.189520835876464844e-01
2.567920386791229248e-01
3.852575719356536865e-01
4.572081267833709717e-01
1.622304469347000122e-01
-2.549944818019866943e-01
-1.603743314743041992e+00
1.869196653366088867e+00
5.402790904045104980e-01
2.698637843132019043e-01
-9.275915622711181641e-01
1.146872639656066895e+00
2.862208895385265350e-02
4.664413332939147949e-01
-5.422547459602355957e-02
-1.086777567863464355e+00
1.182805061340332031e+00
2.368973046541213989e-01
3.341846466064453125e-01
7.362165451049804688e-01
1.337471485137939453e+00
1.291187405586242676e+00
1.410464048385620117e+00
-3.775331377983093262e-01
-2.893022894859313965e-01
-8.493129611015319824e-01
-4.661334156990051270e-01
-7.225947082042694092e-02
1.611288338899612427e-01
1.260407567024230957e+00
6.564776897430419922e-01
-9.754564166069030762e-01
9.906762242317199707e-01
-1.029010415077209473e-01
1.233640432357788086e+00
3.737921118736267090e-01
-5.009993910789489746e-01
1.920499205589294434e-01
-1.269289493560791016e+00
1.077329635620117188e+00
5.702170729637145996e-01
1.963651925325393677e-02
1.075568914413452148e+00
1.355246782302856445e+00
-8.788152337074279785e-01
3.373600244522094727e-01
1.262035727500915527e+00
-1.023906245827674866e-01
-3.596256971359252930e-01
-6.656847894191741943e-02
-8.384035825729370117e-01
2.366653233766555786e-01
-1.849281191825866699e+00
-8.992703258991241455e-02
1.003633856773376465e+00
-8.267116546630859375e-01
-5.506411194801330566e-01
1.089156940579414368e-01
-9.162680506706237793e-01
6.480802297592163086e-01
1.956628710031509399e-01
1.047947034239768982e-01
-3.700882494449615479e-01
-1.488624215126037598e+00
-8.184114694595336914e-01
-9.174194931983947754e-01
-3.804737925529479980e-01
2.093539535999298096e-01
-7.386780381202697754e-01
1.725228736177086830e-03
7.587188482284545898e-01
-1.414906740188598633e+00
-6.167599558830261230e-01
7.205029129981994629e-01
9.438969492912292480e-01
9.967424273490905762e-01
1.358096301555633545e-01
1.699782013893127441e+00
-5.163145065307617188e-01
-4.737036824226379395e-01
-2.573874033987522125e-02
3.254832029342651367e-01
-6.611095666885375977e-01
-9.926328808069229126e-02
1.675032734870910645e+00
6.839148402214050293e-01
7.276946902275085449e-01
6.403644680976867676e-01
-2.912227213382720947e-01
-3.689399063587188721e-01
-9.318208694458007812e-01
-1.490575522184371948e-01
9.475619196891784668e-01
-1.405596017837524414e+00
1.377680152654647827e-01
-2.943631112575531006e-01
7.154901027679443359e-01
-1.813354194164276123e-01
3.966382704675197601e-03
-8.202431797981262207e-01
-1.291146874427795410e+00
7.726987600326538086e-01
-1.185466408729553223e+00
-3.925147354602813721e-01
-1.133774280548095703e+00
8.795025944709777832e-01
-8.593237996101379395e-01
1.885833442211151123e-01
3.697481155395507812e-01
-3.090161979198455811e-01
2.580775618553161621e-01
-7.410373687744140625e-01
3.424864411354064941e-01
-1.329410433769226074e+00
6.441575288772583008e-02
-1.394632577896118164e+00
-6.424335241317749023e-01
-4.006149768829345703e-01
-2.586553990840911865e-02
1.418865919113159180e-01
5.476748943328857422e-01
-1.156342864036560059e+00
2.403962463140487671e-01
-1.351822853088378906e+00
2.854628488421440125e-02
8.738399744033813477e-01
-9.169703125953674316e-01
-1.605015695095062256e-01
-6.929377317428588867e-01
9.675432741641998291e-02
7.218024879693984985e-02
3.025107979774475098e-01
6.238834187388420105e-02
-1.334634423255920410e+00
3.260461688041687012e-01
-8.995504379272460938e-01
-9.711144566535949707e-01
4.091729819774627686e-01
1.007255554199218750e+00
