-1.204023361206054688e+00
1.770163655281066895e+00
-1.728822439908981323e-01
7.298676967620849609e-01
-6.620775461196899414e-01
2.127022504806518555e+00
-1.630839705467224121e+00
-9.970791935920715332e-01
-1.790312886238098145e+00
-1.120019257068634033e-01
2.417844057083129883e+00
2.423961400985717773e+00
3.915529698133468628e-02
-7.154278755187988281e-01
2.799695134162902832e-01
8.508239388465881348e-01
1.282984018325805664e+00
5.750183761119842529e-02
2.330314815044403076e-01
3.599701225757598877e-01
3.040315508842468262e-01
2.145293056964874268e-01
7.318608164787292480e-01
-2.486927658319473267e-01
1.458160877227783203e-01
-1.050748378038406372e-01
4.447234570980072021e-01
-1.486274242401123047e+00
1.556033547967672348e-02
3.278066813945770264e-01
6.080197691917419434e-01
7.912737131118774414e-01
5.219989418983459473e-01
-5.145989656448364258e-01
8.477350324392318726e-02
-3.216472268104553223e-01
-6.771373748779296875e-01
5.642145872116088867e-01
-8.193253874778747559e-01
-1.411497592926025391e+00
1.146169543266296387e+00
1.744451373815536499e-01
-2.304865837097167969e+00
-1.194334506988525391e+00
-1.503545641899108887e+00
-9.555197954177856445e-01
2.165129631757736206e-01
3.012300431728363037e-01
2.014438807964324951e-01
-3.910365998744964600e-01
-7.525359988212585449e-01
4.431184530258178711e-01
8.811258077621459961e-01
-7.370625436305999756e-02
-1.623670339584350586e+00
-1.156451582908630371e+00
1.216047167778015137e+00
-8.457644581794738770e-01
-5.106478929519653320e-01
1.003555580973625183e-01
7.561602592468261719e-01
2.084461748600006104e-01
-6.141305565834045410e-01
7.977097481489181519e-02
-1.999366655945777893e-02
-4.350290298461914062e-01
1.109624028205871582e+00
1.005863308906555176e+00
2.238596379756927490e-01
-9.545682072639465332e-01
1.825103759765625000e-01
1.113634705543518066e+00
8.918909430503845215e-01
1.176525235176086426e+00
-1.378292869776487350e-02
5.592616796493530273e-01
1.922382563352584839e-01
-1.394014433026313782e-02
1.154953002929687500e+00
-4.699359834194183350e-01
1.367211103439331055e+00
-1.874524056911468506e-01
-4.788268804550170898e-01
-4.884175658226013184e-01
2.196346074342727661e-01
-1.059427261352539062e-01
9.373705834150314331e-02
5.134506821632385254e-01
3.972919881343841553e-01
-1.085706710815429688e+00
1.142986416816711426e+00
5.459889173507690430e-01
1.899896621704101562e+00
8.288755416870117188e-01
3.672464191913604736e-02
1.676358222961425781e+00
8.306346535682678223e-01
-3.292734920978546143e-01
6.745768189430236816e-01
4.077262580394744873e-01
3.417751491069793701e-01
4.065046831965446472e-02
-9.840983152389526367e-02
-1.820005178451538086e-01
1.784017980098724365e-01
7.714345455169677734e-01
5.422636494040489197e-02
1.080219388008117676e+00
-1.423710227012634277e+00
2.941651046276092529e-01
7.487602531909942627e-02
-4.838322699069976807e-01
7.024707198143005371e-01
-2.421048283576965332e-01
1.073573946952819824e+00
9.446026682853698730e-01
-3.517993688583374023e-01
-1.919856816530227661e-01
-8.150089979171752930e-01
-1.164602756500244141e+00
-6.841544508934020996e-01
9.027039408683776855e-01
2.365324795246124268e-01
-5.233647823333740234e-01
-4.271937906742095947e-01
-1.023484349250793457e+00
-1.481364846229553223e+00
2.671374008059501648e-02
6.864150762557983398e-01
4.396506771445274353e-02
5.360885262489318848e-01
1.076702356338500977e+00
1.268035322427749634e-01
2.014225244522094727e+00
-3.505566343665122986e-02
9.512688517570495605e-01
1.339784502983093262e+00
-8.101613074541091919e-02
-3.260735511779785156e+00
1.118478924036026001e-01
-4.573586583137512207e-02
-4.911004006862640381e-01
2.958258688449859619e-01
-1.244742393493652344e+00
6.385077238082885742e-01
7.673816680908203125e-01
5.224249362945556641e-01
-2.802143394947052002e-01
2.290550917387008667e-01
1.132851481437683105e+00
1.603001713752746582e+00
-4.777346551418304443e-01
-3.260179162025451660e-01
8.976051211357116699e-01
7.279721498489379883e-01
-2.267062366008758545e-01
8.542311377823352814e-03
-1.006397843360900879e+00
1.703952997922897339e-01
4.110921621322631836e-01
1.167539954185485840e+00
-2.207066774368286133e+00
3.417866528034210205e-01
-3.064367175102233887e-01
-1.413383007049560547e+00
1.077172279357910156e+00
-1.036455273628234863e+00
-1.540079414844512939e-01
-1.702391356229782104e-01
-2.487477302551269531e+00
-4.519090950489044189e-01
-6.098068952560424805e-01
1.715243905782699585e-01
-1.210857987403869629e+00
1.020712137222290039e+00
6.594556570053100586e-01
-1.196694254875183105e+00
1.750044822692871094e+00
4.329103529453277588e-01
-4.729543328285217285e-01
-1.357800602912902832e+00
9.323299527168273926e-01
2.639726400375366211e-01
-6.192505955696105957e-01
7.747988104820251465e-01
1.362758159637451172e+00
4.787268340587615967e-01
-8.890976905822753906e-01
2.021020650863647461e-01
-4.503364264965057373e-01
-5.502362847328186035e-01
-8.856141567230224609e-01
8.747263550758361816e-01
5.756537914276123047e-01
-1.900031566619873047e+00
-7.162421941757202148e-01
-3.135203123092651367e-01
-1.002070784568786621e+00
-7.284001111984252930e-01
9.815172553062438965e-01
4.672686457633972168e-01
-1.677218437194824219e+00
-6.497451663017272949e-01
8.494684100151062012e-01
-1.325303673744201660e+00
-1.285200476646423340e+00
5.450301170349121094e-01
9.629493355751037598e-01
1.862253665924072266e+00
-8.235263228416442871e-01
3.178368210792541504e-01
1.334007620811462402e+00
-1.073893070220947266e+00
3.270389884710311890e-02
3.116634190082550049e-01
1.160162806510925293e+00
1.202881988137960434e-02
-6.259447932243347168e-01
-3.222735524177551270e-01
-3.877077996730804443e-01
2.551074624061584473e-01
-6.228300333023071289e-01
5.711195468902587891e-01
-2.661667764186859131e-01
-3.454386070370674133e-02
5.784124135971069336e-02
1.913475513458251953e+00
-2.200735569000244141e+00
-1.375883668661117554e-01
1.999596118927001953e+00
1.914686709642410278e-01
1.187287926673889160e+00
5.668408274650573730e-01
-6.093050241470336914e-01
1.496097564697265625e+00
3.065699040889739990e-01
-7.583969831466674805e-01
5.344516634941101074e-01
1.313877940177917480e+00
1.288122057914733887e+00
-7.628480792045593262e-01
5.373573899269104004e-01
-1.786070108413696289e+00
-1.056990146636962891e+00
-6.856997013092041016e-01
1.009104132652282715e+00
1.215550750494003296e-01
-1.193906426429748535e+00
1.796334236860275269e-01
-4.517846181988716125e-02
3.096742331981658936e-01
2.041558176279067993e-01
-4.091517925262451172e-01
1.073293209075927734e+00
1.195370435714721680e+00
-5.736211538314819336e-01
-2.420404553413391113e-01
-9.248434901237487793e-01
1.802886426448822021e-01
1.753987371921539307e-01
1.312205672264099121e+00
1.000091195106506348e+00
2.601045966148376465e-01
-1.439318776130676270e+00
7.174423933029174805e-01
5.984491668641567230e-03
-3.340541720390319824e-01
-1.152348756790161133e+00
5.439825728535652161e-02
1.151097655296325684e+00
-7.284789681434631348e-01
-4.880368709564208984e-01
6.840199977159500122e-02
1.122999072074890137e+00
4.036159217357635498e-01
-2.128982782363891602e+00
-7.194280028343200684e-01
3.861999809741973877e-01
7.245388031005859375e-01
6.238536238670349121e-01
-3.036100864410400391e-01
-6.330614537000656128e-02
1.576601862907409668e+00
-1.254974603652954102e+00
-8.784928917884826660e-01
-1.006012439727783203e+00
-7.156133651733398438e-01
-1.954969644546508789e+00
6.190778613090515137e-01
-1.835078001022338867e-01
7.365221381187438965e-01
1.253252327442169189e-01
4.800088703632354736e-01
-2.816368043422698975e-01
-1.075206398963928223e+00
-4.289480671286582947e-02
-1.816028654575347900e-01
-2.047830969095230103e-01
1.700674057006835938e+00
-3.119944334030151367e-01
-2.242081642150878906e+00
9.771863371133804321e-02
3.628136217594146729e-01
3.480328917503356934e-01
7.361329197883605957e-01
5.143098831176757812e-01
-6.038687229156494141e-01
2.376130819320678711e+00
-7.232332229614257812e-02
7.291263341903686523e-01
-5.251545310020446777e-01
-4.227578938007354736e-01
4.789794683456420898e-01
8.720900863409042358e-03
-1.235878944396972656e+00
1.565442562103271484e+00
-1.557753384113311768e-01
-1.310119152069091797e+00
2.194511413574218750e+00
7.946337461471557617e-01
-2.185922563076019287e-01
4.274084568023681641e-01
-2.708210647106170654e-01
-7.196304202079772949e-01
2.509178519248962402e-01
-1.493300437927246094e+00
-2.177157640457153320e+00
-9.772011637687683105e-01
-1.245179653167724609e+00
-2.802231073379516602e+00
-5.335307717323303223e-01
-1.843213200569152832e+00
4.222321808338165283e-01
1.794177442789077759e-01
-3.088139593601226807e-01
-6.194738149642944336e-01
7.668684720993041992e-01
9.726779907941818237e-02
1.938969045877456665e-01
9.013932943344116211e-01
-2.077481299638748169e-01
-2.606530904769897461e+00
3.876035809516906738e-01
2.173962116241455078e+00
7.929806709289550781e-01
-6.390187889337539673e-02
3.491695970296859741e-02
-4.273550510406494141e-01
5.251772999763488770e-01
-5.197534561157226562e-01
9.208997488021850586e-01
-1.713350564241409302e-01
2.107085138559341431e-01
-9.655216932296752930e-01
-1.437930583953857422e+00
-2.210337072610855103e-01
-4.895631074905395508e-01
-1.042845368385314941e+00
-7.517810463905334473e-01
2.060624063014984131e-01
1.183021903038024902e+00
9.760961532592773438e-01
-8.446331024169921875e-01
-3.368515074253082275e-01
-1.347899198532104492e+00
-1.476179718971252441e+00
-7.048037052154541016e-01
6.807170510292053223e-01
-1.548385024070739746e+00
5.485885143280029297e-01
7.171177864074707031e-02
-1.968173086643218994e-01
6.205920577049255371e-01
6.224723458290100098e-01
-1.162508249282836914e+00
6.748639345169067383e-01
2.059629559516906738e-01
5.415780097246170044e-02
-7.727533578872680664e-01
-1.214466691017150879e+00
-1.607285737991333008e-01
-1.505146622657775879e+00
-1.690918207168579102e-01
-2.232990115880966187e-01
1.540693044662475586e-01
-2.740355134010314941e-01
9.522103667259216309e-01
-3.460994064807891846e-01
3.225498497486114502e-01
-1.987943053245544434e+00
9.635989665985107422e-01
1.362431883811950684e+00
-5.650309324264526367e-01
5.924348235130310059e-01
-3.499242961406707764e-01
1.405619680881500244e-01
-3.004712760448455811e-01
5.140549540519714355e-01
2.519986331462860107e-01
3.736810684204101562e-01
1.111194729804992676e+00
-1.117074847221374512e+00
-2.425116300582885742e-01
-1.347243905067443848e+00
1.072483658790588379e+00
-6.600274145603179932e-02
4.858508408069610596e-01
-7.206826210021972656e-01
2.081188857555389404e-01
1.494403243064880371e+00
2.908956050872802734e+00
9.080440998077392578e-01
3.417161107063293457e-01
2.223701953887939453e+00
-1.362732291221618652e+00
-2.665387630462646484e+00
2.783536195755004883e+00
-5.746585726737976074e-01
-1.347894430160522461e+00
-1.098209246993064880e-02
-7.663146257400512695e-01
-7.838246971368789673e-02
1.094478726387023926e+00
1.208275198936462402e+00
-5.244417786598205566e-01
-1.566111803054809570e+00
1.364155411720275879e+00
-4.512676000595092773e-01
-2.755319356918334961e+00
1.375447392463684082e+00
4.092764854431152344e-01
-1.210061982274055481e-01
-1.039564847946166992e+00
6.078760623931884766e-01
-1.409126222133636475e-01
-1.590933680534362793e+00
5.067746043205261230e-01
-8.537667393684387207e-01
-1.825553178787231445e-01
-5.196626186370849609e-01
-9.980086684226989746e-01
1.564317941665649414e-01
1.609993278980255127e-01
-1.117479130625724792e-01
2.254637628793716431e-01
-3.490568399429321289e-01
-1.373887896537780762e+00
-8.766339421272277832e-01
3.529979288578033447e-01
-7.160128951072692871e-01
1.659919321537017822e-02
-1.613961338996887207e+00
1.367191523313522339e-01
-2.400704622268676758e-01
-2.639224827289581299e-01
8.110533952713012695e-01
-1.110412716865539551e+00
3.514081537723541260e-01
-4.693621397018432617e-02
-8.019537329673767090e-01
-1.274328708648681641e+00
3.473487123847007751e-02
-2.945740222930908203e-01
-8.357597142457962036e-02
-8.194785118103027344e-01
1.479025483131408691e+00
-1.079010725021362305e+00
-4.945139884948730469e-01
8.352300524711608887e-02
-9.171046614646911621e-01
7.596663236618041992e-01
-1.213541552424430847e-01
-1.214444875717163086e+00
-1.386329680681228638e-01
7.831329703330993652e-01
-1.293805837631225586e-01
1.031582832336425781e+00
-2.872925400733947754e-01
1.297258138656616211e-01
-1.288557171821594238e+00
7.397278547286987305e-01
-1.201809644699096680e+00
-1.280937433242797852e+00
1.128886699676513672e+00
1.169362187385559082e+00
-3.967595696449279785e-01
-6.475741267204284668e-01
2.182008266448974609e+00
1.299609065055847168e+00
-1.414397656917572021e-01
-4.203676879405975342e-01
-3.046127557754516602e+00
1.390013933181762695e+00
8.148812651634216309e-01
4.618702083826065063e-02
5.819436311721801758e-01
-8.365375399589538574e-01
-1.380596280097961426e+00
-2.800420820713043213e-01
-1.023663520812988281e+00
3.623816370964050293e-01
2.217579483985900879e-01
1.060877203941345215e+00
3.803357779979705811e-01
1.146968722343444824e+00
6.369767785072326660e-01
1.347184062004089355e+00
-1.035195708274841309e+00
-5.385624766349792480e-01
-2.077464908361434937e-01
8.727861046791076660e-01
-4.530177712440490723e-01
2.848747968673706055e-01
-1.231273293495178223e+00
5.663051605224609375e-01
1.976610541343688965e+00
1.365135192871093750e+00
1.482515782117843628e-01
-7.357042431831359863e-01
7.185310870409011841e-02
5.270701050758361816e-01
-4.803596138954162598e-01
1.275440335273742676e+00
-2.527609765529632568e-01
-9.544486552476882935e-02
7.705683708190917969e-01
-1.363246679306030273e+00
-7.044470310211181641e-02
1.932417869567871094e+00
-1.691919207572937012e+00
-1.249175429344177246e+00
4.535541236400604248e-01
6.518545150756835938e-01
-1.129610538482666016e+00
6.907281279563903809e-01
-1.021819472312927246e+00
1.844244122505187988e+00
-3.042763471603393555e-01
-1.269930839538574219e+00
-1.681126713752746582e+00
1.710801571607589722e-01
-6.709603667259216309e-01
7.142033576965332031e-01
8.933473229408264160e-01
2.828741073608398438e-01
2.645599842071533203e-01
5.345867872238159180e-01
-4.015700891613960266e-02
-2.290193289518356323e-01
-2.155282974243164062e+00
4.150981009006500244e-01
-8.209268450736999512e-01
2.049775272607803345e-01
-4.561535120010375977e-01
8.122901916503906250e-01
-6.842636466026306152e-01
-5.054442882537841797e-01
1.426886916160583496e+00
5.681308507919311523e-01
-3.343685865402221680e-01
1.039396286010742188e+00
4.334355592727661133e-01
-3.473165929317474365e-01
-1.179468631744384766e+00
7.119824290275573730e-01
4.755102097988128662e-01
-3.554980158805847168e-01
2.487638235092163086e+00
1.258435964584350586e+00
-6.033225655555725098e-01
-2.248410582542419434e-01
6.276473999023437500e-01
5.347071290016174316e-01
-3.120060861110687256e-01
-6.294646859169006348e-01
7.605661749839782715e-01
-7.946504950523376465e-01
6.092064976692199707e-01
3.093442022800445557e-01
7.612362504005432129e-01
-5.329307913780212402e-01
-2.314859777688980103e-01
-2.376110851764678955e-01
4.868616163730621338e-01
3.042332828044891357e-01
-1.305350303649902344e+00
-4.809576869010925293e-01
-5.401499271392822266e-01
-1.415210604667663574e+00
-1.091368421912193298e-01
-7.803053259849548340e-01
9.297306835651397705e-02
-5.754717439413070679e-02
-3.457797765731811523e-01
4.822109043598175049e-01
-1.647425293922424316e+00
7.454138994216918945e-01
1.272176951169967651e-01
8.812742829322814941e-01
3.903338909149169922e-01
1.206774637103080750e-01
2.508991658687591553e-01
7.278224825859069824e-01
-5.873335599899291992e-01
-1.172342300415039062e+00
9.010847210884094238e-01
7.332575917243957520e-01
7.912199497222900391e-01
1.298406571149826050e-01
2.198325991630554199e-01
-8.750575780868530273e-01
2.372202426195144653e-01
-5.781273245811462402e-01
1.478750348091125488e+00
4.079991579055786133e-01
-6.870883107185363770e-01
-1.267417192459106445e+00
-1.148149728775024414e+00
2.805577814579010010e-01
-8.463591337203979492e-01
6.788221597671508789e-01
-1.309206843376159668e+00
-1.320547163486480713e-01
4.362212717533111572e-01
4.946124851703643799e-01
4.697046577930450439e-01
5.365036725997924805e-01
2.353586107492446899e-01
-3.216283023357391357e-02
1.245673596858978271e-01
-9.879450798034667969e-01
-8.504513502120971680e-01
-3.348373994231224060e-02
4.046212434768676758e-01
1.361758947372436523e+00
-5.020248517394065857e-02
2.168190717697143555e+00
-3.565538227558135986e-01
-4.874972105026245117e-01
-4.003424346446990967e-01
1.617118716239929199e-01
4.207743406295776367e-01
-5.484362840652465820e-01
-2.489074319601058960e-01
1.590506881475448608e-01
1.026564612984657288e-01
8.144089579582214355e-01
1.530263423919677734e+00
1.353540897369384766e+00
-8.651975393295288086e-01
2.042817473411560059e-01
1.679026246070861816e+00
1.942005902528762817e-01
-3.889235854148864746e-01
9.285662672482430935e-04
-8.585778474807739258e-01
5.758174061775207520e-01
-5.149116516113281250e-01
8.652011156082153320e-01
-1.123610958456993103e-01
7.926994562149047852e-01
1.242154121398925781e+00
3.356973528861999512e-01
1.909452080726623535e+00
-1.179544627666473389e-01
-1.562294602394104004e+00
-9.663571119308471680e-01
1.258574366569519043e+00
-2.629981637001037598e-01
9.690120071172714233e-02
-3.441655933856964111e-01
5.800123214721679688e-01
1.610473275184631348e+00
-8.613654375076293945e-01
-1.203773736953735352e+00
-7.936084270477294922e-01
2.336760014295578003e-01
3.675388395786285400e-01
-7.906486839056015015e-02
-1.530460864305496216e-01
-2.150475382804870605e-01
-2.939679145812988281e+00
-1.127563238143920898e+00
1.252227902412414551e+00
1.708260029554367065e-01
1.773524284362792969e-01
-6.894397139549255371e-01
-1.666734218597412109e+00
1.011291980743408203e+00
3.093581199645996094e-01
-2.070907115936279297e+00
8.540553450584411621e-01
-1.876235127449035645e+00
-1.850692033767700195e+00
-2.479319870471954346e-01
-2.940911352634429932e-01
-9.717918634414672852e-01
-7.194749116897583008e-01
-1.525028944015502930e-01
-6.285690665245056152e-01
-6.291035413742065430e-01
-8.714245557785034180e-01
1.076144456863403320e+00
1.342068910598754883e+00
-2.381260097026824951e-01
-2.125213891267776489e-01
-3.933363556861877441e-01
1.423032134771347046e-01
-1.196344852447509766e+00
1.534915715456008911e-01
-2.417326211929321289e+00
-2.995555698871612549e-01
1.393176913261413574e+00
-2.171135097742080688e-01
5.984945893287658691e-01
8.253654241561889648e-01
-1.154214739799499512e+00
-2.143886834383010864e-01
1.197205066680908203e+00
8.741808682680130005e-02
-2.628765404224395752e-01
-2.969025373458862305e-01
-1.561702787876129150e-01
5.505722761154174805e-01
3.220167756080627441e-01
-1.156185150146484375e+00
4.819139242172241211e-01
-4.403249025344848633e-01
-8.181404471397399902e-01
3.883070349693298340e-01
2.081610679626464844e+00
-9.229243993759155273e-01
2.345345020294189453e-01
-1.259180605411529541e-01
2.045804113149642944e-01
-5.845891833305358887e-01
9.184065461158752441e-01
1.428931117057800293e+00
5.733682513236999512e-01
5.111121013760566711e-02
-6.019310355186462402e-01
-9.768313169479370117e-02
1.356689482927322388e-01
-1.222492754459381104e-01
4.264124333858489990e-01
5.227137804031372070e-01
-9.229640364646911621e-01
4.787541627883911133e-01
3.170531690120697021e-01
-8.930909037590026855e-01
-6.160398125648498535e-01
-3.079911768436431885e-01
3.744387328624725342e-01
-1.422234028577804565e-01
-1.942506879568099976e-01
-1.141251444816589355e+00
-1.315804481506347656e+00
2.934212088584899902e-01
-9.628327488899230957e-01
1.549067497253417969e-01
-2.287748575210571289e+00
1.153836846351623535e+00
1.114459186792373657e-01
7.773551940917968750e-01
-4.543860554695129395e-01
5.238329172134399414e-01
-1.091000959277153015e-01
-7.457891106605529785e-01
