-1.637719750404357910e+00
9.610292315483093262e-01
-5.559357404708862305e-01
8.012643456459045410e-01
9.129053950309753418e-01
6.452047824859619141e-01
-1.355282187461853027e+00
-1.376380205154418945e+00
-1.460123896598815918e+00
4.283031821250915527e-01
8.135114908218383789e-01
1.389601945877075195e+00
-2.337459176778793335e-01
-2.882312238216400146e-01
5.457303524017333984e-01
-1.098207473754882812e+00
4.030871987342834473e-01
-1.591158270835876465e+00
-2.048868536949157715e-01
2.034585922956466675e-01
-2.900365591049194336e-01
-5.551046133041381836e-01
5.054711699485778809e-01
9.580287337303161621e-02
-6.348428726196289062e-01
5.732948184013366699e-01
-5.523682832717895508e-01
-2.863061130046844482e-01
1.037914678454399109e-01
-1.403052657842636108e-01
8.665932416915893555e-01
9.519088864326477051e-01
-2.235325574874877930e-01
1.194406032562255859e+00
-4.235893785953521729e-01
-4.677089452743530273e-01
-6.224108934402465820e-01
7.050234675407409668e-01
-1.345290541648864746e+00
-1.395724415779113770e+00
1.646442055702209473e+00
-3.542157113552093506e-01
-1.635172069072723389e-01
-8.406490087509155273e-01
-9.508991241455078125e-02
-2.485639572143554688e+00
7.972377538681030273e-01
1.773280352354049683e-01
-3.041948974132537842e-01
-3.161350488662719727e-01
-4.500291645526885986e-01
-5.989749431610107422e-01
7.018930315971374512e-01
8.733767271041870117e-01
1.896190345287322998e-01
-2.716464400291442871e-01
8.684712648391723633e-01
2.359049171209335327e-01
2.776960134506225586e-01
-2.076244205236434937e-01
2.820789515972137451e-01
1.322283387184143066e+00
4.744498804211616516e-02
-4.512718021869659424e-01
9.423726052045822144e-02
-7.739649415016174316e-01
-8.885461688041687012e-01
1.868485212326049805e+00
-1.077125668525695801e-01
-1.355578184127807617e+00
4.370962381362915039e-01
9.720402359962463379e-01
5.377814173698425293e-01
1.625578284263610840e+00
3.513435423374176025e-01
1.251161098480224609e+00
4.196676611900329590e-01
3.134243190288543701e-01
-3.929243683815002441e-01
4.168531000614166260e-01
1.634376049041748047e-01
1.390590667724609375e+00
-4.289248585700988770e-01
2.570373415946960449e-01
-3.322914242744445801e-01
-4.325443506240844727e-01
-6.264466792345046997e-02
1.974820137023925781e+00
-4.717974960803985596e-01
-7.059009671211242676e-01
1.422178864479064941e+00
-3.103284165263175964e-02
-5.918353050947189331e-02
-6.773422360420227051e-01
-5.348855853080749512e-01
2.481158077716827393e-01
2.163347005844116211e-01
-6.628739237785339355e-01
4.603919088840484619e-01
-2.626776397228240967e-01
-1.958259463310241699e+00
7.338905930519104004e-01
-6.852964162826538086e-01
-1.518576264381408691e+00
7.956263422966003418e-01
1.618185043334960938e-01
-4.168670773506164551e-01
1.248903512954711914e+00
-2.037180662155151367e-01
8.691624552011489868e-02
-3.163815140724182129e-01
6.446931511163711548e-02
-7.296735048294067383e-01
-3.738772869110107422e-01
2.783918678760528564e-01
2.171333074569702148e+00
5.184729099273681641e-01
-2.002505809068679810e-01
2.575472556054592133e-02
-7.988362312316894531e-01
7.803435325622558594e-01
-3.386897444725036621e-01
2.918758690357208252e-01
-6.854181289672851562e-01
-8.071991801261901855e-01
1.299689859151840210e-01
-8.627726435661315918e-01
-2.452699840068817139e-01
2.774019241333007812e-01
5.325030684471130371e-01
7.414678931236267090e-01
7.155656218528747559e-01
-1.229121908545494080e-01
2.611267566680908203e+00
7.448440194129943848e-01
7.087016105651855469e-01
2.002001762390136719e+00
-7.070182561874389648e-01
-2.463752269744873047e+00
1.273109912872314453e+00
9.431533217430114746e-01
-1.068047165870666504e+00
4.075323641300201416e-01
-8.847849965095520020e-01
-1.179222941398620605e+00
-1.478792279958724976e-01
7.092783451080322266e-01
-4.953005611896514893e-01
-5.074211955070495605e-01
1.425022006034851074e+00
7.173166871070861816e-01
-5.208495855331420898e-01
-2.440308481454849243e-01
1.110420301556587219e-01
6.574008464813232422e-01
-4.557641446590423584e-01
3.717463016510009766e-01
4.949243366718292236e-01
-1.265462398529052734e+00
-9.341856837272644043e-01
1.981503248214721680e+00
-2.138870656490325928e-01
1.342938661575317383e+00
3.567875623703002930e-01
-5.893988609313964844e-01
3.241319656372070312e-01
-2.281843312084674835e-02
1.187940835952758789e+00
-4.222779870033264160e-01
-4.178615212440490723e-01
-1.029855132102966309e+00
-1.581757187843322754e+00
5.140171647071838379e-01
-1.108335614204406738e+00
3.903122544288635254e-01
-2.053488641977310181e-01
2.102263718843460083e-01
1.774484276771545410e+00
8.114176243543624878e-02
-2.323123216629028320e-01
-1.516398787498474121e+00
-6.213663816452026367e-01
1.044629454612731934e+00
3.936070203781127930e-02
-6.522580236196517944e-02
1.357905030250549316e+00
5.301800370216369629e-01
-2.375220060348510742e+00
-2.778330147266387939e-01
-2.568283975124359131e-01
-7.363810539245605469e-01
3.211871981620788574e-01
-4.940128624439239502e-01
3.570459187030792236e-01
-1.350501656532287598e+00
-1.244205981492996216e-01
1.698348373174667358e-01
-1.190249398350715637e-01
-3.725340366363525391e-01
-2.112601399421691895e-01
-3.925197944045066833e-02
-4.021352231502532959e-01
-3.415189385414123535e-01
8.332356810569763184e-01
-1.083289384841918945e+00
-8.042733669281005859e-01
6.847001612186431885e-02
1.654449820518493652e+00
1.617844700813293457e+00
-1.183792114257812500e+00
-3.125484883785247803e-01
8.808367252349853516e-01
7.977852225303649902e-02
-7.544243335723876953e-01
1.317135810852050781e+00
-5.722363591194152832e-01
-3.182331621646881104e-01
-3.626675009727478027e-01
4.180063009262084961e-01
3.253522813320159912e-01
-7.439159154891967773e-01
1.085673093795776367e+00
-1.544986665248870850e-01
-7.350546121597290039e-01
-2.406537085771560669e-01
-6.567670702934265137e-01
9.196923375129699707e-01
-9.706443548202514648e-01
2.739678025245666504e-01
7.332668304443359375e-01
-7.742592692375183105e-01
1.200097680091857910e+00
-1.025432124733924866e-01
-1.481253147125244141e+00
-1.341680288314819336e-01
-4.768095910549163818e-01
-1.407283425331115723e+00
-4.573582708835601807e-01
4.868971407413482666e-01
8.806620240211486816e-01
2.647326588630676270e-01
5.196157097816467285e-02
-8.368374109268188477e-01
6.337105482816696167e-02
2.994184494018554688e-01
-8.490836620330810547e-01
-4.154970347881317139e-01
-1.126570701599121094e+00
-3.586542010307312012e-01
-1.116469353437423706e-01
2.092577219009399414e-01
-2.228157520294189453e-01
4.715692400932312012e-01
5.753453969955444336e-01
-1.766565144062042236e-01
-3.440533876419067383e-01
-1.977554708719253540e-01
5.567834377288818359e-01
2.832978963851928711e-01
-7.048872709274291992e-01
1.852186679840087891e+00
8.423388004302978516e-01
3.638276755809783936e-01
-6.662335246801376343e-02
6.656985282897949219e-01
3.453654935583472252e-03
-8.393745422363281250e-01
7.998928427696228027e-01
-4.340884983539581299e-01
1.157182216644287109e+00
-5.149722695350646973e-01
-1.318859815597534180e+00
1.821100264787673950e-01
9.650470614433288574e-01
7.579943537712097168e-01
-1.097803115844726562e+00
-2.368860691785812378e-01
5.884333252906799316e-01
-3.459298908710479736e-01
-6.777027845382690430e-01
-2.362217903137207031e-01
1.812582165002822876e-01
1.275228857994079590e+00
-6.831238269805908203e-01
1.094891950488090515e-01
-3.893769681453704834e-01
2.126213908195495605e-01
-1.722744703292846680e+00
4.432401359081268311e-01
-5.512635111808776855e-01
9.966452121734619141e-01
-4.678416550159454346e-01
3.384973406791687012e-01
3.809798359870910645e-01
-4.650840163230895996e-01
-2.655994594097137451e-01
-3.796008527278900146e-01
1.258575797080993652e+00
9.998352527618408203e-01
9.287784099578857422e-01
-1.240197420120239258e+00
4.506498277187347412e-01
-2.418963909149169922e+00
1.542636305093765259e-01
-7.753998637199401855e-01
8.009754419326782227e-01
1.000683754682540894e-01
1.536972522735595703e+00
8.426589965820312500e-01
4.738862216472625732e-01
-9.729121327400207520e-01
-7.821663022041320801e-01
4.430914819240570068e-01
-2.784159183502197266e-01
-1.100558996200561523e+00
1.639878392219543457e+00
-1.256921589374542236e-01
3.090859651565551758e-01
2.426754474639892578e+00
3.414086103439331055e-01
-4.036771357059478760e-01
-1.161175012588500977e+00
-4.004241824150085449e-01
-3.247844874858856201e-01
-3.874104917049407959e-01
-2.101842641830444336e+00
-9.847876429557800293e-01
3.997108340263366699e-01
-5.774453878402709961e-01
-2.359543800354003906e+00
-1.442586183547973633e+00
-8.270109891891479492e-01
-2.507844269275665283e-01
1.112933278083801270e+00
7.545326948165893555e-01
-4.052456319332122803e-01
-1.874604970216751099e-01
-9.421027898788452148e-01
-8.949045091867446899e-02
1.904077649116516113e+00
-6.725353598594665527e-01
-9.254064559936523438e-01
-1.023431420326232910e+00
6.761911511421203613e-01
9.965858459472656250e-01
4.942943155765533447e-01
3.128547668457031250e-01
-6.276785731315612793e-01
3.317571580410003662e-01
-1.643179416656494141e+00
1.527454257011413574e+00
1.239546775817871094e+00
-4.276556968688964844e-01
-1.312034606933593750e+00
2.594574689865112305e-01
5.160881206393241882e-03
3.003960475325584412e-02
1.028172001242637634e-01
-3.345179855823516846e-01
5.857601389288902283e-02
1.585229992866516113e+00
2.488773822784423828e+00
2.250803560018539429e-01
-3.812720775604248047e-01
-2.652655839920043945e-01
-1.145953416824340820e+00
-3.059411644935607910e-01
-5.422605276107788086e-01
-1.431962966918945312e+00
4.326838254928588867e-01
-4.120419025421142578e-01
-1.923635125160217285e+00
9.852240085601806641e-01
1.279198676347732544e-01
-2.278427034616470337e-01
-2.425526678562164307e-01
-3.009666502475738525e-01
-4.348997175693511963e-01
1.690014004707336426e-01
-8.689282536506652832e-01
1.023950576782226562e+00
2.879905700683593750e-01
-1.524938344955444336e-01
-1.196764111518859863e+00
2.147304713726043701e-01
-7.481387257575988770e-01
8.731558918952941895e-01
-1.275601744651794434e+00
9.701291918754577637e-01
3.055671453475952148e-01
1.599385738372802734e+00
5.624430775642395020e-01
-1.185048222541809082e+00
6.717231273651123047e-01
-1.193037152290344238e+00
2.171538472175598145e-01
5.264044404029846191e-01
-1.727375984191894531e-01
4.991693794727325439e-01
1.854745745658874512e+00
5.663025975227355957e-01
-2.554273366928100586e+00
-8.985530138015747070e-01
-9.267393350601196289e-01
2.655881345272064209e-01
4.733744636178016663e-02
4.006847143173217773e-01
5.135559439659118652e-01
9.365255385637283325e-02
2.455819606781005859e+00
4.441221356391906738e-01
9.748089313507080078e-01
2.749113142490386963e-01
3.365868330001831055e-01
-1.460419535636901855e+00
-9.534072279930114746e-01
4.151016712188720703e+00
-2.832782268524169922e-01
-3.934242725372314453e-01
-8.642121553421020508e-01
-5.950145125389099121e-01
-5.570929050445556641e-01
-2.218891382217407227e-01
8.385962247848510742e-01
-6.894965171813964844e-01
5.213772654533386230e-01
1.725509524345397949e+00
7.851300239562988281e-01
-1.658676147460937500e+00
-4.565403163433074951e-01
2.969234585762023926e-01
-8.388001322746276855e-01
6.474417448043823242e-01
3.624788820743560791e-01
5.613369941711425781e-01
-2.231940507888793945e+00
1.258472204208374023e+00
-9.154902100563049316e-01
-7.999075055122375488e-01
4.334119260311126709e-01
-1.332165479660034180e+00
6.620346754789352417e-02
7.078139483928680420e-02
7.818530201911926270e-01
-4.839287102222442627e-01
5.138323828577995300e-02
1.241517305374145508e+00
9.061004966497421265e-02
-3.316661417484283447e-01
1.581121683120727539e-01
1.910911321640014648e+00
-1.546040773391723633e+00
4.729323089122772217e-01
1.278716176748275757e-01
-1.518196344375610352e+00
8.065479993820190430e-01
-1.701948761940002441e+00
-1.195113182067871094e+00
1.331434965133666992e+00
-1.048496961593627930e+00
-6.272473931312561035e-01
-9.680095314979553223e-01
5.121618509292602539e-01
5.128459930419921875e-01
-3.307906687259674072e-01
8.259865641593933105e-01
-7.611313462257385254e-01
-1.050777733325958252e-01
-1.042732357978820801e+00
5.369773507118225098e-01
1.211744025349617004e-01
7.460258007049560547e-01
6.693975925445556641e-01
-3.354358673095703125e-01
1.087267875671386719e+00
-2.317081540822982788e-01
2.452267408370971680e-01
-4.494970440864562988e-01
8.070606589317321777e-01
-5.423828363418579102e-01
1.148449063301086426e+00
-1.022807478904724121e+00
-4.537270665168762207e-01
1.112553954124450684e+00
1.099880695343017578e+00
5.550364255905151367e-01
-8.986324071884155273e-01
1.507480263710021973e+00
1.942948698997497559e+00
-4.862191081047058105e-01
-3.925600945949554443e-01
-2.427834987640380859e+00
3.879870176315307617e-01
7.921577095985412598e-01
-6.811232119798660278e-02
7.634818553924560547e-01
-3.676908612251281738e-01
-1.673742294311523438e+00
-7.905601859092712402e-01
-7.922940254211425781e-01
3.118920028209686279e-01
5.924459695816040039e-01
7.962747812271118164e-01
1.102979540824890137e+00
8.783327043056488037e-02
7.559869885444641113e-01
3.086077868938446045e-01
-1.139033794403076172e+00
6.476115584373474121e-01
-7.365136742591857910e-01
-1.047444641590118408e-01
-9.084510207176208496e-01
2.174423262476921082e-02
-9.179701209068298340e-01
-1.562964469194412231e-01
-1.557124257087707520e-01
6.824783682823181152e-01
-1.535300463438034058e-01
-5.304816365242004395e-01
-1.850387305021286011e-01
1.081590652465820312e+00
-7.033569216728210449e-01
9.196457862854003906e-01
3.245835304260253906e-01
-6.446402072906494141e-01
-7.123798877000808716e-02
-8.067248463630676270e-01
7.654733061790466309e-01
1.690373182296752930e+00
-8.712989687919616699e-01
-6.627635955810546875e-01
-3.290596604347229004e-01
-1.035348415374755859e+00
-7.204310297966003418e-01
-7.499324679374694824e-01
-2.653920650482177734e+00
3.655767738819122314e-01
4.622463285923004150e-01
1.474938094615936279e-01
-1.317969799041748047e+00
-4.449694454669952393e-01
-1.134626746177673340e+00
-2.168947458267211914e-01
4.773143231868743896e-01
9.322091937065124512e-01
1.143321245908737183e-01
7.613490223884582520e-01
-7.428680658340454102e-01
-5.072355270385742188e-01
-1.453264504671096802e-01
1.153216838836669922e+00
-7.413791418075561523e-01
-1.720183610916137695e+00
-2.170228004455566406e+00
-3.405106067657470703e-02
1.119921088218688965e+00
-2.768559753894805908e-01
7.861867547035217285e-01
1.150556445121765137e+00
-4.584461450576782227e-02
-1.776662170886993408e-01
-2.822954356670379639e-01
-5.924737825989723206e-02
6.155443787574768066e-01
7.736364603042602539e-01
4.989148080348968506e-01
-4.857834875583648682e-01
1.965091466903686523e+00
8.783245459198951721e-03
-8.482468724250793457e-01
1.703935623168945312e+00
-1.041652679443359375e+00
-3.030561506748199463e-01
7.586832344532012939e-02
-8.295342326164245605e-01
1.473647117614746094e+00
9.598605632781982422e-01
-3.496589660644531250e-01
-4.917181432247161865e-01
9.251816570758819580e-02
-8.240543603897094727e-01
3.502609431743621826e-01
-3.377045094966888428e-01
6.410736441612243652e-01
8.132023811340332031e-01
7.098667025566101074e-01
2.004151493310928345e-01
2.417909622192382812e+00
-2.188283681869506836e+00
-1.146827220916748047e+00
-1.376253962516784668e+00
-4.206358790397644043e-01
-1.055021047592163086e+00
-3.560970127582550049e-01
1.759748347103595734e-02
-1.737677454948425293e+00
5.340875983238220215e-01
-9.604268074035644531e-01
1.797145605087280273e+00
7.875649333000183105e-01
7.230144739151000977e-01
-5.736548304557800293e-01
-8.400478214025497437e-02
-1.317214369773864746e+00
-4.549606144428253174e-01
-1.524164080619812012e-01
1.570591092109680176e+00
8.353030085563659668e-01
-3.106747269630432129e-01
-4.413383901119232178e-01
-1.774150490760803223e+00
-2.078809142112731934e-01
3.794894218444824219e-01
6.772552728652954102e-01
1.856350898742675781e-01
7.747486978769302368e-02
-6.389365792274475098e-01
-5.042434334754943848e-01
-4.965362548828125000e-01
-3.339294195175170898e-01
-2.941505052149295807e-02
-3.399928808212280273e-01
-9.360524415969848633e-01
1.539500713348388672e+00
1.327983140945434570e+00
-7.012810111045837402e-01
4.672934710979461670e-01
4.502422213554382324e-01
1.996726393699645996e-01
4.893481731414794922e-01
-4.100112617015838623e-01
-2.293011546134948730e-01
1.891400516033172607e-01
2.355351299047470093e-02
-3.988980650901794434e-01
-7.884587645530700684e-01
1.788841128349304199e+00
6.801550388336181641e-01
-2.585088834166526794e-02
-2.929679453372955322e-01
1.635910868644714355e+00
-1.636286079883575439e-01
3.340407609939575195e-01
-2.280870079994201660e-01
-1.677601188421249390e-01
-6.199074983596801758e-01
-3.157879710197448730e-01
1.736150622367858887e+00
4.550563693046569824e-01
3.403131067752838135e-01
6.512401700019836426e-01
1.660715699195861816e+00
2.964558005332946777e-01
-2.691338062286376953e-01
-2.831200361251831055e-01
-9.235725402832031250e-01
2.727613747119903564e-01
-4.988260865211486816e-01
8.777476549148559570e-01
-3.063405677676200867e-02
-2.716720402240753174e-01
1.836237072944641113e+00
5.560261011123657227e-01
1.426701426506042480e+00
1.338116884231567383e+00
-5.096302032470703125e-01
-5.311224460601806641e-01
1.019158124923706055e+00
3.563601672649383545e-01
2.434024065732955933e-01
-1.253198266029357910e+00
1.424666196107864380e-01
1.452232360839843750e+00
-2.509153187274932861e-01
4.307203590869903564e-01
1.088191390037536621e+00
-3.958921134471893311e-01
6.066277623176574707e-01
-3.989686258137226105e-03
-1.453049659729003906e+00
3.075084183365106583e-03
-2.279719829559326172e+00
-5.409001708030700684e-01
4.574011266231536865e-01
7.450368404388427734e-01
5.607193112373352051e-01
2.731272280216217041e-01
-9.588931202888488770e-01
-3.712770640850067139e-01
4.565647542476654053e-01
-1.166545867919921875e+00
7.231501340866088867e-01
-8.764743208885192871e-01
-7.844652533531188965e-01
9.059111475944519043e-01
-7.556384801864624023e-01
8.293066173791885376e-02
-4.829703569412231445e-01
-9.507224559783935547e-01
-3.255501687526702881e-01
-8.291838765144348145e-01
-1.634357929229736328e+00
-4.955210089683532715e-01
7.363072633743286133e-01
5.166297554969787598e-01
1.703960895538330078e-01
-5.317990183830261230e-01
-7.754814624786376953e-01
-1.196388959884643555e+00
-3.942099511623382568e-01
-3.785158693790435791e-01
4.010954499244689941e-01
2.191499769687652588e-01
5.761635303497314453e-01
2.041383683681488037e-01
-1.796338856220245361e-01
-3.158087432384490967e-01
2.411066889762878418e-01
1.736764609813690186e-01
-5.607393980026245117e-01
1.672079563140869141e-01
1.271234869956970215e+00
-4.194633960723876953e-01
-1.083344444632530212e-01
-8.907465338706970215e-01
5.497556328773498535e-01
1.705433875322341919e-01
1.782583743333816528e-01
-1.835398793220520020e+00
1.726358532905578613e-01
1.042616724967956543e+00
1.423103213310241699e-01
-5.272657871246337891e-01
-1.760685801506042480e+00
8.854402601718902588e-02
1.581700742244720459e-01
1.458027362823486328e-01
4.709448516368865967e-01
1.595143377780914307e-01
6.632102727890014648e-01
-9.187833070755004883e-01
-8.067023754119873047e-01
-9.274153113365173340e-01
-5.805466771125793457e-01
-6.208277940750122070e-01
1.791357755661010742e+00
-2.285016328096389771e-01
2.782552540302276611e-01
5.041804313659667969e-01
-2.177687734365463257e-01
-9.999344348907470703e-01
1.084895968437194824e+00
-4.565497636795043945e-01
-3.726954013109207153e-02
2.865157425403594971e-01
-4.112140536308288574e-01
-9.045853018760681152e-01
8.254859447479248047e-01
1.892879724502563477e+00
3.484704717993736267e-02
-1.318211317062377930e+00
1.042818069458007812e+00
-1.276523828506469727e+00
-2.781621366739273071e-02
-7.671096920967102051e-01
-5.039518475532531738e-01
1.345597982406616211e+00
3.432188034057617188e-01
