-1.402661681175231934e+00
1.822760701179504395e+00
-7.174249887466430664e-01
1.200181365013122559e+00
8.522819280624389648e-01
1.543858289718627930e+00
-9.985257983207702637e-01
-1.387588027864694595e-02
-2.245492458343505859e+00
-2.561210393905639648e-01
1.215471863746643066e+00
1.969819545745849609e+00
-7.719792723655700684e-01
1.245408654212951660e-01
3.364382684230804443e-01
4.955830574035644531e-01
7.925214171409606934e-01
-1.131612658500671387e+00
1.418398380279541016e+00
6.293259859085083008e-01
-2.131659239530563354e-01
2.517936527729034424e-01
8.545695543289184570e-01
3.610420525074005127e-01
7.785442471504211426e-02
-9.801931381225585938e-01
4.676488637924194336e-01
-1.018248915672302246e+00
4.978481233119964600e-01
5.563542842864990234e-01
2.901350259780883789e-01
7.257601022720336914e-01
5.281516909599304199e-01
4.680020809173583984e-01
4.512186646461486816e-01
-4.812730550765991211e-01
-4.280852079391479492e-01
2.619931995868682861e-01
-1.621070146560668945e+00
-1.258734583854675293e+00
1.581870198249816895e+00
-5.214496850967407227e-01
-1.130990266799926758e+00
-3.295060396194458008e+00
-5.507958531379699707e-01
-1.530629277229309082e+00
-3.408080637454986572e-01
1.221933603286743164e+00
4.853147864341735840e-01
9.063764810562133789e-01
-1.964266300201416016e+00
-1.171110942959785461e-01
1.789098680019378662e-01
-4.909549653530120850e-01
-1.122708439826965332e+00
7.674769163131713867e-01
1.649531722068786621e+00
-9.717038869857788086e-01
-3.003479838371276855e-01
7.053601145744323730e-01
9.791793227195739746e-01
1.862488508224487305e+00
-6.752701997756958008e-01
-8.697665929794311523e-01
-4.585350304841995239e-02
5.732888579368591309e-01
-1.445965409278869629e+00
8.735278248786926270e-01
1.220615744590759277e+00
-8.094785809516906738e-01
-7.050144672393798828e-01
1.010944366455078125e+00
1.148868322372436523e+00
2.241487264633178711e+00
6.841805577278137207e-01
-1.305196434259414673e-01
4.593726396560668945e-01
-1.290743947029113770e+00
4.430517852306365967e-01
7.535473257303237915e-02
2.082531929016113281e+00
-7.331331819295883179e-02
-5.941330790519714355e-01
1.057913780212402344e+00
-5.238934755325317383e-01
-2.313175983726978302e-02
1.322791129350662231e-01
1.319302320480346680e+00
7.408825159072875977e-01
-1.162286475300788879e-01
8.875334858894348145e-01
-6.391994357109069824e-01
1.053079366683959961e+00
2.037158608436584473e-01
-7.521106004714965820e-01
1.411288976669311523e+00
2.471293807029724121e-01
-2.292574346065521240e-01
-2.570971846580505371e-01
-4.730680882930755615e-01
-1.070932745933532715e+00
7.131997942924499512e-01
-1.607564210891723633e+00
-1.037603020668029785e+00
6.239194273948669434e-01
2.394573539495468140e-01
-6.141903400421142578e-01
1.120975255966186523e+00
-1.582127690315246582e+00
2.834419012069702148e-01
1.022646784782409668e+00
-3.221787512302398682e-01
8.318312764167785645e-01
-4.168543517589569092e-01
1.222409129142761230e+00
3.192560374736785889e-01
3.995650261640548706e-02
-2.911174893379211426e-01
1.896825581789016724e-01
-1.596223115921020508e+00
-2.370396554470062256e-01
8.507876396179199219e-01
5.084216222167015076e-02
-1.160280942916870117e+00
-3.377436399459838867e-01
-1.391183853149414062e+00
-1.337138175964355469e+00
3.920103013515472412e-01
5.750882029533386230e-01
-6.570504903793334961e-01
-1.425418734550476074e+00
2.555872201919555664e-01
5.452701821923255920e-02
2.069749593734741211e+00
7.697672247886657715e-01
1.564865589141845703e+00
3.596934676170349121e-01
8.876336812973022461e-01
-2.784983396530151367e+00
1.059462308883666992e+00
8.890070319175720215e-01
-1.669301152229309082e+00
2.194123864173889160e-01
-1.007695436477661133e+00
3.727869391441345215e-01
7.783333063125610352e-01
7.775667905807495117e-01
5.572411045432090759e-02
3.897636532783508301e-01
-9.041716456413269043e-01
1.032078623771667480e+00
-3.554517328739166260e-01
2.068222314119338989e-01
1.010149717330932617e+00
-3.198137879371643066e-01
-1.616475582122802734e+00
9.684863686561584473e-01
-6.732455492019653320e-01
7.719936370849609375e-01
-5.942528247833251953e-01
6.439834237098693848e-01
-1.429984927177429199e+00
-2.127450704574584961e-01
2.849152386188507080e-01
-1.309830546379089355e+00
7.749353051185607910e-01
-4.720652997493743896e-01
-7.356896400451660156e-01
3.670105934143066406e-01
-9.924874901771545410e-01
-4.638224840164184570e-01
-9.558951854705810547e-01
-7.947362661361694336e-01
-1.713176608085632324e+00
-3.792285919189453125e-01
3.943389058113098145e-01
-5.471516847610473633e-01
7.334775924682617188e-01
8.247668743133544922e-01
-3.210809230804443359e-01
-5.454916134476661682e-02
7.674853205680847168e-01
5.018609166145324707e-01
-3.353367149829864502e-01
1.465519219636917114e-01
6.011459827423095703e-01
-2.814919650554656982e-01
-8.588509559631347656e-01
-1.650124490261077881e-01
1.047773361206054688e+00
-3.383108079433441162e-01
-1.860671758651733398e+00
1.193753242492675781e+00
-2.052676528692245483e-01
-2.298715353012084961e+00
-5.158527493476867676e-01
-1.034073159098625183e-02
-1.258419871330261230e+00
-5.783935189247131348e-01
5.993015766143798828e-01
1.790719032287597656e-01
-2.585639655590057373e-01
-1.322188735008239746e+00
2.053862065076828003e-01
6.382286548614501953e-02
-3.366161882877349854e-01
-1.219284981489181519e-01
1.107482433319091797e+00
-4.340751096606254578e-02
-7.652294635772705078e-01
3.840417861938476562e-01
3.949355334043502808e-02
-1.040556073188781738e+00
-6.349266171455383301e-01
1.492177605628967285e+00
-5.001850053668022156e-02
3.176948130130767822e-01
-2.839070260524749756e-01
4.757315516471862793e-01
-1.976092010736465454e-01
1.249303698539733887e+00
-1.800611019134521484e+00
2.148050814867019653e-03
-3.605250716209411621e-01
-7.027777433395385742e-01
-1.109332323074340820e+00
1.512041449546813965e+00
-8.415452241897583008e-01
-5.304116755723953247e-02
1.759628765285015106e-02
1.123166203498840332e+00
1.107385158538818359e+00
1.142329216003417969e+00
-1.395948827266693115e-01
-1.831664005294442177e-03
1.750793933868408203e+00
-1.072836518287658691e+00
4.422917366027832031e-01
1.484991073608398438e+00
5.806408524513244629e-01
3.827065229415893555e-02
1.252083659172058105e+00
-1.253224730491638184e+00
-8.772482275962829590e-01
-1.118763566017150879e+00
-1.491060256958007812e-01
3.369052112102508545e-01
-2.710569798946380615e-01
2.912937998771667480e-01
4.944842755794525146e-01
-5.330312848091125488e-01
1.048613190650939941e+00
4.776914715766906738e-01
5.504711270332336426e-01
9.773507118225097656e-01
-6.293431520462036133e-01
2.154120504856109619e-01
-1.357005834579467773e-01
1.368881464004516602e-01
-1.365888025611639023e-02
2.469127178192138672e+00
7.551628947257995605e-01
-1.348760426044464111e-01
8.661024570465087891e-01
-5.651457309722900391e-01
-4.378605782985687256e-01
-6.748731732368469238e-01
-3.465473949909210205e-01
-1.230289697647094727e+00
1.527565598487854004e+00
-1.327469348907470703e+00
-3.104001879692077637e-01
-2.089858651161193848e-01
7.159691452980041504e-01
2.431366443634033203e-01
9.734638333320617676e-01
-3.219525516033172607e-01
4.301209747791290283e-01
4.827828109264373779e-01
9.660840630531311035e-01
5.568627715110778809e-01
-5.481874570250511169e-02
1.538499593734741211e+00
-7.664905786514282227e-01
-2.351878583431243896e-01
4.368090033531188965e-01
-3.503485321998596191e-01
-4.707441627979278564e-01
1.114236712455749512e-01
1.060554981231689453e-01
1.075604081153869629e+00
-4.001950919628143311e-01
1.445725709199905396e-01
-6.060491204261779785e-01
-7.737223803997039795e-02
-1.872461885213851929e-01
1.663168668746948242e-01
-1.430798918008804321e-01
4.636903107166290283e-01
2.713389694690704346e-01
-1.056957125663757324e+00
1.612841725349426270e+00
1.552434079349040985e-02
-2.088659852743148804e-01
-4.198845848441123962e-02
4.486995935440063477e-01
-6.342316865921020508e-01
1.466949462890625000e+00
3.667610585689544678e-01
6.800568103790283203e-01
-8.991757631301879883e-01
-2.078559696674346924e-01
1.162468314170837402e+00
-7.346677780151367188e-02
-8.066861629486083984e-01
1.963639020919799805e+00
-1.617422997951507568e-01
-5.874002575874328613e-01
1.624255180358886719e+00
2.263234257698059082e-01
7.758150100708007812e-01
2.979526817798614502e-01
-1.364311695098876953e+00
8.204751461744308472e-02
-2.217338234186172485e-01
-6.003717184066772461e-01
-1.357648730278015137e+00
-5.582301616668701172e-01
-9.674032330513000488e-01
-1.988573670387268066e+00
-7.535648941993713379e-01
-2.478395223617553711e+00
-1.361849665641784668e+00
9.047945737838745117e-01
-3.721023499965667725e-01
-3.489607274532318115e-01
1.769450455904006958e-01
-7.559676170349121094e-01
9.461010694503784180e-01
1.340968608856201172e+00
1.970448531210422516e-02
-9.179608821868896484e-01
3.939423859119415283e-01
9.903858900070190430e-01
1.239586234092712402e+00
-7.859807014465332031e-01
3.570760488510131836e-01
-1.173895955085754395e+00
-6.151713058352470398e-02
2.655803561210632324e-01
9.038307070732116699e-01
-1.117985129356384277e+00
7.849360257387161255e-02
-5.960980057716369629e-01
-4.643936455249786377e-01
2.632404267787933350e-01
3.760837316513061523e-01
-5.578985810279846191e-01
4.516028165817260742e-01
1.393122225999832153e-01
-1.771800220012664795e-01
1.375604271888732910e+00
-9.049468040466308594e-01
-2.720340713858604431e-02
-4.499417245388031006e-01
-2.687429487705230713e-01
5.666307210922241211e-01
4.098283052444458008e-01
-1.561229467391967773e+00
6.419665217399597168e-01
7.132480740547180176e-01
2.738460302352905273e-01
8.959909677505493164e-01
6.644092798233032227e-01
-2.126379013061523438e-01
3.249412178993225098e-01
1.571374654769897461e+00
1.728670895099639893e-01
2.554458081722259521e-01
-1.058058142662048340e+00
8.692146539688110352e-01
-1.431339859962463379e+00
-1.669487059116363525e-01
-2.166794538497924805e-01
-6.725427508354187012e-01
-5.767530798912048340e-01
8.241332173347473145e-01
-1.478786319494247437e-01
-1.519993841648101807e-01
-4.499063789844512939e-01
1.898933410644531250e+00
-1.762190759181976318e-01
-1.237808346748352051e+00
4.919856488704681396e-01
-5.462064146995544434e-01
7.580073475837707520e-01
4.655964076519012451e-01
-3.966319262981414795e-01
1.680948026478290558e-02
1.037917062640190125e-01
9.683083295822143555e-01
-1.453977823257446289e+00
8.596180677413940430e-01
-3.533219695091247559e-01
4.470011591911315918e-01
-7.138733863830566406e-01
-2.185267806053161621e-01
4.748675823211669922e-01
-6.555735468864440918e-01
2.130926400423049927e-01
2.105358600616455078e+00
-1.261582970619201660e+00
3.818501532077789307e-01
1.571083426475524902e+00
-2.335325777530670166e-01
-3.776639103889465332e-01
3.060076951980590820e+00
-9.475744515657424927e-02
-1.060677886009216309e+00
-6.449810862541198730e-01
-4.349281191825866699e-01
3.698036074638366699e-02
2.389435529708862305e+00
1.283533692359924316e+00
-2.445803731679916382e-01
8.380031585693359375e-01
1.294209480285644531e+00
-6.615225076675415039e-01
-1.794532060623168945e+00
8.390950560569763184e-01
-6.305026262998580933e-02
-1.243342518806457520e+00
-8.475898504257202148e-01
1.059236645698547363e+00
-8.942767977714538574e-01
-1.504449844360351562e+00
1.732865810394287109e+00
-2.369979619979858398e+00
-1.781804487109184265e-02
4.497423768043518066e-03
-9.986901283264160156e-01
-1.128365278244018555e+00
-8.394981622695922852e-01
2.020759135484695435e-01
3.224071115255355835e-02
-4.711481034755706787e-01
-3.987992703914642334e-01
-2.878550589084625244e-01
-2.485798150300979614e-01
2.157006859779357910e-01
1.317984517663717270e-02
-1.836070656776428223e+00
1.438943892717361450e-01
-7.280789613723754883e-01
-1.089141011238098145e+00
5.034086108207702637e-01
-1.314651131629943848e+00
5.741676688194274902e-01
1.072978377342224121e+00
-1.477183818817138672e+00
4.022975265979766846e-01
7.983304560184478760e-02
-1.542697310447692871e+00
-4.067875444889068604e-02
-6.753875017166137695e-01
2.058730840682983398e+00
-1.115029454231262207e-01
8.699120879173278809e-01
-2.277269363403320312e-01
-1.715525984764099121e+00
5.828861594200134277e-01
-1.259581446647644043e+00
-5.891636013984680176e-01
1.049074530601501465e+00
-6.276701688766479492e-01
-8.168179541826248169e-02
6.353474855422973633e-01
-1.115471959114074707e+00
7.816832065582275391e-01
-1.477020263671875000e+00
-8.009731173515319824e-01
-2.297242641448974609e+00
-1.216646790504455566e+00
1.658335924148559570e+00
3.139190077781677246e-01
1.079360961914062500e+00
8.731619119644165039e-01
2.305321455001831055e+00
9.000384211540222168e-01
-1.735956311225891113e+00
-9.829318523406982422e-01
-1.659659385681152344e+00
7.037405371665954590e-01
8.744983673095703125e-01
4.367262423038482666e-01
-2.923974692821502686e-01
-1.470013618469238281e+00
-7.581734061241149902e-01
-5.086935758590698242e-01
-6.157337427139282227e-01
-1.327821612358093262e-01
8.158656954765319824e-01
2.241366952657699585e-01
-5.810415372252464294e-02
2.639433443546295166e-01
8.343535661697387695e-01
7.929517626762390137e-01
-1.030010700225830078e+00
-1.080542445182800293e+00
-5.354812145233154297e-01
1.170844197273254395e+00
-1.527640342712402344e+00
-7.011696100234985352e-01
-1.769886732101440430e+00
3.817043602466583252e-01
9.067035317420959473e-01
-1.852664863690733910e-03
7.723460793495178223e-01
-8.093577027320861816e-01
6.187035441398620605e-01
2.204108238220214844e+00
-1.408046960830688477e+00
1.693043589591979980e+00
3.891656994819641113e-01
-1.088548541069030762e+00
-3.722628355026245117e-01
2.731246054172515869e-01
-3.951727151870727539e-01
8.670782297849655151e-02
-6.623055934906005859e-01
-1.295338153839111328e+00
7.130413055419921875e-01
9.147474765777587891e-01
-1.683209776878356934e+00
9.003785848617553711e-01
-1.802752017974853516e+00
2.774975299835205078e-01
-9.437707662582397461e-01
-2.027387171983718872e-01
-8.829903602600097656e-01
1.398131549358367920e-01
-1.067406892776489258e+00
1.041931435465812683e-01
5.244021490216255188e-02
2.014598101377487183e-01
-1.271738111972808838e-01
-5.960522294044494629e-01
5.856125950813293457e-01
-9.308979511260986328e-01
-3.139970898628234863e-01
1.312775969505310059e+00
-1.054702997207641602e+00
1.599497795104980469e-01
-4.644698798656463623e-01
1.026285052299499512e+00
-9.546093344688415527e-01
-1.318114876747131348e+00
1.068274855613708496e+00
-1.443193703889846802e-01
4.736714530736207962e-03
2.627097666263580322e-01
-4.935630261898040771e-01
-3.053508400917053223e-01
8.201752901077270508e-01
3.974795639514923096e-01
9.278120398521423340e-01
3.733846545219421387e-01
9.350730180740356445e-01
2.023358583450317383e+00
1.188611015677452087e-01
1.498525023460388184e+00
-6.822808980941772461e-01
-1.225485429167747498e-01
1.322963953018188477e+00
-1.550907015800476074e+00
-1.473815143108367920e-01
-1.619062304496765137e+00
4.905791580677032471e-01
-5.204026699066162109e-01
-5.897641777992248535e-01
3.917679935693740845e-02
1.012028530240058899e-01
-3.679926395416259766e-01
-5.247326940298080444e-02
3.128823041915893555e-01
-6.364879608154296875e-01
-3.259243667125701904e-01
1.919321268796920776e-01
-3.340066075325012207e-01
-3.109891116619110107e-01
-3.095447421073913574e-01
-1.684383034706115723e+00
-6.223139762878417969e-01
2.574566937983036041e-02
-2.328068763017654419e-02
-1.845227360725402832e+00
5.039586424827575684e-01
-1.495843887329101562e+00
1.986026883125305176e+00
2.388915419578552246e-02
-7.635972499847412109e-01
6.878645420074462891e-01
7.275171875953674316e-01
-1.546347588300704956e-01
-8.908176422119140625e-01
2.297030687332153320e-01
1.119578123092651367e+00
2.850599884986877441e-01
3.421011939644813538e-02
1.171150207519531250e-01
-5.886997580528259277e-01
4.214091002941131592e-01
-2.064262330532073975e-01
7.257872223854064941e-01
6.716541051864624023e-01
-7.447574753314256668e-03
-1.049241900444030762e+00
-1.767363548278808594e+00
-5.472972989082336426e-01
-8.097367882728576660e-01
-1.010854765772819519e-01
6.702653765678405762e-01
-5.541503429412841797e-02
1.708043932914733887e+00
8.091427683830261230e-01
-7.066361904144287109e-01
1.682732343673706055e+00
3.953511118888854980e-01
1.145272374153137207e+00
9.221072793006896973e-01
1.082443743944168091e-01
-3.085317015647888184e-01
6.167005896568298340e-01
9.931285381317138672e-01
1.019876360893249512e+00
-1.316092014312744141e+00
2.632178068161010742e+00
2.258359789848327637e-01
-1.360874056816101074e+00
4.436136037111282349e-02
7.837347388267517090e-01
1.451644487679004669e-02
3.571250736713409424e-01
2.660665214061737061e-01
4.860436022281646729e-01
-6.426595449447631836e-01
-3.351508453488349915e-02
2.189405918121337891e+00
1.315346479415893555e+00
-8.426749110221862793e-01
-6.680566072463989258e-01
2.706940412521362305e+00
3.125014603137969971e-01
-3.600048124790191650e-01
-6.317797303199768066e-02
-1.368618130683898926e+00
1.071399331092834473e+00
-3.175715804100036621e-01
1.098433852195739746e+00
2.068451941013336182e-01
1.119201183319091797e+00
8.240770697593688965e-01
1.070529315620660782e-02
1.921911001205444336e+00
1.734454035758972168e+00
-6.611858606338500977e-01
-4.033417105674743652e-01
8.914081752300262451e-02
9.072480201721191406e-01
4.506254196166992188e-01
-6.941959857940673828e-01
1.620220839977264404e-01
7.502303719520568848e-01
-2.427871704101562500e+00
-7.793669104576110840e-01
3.166899085044860840e-01
-4.842215776443481445e-01
-2.903223037719726562e-01
-7.886556535959243774e-02
-6.245371103286743164e-01
-6.380021572113037109e-02
-1.522173285484313965e+00
-1.752419114112854004e+00
1.508690476417541504e+00
3.681392967700958252e-01
9.592778086662292480e-01
-1.041100621223449707e+00
-3.317977190017700195e-01
7.158825993537902832e-01
1.156834065914154053e-01
-1.744228720664978027e+00
-7.965108156204223633e-01
-5.439018607139587402e-01
-1.178611874580383301e+00
-4.573674499988555908e-01
-1.788289785385131836e+00
-3.200758993625640869e-01
1.187493130564689636e-01
1.809460073709487915e-01
-6.148589849472045898e-01
-6.131449937820434570e-01
-7.010884284973144531e-01
1.055130660533905029e-01
9.546931385993957520e-01
3.619456887245178223e-01
-1.534924805164337158e-01
-9.090953469276428223e-01
1.489903032779693604e-01
-1.371088862419128418e+00
-4.555873870849609375e-01
-1.295189261436462402e+00
-4.286837279796600342e-01
1.506321072578430176e+00
9.835863709449768066e-01
1.192572236061096191e+00
4.199555218219757080e-01
-1.137706279754638672e+00
-6.779513359069824219e-01
-3.354599177837371826e-01
3.138371407985687256e-01
7.835333794355392456e-02
-1.417697548866271973e+00
-1.259070158004760742e+00
-5.186167731881141663e-02
-1.018400907516479492e+00
-1.299858093261718750e+00
2.551239132881164551e-01
-7.611320912837982178e-02
-7.269696593284606934e-01
8.268344998359680176e-01
2.522057294845581055e+00
-4.329876974225044250e-02
-1.213163018226623535e+00
-1.375691413879394531e+00
-1.453953742980957031e+00
-2.241306900978088379e-01
1.903677344322204590e+00
7.083797454833984375e-01
-1.179068312048912048e-01
4.720758795738220215e-01
-6.699751615524291992e-01
3.281359076499938965e-01
-1.206533908843994141e+00
-8.912995457649230957e-01
2.620727717876434326e-01
-2.970651388168334961e-01
-5.180314779281616211e-01
4.241844117641448975e-01
9.300419688224792480e-01
-1.838644593954086304e-01
-1.295146226882934570e+00
-2.467005699872970581e-01
-1.069923341274261475e-01
2.773171365261077881e-01
4.597679972648620605e-01
-8.477615118026733398e-01
-6.515141725540161133e-01
4.606834053993225098e-01
-2.215978503227233887e-01
1.388075351715087891e-01
-1.216310620307922363e+00
9.391648769378662109e-01
-2.124544382095336914e+00
2.880629301071166992e-01
-1.080641224980354309e-01
1.175595879554748535e+00
2.571808174252510071e-02
2.498846873641014099e-02
