-1.343629121780395508e+00
1.076513886451721191e+00
-1.350147128105163574e+00
-4.325032830238342285e-01
1.010003447532653809e+00
1.440459728240966797e+00
-1.359065771102905273e+00
-1.662232756614685059e+00
-1.826412081718444824e+00
-2.658655308187007904e-02
1.788066029548645020e+00
1.597342371940612793e+00
-8.601536750793457031e-01
-4.941544830799102783e-01
7.805560231208801270e-01
-2.492258697748184204e-01
1.835108697414398193e-01
-2.180961519479751587e-02
9.769815206527709961e-01
5.563324093818664551e-01
-5.663017183542251587e-02
-6.590222716331481934e-01
5.143335461616516113e-01
-6.375473737716674805e-01
-7.965193390846252441e-01
-9.596260786056518555e-01
8.228566050529479980e-01
-7.883828878402709961e-01
-1.499981731176376343e-01
3.077556788921356201e-01
-6.137966364622116089e-02
1.070308327674865723e+00
6.357066631317138672e-01
1.144301533699035645e+00
7.487285137176513672e-01
-7.003256082534790039e-01
-9.367342591285705566e-01
7.788540124893188477e-01
-1.770760893821716309e+00
-1.671371936798095703e+00
2.328199148178100586e+00
2.087816894054412842e-01
-1.392176508903503418e+00
-8.997689485549926758e-01
-3.943185508251190186e-01
-1.611088991165161133e+00
7.031374424695968628e-02
1.079980358481407166e-01
-3.399302065372467041e-01
-4.056783020496368408e-02
3.491737544536590576e-01
-6.963293254375457764e-02
2.090373039245605469e-01
-4.380675777792930603e-02
-1.355069756507873535e+00
6.431030631065368652e-01
7.058218717575073242e-01
1.937279999256134033e-01
1.671699285507202148e-01
-2.941376864910125732e-01
8.752536773681640625e-01
1.399522304534912109e+00
-4.453476071357727051e-01
-3.307482302188873291e-01
3.267669975757598877e-01
7.667303681373596191e-01
-2.193661481142044067e-01
5.217296481132507324e-01
3.784260749816894531e-01
-7.552447915077209473e-01
-3.768732845783233643e-01
8.043402433395385742e-01
1.103387236595153809e+00
1.451193809509277344e+00
5.313614010810852051e-01
8.040958642959594727e-01
-2.728048563003540039e-01
-8.505388349294662476e-02
2.940104342997074127e-02
-6.612848043441772461e-01
2.034768581390380859e+00
1.191030025482177734e+00
5.738739371299743652e-01
1.128360867500305176e+00
-3.505580127239227295e-01
-2.734187543392181396e-01
1.757376082241535187e-02
9.587571024894714355e-01
7.079090178012847900e-02
-1.462582468986511230e+00
1.781284332275390625e+00
-2.825975716114044189e-01
1.519660711288452148e+00
8.913268893957138062e-02
2.867003679275512695e-01
1.931451559066772461e+00
2.134470492601394653e-01
5.048413872718811035e-01
-3.106091320514678955e-01
3.687208294868469238e-01
1.162991374731063843e-01
1.982658058404922485e-01
-1.217292070388793945e+00
-1.242110490798950195e+00
1.029875516891479492e+00
1.150511622428894043e+00
-8.981187939643859863e-01
1.046040058135986328e+00
-8.356423377990722656e-01
6.391565203666687012e-01
7.253516912460327148e-01
2.747241556644439697e-01
2.158352881669998169e-01
-1.275182962417602539e+00
1.128618359565734863e+00
3.347862958908081055e-01
-1.082538738846778870e-01
-3.981248140335083008e-01
-1.560615450143814087e-01
-1.768589735031127930e+00
9.543380737304687500e-01
-1.389874666929244995e-01
-7.452335557900369167e-04
-8.101805448532104492e-01
-2.175063341856002808e-01
-5.003497600555419922e-01
-1.803297519683837891e+00
4.786219820380210876e-02
-5.682029575109481812e-02
1.153120473027229309e-01
-1.006080657243728638e-01
3.618298768997192383e-01
-7.347524762153625488e-01
1.805982232093811035e+00
5.501521825790405273e-01
8.629176616668701172e-01
1.473472118377685547e+00
7.320849895477294922e-01
-2.998189449310302734e+00
9.756351709365844727e-01
1.855441808700561523e+00
-3.478595018386840820e-01
-2.597897052764892578e-01
-7.121667265892028809e-01
4.195607304573059082e-01
1.554388999938964844e-01
-4.851004779338836670e-01
5.254133343696594238e-01
-9.835149645805358887e-01
4.872133731842041016e-01
1.846679210662841797e+00
1.498602330684661865e-01
-9.501474350690841675e-02
6.087086796760559082e-01
1.663299322128295898e+00
-3.758464455604553223e-01
-6.067321449518203735e-02
-4.410481452941894531e-01
-2.843994200229644775e-01
3.114857673645019531e-01
4.541470110416412354e-01
-2.377351284027099609e+00
6.907231211662292480e-01
8.179644346237182617e-01
-8.700782060623168945e-01
7.751960158348083496e-01
-1.151944324374198914e-01
2.642082273960113525e-01
-3.049912117421627045e-02
-8.656930923461914062e-01
-3.185351788997650146e-01
-5.757563114166259766e-01
-4.629370272159576416e-01
-6.472295522689819336e-01
5.241819191724061966e-03
4.627832174301147461e-01
-1.592458337545394897e-01
1.288289189338684082e+00
-2.718477249145507812e-01
-4.445106983184814453e-01
-8.473996520042419434e-01
3.817313611507415771e-01
5.481252670288085938e-01
-5.808219313621520996e-01
3.830570578575134277e-01
6.731970906257629395e-01
6.995229721069335938e-01
-1.611721873283386230e+00
8.038532733917236328e-02
2.417374588549137115e-02
-2.472346872091293335e-01
2.918571233749389648e-01
2.498992085456848145e-01
1.879390180110931396e-01
-2.623165607452392578e+00
4.977763593196868896e-01
3.313024044036865234e-01
-1.229920268058776855e+00
3.300398588180541992e-02
1.176683679223060608e-01
-1.159630045294761658e-01
-5.098968744277954102e-01
-4.843228161334991455e-01
6.253635287284851074e-01
-2.202558517456054688e-01
-6.961694359779357910e-01
5.134731158614158630e-02
9.142327308654785156e-01
7.847002148628234863e-01
-3.378303945064544678e-01
2.071068733930587769e-01
5.187590122222900391e-01
-1.200373411178588867e+00
-7.490269541740417480e-01
1.477290749549865723e+00
-2.578909741714596748e-03
-9.883782267570495605e-01
1.607750207185745239e-01
-1.553709656000137329e-01
6.253706216812133789e-01
-9.238153696060180664e-02
-1.853867620229721069e-01
2.572783231735229492e-01
-4.077105522155761719e-01
3.557254076004028320e-01
-5.065528750419616699e-01
1.553722143173217773e+00
-6.422675251960754395e-01
3.822421133518218994e-01
8.101087212562561035e-01
5.733944773674011230e-01
8.452804088592529297e-01
1.184741258621215820e-01
-7.962583899497985840e-01
2.436163425445556641e-01
3.753085732460021973e-01
-6.479945778846740723e-01
4.745852649211883545e-01
5.929212570190429688e-01
1.109105348587036133e+00
-1.395103335380554199e+00
4.716098308563232422e-01
-1.155896067619323730e+00
-1.320845961570739746e+00
-4.775753915309906006e-01
-5.738489031791687012e-01
3.266792595386505127e-01
-9.475956559181213379e-01
-8.004563450813293457e-01
5.015200376510620117e-01
2.218496948480606079e-01
7.795554399490356445e-01
-3.123554289340972900e-01
4.788320660591125488e-01
8.970906138420104980e-01
-5.910127162933349609e-01
2.996899485588073730e-01
1.888100802898406982e-01
-2.111348658800125122e-01
-6.728368401527404785e-01
2.260737895965576172e+00
1.710983514785766602e+00
-5.548858642578125000e-01
-4.796013832092285156e-01
-1.967568248510360718e-01
-3.717821538448333740e-01
-4.169326126575469971e-01
-1.082451224327087402e+00
-5.838560461997985840e-01
5.690072774887084961e-01
-6.651217937469482422e-01
-3.434629440307617188e-01
-5.963401868939399719e-02
2.147511392831802368e-01
1.264826655387878418e+00
-2.885989904403686523e+00
-9.599782526493072510e-02
1.072709798812866211e+00
6.159204840660095215e-01
6.042372584342956543e-01
6.653936505317687988e-01
2.742574550211429596e-02
1.717379808425903320e+00
-7.867870926856994629e-01
-2.117844223976135254e-01
-2.199429273605346680e-01
-5.566403269767761230e-01
-1.576654791831970215e+00
-7.151760905981063843e-02
7.928922176361083984e-01
1.531047582626342773e+00
4.218111634254455566e-01
9.741251468658447266e-01
-1.017407774925231934e+00
-1.479165673255920410e+00
-9.516487717628479004e-01
-2.480532079935073853e-01
5.032468438148498535e-01
1.148815631866455078e+00
-2.965673208236694336e-01
-1.373663425445556641e+00
1.085510969161987305e+00
-1.111579298973083496e+00
-6.390044093132019043e-01
7.836368680000305176e-01
1.616288542747497559e+00
-3.366242945194244385e-01
2.000275611877441406e+00
4.327027797698974609e-01
9.513138532638549805e-01
-9.361762404441833496e-01
-7.055039405822753906e-01
7.922920584678649902e-01
-1.004469767212867737e-01
-1.572507858276367188e+00
1.166686177253723145e+00
-1.431443393230438232e-01
-5.001997351646423340e-01
2.676374673843383789e+00
1.725606769323348999e-01
1.898354291915893555e-01
-5.086532235145568848e-01
-1.585342884063720703e+00
-3.231491148471832275e-01
2.648665010929107666e-01
-1.180400133132934570e+00
-1.519521355628967285e+00
-5.723416805267333984e-01
-4.470056295394897461e-01
-3.690161705017089844e+00
-4.538579285144805908e-01
-1.668452024459838867e+00
-7.388962507247924805e-01
7.787709832191467285e-01
4.652181267738342285e-01
9.062523394823074341e-02
6.703817844390869141e-01
-8.339772373437881470e-02
-3.061654977500438690e-03
6.430948376655578613e-01
5.244449377059936523e-01
-1.755894422531127930e+00
3.532052934169769287e-01
1.747171640396118164e+00
1.262053251266479492e+00
-8.599334359169006348e-01
-8.689118027687072754e-01
-3.758485019207000732e-01
2.837340831756591797e-01
1.040558218955993652e+00
1.011537909507751465e+00
-1.296853303909301758e+00
-4.760591313242912292e-02
-1.088332414627075195e+00
-7.382874488830566406e-01
9.114301204681396484e-02
-7.793835401535034180e-01
-4.166924357414245605e-01
-5.709673166275024414e-01
1.629358530044555664e-01
1.408052086830139160e+00
1.469038724899291992e+00
1.499264240264892578e-01
-1.431311607360839844e+00
-1.290674448013305664e+00
-8.949564099311828613e-01
8.335623145103454590e-01
-3.612390756607055664e-01
-2.621737003326416016e+00
6.242744997143745422e-02
2.760561704635620117e-01
2.637405693531036377e-01
1.434627890586853027e+00
4.620115160942077637e-01
-2.045089751482009888e-01
2.429940104484558105e-01
1.346413969993591309e+00
-1.248290315270423889e-01
3.355277180671691895e-01
-1.408450603485107422e+00
5.138739347457885742e-01
-1.308330774307250977e+00
-1.619534790515899658e-01
-7.761051654815673828e-01
-1.527008879929780960e-02
-4.429494738578796387e-01
1.377332091331481934e+00
-1.136325478553771973e+00
7.780415415763854980e-01
-8.414296507835388184e-01
1.507193088531494141e+00
1.059674501419067383e+00
5.595636367797851562e-01
8.022639751434326172e-01
-3.640247881412506104e-02
1.362873613834381104e-01
1.343943923711776733e-01
2.807642221450805664e-01
4.819261729717254639e-01
-3.742648959159851074e-01
8.781359195709228516e-01
-2.207181215286254883e+00
-6.541613340377807617e-01
-1.493113756179809570e+00
2.133126735687255859e+00
-6.597702205181121826e-02
7.048687338829040527e-01
-1.081964224576950073e-01
2.951995432376861572e-01
2.074276208877563477e+00
2.355848789215087891e+00
-6.515160202980041504e-01
3.585687279701232910e-01
1.393146753311157227e+00
-1.009685516357421875e+00
-1.568831205368041992e+00
2.472964286804199219e+00
1.330208778381347656e-01
-1.303456187248229980e+00
-3.389528989791870117e-01
-3.339749276638031006e-01
-1.352854073047637939e-01
9.109815955162048340e-01
1.314046740531921387e+00
-2.286798506975173950e-01
-7.383565306663513184e-01
1.783066630363464355e+00
2.715193480253219604e-02
-2.798987388610839844e+00
8.477314561605453491e-02
5.637014508247375488e-01
2.217381261289119720e-02
-3.014057278633117676e-01
1.012005448341369629e+00
1.262006044387817383e+00
-1.951385021209716797e+00
1.004751682281494141e+00
-1.130840301513671875e+00
-6.975513696670532227e-01
-9.572229981422424316e-01
-9.485521316528320312e-01
6.965389847755432129e-02
-1.915225200355052948e-02
2.811160683631896973e-01
1.261673569679260254e-01
-4.815502464771270752e-01
-9.656934738159179688e-01
-7.625102996826171875e-01
2.436570823192596436e-01
-2.898663878440856934e-01
8.174366950988769531e-01
-1.984695911407470703e+00
-1.055944934487342834e-01
4.796448945999145508e-01
-7.646816372871398926e-01
-1.821540147066116333e-01
-1.160442829132080078e+00
6.610342860221862793e-01
8.551466464996337891e-01
-1.371624231338500977e+00
-7.214174866676330566e-01
-2.676029503345489502e-01
-2.535684406757354736e-01
6.041179895401000977e-01
9.034174084663391113e-01
4.765976965427398682e-01
-6.093097329139709473e-01
-5.292347073554992676e-01
-8.017506003379821777e-01
-7.961146235466003418e-01
5.385269522666931152e-01
2.149866521358489990e-01
1.712741255760192871e-01
4.053127467632293701e-01
3.256562352180480957e-02
-5.062024574726819992e-03
6.086943149566650391e-01
1.868896782398223877e-01
1.402174979448318481e-01
-2.203425168991088867e+00
7.375030517578125000e-01
-1.609817981719970703e+00
-1.030512571334838867e+00
1.084300041198730469e+00
6.504192948341369629e-01
1.250118613243103027e-01
-6.848005652427673340e-01
2.275682449340820312e+00
1.138214349746704102e+00
-1.156439304351806641e+00
-7.484561949968338013e-02
-2.054658889770507812e+00
1.161762833595275879e+00
2.260537296533584595e-01
6.153211593627929688e-01
1.019539356231689453e+00
-8.554605841636657715e-01
-1.865539789199829102e+00
-9.531497955322265625e-01
-1.223151326179504395e+00
-3.611683249473571777e-01
1.483470439910888672e+00
2.458220869302749634e-01
6.246171593666076660e-01
7.203512787818908691e-01
6.574934124946594238e-01
6.184700131416320801e-01
-7.693145871162414551e-01
-1.139972329139709473e+00
-2.691412568092346191e-01
6.675904989242553711e-01
-1.564679622650146484e+00
-4.233844578266143799e-02
-1.541239500045776367e+00
1.099582672119140625e+00
3.861763775348663330e-01
1.201915740966796875e+00
-5.267759785056114197e-02
-7.703272700309753418e-01
3.799245953559875488e-01
1.293673753738403320e+00
-9.396735429763793945e-01
1.428694963455200195e+00
1.089843630790710449e+00
-4.921111464500427246e-01
-4.810420274734497070e-01
-1.263755917549133301e+00
-4.727747738361358643e-01
1.046134114265441895e+00
-1.527342557907104492e+00
-1.043936848640441895e+00
-1.834150105714797974e-01
2.846067547798156738e-01
-5.053874850273132324e-01
6.014282703399658203e-01
-2.092154741287231445e+00
1.582381725311279297e+00
-6.209661960601806641e-01
-9.805732965469360352e-01
-1.943887591361999512e+00
3.517844080924987793e-01
-5.785837769508361816e-01
7.927082180976867676e-01
-1.992605030536651611e-01
-5.466519594192504883e-01
-1.455594748258590698e-01
-3.040296584367752075e-02
-6.747710108757019043e-01
-2.359100431203842163e-01
-9.093979597091674805e-01
1.220657348632812500e+00
-2.968921363353729248e-01
-2.116454094648361206e-01
-1.852593541145324707e+00
2.942683398723602295e-01
1.264637410640716553e-01
-1.055274233222007751e-01
5.632253289222717285e-01
8.900046348571777344e-01
-4.145793616771697998e-01
-9.851448982954025269e-02
3.093377053737640381e-01
-3.094747066497802734e-01
3.746629655361175537e-01
5.175930261611938477e-01
1.544162750244140625e+00
3.329283595085144043e-01
2.177649497985839844e+00
1.668980956077575684e+00
-2.110178768634796143e-01
1.275337934494018555e+00
-1.138598918914794922e+00
-1.911838650703430176e-01
-1.270386297255754471e-02
-1.532518416643142700e-01
-1.322629451751708984e-01
-6.928216814994812012e-01
3.458407893776893616e-02
-1.345403552055358887e+00
9.315645694732666016e-02
-8.342593908309936523e-01
5.348578840494155884e-02
5.673627182841300964e-02
2.501646578311920166e-01
4.250206947326660156e-01
-2.378301918506622314e-01
-4.984464943408966064e-01
1.448560714721679688e+00
-2.192617177963256836e+00
-1.230294346809387207e+00
3.189218044281005859e-01
-6.759244799613952637e-01
-6.346609592437744141e-01
4.779751896858215332e-01
5.338485240936279297e-01
-1.218937635421752930e+00
7.658856511116027832e-01
-9.296384640038013458e-03
2.147886991500854492e+00
-1.508977860212326050e-01
5.537115931510925293e-01
-8.797798156738281250e-01
2.574634850025177002e-01
-1.102058410644531250e+00
-4.025378227233886719e-01
2.540722191333770752e-01
6.021765470504760742e-01
9.792370349168777466e-02
-3.107181787490844727e-01
6.310482025146484375e-01
-1.451884388923645020e+00
-7.357224822044372559e-02
2.207363396883010864e-01
7.622384428977966309e-01
5.755370259284973145e-01
2.576507031917572021e-01
-8.030947446823120117e-01
-7.459204196929931641e-01
-1.593069732189178467e-01
-7.158625721931457520e-01
7.895383238792419434e-02
-2.470953613519668579e-01
-1.091514155268669128e-02
5.707813054323196411e-02
-1.815650798380374908e-02
-1.012137085199356079e-01
-1.866994425654411316e-02
-6.310182213783264160e-01
6.007916927337646484e-01
4.277721941471099854e-01
-4.315616786479949951e-01
-1.556795597076416016e+00
5.876785516738891602e-01
5.890726447105407715e-01
1.030494347214698792e-01
-1.022124528884887695e+00
1.355033636093139648e+00
8.559674620628356934e-01
-4.294126629829406738e-01
-7.420178651809692383e-01
3.091778159141540527e-01
-4.024082422256469727e-02
-2.469214200973510742e-01
-6.367521286010742188e-01
3.582263588905334473e-01
-2.080603241920471191e-01
-1.304060667753219604e-01
1.575008153915405273e+00
1.632640480995178223e+00
2.359383404254913330e-01
-2.263338565826416016e-01
2.722558975219726562e+00
1.052279591560363770e+00
3.258368670940399170e-01
7.985315322875976562e-01
-1.739722251892089844e+00
5.964466929435729980e-01
-1.527386624366044998e-02
1.342536568641662598e+00
-2.354891002178192139e-01
-2.459359467029571533e-01
8.069226145744323730e-01
1.439147889614105225e-01
2.398684024810791016e+00
6.220325231552124023e-01
-1.518623590469360352e+00
-4.004044830799102783e-01
8.285580873489379883e-01
2.083655148744583130e-01
5.559055209159851074e-01
-1.270955443382263184e+00
2.709276974201202393e-01
6.567862629890441895e-01
-1.335831642150878906e+00
-2.642646729946136475e-01
-5.179956555366516113e-01
-4.303568899631500244e-01
1.887263916432857513e-02
-3.125733509659767151e-02
-4.194211363792419434e-01
3.619593679904937744e-01
-2.334454298019409180e+00
-5.150521993637084961e-01
9.925245046615600586e-01
7.932623028755187988e-01
-2.113981097936630249e-01
-1.051951050758361816e+00
-4.395467638969421387e-01
1.098339915275573730e+00
5.697236061096191406e-01
-7.703692317008972168e-01
-3.065655380487442017e-02
-1.527252554893493652e+00
-1.141022205352783203e+00
-4.043487310409545898e-01
-3.201944231986999512e-01
-6.478207111358642578e-01
-7.821255326271057129e-01
1.418779939413070679e-01
-6.141451597213745117e-01
-1.013436913490295410e+00
-1.285257786512374878e-01
-8.329012393951416016e-01
5.902393460273742676e-01
4.647084176540374756e-01
1.403935551643371582e+00
-2.931673526763916016e-01
-1.370367500931024551e-02
-2.685345411300659180e+00
-2.836437225341796875e-01
-6.924564242362976074e-01
-3.211586773395538330e-01
1.533913373947143555e+00
2.146397083997726440e-01
1.914156377315521240e-01
6.373943090438842773e-01
-1.157502293586730957e+00
2.179323881864547729e-01
8.220188021659851074e-01
1.590709090232849121e-01
-1.043453931808471680e+00
-2.499871551990509033e-01
-1.184015750885009766e+00
1.361041784286499023e+00
3.377268835902214050e-02
-3.470570743083953857e-01
3.052622377872467041e-01
-7.552465796470642090e-01
-7.443895339965820312e-01
5.948771238327026367e-01
2.498605251312255859e+00
-1.395293951034545898e+00
-6.841269731521606445e-01
-1.078177213668823242e+00
-7.995372414588928223e-01
-8.416821956634521484e-01
5.561178922653198242e-01
1.310651540756225586e+00
1.401667296886444092e-01
-1.329850256443023682e-01
-3.959886729717254639e-01
-4.788297414779663086e-01
-5.849338173866271973e-01
-3.425816893577575684e-01
-1.001256108283996582e+00
7.115139961242675781e-01
-6.186436414718627930e-01
3.198081254959106445e-01
1.135563135147094727e+00
-6.933554410934448242e-01
-9.131279587745666504e-01
-4.398268759250640869e-01
4.931254982948303223e-01
3.149494528770446777e-01
7.878856062889099121e-01
-8.754116296768188477e-01
-3.895613849163055420e-01
1.900751441717147827e-01
-3.186373114585876465e-01
1.188904047012329102e-01
-8.141117095947265625e-01
9.012978076934814453e-01
-1.284049034118652344e+00
8.820857405662536621e-01
-1.073804497718811035e+00
-5.217565894126892090e-01
-2.320945262908935547e-01
-1.151577681303024292e-01
