-1.587403416633605957e+00
1.024648785591125488e+00
-1.719696998596191406e+00
9.228078722953796387e-01
-2.833859622478485107e-01
1.680434107780456543e+00
-1.493200778961181641e+00
-1.906440556049346924e-01
8.520479500293731689e-02
2.691604495048522949e-01
4.018881320953369141e-01
2.623008966445922852e+00
-7.358140945434570312e-01
6.483923643827438354e-02
1.057967543601989746e+00
-5.232442617416381836e-01
5.802240371704101562e-01
-1.133584618568420410e+00
2.932355999946594238e-01
6.902779340744018555e-01
1.351897954940795898e+00
-1.337399363517761230e+00
3.533158600330352783e-01
-1.744418144226074219e-01
1.075347959995269775e-01
-5.886954665184020996e-01
9.023132920265197754e-01
-7.410303354263305664e-01
-2.142261266708374023e-01
2.027604728937149048e-01
1.106911540031433105e+00
-1.601439416408538818e-01
6.251586675643920898e-01
4.610087573528289795e-01
8.643554449081420898e-01
-5.118147134780883789e-01
-3.349864184856414795e-01
-8.379942178726196289e-01
6.790763884782791138e-02
-1.814639210700988770e+00
6.771984696388244629e-01
2.120599299669265747e-01
-8.445264697074890137e-01
-1.249156355857849121e+00
-1.218551993370056152e+00
-1.405232548713684082e+00
-7.914023995399475098e-01
-1.362419605255126953e+00
-6.109176278114318848e-01
-1.025591120123863220e-01
-1.064149975776672363e+00
1.249328970909118652e+00
2.460709512233734131e-01
-5.078667402267456055e-01
5.897157788276672363e-01
-4.754346311092376709e-01
1.661123275756835938e+00
1.178291559219360352e+00
-4.455565214157104492e-01
8.418906331062316895e-01
-7.994686812162399292e-02
-1.460475567728281021e-02
3.697195053100585938e-01
-4.855486154556274414e-01
8.720925450325012207e-01
-1.982306540012359619e-01
-6.978093385696411133e-01
2.099106550216674805e+00
-7.746441662311553955e-02
-3.024887442588806152e-01
3.645057976245880127e-01
1.123554706573486328e+00
1.401803344488143921e-01
2.211351871490478516e+00
8.836079388856887817e-02
4.206286668777465820e-01
-1.082926392555236816e+00
-7.320560216903686523e-01
7.596299052238464355e-01
-3.885875344276428223e-01
3.687448203563690186e-01
-1.547958850860595703e-01
1.287498325109481812e-01
-6.835370659828186035e-01
3.624459728598594666e-02
1.311961859464645386e-01
1.278266310691833496e-01
1.513614892959594727e+00
-1.738260984420776367e+00
-1.785847663879394531e+00
1.480886459350585938e+00
-5.011644586920738220e-02
1.017015814781188965e+00
6.110795736312866211e-01
-2.573205530643463135e-02
7.198060750961303711e-01
2.510916292667388916e-01
-3.579427599906921387e-01
-6.991456747055053711e-01
8.007825613021850586e-01
-2.562095969915390015e-02
2.462305277585983276e-01
-1.125006437301635742e+00
-2.106696844100952148e+00
6.972793936729431152e-01
4.329744279384613037e-01
6.300168037414550781e-01
1.030726432800292969e+00
-1.956327706575393677e-01
2.173845171928405762e-01
9.363588094711303711e-01
-2.175810486078262329e-01
-1.335778683423995972e-01
-3.996460437774658203e-01
5.834263563156127930e-01
1.241821885108947754e+00
-8.713463544845581055e-01
9.104801416397094727e-01
-9.793347716331481934e-01
-1.900122761726379395e+00
1.435432553291320801e+00
4.041601419448852539e-01
-2.269453108310699463e-01
5.022866129875183105e-01
3.754572868347167969e-01
-3.588208258152008057e-01
-1.910288095474243164e+00
4.968944489955902100e-01
7.266074419021606445e-01
-8.231112360954284668e-01
-4.766375720500946045e-01
5.713785290718078613e-01
-5.761933326721191406e-01
8.176885247230529785e-01
-3.038453757762908936e-01
2.353180646896362305e-01
6.459199190139770508e-01
-1.372658610343933105e+00
-3.730061054229736328e+00
9.754717350006103516e-01
5.384151339530944824e-01
9.077777862548828125e-01
-1.181459069252014160e+00
-1.093448877334594727e+00
1.458534598350524902e-01
9.701933264732360840e-01
2.089585661888122559e-01
-1.622353196144104004e-01
3.704111576080322266e-01
5.203976631164550781e-01
-6.834436208009719849e-02
4.943897128105163574e-01
-1.786059379577636719e+00
-1.096266508102416992e-01
-2.436837404966354370e-01
-9.774978160858154297e-01
2.904728241264820099e-02
3.402128517627716064e-01
-1.003298521041870117e+00
-1.182057380676269531e+00
1.476635187864303589e-01
-2.082222938537597656e+00
1.527920514345169067e-01
9.246054291725158691e-01
-1.252844452857971191e+00
1.443661898374557495e-01
-2.142801880836486816e-02
1.735925078392028809e+00
1.078640103340148926e+00
-1.734301090240478516e+00
1.396925300359725952e-01
-1.839316010475158691e+00
-3.918210268020629883e-01
-1.345553398132324219e+00
-8.907666057348251343e-02
4.763939976692199707e-02
-2.705209255218505859e-01
7.193328142166137695e-01
-1.650849580764770508e+00
-1.320181727409362793e+00
6.506810337305068970e-02
-9.946600794792175293e-01
1.398378252983093262e+00
-4.962507188320159912e-01
-1.680246889591217041e-01
4.362619817256927490e-01
1.303454041481018066e+00
-5.875269770622253418e-01
-5.231336951255798340e-01
-9.241095781326293945e-01
-1.610836744308471680e+00
-7.944817543029785156e-01
1.610593311488628387e-02
-2.035973519086837769e-01
-2.832053601741790771e-01
9.485621750354766846e-02
2.922522425651550293e-01
-9.275781512260437012e-01
3.266122639179229736e-01
1.181819438934326172e+00
1.119398772716522217e-01
-7.408005744218826294e-02
6.532158702611923218e-02
5.899057984352111816e-01
-9.163256287574768066e-01
1.046562194824218750e-01
-4.280633330345153809e-01
1.213707327842712402e+00
-7.595622539520263672e-01
-1.006768107414245605e+00
1.452476501464843750e+00
6.923010945320129395e-01
-1.008161380887031555e-01
-5.219364762306213379e-01
1.287553191184997559e+00
-1.454894095659255981e-01
-9.794005155563354492e-01
-1.991495639085769653e-01
-1.756215244531631470e-01
8.180366456508636475e-02
-1.218853712081909180e+00
4.575001895427703857e-01
4.179032742977142334e-01
-6.636230647563934326e-02
-1.750351548194885254e+00
-1.088737472891807556e-01
-4.505424797534942627e-01
-3.359466493129730225e-01
-1.691260933876037598e-01
-1.014922559261322021e-01
5.690022110939025879e-01
8.368516564369201660e-01
9.283247590065002441e-01
-2.181088685989379883e+00
-1.563464522361755371e+00
1.289325475692749023e+00
2.302193492650985718e-01
3.576523959636688232e-01
1.588788032531738281e+00
1.575999975204467773e+00
5.603535175323486328e-01
4.258994460105895996e-01
-1.924561619758605957e+00
-3.676367402076721191e-01
-6.115603446960449219e-01
-2.630224525928497314e-01
3.209812045097351074e-01
-1.433663070201873779e-01
-6.251160502433776855e-01
1.177872061729431152e+00
4.317338168621063232e-01
2.505329549312591553e-01
-5.971871018409729004e-01
1.647427558898925781e+00
-4.467914700508117676e-01
-1.560857295989990234e+00
-5.658207535743713379e-01
4.719350039958953857e-01
6.011742949485778809e-01
-5.412155389785766602e-01
2.364596128463745117e+00
7.541654109954833984e-01
3.661899268627166748e-01
-1.581045627593994141e+00
7.657811045646667480e-01
4.925748407840728760e-01
-1.368242740631103516e+00
-1.538887023925781250e+00
4.105882719159126282e-03
-1.774412812665104866e-03
3.906459510326385498e-01
-6.393479108810424805e-01
-1.781382113695144653e-01
9.350904226303100586e-01
2.258600592613220215e-01
1.668525695800781250e+00
-1.179823875427246094e+00
1.579597741365432739e-01
-7.911236882209777832e-01
1.907169520854949951e-01
-2.914621233940124512e-01
3.640177547931671143e-01
3.907485306262969971e-01
-1.062391519546508789e+00
-1.197738289833068848e+00
-5.009746551513671875e-01
-9.857262969017028809e-01
-3.516182899475097656e-01
1.959110498428344727e-01
-2.513564229011535645e-01
2.480686604976654053e-01
8.985217809677124023e-01
2.465922683477401733e-01
5.640022754669189453e-01
5.302986502647399902e-01
-7.168692350387573242e-01
7.457902282476425171e-02
-5.504745841026306152e-01
1.772635221481323242e+00
-8.966235518455505371e-01
-1.921821385622024536e-01
5.302822589874267578e-01
-1.307975888252258301e+00
9.702739119529724121e-01
1.268560141324996948e-01
-3.065828382968902588e-01
-2.459296435117721558e-01
1.725402593612670898e+00
1.462396085262298584e-01
-2.805610001087188721e-01
-5.799406170845031738e-01
-4.040018320083618164e-01
1.544082611799240112e-01
-6.422734260559082031e-02
7.259158492088317871e-01
1.652609348297119141e+00
-1.642694771289825439e-01
-3.356756865978240967e-01
1.250717759132385254e+00
8.715451359748840332e-01
1.260710835456848145e+00
5.570745468139648438e-01
3.319559097290039062e-01
9.048094749450683594e-01
1.195559859275817871e+00
-1.017001867294311523e+00
-2.103885173797607422e+00
-4.965851604938507080e-01
2.089078277349472046e-01
-1.434446692466735840e+00
-5.759757161140441895e-01
-9.861034750938415527e-01
-1.055233955383300781e+00
-1.110402107238769531e+00
-4.381231218576431274e-02
-1.276902914047241211e+00
1.121625229716300964e-01
1.114799007773399353e-01
-4.761946797370910645e-01
2.217874765396118164e+00
4.456993043422698975e-01
-1.373653054237365723e+00
2.045843124389648438e+00
1.675963282585144043e+00
1.905341506004333496e+00
-6.192092224955558777e-02
9.578339755535125732e-02
-2.031596563756465912e-02
-1.670914053916931152e+00
-1.652136296033859253e-01
5.051329135894775391e-01
4.113370925188064575e-02
2.381215989589691162e-01
-8.046974539756774902e-01
-3.919636309146881104e-01
-1.682877540588378906e+00
5.021002292633056641e-01
-1.292587757110595703e+00
-3.103460371494293213e-01
9.817745685577392578e-01
1.145606279373168945e+00
1.377856016159057617e+00
1.468817472457885742e+00
1.666890829801559448e-01
-1.261700153350830078e+00
-1.659339427947998047e+00
4.665172398090362549e-01
3.441274464130401611e-01
-9.582765102386474609e-01
1.321101486682891846e-01
-5.402051806449890137e-01
-9.291815161705017090e-01
1.989963173866271973e+00
2.697613537311553955e-01
8.402986526489257812e-01
-1.378297656774520874e-01
1.286350607872009277e+00
5.848810076713562012e-01
5.289328098297119141e-01
-5.438713431358337402e-01
8.375663757324218750e-01
-1.225063502788543701e-01
-1.735428720712661743e-01
3.119513988494873047e-01
-1.089227318763732910e+00
-1.303826808929443359e+00
-1.082267425954341888e-02
-1.095800757408142090e+00
-7.602173686027526855e-01
-5.296111106872558594e-01
7.831598520278930664e-01
1.876384139060974121e+00
-8.396924138069152832e-01
-5.294961929321289062e-01
5.715014040470123291e-02
5.991717576980590820e-01
-1.094196438789367676e+00
9.995236247777938843e-02
1.119474992156028748e-01
1.350096940994262695e+00
5.059995651245117188e-01
-2.916499614715576172e+00
-2.574313431978225708e-02
-3.116501569747924805e-01
-1.629091739654541016e+00
-3.035845756530761719e-01
5.491010546684265137e-01
-1.429002881050109863e+00
-6.039426103234291077e-02
2.361664295196533203e+00
1.180377125740051270e+00
2.996346056461334229e-01
5.003995895385742188e-01
1.338209271430969238e+00
3.722657859325408936e-01
-1.442240357398986816e+00
1.500629782676696777e+00
-3.507222533226013184e-01
1.220776140689849854e-02
-2.908637514337897301e-03
-1.631960749626159668e+00
8.500547409057617188e-01
7.615357637405395508e-01
1.853399276733398438e+00
-6.453866362571716309e-01
-1.073369860649108887e+00
1.397831559181213379e+00
1.349764585494995117e+00
1.131821125745773315e-01
-3.707951679825782776e-02
-7.699384689331054688e-01
-4.655787050724029541e-01
-1.525253772735595703e+00
9.877211451530456543e-01
-3.324253857135772705e-01
-1.650045156478881836e+00
1.966192275285720825e-01
-3.244880735874176025e-01
-1.057037115097045898e+00
1.213778406381607056e-01
-2.676198184490203857e-01
5.025739669799804688e-01
7.338876724243164062e-01
7.117773294448852539e-01
-5.725001692771911621e-01
5.437465310096740723e-01
1.216851025819778442e-01
7.203371077775955200e-02
-4.063169658184051514e-01
1.399656295776367188e+00
1.336659312248229980e+00
-2.733889520168304443e-01
7.125898599624633789e-01
8.575421571731567383e-02
-1.491588592529296875e+00
1.592484951019287109e+00
-9.119295477867126465e-01
5.291451215744018555e-01
5.047543644905090332e-01
-5.692831277847290039e-01
-1.859867691993713379e+00
-1.225958824157714844e+00
-2.447018921375274658e-01
1.088348507881164551e+00
-6.040570735931396484e-01
6.239569187164306641e-01
-4.540044069290161133e-01
2.794319093227386475e-01
7.223935723304748535e-01
-1.777214884757995605e+00
-5.126307010650634766e-01
1.177964806556701660e+00
9.553150534629821777e-01
-7.352820038795471191e-01
-6.161922961473464966e-02
-6.492549777030944824e-01
8.823089599609375000e-01
7.556435465812683105e-01
1.093996405601501465e+00
-7.002409100532531738e-01
1.321096062660217285e+00
-9.095806479454040527e-01
8.909856081008911133e-01
6.772952079772949219e-01
1.399529337882995605e+00
1.380827426910400391e-01
3.318547010421752930e-01
1.775169014930725098e+00
1.577337265014648438e+00
-5.534805655479431152e-01
1.662689000368118286e-01
-2.558962345123291016e+00
1.030440568923950195e+00
7.544815540313720703e-01
-1.679140567779541016e+00
1.217469930648803711e+00
6.853184700012207031e-01
-1.005947232246398926e+00
-1.276924490928649902e+00
-7.357830405235290527e-01
7.722835540771484375e-01
1.298076868057250977e+00
2.687655389308929443e-01
5.371902585029602051e-01
1.268725156784057617e+00
1.677453994750976562e+00
6.906623244285583496e-01
-1.684828519821166992e+00
-1.826353818178176880e-01
-7.205893993377685547e-01
8.256541490554809570e-01
-2.079976797103881836e-01
9.648253917694091797e-01
-5.458859801292419434e-01
-1.459766551852226257e-02
9.410985112190246582e-01
2.130640268325805664e+00
9.481435418128967285e-01
-8.339163661003112793e-01
4.646841585636138916e-01
-5.894368290901184082e-01
-5.977005958557128906e-01
6.123837232589721680e-01
-1.160331130027770996e+00
-3.058120608329772949e-01
7.484589219093322754e-01
-8.666275739669799805e-01
1.350931972265243530e-01
2.014645934104919434e-01
-1.262797474861145020e+00
-8.551560044288635254e-01
-2.766467630863189697e-01
-6.855215877294540405e-02
3.793986514210700989e-02
-1.403192989528179169e-03
-3.498860299587249756e-01
1.018525242805480957e+00
7.094853520393371582e-01
7.320967316627502441e-01
-1.903848171234130859e+00
-4.959999024868011475e-01
2.653066813945770264e-02
5.652600154280662537e-02
-2.147900015115737915e-01
1.156466245651245117e+00
4.549219608306884766e-01
-7.479358464479446411e-03
-6.020834669470787048e-03
-1.087518215179443359e+00
-2.840078830718994141e+00
-3.245660364627838135e-01
7.498766183853149414e-01
-8.165556937456130981e-02
-2.350608587265014648e+00
1.607870310544967651e-02
9.663746356964111328e-01
-1.025744557380676270e+00
1.992212533950805664e+00
1.302790790796279907e-01
-3.313615024089813232e-01
4.694980382919311523e-01
1.140908122062683105e+00
-6.971697211265563965e-01
7.623818516731262207e-01
9.851073473691940308e-02
3.066112473607063293e-02
-1.226182460784912109e+00
5.808885693550109863e-01
5.899583697319030762e-01
-1.165208101272583008e+00
1.311388254165649414e+00
-4.682040214538574219e-01
-2.020306348800659180e+00
2.295851111412048340e-01
-1.319216370582580566e+00
3.845925629138946533e-02
-8.311839699745178223e-01
-1.459999918937683105e+00
-1.010475754737854004e-01
1.080280661582946777e+00
-6.749825477600097656e-01
1.010630726814270020e+00
-5.149006247520446777e-01
1.195292174816131592e-01
2.398062646389007568e-01
-7.165178060531616211e-01
3.930339515209197998e-01
1.129101276397705078e+00
-1.791110515594482422e+00
-1.547738075256347656e+00
-1.603996038436889648e+00
1.667229980230331421e-01
-1.045815706253051758e+00
-1.035841703414916992e+00
-3.948830068111419678e-02
-1.941657215356826782e-01
4.457502961158752441e-01
-1.411315202713012695e+00
2.380762547254562378e-01
-1.210901420563459396e-02
-7.091681361198425293e-01
4.924580156803131104e-01
-1.312196493148803711e+00
-1.509797573089599609e+00
-6.808074712753295898e-01
2.086374759674072266e+00
1.083423972129821777e+00
4.082324206829071045e-01
3.746233880519866943e-01
-7.429589033126831055e-01
-9.690072536468505859e-01
1.067267134785652161e-01
1.118875145912170410e+00
1.735446333885192871e+00
-7.174535989761352539e-01
1.003849744796752930e+00
-3.687414526939392090e-01
-6.757979989051818848e-01
1.126331165432929993e-01
-3.896173536777496338e-01
-2.170321643352508545e-01
3.215643167495727539e-01
6.795422434806823730e-01
1.431969404220581055e+00
-2.011535167694091797e-01
-1.740745186805725098e+00
-3.135504424571990967e-01
8.316801488399505615e-02
1.102663755416870117e+00
1.031890153884887695e+00
-9.507673978805541992e-02
-1.059511542320251465e+00
-4.432933926582336426e-01
-2.145262956619262695e-01
4.287738204002380371e-01
-3.206724524497985840e-01
1.371618628501892090e+00
1.580959707498550415e-01
5.469117760658264160e-01
-1.808541774749755859e+00
-4.306800961494445801e-01
1.055322766304016113e+00
-4.382541477680206299e-01
-3.604093939065933228e-02
-7.872599363327026367e-01
1.116669297218322754e+00
-2.078509926795959473e-01
1.692106962203979492e+00
9.867654740810394287e-02
5.439640879631042480e-01
-1.199869737029075623e-01
2.502763986587524414e+00
3.409832417964935303e-01
-2.058862149715423584e-01
6.241797804832458496e-01
-1.266449093818664551e+00
-5.149453878402709961e-01
5.328108668327331543e-01
-1.189449310302734375e+00
8.901850581169128418e-01
7.723585367202758789e-01
-3.772860765457153320e-01
-7.593613266944885254e-01
9.855026006698608398e-01
3.281015455722808838e-01
-1.698667764663696289e+00
-9.100147485733032227e-01
4.027424156665802002e-01
1.859119236469268799e-01
4.915190115571022034e-02
2.765381708741188049e-02
8.024044632911682129e-01
8.205763697624206543e-01
-2.929080724716186523e-01
5.247970223426818848e-01
-1.121770024299621582e+00
-3.817296028137207031e-02
8.858354091644287109e-01
-1.211589947342872620e-01
-1.904310584068298340e-01
1.730245113372802734e+00
-1.944854855537414551e+00
1.058353483676910400e-01
1.751929283142089844e+00
2.878877520561218262e-01
4.835693240165710449e-01
3.227816522121429443e-01
-1.575028896331787109e+00
7.705551981925964355e-01
6.872603893280029297e-01
-7.857696413993835449e-01
-5.508887767791748047e-01
-2.225024938583374023e+00
-9.934119582176208496e-01
6.448183655738830566e-01
-2.214718163013458252e-01
7.853092551231384277e-01
-5.670779943466186523e-01
-2.275134474039077759e-01
-4.289395809173583984e-01
-1.054788231849670410e+00
-1.822435408830642700e-01
-4.275437295436859131e-01
1.066824436187744141e+00
6.703031659126281738e-01
-1.324372172355651855e+00
-2.554468512535095215e-01
-7.938278913497924805e-01
-1.588793158531188965e+00
3.525368869304656982e-02
7.971302270889282227e-01
-9.779384136199951172e-01
1.817758679389953613e+00
1.541918873786926270e+00
4.158123433589935303e-01
6.730918884277343750e-01
-1.547613024711608887e+00
4.894727841019630432e-02
-1.749909073114395142e-01
5.196610093116760254e-01
-9.378103613853454590e-01
-3.822082281112670898e-01
-2.477637380361557007e-01
3.145097792148590088e-01
-1.038924932479858398e+00
9.313452839851379395e-01
-8.714473247528076172e-01
-2.222357839345932007e-01
-2.423570305109024048e-02
-3.101178631186485291e-02
1.005616068840026855e+00
-1.615630626678466797e+00
-5.674279332160949707e-01
2.718887478113174438e-02
5.069191381335258484e-02
6.434499621391296387e-01
-8.432185053825378418e-01
4.869512319564819336e-01
1.080413699150085449e+00
2.387062788009643555e+00
7.389096170663833618e-02
-4.756055176258087158e-01
-5.081769227981567383e-01
1.102658867835998535e+00
-3.279072940349578857e-01
-5.696884989738464355e-01
-9.546818733215332031e-01
3.579345941543579102e-01
1.603861153125762939e-01
1.611919760704040527e+00
-1.378014564514160156e+00
-1.273566961288452148e+00
-6.979207694530487061e-02
4.399061203002929688e-01
-6.481938362121582031e-01
-1.369262099266052246e+00
-9.537017941474914551e-01
1.160678148269653320e+00
3.566874861717224121e-01
1.679828912019729614e-01
-1.220053434371948242e+00
-3.614810407161712646e-01
-9.181801974773406982e-02
5.160669088363647461e-01
-9.952279329299926758e-01
-3.306404650211334229e-01
-1.835892349481582642e-01
1.385002434253692627e-01
