-1.615782618522644043e+00
5.433649420738220215e-01
-7.727043628692626953e-01
-1.033641457557678223e+00
1.357066631317138672e+00
1.238743424415588379e+00
-9.207171201705932617e-01
1.531748175621032715e-01
-2.440154105424880981e-01
5.974132418632507324e-01
1.095837950706481934e+00
2.819116115570068359e+00
-7.644781470298767090e-01
-6.312575340270996094e-01
4.777162969112396240e-01
3.928842544555664062e-01
-4.371572732925415039e-01
-1.817027807235717773e+00
7.557998895645141602e-01
6.044408679008483887e-01
-2.422942407429218292e-02
8.183215558528900146e-02
-6.700052618980407715e-01
-1.375998109579086304e-01
-7.372463941574096680e-01
-1.138087287545204163e-01
1.330589652061462402e-01
-8.219450116157531738e-01
-4.554280936717987061e-01
9.191356897354125977e-01
7.032648194581270218e-03
7.910899519920349121e-01
8.378624320030212402e-01
2.183685779571533203e+00
4.048681259155273438e-01
-2.296556681394577026e-01
-1.273271322250366211e+00
-1.577694118022918701e-01
-1.143264412879943848e+00
-8.594300150871276855e-01
4.492986798286437988e-01
-1.250784099102020264e-01
-1.077415347099304199e+00
-1.546392202377319336e+00
1.553774811327457428e-02
-1.705385088920593262e+00
-8.926785588264465332e-01
1.605184972286224365e-01
4.338894188404083252e-01
3.220068216323852539e-01
7.802282571792602539e-01
-4.040841162204742432e-01
-2.841322720050811768e-01
1.652037858963012695e+00
-1.175057291984558105e+00
8.287687897682189941e-01
2.735392749309539795e-01
-1.040051206946372986e-01
9.096079319715499878e-02
-2.495606541633605957e-01
2.244696617126464844e+00
1.478281855583190918e+00
-7.196575999259948730e-01
-1.392739653587341309e+00
-9.600985646247863770e-01
-1.023703575134277344e+00
-1.058298707008361816e+00
3.705736398696899414e-01
-7.748937606811523438e-01
-1.057058334350585938e+00
-5.594254136085510254e-01
2.060332745313644409e-01
1.091166734695434570e+00
1.712120175361633301e+00
7.151899933815002441e-01
-7.734505534172058105e-01
-1.306170672178268433e-01
-8.405538797378540039e-01
-5.435927510261535645e-01
-5.182206630706787109e-01
1.533983707427978516e+00
1.208085060119628906e+00
2.078302651643753052e-01
-3.199032545089721680e-01
-6.843511462211608887e-01
4.258607029914855957e-01
9.098266065120697021e-02
1.197859644889831543e+00
-2.343775928020477295e-01
2.397012263536453247e-01
1.267779111862182617e+00
-8.418723344802856445e-01
1.201626420021057129e+00
-1.135590374469757080e-01
7.093824446201324463e-02
-7.717601954936981201e-02
2.983122467994689941e-01
9.031916856765747070e-01
1.750696599483489990e-01
1.055487632751464844e+00
7.587910890579223633e-01
-1.549463570117950439e-01
-1.182083249092102051e+00
-4.453731477260589600e-01
2.883237898349761963e-01
1.932241439819335938e+00
-8.197466135025024414e-01
7.230164408683776855e-01
-1.471222758293151855e+00
-1.943957656621932983e-01
5.178875327110290527e-01
3.464980125427246094e-01
-9.232470989227294922e-01
2.309937775135040283e-01
-2.215265482664108276e-01
-5.141869187355041504e-01
4.108274877071380615e-01
-9.041918069124221802e-02
-1.480299681425094604e-01
-1.312267303466796875e+00
8.462554216384887695e-01
-1.255213916301727295e-01
-4.321117699146270752e-02
-1.010418415069580078e+00
1.160425841808319092e-01
3.839803338050842285e-01
-1.774764895439147949e+00
-4.997995197772979736e-01
-1.074609875679016113e+00
3.668107688426971436e-01
-4.187780022621154785e-01
6.183772683143615723e-01
-5.285738781094551086e-02
1.826929450035095215e+00
6.321230530738830566e-01
-5.531311035156250000e-01
1.195547699928283691e+00
5.647496581077575684e-01
-2.437682867050170898e+00
2.084479629993438721e-01
-7.725169062614440918e-01
-7.421134114265441895e-01
4.445760548114776611e-01
4.107285290956497192e-02
7.600509524345397949e-01
-2.464225143194198608e-02
-2.451381683349609375e-01
6.102419495582580566e-01
-9.350974559783935547e-01
-3.805893063545227051e-01
2.962798118591308594e+00
4.433842375874519348e-02
1.345267519354820251e-02
4.964673817157745361e-01
1.588434338569641113e+00
9.027459621429443359e-01
2.733595371246337891e-01
-2.749455571174621582e-01
7.573142051696777344e-01
1.167339086532592773e+00
6.476981043815612793e-01
-1.294431686401367188e+00
1.018440127372741699e+00
1.470249891281127930e+00
-1.569277882575988770e+00
1.174158215522766113e+00
-6.497263908386230469e-01
1.575553297996520996e+00
3.427045345306396484e-01
-8.394510746002197266e-01
-2.000735402107238770e-01
-1.783874511718750000e+00
-5.877975821495056152e-01
-1.622012495994567871e+00
2.656300961971282959e-01
-1.168585941195487976e-01
8.495724797248840332e-01
1.448474764823913574e+00
8.844707608222961426e-01
-9.316268563270568848e-02
-9.330573678016662598e-01
-6.012732386589050293e-01
1.501564145088195801e+00
-1.310454964637756348e+00
9.862765073776245117e-01
8.496714234352111816e-01
4.126231074333190918e-01
-1.419122338294982910e+00
-8.833716511726379395e-01
7.774881124496459961e-01
-1.286595966666936874e-02
1.422477364540100098e-01
-1.028086662292480469e+00
1.010425925254821777e+00
-1.586771011352539062e+00
5.990492105484008789e-01
1.780754327774047852e-01
-6.687851548194885254e-01
-6.957973837852478027e-01
9.722113609313964844e-01
-2.606578767299652100e-01
-1.946590393781661987e-01
-5.338808894157409668e-02
6.676374673843383789e-01
-2.706519067287445068e-01
-1.378174304962158203e+00
4.196058958768844604e-02
2.936386466026306152e-01
2.885169982910156250e-01
-6.182088851928710938e-01
1.119007825851440430e+00
-1.089858915656805038e-02
-5.064296722412109375e-01
-1.272594451904296875e+00
7.765426635742187500e-01
-4.888265132904052734e-01
-5.284602642059326172e-01
2.290463298559188843e-01
8.158813416957855225e-02
1.303690433502197266e+00
-1.136576771736145020e+00
2.662244141101837158e-01
-6.219332218170166016e-01
8.546057343482971191e-01
-9.449391961097717285e-01
-3.352444767951965332e-01
1.591248750686645508e+00
-6.739092469215393066e-01
6.612554788589477539e-01
5.350010991096496582e-01
-9.760668277740478516e-01
5.095113515853881836e-01
-4.395128488540649414e-01
-3.130479156970977783e-01
-1.424077391624450684e+00
-1.670332998037338257e-01
3.513354957103729248e-01
-1.986418664455413818e-01
-1.612648740410804749e-02
9.172393083572387695e-01
-3.186117887496948242e+00
1.814612269401550293e+00
3.501585870981216431e-02
-1.025848507881164551e+00
-9.285300374031066895e-01
-4.445700719952583313e-02
7.034783363342285156e-01
-8.190189599990844727e-01
2.725248932838439941e-01
7.391254305839538574e-01
4.810987412929534912e-01
-9.368420839309692383e-01
1.276540458202362061e-01
-3.460018634796142578e-01
-1.820502728223800659e-01
-7.319089770317077637e-01
-3.775839805603027344e-01
3.449267745018005371e-01
-8.765696287155151367e-01
-7.648074030876159668e-01
1.421896696090698242e+00
-2.729217410087585449e-01
9.453354477882385254e-01
7.947189211845397949e-01
-1.683560609817504883e+00
-3.376593887805938721e-01
-8.977348208427429199e-01
-3.544910252094268799e-01
-4.677951931953430176e-01
1.192646384239196777e+00
1.084095090627670288e-01
-6.391096711158752441e-01
1.538028717041015625e-01
1.216433793306350708e-01
1.279860287904739380e-01
-2.366759061813354492e+00
6.922167539596557617e-02
4.210346639156341553e-01
-1.884728789329528809e+00
8.710722923278808594e-01
3.152243793010711670e-02
-2.768574655055999756e-01
1.525763750076293945e+00
-1.604605078697204590e+00
4.724173545837402344e-01
7.455830574035644531e-01
-1.490559101104736328e+00
-2.768657207489013672e+00
5.393793582916259766e-01
9.306176304817199707e-01
1.893768787384033203e+00
-1.125503629446029663e-01
-3.435929417610168457e-01
-1.717537999153137207e+00
-1.223553538322448730e+00
-1.692921519279479980e+00
4.165145754814147949e-01
-4.145454466342926025e-01
6.184507608413696289e-01
8.623955845832824707e-01
-6.394040584564208984e-01
-6.889742612838745117e-02
5.689885094761848450e-02
-3.199793100357055664e-01
-2.184056788682937622e-01
4.411308765411376953e-01
-7.368558645248413086e-01
4.238278269767761230e-01
9.830288290977478027e-01
6.173024773597717285e-01
-9.782218188047409058e-02
-1.193875789642333984e+00
1.839930415153503418e-01
-9.370788186788558960e-02
1.063209250569343567e-01
2.878349781036376953e+00
-1.527528911828994751e-01
-3.492709696292877197e-01
9.663550257682800293e-01
6.087262630462646484e-01
1.944905370473861694e-01
-4.902103841304779053e-01
-9.820466041564941406e-01
7.281799316406250000e-01
-3.623106777667999268e-01
4.613814949989318848e-01
-1.252666234970092773e+00
-4.232544302940368652e-01
-9.327822923660278320e-01
-2.685700416564941406e+00
-5.205676332116127014e-02
-1.286312580108642578e+00
-4.042423665523529053e-01
1.386738896369934082e+00
2.559340000152587891e-01
-4.126883149147033691e-01
3.959389030933380127e-01
-6.196430921554565430e-01
-4.867101088166236877e-02
1.212979078292846680e+00
-4.672098755836486816e-01
-6.396020650863647461e-01
5.797390937805175781e-01
4.105530381202697754e-01
2.569052875041961670e-01
-8.045772463083267212e-02
1.992524564266204834e-01
3.577831089496612549e-01
8.808513283729553223e-01
1.850101232528686523e+00
3.159044384956359863e-01
-1.352869033813476562e+00
8.372890949249267578e-01
-7.762637138366699219e-01
-3.968636095523834229e-01
-1.036796808242797852e+00
-1.119256541132926941e-01
2.921220362186431885e-01
-1.712093055248260498e-01
8.761328458786010742e-01
1.636061191558837891e+00
1.880345940589904785e+00
-4.709634780883789062e-01
-1.780846118927001953e+00
-7.902780175209045410e-01
-4.526220858097076416e-01
1.000766992568969727e+00
-1.237269043922424316e+00
-8.505798578262329102e-01
-1.172771453857421875e+00
-7.887698411941528320e-01
-3.020255081355571747e-02
5.043740272521972656e-01
1.672248821705579758e-03
-4.422702491283416748e-01
-5.299061536788940430e-01
1.675832122564315796e-01
-5.179542899131774902e-01
-3.688301742076873779e-01
-5.241282582283020020e-01
1.079867601394653320e+00
-9.764859080314636230e-01
-1.683022528886795044e-01
-1.515315294265747070e+00
5.818951129913330078e-01
-8.092517256736755371e-01
2.114737033843994141e+00
-1.190845489501953125e+00
5.145826935768127441e-01
-4.653301835060119629e-01
1.929475426673889160e+00
-2.844330072402954102e-01
-3.693216294050216675e-02
-4.925787448883056641e-01
8.652246743440628052e-02
8.019846081733703613e-01
1.287622690200805664e+00
-5.446717739105224609e-01
-4.884533584117889404e-01
4.214304387569427490e-01
8.564729690551757812e-01
-2.227042675018310547e+00
-1.475382089614868164e+00
-7.479986548423767090e-01
2.055512189865112305e+00
-1.043268084526062012e+00
6.099292635917663574e-02
6.507901847362518311e-02
4.240590929985046387e-01
1.294317483901977539e+00
1.373859763145446777e+00
-1.046984791755676270e+00
1.155971169471740723e+00
3.627117872238159180e-01
-1.468937844038009644e-01
-1.309599637985229492e+00
1.960038304328918457e+00
1.262713313102722168e+00
-5.286712050437927246e-01
7.523120045661926270e-01
-1.427074551582336426e+00
-5.827554464340209961e-01
2.596317231655120850e-01
1.938522905111312866e-01
7.831182479858398438e-01
2.527873814105987549e-01
-6.457686424255371094e-02
-4.673622250556945801e-01
-9.074913859367370605e-01
8.509324193000793457e-01
9.436925053596496582e-01
-5.611538290977478027e-01
-4.080682694911956787e-01
2.094601392745971680e+00
1.274395346641540527e+00
-8.581116795539855957e-01
5.168475508689880371e-01
-1.872771978378295898e+00
1.469621777534484863e+00
6.151807680726051331e-02
-6.192803382873535156e-01
-5.600525736808776855e-01
-5.951182246208190918e-01
-7.366536557674407959e-02
5.197431445121765137e-01
8.817536830902099609e-01
8.670272678136825562e-02
1.141977831721305847e-01
-5.231466889381408691e-01
4.421063065528869629e-01
6.133829355239868164e-01
-8.256983757019042969e-01
9.070010185241699219e-01
-7.432442903518676758e-02
-2.512178421020507812e+00
1.905453056097030640e-01
-7.040717005729675293e-01
5.268510580062866211e-01
5.567075610160827637e-01
-1.720793247222900391e+00
-1.549655556678771973e+00
-6.946994066238403320e-01
1.635023504495620728e-01
7.715345025062561035e-01
-3.627117574214935303e-01
-1.764068193733692169e-02
1.469442844390869141e-01
-3.566661775112152100e-01
-5.915348604321479797e-02
-1.145390152931213379e+00
9.029870629310607910e-01
1.102955460548400879e+00
-1.211563706398010254e+00
2.499330043792724609e-01
-1.563852876424789429e-01
8.570601940155029297e-01
-8.260983824729919434e-01
8.169953227043151855e-01
-3.428413271903991699e-01
-2.349705934524536133e+00
6.688455939292907715e-01
-8.387084603309631348e-01
-6.630196571350097656e-01
-1.796542108058929443e-01
3.778667151927947998e-01
1.011346459388732910e+00
9.881520867347717285e-01
3.016967773437500000e+00
3.436829745769500732e-01
-2.083275794982910156e+00
2.377744168043136597e-01
-2.630077600479125977e-01
7.619103193283081055e-01
4.440958499908447266e-01
3.204088807106018066e-01
-6.560546159744262695e-02
-1.617588400840759277e+00
-1.622106671333312988e+00
-1.315660953521728516e+00
-8.142910599708557129e-01
1.012916490435600281e-02
1.494188785552978516e+00
2.808656990528106689e-01
1.710471957921981812e-01
9.781957864761352539e-01
7.601354122161865234e-01
1.252127766609191895e+00
4.768926203250885010e-01
-8.721065521240234375e-01
-1.019336223602294922e+00
1.018891409039497375e-01
-1.065499901771545410e+00
-8.188546895980834961e-01
-9.044391512870788574e-01
9.351293444633483887e-01
8.756051212549209595e-02
1.036857008934020996e+00
-2.485714554786682129e-01
-8.895535469055175781e-01
-1.116016626358032227e+00
1.413117051124572754e+00
-7.407359480857849121e-01
3.389838039875030518e-01
6.654914021492004395e-01
2.585384994745254517e-03
-1.014881849288940430e+00
-1.400714278221130371e+00
2.531093657016754150e-01
-1.156160354614257812e+00
-1.067855834960937500e+00
2.101876288652420044e-01
1.653544604778289795e-01
6.251903772354125977e-01
2.246422320604324341e-02
1.090652108192443848e+00
-1.115257859230041504e+00
-1.082936763763427734e+00
-1.211036562919616699e+00
-1.065946698188781738e+00
-1.327060461044311523e+00
-4.888316988945007324e-01
-5.156957507133483887e-01
2.911414206027984619e-01
5.867272615432739258e-01
-3.186186552047729492e-01
-3.172967135906219482e-01
-5.093587636947631836e-01
-3.379691541194915771e-01
-1.360475420951843262e-01
-9.306211471557617188e-01
1.099625229835510254e+00
6.313766837120056152e-01
-8.556054234504699707e-01
-9.966793656349182129e-01
1.848050802946090698e-01
-4.147934913635253906e-01
-9.546844959259033203e-01
1.555184483528137207e+00
9.007977247238159180e-01
-4.092776477336883545e-01
-2.541574239730834961e-01
9.137711673974990845e-02
4.390740022063255310e-02
1.035521030426025391e+00
4.939230382442474365e-01
3.280101120471954346e-01
-3.395159244537353516e-01
1.142335295677185059e+00
1.364034056663513184e+00
2.944946289062500000e-01
1.448517143726348877e-01
4.786260053515434265e-02
-9.425215125083923340e-01
3.070430755615234375e-01
-1.240873336791992188e+00
-3.843182921409606934e-01
5.396964550018310547e-01
-2.333908528089523315e-01
2.145601063966751099e-01
4.570682048797607422e-01
4.805559217929840088e-01
7.394594550132751465e-01
-1.858856230974197388e-01
4.024578928947448730e-01
1.549905896186828613e+00
-3.922635912895202637e-01
1.082591339945793152e-01
7.580379843711853027e-01
-9.828512072563171387e-01
-5.961632132530212402e-01
3.630992472171783447e-01
-1.487243890762329102e+00
-7.875862121582031250e-01
4.499245807528495789e-02
5.690643191337585449e-02
-2.759716987609863281e+00
5.435826182365417480e-01
5.913262814283370972e-02
8.978316187858581543e-01
-1.140521168708801270e-01
1.253832459449768066e+00
-1.072379112243652344e+00
-1.894576698541641235e-01
-1.115795135498046875e+00
-3.448094129562377930e-01
-4.678058326244354248e-01
1.042234897613525391e+00
1.923359781503677368e-01
-2.894997298717498779e-01
7.157006263732910156e-01
-3.737898916006088257e-02
-8.074136972427368164e-01
7.348826527595520020e-01
6.442467570304870605e-01
1.094569087028503418e+00
-6.554578542709350586e-01
7.325134277343750000e-01
-9.033862948417663574e-01
9.200977683067321777e-01
-1.165846705436706543e+00
-1.048235774040222168e+00
-4.208975657820701599e-02
4.751265645027160645e-01
7.119442224502563477e-01
8.622021973133087158e-02
1.152008026838302612e-01
2.335499286651611328e+00
-4.455164074897766113e-01
1.013393044471740723e+00
-9.894795715808868408e-02
-7.627336382865905762e-01
-6.516472697257995605e-01
5.966550111770629883e-01
-8.493940830230712891e-01
-2.870043814182281494e-01
-1.357733130455017090e+00
1.158777952194213867e+00
1.087679028511047363e+00
2.509348690509796143e-01
-1.007797956466674805e+00
-6.143241524696350098e-01
4.954871833324432373e-01
5.342215895652770996e-01
2.988015711307525635e-01
8.613681793212890625e-02
-9.712178260087966919e-02
-1.876351386308670044e-01
7.052124142646789551e-01
8.088614344596862793e-01
1.124911785125732422e+00
2.547854483127593994e-01
3.738610506057739258e+00
1.023916840553283691e+00
3.880419433116912842e-01
1.684388816356658936e-01
-4.522678256034851074e-01
1.438840508460998535e+00
1.230669975280761719e+00
3.931777179241180420e-01
-4.082034230232238770e-01
-4.062044024467468262e-01
4.841720759868621826e-01
-2.562809037044644356e-03
2.076307773590087891e+00
-5.500827431678771973e-01
-1.695489406585693359e+00
-2.482632100582122803e-01
7.365840673446655273e-01
-6.779502034187316895e-01
1.042398810386657715e+00
-9.114028215408325195e-01
7.074883580207824707e-01
1.213103771209716797e+00
-6.753554940223693848e-01
-3.569538891315460205e-01
2.773798704147338867e-01
1.976992189884185791e-01
1.359791517257690430e+00
-4.294926300644874573e-02
-1.107770562171936035e+00
-3.667396008968353271e-01
-1.343550205230712891e+00
1.449525207281112671e-01
-1.399396955966949463e-01
7.832691669464111328e-01
2.234819382429122925e-01
-1.172995328903198242e+00
-2.020488977432250977e+00
1.959233134984970093e-01
1.291965961456298828e+00
-1.166920542716979980e+00
-6.005497574806213379e-01
-6.791388988494873047e-01
-2.362614572048187256e-01
-6.768218874931335449e-01
-8.163817226886749268e-02
-1.290542483329772949e+00
-6.782072186470031738e-01
-7.659079879522323608e-02
-1.071373820304870605e+00
-1.143784761428833008e+00
-2.398065179586410522e-01
-1.166068077087402344e+00
1.448734879493713379e+00
1.576296091079711914e+00
1.205671191215515137e+00
-1.647615075111389160e+00
-4.966291189193725586e-01
-1.160524368286132812e+00
-1.040473461151123047e+00
7.271903753280639648e-02
1.056440249085426331e-01
8.220296502113342285e-01
-3.538343310356140137e-02
9.298469871282577515e-02
-4.058216214179992676e-01
-1.613177061080932617e+00
-5.853330492973327637e-01
1.176210403442382812e+00
5.604855418205261230e-01
9.941694140434265137e-01
1.031130433082580566e+00
-3.651199638843536377e-01
6.034724116325378418e-01
1.343153119087219238e-01
-1.778499186038970947e-01
4.904316663742065430e-01
1.308257579803466797e-01
-1.467319607734680176e+00
1.303148269653320312e+00
1.338555097579956055e+00
-3.156413137912750244e-01
3.192383348941802979e-01
-1.071407720446586609e-01
-3.523583114147186279e-01
8.236774802207946777e-01
2.479648590087890625e-01
5.730072855949401855e-01
3.036478757858276367e-01
1.662964701652526855e+00
2.597031295299530029e-01
-6.443259119987487793e-01
-1.215649366378784180e+00
4.034686833620071411e-02
-7.667434811592102051e-01
-4.568654000759124756e-01
-2.537578344345092773e-01
-3.318297564983367920e-01
1.741264909505844116e-01
3.030081279575824738e-02
-4.911754131317138672e-01
6.557937860488891602e-01
2.640646398067474365e-01
4.329945147037506104e-01
1.101930975914001465e+00
-7.058324217796325684e-01
-1.706120252609252930e+00
5.816370844841003418e-01
-6.214690804481506348e-01
1.222404539585113525e-01
-5.093877911567687988e-01
1.843951195478439331e-01
-1.349903583526611328e+00
4.005764126777648926e-01
-6.070754528045654297e-01
-1.440051384270191193e-02
-5.769842267036437988e-01
1.108093857765197754e+00
