-9.393967390060424805e-01
4.994620382785797119e-01
-6.951094269752502441e-01
7.013273835182189941e-01
1.130617856979370117e+00
1.171926856040954590e+00
-1.175600647926330566e+00
3.982165455818176270e-02
3.801752924919128418e-01
-5.949950218200683594e-01
9.852508902549743652e-01
2.712575674057006836e+00
-6.953904628753662109e-01
-1.343527197837829590e+00
1.187853336334228516e+00
-1.215367913246154785e-01
1.359163165092468262e+00
-7.154685854911804199e-01
6.008591651916503906e-01
4.155250191688537598e-01
1.408530712127685547e+00
-7.748223543167114258e-01
5.178235769271850586e-01
-6.600959897041320801e-01
6.784942001104354858e-02
-5.726234912872314453e-01
1.249273777008056641e+00
-5.672051906585693359e-01
-1.000447511672973633e+00
-3.664447367191314697e-01
6.444079279899597168e-01
-6.396580934524536133e-01
1.061751723289489746e+00
-2.149110734462738037e-01
1.270477175712585449e+00
-8.327056169509887695e-01
-4.006974026560783386e-02
5.763204097747802734e-01
3.989272285252809525e-03
-1.251301884651184082e+00
-7.810343503952026367e-01
-2.791207730770111084e-01
-2.113982677459716797e+00
-2.427048534154891968e-01
1.211960166692733765e-01
-3.077245950698852539e-01
-2.314892768859863281e+00
-1.218135595321655273e+00
-1.685988306999206543e-01
-3.904526829719543457e-01
-7.882311940193176270e-01
9.177424907684326172e-01
-6.259994208812713623e-02
-1.185262203216552734e+00
-2.990652918815612793e-01
-4.710472524166107178e-01
2.110139369964599609e+00
5.298244953155517578e-01
-1.347802877426147461e+00
4.724834859371185303e-01
6.418004035949707031e-01
1.169919013977050781e+00
6.387009620666503906e-01
-1.263223290443420410e+00
-5.115590095520019531e-01
-1.045239090919494629e+00
-1.522543311119079590e+00
1.361717224121093750e+00
-1.717772334814071655e-01
3.244910240173339844e-01
-5.211109519004821777e-01
3.407870233058929443e-02
-1.235419750213623047e+00
1.325302958488464355e+00
-3.003073036670684814e-01
-1.283582448959350586e+00
-7.951693534851074219e-01
-1.182133197784423828e+00
1.723226606845855713e-01
-5.778372883796691895e-01
9.950634837150573730e-01
4.023226499557495117e-01
1.183304071426391602e+00
4.922763705253601074e-01
5.993757843971252441e-01
-1.551975607872009277e-01
1.816763579845428467e-01
1.495954394340515137e+00
-1.048294901847839355e+00
-1.093467235565185547e+00
1.026252746582031250e+00
-1.720648258924484253e-01
1.560332298278808594e+00
-1.048090867698192596e-02
1.534248739480972290e-01
-6.213835999369621277e-02
-3.127539455890655518e-01
-1.505406945943832397e-01
-2.686795890331268311e-01
6.293572187423706055e-01
3.211771249771118164e-01
-1.830615997314453125e-01
-8.684501647949218750e-01
-2.919115126132965088e-01
1.569912195205688477e+00
-6.436334252357482910e-01
-6.149365380406379700e-02
5.126528739929199219e-01
-8.149112462997436523e-01
8.332712650299072266e-01
1.367774844169616699e+00
-1.319087892770767212e-01
5.241721272468566895e-01
8.913217186927795410e-01
8.320118784904479980e-01
1.161619305610656738e+00
-1.364008188247680664e+00
2.051908731460571289e+00
-1.312017083168029785e+00
-2.430783987045288086e+00
1.675434350967407227e+00
1.771844029426574707e+00
4.583622887730598450e-02
4.230502843856811523e-01
4.334962368011474609e-01
-6.901644468307495117e-01
-1.171807646751403809e+00
-2.434821426868438721e-01
-5.965620875358581543e-01
-7.178289294242858887e-01
-4.578826725482940674e-01
7.672126293182373047e-01
-1.439565300941467285e+00
1.775278449058532715e+00
3.814831972122192383e-01
-1.218764424324035645e+00
-2.167741209268569946e-01
-3.989524245262145996e-01
-3.199171543121337891e+00
-9.156148135662078857e-02
-2.983002364635467529e-01
1.855462551116943359e+00
-4.763969779014587402e-01
-2.351266860961914062e+00
3.672617375850677490e-01
2.602736949920654297e-01
-6.169365718960762024e-02
1.109787940979003906e+00
4.416676461696624756e-01
-9.373805522918701172e-01
1.037717223167419434e+00
6.191523745656013489e-03
-2.931427359580993652e-01
-1.316418647766113281e-01
-7.124563455581665039e-01
-3.307240903377532959e-01
2.185580730438232422e-01
-2.056058198213577271e-01
-1.239161610603332520e+00
7.028502225875854492e-01
3.400554358959197998e-01
-7.200559973716735840e-01
2.254636883735656738e-01
5.494589209556579590e-01
7.503998279571533203e-02
8.089199662208557129e-01
1.527963042259216309e+00
1.656830906867980957e+00
1.474255919456481934e+00
-1.447521090507507324e+00
-1.019854307174682617e+00
-1.530384182929992676e+00
1.404066234827041626e-01
-5.575850009918212891e-01
5.744935870170593262e-01
1.123372241854667664e-01
-2.962135076522827148e-01
5.369508266448974609e-01
-1.668604493141174316e+00
-3.768285214900970459e-01
-2.267725616693496704e-01
-4.890552163124084473e-01
9.873474836349487305e-01
-1.038615226745605469e+00
-4.081013798713684082e-01
7.520287632942199707e-01
3.218706846237182617e-01
-5.874792933464050293e-01
-4.835960865020751953e-01
-5.200445652008056641e-01
-1.262522459030151367e+00
-1.496726870536804199e+00
-3.244800567626953125e-01
2.923218011856079102e-01
-1.308506965637207031e+00
1.737123429775238037e-01
4.112098217010498047e-01
-1.787826180458068848e+00
3.302936851978302002e-01
1.229700684547424316e+00
2.828850746154785156e-01
-4.054132401943206787e-01
9.780421853065490723e-01
1.436675310134887695e+00
2.792375385761260986e-01
-4.839596152305603027e-01
-7.244643568992614746e-01
1.796105384826660156e+00
-1.146066546440124512e+00
-7.245404124259948730e-01
1.652760863304138184e+00
-4.054366052150726318e-01
4.751353263854980469e-01
1.484310999512672424e-02
8.463743329048156738e-01
-2.559621930122375488e-01
-4.600044786930084229e-01
-1.066822886466979980e+00
-4.836451113224029541e-01
6.480383276939392090e-01
-7.960841655731201172e-01
4.622915685176849365e-01
-2.200388610363006592e-01
4.462994933128356934e-01
-1.560346245765686035e+00
7.464309036731719971e-02
-9.874290227890014648e-02
-1.197144508361816406e+00
-7.722413539886474609e-01
-5.247021317481994629e-01
-1.457200348377227783e-01
5.747665166854858398e-01
1.140640974044799805e+00
-1.391862750053405762e+00
-1.950163006782531738e+00
1.079040050506591797e+00
-1.128684520721435547e+00
-2.918680012226104736e-01
9.493190795183181763e-02
1.316071629524230957e+00
-2.966045439243316650e-01
8.894906044006347656e-01
-1.519110321998596191e+00
-8.380133509635925293e-01
-6.805045604705810547e-01
6.246570944786071777e-01
-5.752697587013244629e-01
-3.745708763599395752e-01
5.186308622360229492e-01
5.293008089065551758e-01
2.126835435628890991e-01
-2.260594628751277924e-02
-7.205958962440490723e-01
8.997205495834350586e-01
2.877671420574188232e-01
-4.064065217971801758e-01
3.117196261882781982e-01
-1.771517843008041382e-01
3.670090138912200928e-01
-6.019226089119911194e-02
2.193819761276245117e+00
2.703011035919189453e-01
-1.161081418395042419e-01
-1.342550754547119141e+00
4.949493110179901123e-01
6.552894115447998047e-01
-6.520789861679077148e-01
-1.922264337539672852e+00
1.552805155515670776e-01
4.152387380599975586e-01
-8.365640789270401001e-02
-1.117132306098937988e-01
-3.738052248954772949e-01
7.649552226066589355e-01
6.846072673797607422e-01
5.558149814605712891e-01
-1.039069369435310364e-01
3.444702625274658203e-01
-7.965233922004699707e-01
2.802695333957672119e-01
6.530723720788955688e-02
1.190122589468955994e-01
5.305089950561523438e-01
-8.162485957145690918e-01
-7.712442874908447266e-01
-1.422396153211593628e-01
-7.706549763679504395e-01
-5.146743059158325195e-01
4.191143214702606201e-01
5.137909054756164551e-01
1.326954007148742676e+00
-2.106677293777465820e-01
4.135215282440185547e-01
-5.757976695895195007e-02
-1.229539871215820312e+00
8.341941982507705688e-02
2.892301082611083984e-01
-6.594134569168090820e-01
2.115990638732910156e+00
-5.644145607948303223e-01
1.108796373009681702e-01
1.067223787307739258e+00
-2.270467728376388550e-01
-3.895981609821319580e-02
2.054925858974456787e-01
5.160995945334434509e-02
-2.496179640293121338e-01
3.997295796871185303e-01
-6.133654117584228516e-01
-6.059114933013916016e-01
7.830069065093994141e-01
-2.814764082431793213e-01
7.153198122978210449e-01
3.910751342773437500e-01
9.554470181465148926e-01
1.748203873634338379e+00
-1.705018728971481323e-01
-5.938691496849060059e-01
9.602021574974060059e-01
7.344033122062683105e-01
1.050424098968505859e+00
-4.510196447372436523e-01
5.970399975776672363e-01
9.994563460350036621e-01
4.305637478828430176e-01
-4.827874004840850830e-01
-1.141186594963073730e+00
-1.173265695571899414e+00
3.876418471336364746e-01
-6.404708623886108398e-01
-9.747946262359619141e-01
-4.396853744983673096e-01
-9.233536124229431152e-01
-1.214747279882431030e-01
-9.510168433189392090e-02
-1.762995868921279907e-01
4.061059653759002686e-01
-8.232663869857788086e-01
2.675878703594207764e-01
9.367735981941223145e-01
3.026076853275299072e-01
-1.337933182716369629e+00
6.898664236068725586e-01
1.441662430763244629e+00
1.420609354972839355e+00
-5.793066024780273438e-01
-3.746653720736503601e-02
2.554703056812286377e-01
1.171528324484825134e-01
-5.153276324272155762e-01
8.920689225196838379e-01
-1.334684610366821289e+00
1.740117073059082031e-01
-1.006863713264465332e+00
-4.472402632236480713e-01
-1.058896303176879883e+00
1.110859036445617676e+00
-4.204872548580169678e-01
-3.580976128578186035e-01
3.517803847789764404e-01
1.021104454994201660e+00
7.091441750526428223e-01
-9.450857639312744141e-01
2.486080378293991089e-01
-1.794148087501525879e+00
-1.338807106018066406e+00
-8.295495510101318359e-01
-1.209393262863159180e+00
3.234608769416809082e-01
7.358962297439575195e-02
-1.047859549522399902e+00
-3.141733407974243164e-01
1.657863408327102661e-01
3.878933489322662354e-01
1.592909693717956543e+00
1.167379021644592285e+00
2.869518995285034180e+00
-9.161062538623809814e-02
7.897338867187500000e-01
-3.268882036209106445e-01
-8.655302971601486206e-02
2.919107079505920410e-01
-1.732828617095947266e-01
-6.332795023918151855e-01
-1.776770234107971191e+00
2.397873103618621826e-01
9.556216597557067871e-01
-3.496260941028594971e-01
-1.706832885742187500e+00
-2.826859056949615479e-01
1.761515378952026367e+00
1.579243689775466919e-01
-2.093112170696258545e-01
-4.209879636764526367e-01
2.772162854671478271e-01
7.222968935966491699e-01
-3.467806577682495117e-01
-6.358309835195541382e-02
-6.763079166412353516e-01
7.707282304763793945e-01
-5.180036425590515137e-01
-1.546742916107177734e+00
1.028222516179084778e-01
-7.388007640838623047e-01
-7.056431174278259277e-01
-5.616551041603088379e-01
-6.912667751312255859e-01
-5.775475502014160156e-01
6.769847273826599121e-01
2.064365148544311523e+00
1.180305361747741699e+00
-2.550841867923736572e-01
-9.749746322631835938e-02
1.106177568435668945e+00
-3.836377859115600586e-01
-7.262566089630126953e-01
-9.326244145631790161e-02
6.024920344352722168e-01
-6.431618332862854004e-02
8.255428671836853027e-01
-1.180949926376342773e+00
7.240691781044006348e-01
1.417467743158340454e-01
4.069049656391143799e-01
-9.653940200805664062e-01
5.764287114143371582e-01
-5.333312153816223145e-01
2.673832476139068604e-01
-8.306723237037658691e-01
3.754380941390991211e-01
-4.430084526538848877e-01
-2.881620645523071289e+00
-6.039966344833374023e-01
9.906703829765319824e-01
-1.278752446174621582e+00
-1.429387331008911133e+00
8.030773997306823730e-01
-1.519467353820800781e+00
6.134002804756164551e-01
-4.105741977691650391e-01
-3.845736384391784668e-01
8.638131022453308105e-01
2.212273180484771729e-01
3.151342272758483887e-02
-7.715979814529418945e-01
5.451229214668273926e-01
3.490851819515228271e-01
1.057750344276428223e+00
-7.074918746948242188e-01
9.020885825157165527e-01
1.837258934974670410e+00
-3.263061121106147766e-02
1.134707093238830566e+00
-1.694686055183410645e+00
-3.075285196304321289e+00
1.647636771202087402e+00
-4.422886967658996582e-01
1.129129409790039062e+00
-3.685992062091827393e-01
-1.641500294208526611e-01
-2.142954111099243164e+00
-8.158302307128906250e-01
-1.442886233329772949e+00
1.544663310050964355e+00
6.636609435081481934e-01
4.746044278144836426e-01
-7.926219701766967773e-01
-7.940693944692611694e-02
1.817932724952697754e-01
-8.416523337364196777e-01
5.498652458190917969e-01
2.945598363876342773e+00
3.684154450893402100e-01
1.364931225776672363e+00
-9.973109364509582520e-01
1.139540448784828186e-01
7.076255083084106445e-01
5.016664862632751465e-01
7.731308937072753906e-01
-2.553089857101440430e-01
1.727705001831054688e+00
-2.253228664398193359e+00
6.034209132194519043e-01
1.031152129173278809e+00
6.496441364288330078e-01
1.091485142707824707e+00
1.124224185943603516e+00
1.223198175430297852e+00
4.387673139572143555e-01
-1.461719632148742676e+00
-8.649602532386779785e-01
-1.990643978118896484e+00
-1.798183619976043701e-01
1.137702107429504395e+00
-3.143140673637390137e-01
-8.837945461273193359e-01
6.193302273750305176e-01
-1.345066189765930176e+00
-7.757980227470397949e-01
-1.862017989158630371e+00
5.079336762428283691e-01
1.209937214851379395e+00
1.347362101078033447e-01
1.036100983619689941e+00
8.934416770935058594e-01
2.234271764755249023e+00
1.160232424736022949e+00
-1.076082825660705566e+00
-5.338658690452575684e-01
-8.380864858627319336e-01
-5.088370665907859802e-02
-4.235484898090362549e-01
4.886393845081329346e-01
-6.156470775604248047e-01
7.584385871887207031e-01
7.292684316635131836e-01
1.132745027542114258e+00
4.127916991710662842e-01
-9.161683320999145508e-01
-8.768160343170166016e-01
4.245223402976989746e-01
-2.080443501472473145e-02
1.820473670959472656e+00
3.440432846546173096e-01
7.032944560050964355e-01
-1.847536414861679077e-01
-3.601562380790710449e-01
-9.380526095628738403e-02
1.105766057968139648e+00
-1.984132409095764160e+00
-1.823998570442199707e+00
7.974131107330322266e-01
-5.885465145111083984e-01
-8.752264827489852905e-02
6.411944031715393066e-01
-2.049780368804931641e+00
1.441143512725830078e+00
-6.808684468269348145e-01
-3.091857135295867920e-01
-2.188607692718505859e+00
-1.861845403909683228e-01
-6.412096619606018066e-01
-7.370526343584060669e-02
9.179501533508300781e-01
1.291010141372680664e+00
1.069694638252258301e+00
1.439955711364746094e+00
3.231980651617050171e-02
-1.318596482276916504e+00
-4.200555086135864258e-01
-5.012946724891662598e-01
-2.968649864196777344e-01
-3.852779567241668701e-01
-2.268222093582153320e+00
3.076432943344116211e-01
-2.091508209705352783e-01
-1.637012362480163574e+00
1.426778435707092285e+00
1.530401259660720825e-01
-1.685876131057739258e+00
-3.122236393392086029e-02
8.995307087898254395e-01
-1.319321155548095703e+00
5.998624563217163086e-01
8.662986010313034058e-02
5.305901169776916504e-01
-1.790542900562286377e-01
1.542097210884094238e+00
-5.711574554443359375e-01
-1.004789322614669800e-01
-8.000409603118896484e-01
2.739198207855224609e-01
-1.718007206916809082e+00
-4.845296144485473633e-01
-6.599918603897094727e-01
1.336475312709808350e-01
-1.824433356523513794e-02
5.553853884339332581e-02
-2.901829481124877930e-01
3.510998785495758057e-01
-1.384704560041427612e-01
-1.416577398777008057e-01
-1.120136022567749023e+00
-1.151865601539611816e+00
1.157981991767883301e+00
-5.843921899795532227e-01
5.990338325500488281e-01
-2.315813750028610229e-01
-1.253072142601013184e+00
-1.504859805107116699e+00
-1.035155415534973145e+00
-1.766244173049926758e+00
-1.548394322395324707e+00
-1.024896949529647827e-01
-3.991533443331718445e-02
-1.663023471832275391e+00
-2.151421010494232178e-01
-2.397897481918334961e+00
6.452221274375915527e-01
1.282014399766921997e-01
-8.524435758590698242e-01
3.357355669140815735e-02
-1.502998709678649902e+00
-2.773436903953552246e-01
-1.339156746864318848e+00
7.706481814384460449e-01
7.264008522033691406e-01
4.948582053184509277e-01
2.886802852153778076e-01
-3.945666551589965820e-01
-4.417448639869689941e-01
5.052273869514465332e-01
1.553060293197631836e+00
7.251641154289245605e-01
4.111619889736175537e-01
-1.203830819576978683e-02
-1.167187452316284180e+00
-9.630624651908874512e-01
-3.795036077499389648e-01
-7.018048167228698730e-01
-1.690729975700378418e+00
3.209725916385650635e-01
9.461929798126220703e-01
1.799233108758926392e-01
6.308059096336364746e-01
-1.421631872653961182e-01
1.105551362037658691e+00
-1.084704637527465820e+00
1.044785976409912109e+00
-1.172111369669437408e-02
7.464937567710876465e-01
-2.133159637451171875e-01
5.161983370780944824e-01
-5.154133439064025879e-01
-5.258779525756835938e-01
1.040625691413879395e+00
2.536531209945678711e+00
-7.075821515172719955e-03
3.190318644046783447e-01
-3.057947158813476562e-01
-3.869506716728210449e-01
-4.414594918489456177e-02
-1.971887350082397461e+00
4.273742064833641052e-02
3.946445286273956299e-01
-5.017361044883728027e-02
1.313796043395996094e-01
7.213086485862731934e-01
3.543839976191520691e-02
-1.144981503486633301e+00
-2.861465811729431152e-01
1.494512557983398438e+00
1.256905555725097656e+00
-2.798700034618377686e-01
4.748584032058715820e-01
1.000103056430816650e-01
6.757836937904357910e-01
8.398306965827941895e-01
1.537499308586120605e+00
5.037720799446105957e-01
1.929158091545104980e+00
4.386190325021743774e-02
-8.452973365783691406e-01
1.523795604705810547e+00
2.183356434106826782e-01
-1.055154204368591309e+00
-7.609552145004272461e-01
-2.702802121639251709e-01
1.345854759216308594e+00
5.083318352699279785e-01
-8.830028772354125977e-01
3.190643787384033203e-01
2.650506019592285156e+00
-8.586907982826232910e-01
5.763923525810241699e-01
-1.614315629005432129e+00
2.392206788063049316e-01
1.980940550565719604e-01
-1.006714999675750732e-01
-1.823532223701477051e+00
8.880143165588378906e-01
-2.443061113357543945e+00
-6.542134284973144531e-01
5.796547532081604004e-01
-2.608885467052459717e-01
2.101651430130004883e+00
-1.701791763305664062e+00
-1.746520876884460449e+00
1.254935383796691895e+00
6.811196804046630859e-01
-1.000379085540771484e+00
-1.352738887071609497e-01
-1.103022217750549316e+00
-4.642876982688903809e-02
6.042627096176147461e-01
8.019543290138244629e-01
3.062720969319343567e-02
-1.416032910346984863e-01
-6.377337574958801270e-01
4.222596883773803711e-01
-8.871367573738098145e-01
-1.188961863517761230e+00
1.232344433665275574e-01
1.401849746704101562e+00
-5.368288159370422363e-01
3.697755336761474609e-01
-1.363649368286132812e-01
-1.789823472499847412e-01
-4.580482468008995056e-02
-3.717970848083496094e-02
-5.806776881217956543e-01
2.699489593505859375e-01
1.673241972923278809e+00
7.099742293357849121e-01
9.988681674003601074e-01
1.448187679052352905e-01
-7.303915917873382568e-02
-1.836661249399185181e-01
-5.972536802291870117e-01
-5.430422425270080566e-01
1.676048338413238525e-01
2.425145506858825684e-01
-1.789653897285461426e-01
1.296930193901062012e+00
1.447233855724334717e-01
1.289892911911010742e+00
-1.761556863784790039e+00
-1.039280772209167480e+00
-4.431939423084259033e-01
-2.122694551944732666e-01
1.038027882575988770e+00
8.794440031051635742e-01
-3.184838294982910156e-01
-2.819349803030490875e-02
-1.152537822723388672e+00
-2.093203552067279816e-02
3.151943385601043701e-01
1.550781726837158203e-01
3.496697247028350830e-01
1.656169772148132324e+00
4.091263115406036377e-01
1.050163269042968750e+00
-4.607086777687072754e-01
5.377711057662963867e-01
-2.477063834667205811e-01
1.021660089492797852e+00
-6.171380281448364258e-01
1.395342051982879639e-01
-1.874729990959167480e-01
1.578023076057434082e+00
-1.081069588661193848e+00
-2.555256187915802002e-01
1.031759858131408691e+00
2.082782387733459473e-01
3.761990368366241455e-01
-1.066060066223144531e+00
-1.363632798194885254e+00
1.428484439849853516e+00
7.380462884902954102e-01
1.633773893117904663e-01
2.226095646619796753e-01
-8.125328272581100464e-02
9.101080298423767090e-01
7.297393679618835449e-01
-5.768973827362060547e-01
-1.389773488044738770e+00
2.493048310279846191e-01
5.425824970006942749e-02
