-1.126527190208435059e+00
1.052435755729675293e+00
-1.795681715011596680e+00
9.499041438102722168e-01
-3.671885281801223755e-02
1.393334746360778809e+00
-1.656642436981201172e+00
-1.400952816009521484e+00
-2.593079566955566406e+00
-1.859701722860336304e-01
1.413084149360656738e+00
1.777496695518493652e+00
-4.661950170993804932e-01
-6.276886463165283203e-01
6.964423060417175293e-01
7.849599719047546387e-01
1.020663380622863770e+00
-3.295416831970214844e-01
1.326677203178405762e+00
1.059560656547546387e+00
1.055830642580986023e-01
2.379575371742248535e-01
3.895749151706695557e-01
6.236697435379028320e-01
-2.871481776237487793e-01
-7.733236551284790039e-01
8.823353052139282227e-01
-1.701907873153686523e+00
3.618020713329315186e-01
4.910041019320487976e-02
8.108571767807006836e-01
5.922756195068359375e-01
1.587132513523101807e-01
1.121509313583374023e+00
4.067884683609008789e-01
-8.189127445220947266e-01
-2.768282890319824219e-01
1.617516398429870605e+00
-1.901848793029785156e+00
-2.223579406738281250e+00
1.831450223922729492e+00
-6.590081453323364258e-01
-1.203068375587463379e+00
-2.277560710906982422e+00
-1.562002778053283691e+00
-1.566815376281738281e+00
-6.323110461235046387e-01
1.146871298551559448e-01
-9.749805927276611328e-02
-1.555799692869186401e-02
-1.084943294525146484e+00
5.450620502233505249e-02
4.893697500228881836e-01
-6.069832667708396912e-02
-2.061128854751586914e+00
6.762219667434692383e-01
2.242327213287353516e+00
-6.643871068954467773e-01
-1.634252518415451050e-01
-3.603699505329132080e-01
5.312798023223876953e-01
1.792940020561218262e+00
-6.261692047119140625e-01
-4.814549088478088379e-01
-6.768054515123367310e-02
8.776981234550476074e-01
-7.256051898002624512e-01
7.470081448554992676e-01
1.252513408660888672e+00
-1.556210041046142578e+00
-8.845565319061279297e-01
1.519859433174133301e+00
9.875876307487487793e-01
2.107151508331298828e+00
1.592110283672809601e-02
-1.155903935432434082e-01
-3.653950393199920654e-01
-1.099496603012084961e+00
2.462213635444641113e-01
-2.867143750190734863e-01
2.035909652709960938e+00
1.179557800292968750e+00
-6.361438035964965820e-01
1.572836160659790039e+00
1.928326934576034546e-01
6.329475045204162598e-01
1.353249102830886841e-01
1.533177375793457031e+00
4.345099925994873047e-01
2.278344929218292236e-01
6.981336474418640137e-01
5.429353937506675720e-02
1.476185917854309082e+00
-5.813984316773712635e-04
-1.763573288917541504e-01
1.763566851615905762e+00
5.879886150360107422e-01
1.780912280082702637e-02
-8.343901038169860840e-01
3.167085349559783936e-03
6.193476915359497070e-01
4.477399587631225586e-01
-1.515123248100280762e+00
-2.057768106460571289e+00
7.280237078666687012e-01
1.488405168056488037e-01
-2.499451637268066406e-01
1.007998228073120117e+00
-6.765571832656860352e-01
4.227567017078399658e-01
7.215914726257324219e-01
1.202407628297805786e-01
9.860510826110839844e-01
-6.766599416732788086e-01
1.142304778099060059e+00
9.129089117050170898e-01
3.291784822940826416e-01
-3.277605772018432617e-01
-5.753310918807983398e-01
-8.948897123336791992e-01
1.666586548089981079e-01
1.305420517921447754e+00
2.811389565467834473e-01
-8.917453289031982422e-01
-1.737502813339233398e-01
-3.468811511993408203e-01
-1.721290349960327148e+00
4.540785253047943115e-01
3.066838979721069336e-01
-9.169741272926330566e-01
-1.854788184165954590e+00
4.049547314643859863e-01
-2.126590460538864136e-01
1.818265438079833984e+00
2.781488895416259766e-01
1.131624698638916016e+00
2.358443588018417358e-01
6.211389303207397461e-01
-3.758272409439086914e+00
-3.244670033454895020e-01
9.988223314285278320e-01
-1.117677450180053711e+00
-9.328580498695373535e-01
-9.723361730575561523e-01
1.283149980008602142e-02
2.623591125011444092e-01
1.050909876823425293e+00
9.006240963935852051e-01
-2.522293031215667725e-01
-8.890932798385620117e-01
7.150388360023498535e-01
-1.012685894966125488e+00
1.990782916545867920e-01
2.861926853656768799e-01
-2.958442270755767822e-01
-1.283141374588012695e+00
3.482241928577423096e-01
-3.382929265499114990e-01
1.123371347784996033e-01
-6.377826929092407227e-01
3.819245696067810059e-01
-2.493483781814575195e+00
-9.829000830650329590e-01
1.614514142274856567e-01
-1.571641683578491211e+00
2.696512341499328613e-01
-1.064126253128051758e+00
-6.743316054344177246e-01
5.869243741035461426e-01
-9.344779849052429199e-01
-1.030325293540954590e+00
-1.515789508819580078e+00
-7.844526171684265137e-01
-1.992192864418029785e+00
-5.986094474792480469e-01
3.651041686534881592e-01
-8.649623394012451172e-01
9.972692728042602539e-01
5.705676078796386719e-01
-8.015396595001220703e-01
-6.527880430221557617e-01
1.133467435836791992e+00
3.952975869178771973e-01
-4.196394383907318115e-01
5.202701687812805176e-01
5.702099204063415527e-01
5.888529419898986816e-01
-7.396479249000549316e-01
-5.473437309265136719e-01
4.473459124565124512e-01
1.345058530569076538e-01
-1.276141166687011719e+00
1.922276973724365234e+00
2.238469198346138000e-02
-2.632770538330078125e+00
3.807710111141204834e-01
4.725493192672729492e-01
-1.344766914844512939e-01
-2.332558184862136841e-01
1.022126674652099609e+00
-2.217053025960922241e-01
-9.641743898391723633e-01
-9.459342956542968750e-01
8.261637091636657715e-01
-2.596620619297027588e-01
-3.627542555332183838e-01
9.234354496002197266e-01
1.340332269668579102e+00
8.225328922271728516e-01
-4.759325385093688965e-01
-3.270028531551361084e-02
-1.277609169483184814e-01
-1.350506901741027832e+00
-1.962807476520538330e-01
1.367402553558349609e+00
-3.851341083645820618e-02
4.400688037276268005e-02
-8.914489746093750000e-01
4.638629406690597534e-02
-8.011815547943115234e-01
1.141243696212768555e+00
-1.042517185211181641e+00
6.324840784072875977e-01
-4.417164325714111328e-01
-2.324561923742294312e-01
-8.605793118476867676e-01
1.133294463157653809e+00
-8.401051163673400879e-01
1.041603326797485352e+00
1.426977664232254028e-01
1.458355426788330078e+00
4.232469797134399414e-01
5.285386443138122559e-01
-9.238324761390686035e-01
1.393794119358062744e-01
1.006528854370117188e+00
-1.260635375976562500e+00
1.178526319563388824e-02
8.112828731536865234e-01
1.061397194862365723e+00
2.062526196241378784e-01
7.326167821884155273e-01
-1.304858922958374023e+00
-4.998539090156555176e-01
-4.806711375713348389e-01
-7.256470620632171631e-02
8.459426164627075195e-01
-7.284806966781616211e-01
1.027012467384338379e+00
8.614917993545532227e-01
-6.205039024353027344e-01
8.552644848823547363e-01
5.925787687301635742e-01
9.660390019416809082e-01
1.152846813201904297e+00
-1.136038184165954590e+00
-3.579719960689544678e-01
-8.742117881774902344e-02
8.244050741195678711e-01
-6.622477769851684570e-01
2.661662101745605469e+00
1.388618230819702148e+00
-7.887714356184005737e-02
3.054022192955017090e-01
8.260655403137207031e-02
-6.922388672828674316e-01
-7.195905447006225586e-01
-4.410813748836517334e-01
-5.595490336418151855e-01
1.061744332313537598e+00
-1.234705328941345215e+00
-7.730785012245178223e-01
-4.978271722793579102e-01
5.689662098884582520e-01
2.678389251232147217e-01
-1.246361136436462402e+00
2.155436277389526367e-01
5.406745076179504395e-01
9.177129268646240234e-01
2.096615433692932129e-01
5.116429328918457031e-01
-2.102709859609603882e-01
1.250130057334899902e+00
-9.830465316772460938e-01
-1.018637418746948242e+00
-1.531503945589065552e-01
-8.234646916389465332e-01
-8.738227486610412598e-01
1.650546938180923462e-01
-1.540005803108215332e-01
6.375782489776611328e-01
3.695838153362274170e-01
1.090575337409973145e+00
-1.165458917617797852e+00
-3.908851146697998047e-01
-1.104663908481597900e-01
2.514798343181610107e-01
2.838079929351806641e-01
7.035472989082336426e-01
3.269872665405273438e-01
-9.004105925559997559e-01
2.015578985214233398e+00
7.693601846694946289e-01
-2.268708497285842896e-01
7.170944213867187500e-01
3.756470978260040283e-02
-1.471388339996337891e+00
2.327338933944702148e+00
1.432741135358810425e-01
9.243165254592895508e-01
-1.683694005012512207e+00
3.015635609626770020e-01
1.257682323455810547e+00
-1.084416806697845459e-01
-1.421257972717285156e+00
2.220530033111572266e+00
-1.626703739166259766e-01
-1.527838855981826782e-01
2.419707775115966797e+00
9.465135335922241211e-01
5.287165641784667969e-01
2.287611961364746094e-01
-6.170743703842163086e-01
2.100643068552017212e-01
3.562388420104980469e-01
-8.730398416519165039e-01
-2.313409566879272461e+00
-7.537402510643005371e-01
1.842947863042354584e-02
-1.216772317886352539e+00
-1.209707140922546387e+00
-1.987996697425842285e+00
-5.339163541793823242e-01
8.202508687973022461e-01
4.665375947952270508e-01
5.747791007161140442e-02
8.004684448242187500e-01
-5.352059006690979004e-01
1.945452839136123657e-01
8.760470151901245117e-01
1.398955434560775757e-01
-1.302959918975830078e+00
3.579228520393371582e-01
1.455431818962097168e+00
1.256685376167297363e+00
-1.232060417532920837e-01
-3.416516482830047607e-01
-3.636314570903778076e-01
-3.835313916206359863e-01
6.481409817934036255e-02
1.331014990806579590e+00
-1.022481545805931091e-01
7.576537132263183594e-02
-9.150505065917968750e-01
-3.283256888389587402e-01
-3.559199571609497070e-01
-2.143008410930633545e-01
-4.747629165649414062e-01
-9.236302971839904785e-02
-5.221926420927047729e-02
5.047292113304138184e-01
1.672905087471008301e+00
-6.315012574195861816e-01
-2.019075155258178711e-01
-2.607350647449493408e-01
-1.655947566032409668e+00
7.971142530441284180e-01
5.828284025192260742e-01
-2.096374034881591797e+00
4.047209024429321289e-01
4.639979302883148193e-01
-9.564766287803649902e-01
1.187368154525756836e+00
-2.224534153938293457e-01
-9.076873064041137695e-01
2.999368607997894287e-01
1.498537540435791016e+00
4.741935133934020996e-01
9.057290107011795044e-02
-1.050821185111999512e+00
1.422567367553710938e+00
-8.009794950485229492e-01
-1.680160611867904663e-01
5.313255190849304199e-01
-9.669041037559509277e-01
-2.836491540074348450e-02
4.383258819580078125e-01
2.214179112343117595e-04
6.802850961685180664e-02
-5.290891528129577637e-01
2.335254669189453125e+00
-8.147443830966949463e-02
-7.894753217697143555e-01
2.467391788959503174e-01
-8.458415865898132324e-01
-2.313828095793724060e-02
5.870793387293815613e-02
-1.816188246011734009e-01
-3.906616941094398499e-02
2.401673346757888794e-01
1.494033694267272949e+00
-8.262783288955688477e-01
-1.714106500148773193e-01
-9.675782918930053711e-01
1.177304744720458984e+00
-5.336915850639343262e-01
-2.343938499689102173e-01
5.569130182266235352e-01
-3.676511943340301514e-01
6.398339271545410156e-01
1.418854832649230957e+00
-4.313212633132934570e-01
-6.993535757064819336e-01
8.267153501510620117e-01
-7.734999060630798340e-01
-9.711956977844238281e-01
2.222369194030761719e+00
-1.656527519226074219e-01
-8.183861970901489258e-01
-1.913320273160934448e-01
-4.906144738197326660e-01
5.484880805015563965e-01
2.084367036819458008e+00
1.481002092361450195e+00
-9.802131652832031250e-01
5.039071440696716309e-01
1.652003049850463867e+00
-6.830146908760070801e-01
-2.419037818908691406e+00
9.111220240592956543e-01
-1.081441402435302734e+00
-2.046371400356292725e-01
-8.407853245735168457e-01
4.779251515865325928e-01
-5.386604070663452148e-01
-1.440011143684387207e+00
1.356336236000061035e+00
-1.611036777496337891e+00
-2.942768335342407227e-01
4.578412324190139771e-02
-4.600007236003875732e-01
-1.169361323118209839e-01
2.201919555664062500e-01
6.079126000404357910e-01
-4.466580152511596680e-01
-7.563578486442565918e-01
-2.846455276012420654e-01
-1.397343158721923828e+00
-3.256780803203582764e-01
2.395324558019638062e-01
1.457787990570068359e+00
-1.310459375381469727e+00
3.340977057814598083e-02
-8.306001871824264526e-02
-7.558115124702453613e-01
-2.243389748036861420e-02
-1.848617792129516602e+00
1.287029862403869629e+00
1.135596990585327148e+00
-1.034659028053283691e+00
-7.193462252616882324e-01
1.783938258886337280e-01
-1.316595554351806641e+00
1.030729889869689941e+00
3.636879920959472656e-01
1.572109818458557129e+00
-1.222016930580139160e+00
3.159855008125305176e-01
-5.859504938125610352e-01
-7.660225629806518555e-01
5.473808050155639648e-01
-4.631284773349761963e-01
-2.292968630790710449e-01
3.884316682815551758e-01
-8.785843253135681152e-01
1.351872179657220840e-02
8.257731795310974121e-01
-2.364839762449264526e-01
4.109542965888977051e-01
-1.352638602256774902e+00
9.028649926185607910e-01
-2.127009391784667969e+00
-2.152255773544311523e-01
1.081777691841125488e+00
6.470838189125061035e-01
6.621025800704956055e-01
-6.840823590755462646e-02
2.144531011581420898e+00
4.980606436729431152e-01
-5.212328433990478516e-01
-7.836214900016784668e-01
-2.082539796829223633e+00
7.573956847190856934e-01
-2.263186499476432800e-02
5.448270440101623535e-01
2.008625417947769165e-01
-7.862892150878906250e-01
-7.091562151908874512e-01
-4.912579357624053955e-01
-7.830750942230224609e-01
4.718232750892639160e-01
7.245054244995117188e-01
4.499903619289398193e-01
-9.617704153060913086e-02
4.886124283075332642e-02
9.830566644668579102e-01
6.037918925285339355e-01
-1.625190854072570801e+00
-2.023627042770385742e+00
-5.033632516860961914e-01
4.858071804046630859e-01
-1.484480500221252441e+00
-3.357699215412139893e-01
-1.226769685745239258e+00
4.226570725440979004e-01
1.104237675666809082e+00
-6.016625761985778809e-01
1.349566459655761719e+00
-3.082464337348937988e-01
4.176427125930786133e-01
1.621496081352233887e+00
-1.496220111846923828e+00
1.317930698394775391e+00
9.447247385978698730e-01
-1.034114837646484375e+00
-5.731361508369445801e-01
1.988323926925659180e-01
-3.267049789428710938e-01
8.938823342323303223e-01
-6.669206023216247559e-01
-1.605349540710449219e+00
-9.779788553714752197e-02
3.314254581928253174e-01
-1.016334891319274902e+00
6.829603314399719238e-01
-1.696305274963378906e+00
1.363215446472167969e+00
7.439867407083511353e-02
-1.126846432685852051e+00
-1.468206524848937988e+00
1.134146928787231445e+00
1.925928145647048950e-01
4.938306212425231934e-01
2.469181567430496216e-01
2.806571125984191895e-01
1.605724096298217773e-01
-6.470622420310974121e-01
3.402684628963470459e-01
-1.185863375663757324e+00
-8.474622964859008789e-01
8.727733492851257324e-01
-1.004521846771240234e+00
3.353851139545440674e-01
-6.205537319183349609e-01
1.061622381210327148e+00
-4.159054160118103027e-01
-6.614328026771545410e-01
1.097592711448669434e+00
2.386561781167984009e-01
4.335186257958412170e-02
5.263097286224365234e-01
-4.620704948902130127e-01
-1.260890722274780273e+00
7.385615110397338867e-01
-7.099782675504684448e-02
1.064910769462585449e+00
7.198810577392578125e-01
2.299635410308837891e+00
2.343000888824462891e+00
-6.249480247497558594e-01
3.960095643997192383e-01
-6.979275941848754883e-01
-6.174209117889404297e-01
6.952900886535644531e-01
-1.067427158355712891e+00
-3.045314550399780273e-01
-1.758201837539672852e+00
6.244153976440429688e-01
-1.184016942977905273e+00
7.849916815757751465e-01
-1.860970407724380493e-01
1.905632019042968750e-01
-5.235940217971801758e-01
3.584607839584350586e-01
3.307943642139434814e-01
-6.613644361495971680e-01
-4.465499818325042725e-01
-4.964165017008781433e-02
-5.974642038345336914e-01
-6.547748446464538574e-01
-2.889006435871124268e-01
-1.784866452217102051e-01
-1.424452364444732666e-01
7.954984903335571289e-02
-1.019884273409843445e-01
-9.476814270019531250e-01
-1.911346800625324249e-02
-8.868396878242492676e-01
9.742435812950134277e-01
4.648298919200897217e-01
-1.000808700919151306e-01
1.042623892426490784e-01
-2.897914350032806396e-01
-7.215268611907958984e-01
-7.307368516921997070e-01
1.053278371691703796e-01
5.551077723503112793e-01
-3.774088621139526367e-01
-3.548633754253387451e-01
-3.442358970642089844e-01
-7.394505739212036133e-01
-1.118244975805282593e-02
-8.188524842262268066e-01
1.820697784423828125e+00
4.005148708820343018e-01
2.356883883476257324e-02
-9.713922142982482910e-01
-8.659012317657470703e-01
-5.350953936576843262e-01
-5.900418758392333984e-01
-7.184005379676818848e-01
-1.881793290376663208e-01
6.931698322296142578e-02
1.560148239135742188e+00
5.935644507408142090e-01
-1.073723793029785156e+00
1.266307830810546875e+00
3.138148188591003418e-01
5.132831335067749023e-01
4.186219871044158936e-01
2.491809986531734467e-02
-6.061477661132812500e-01
1.155529096722602844e-01
7.673313617706298828e-01
1.230834364891052246e+00
-1.878104329109191895e+00
2.600154876708984375e+00
2.858579754829406738e-01
-6.988846659660339355e-01
-5.474896430969238281e-01
8.862821012735366821e-02
-4.562319815158843994e-01
-3.573804795742034912e-01
3.749634325504302979e-01
4.255087673664093018e-01
-3.019931018352508545e-01
-2.433821856975555420e-01
2.287827253341674805e+00
7.734302878379821777e-01
-9.551772475242614746e-01
-6.578099131584167480e-01
2.718602180480957031e+00
9.528293609619140625e-01
-2.383274585008621216e-01
3.142528533935546875e-01
-1.124032855033874512e+00
1.501103043556213379e+00
1.498019546270370483e-01
1.411003589630126953e+00
4.565869569778442383e-01
1.482504248619079590e+00
7.570887207984924316e-01
2.182668596506118774e-01
2.096915960311889648e+00
1.153855323791503906e+00
-5.753448009490966797e-01
-1.535493254661560059e+00
5.937224626541137695e-01
3.215642869472503662e-01
6.511561870574951172e-01
-3.280326128005981445e-01
-1.584453284740447998e-01
1.344567418098449707e+00
-1.234985232353210449e+00
-1.345618367195129395e+00
2.537685036659240723e-01
-2.200810015201568604e-01
1.006558537483215332e-01
-9.460134059190750122e-02
-2.533814311027526855e-01
2.897454425692558289e-02
-6.987082362174987793e-01
-1.458216667175292969e+00
1.880396842956542969e+00
-1.365220695734024048e-01
5.777492374181747437e-02
-8.099628090858459473e-01
-3.129654824733734131e-01
1.869091391563415527e+00
-5.735255777835845947e-02
-1.581166625022888184e+00
1.484217941761016846e-01
-6.762126088142395020e-01
-1.808548212051391602e+00
-1.338237971067428589e-01
-1.192396879196166992e+00
-1.378026902675628662e-01
6.289767026901245117e-01
5.839207172393798828e-01
-5.352946519851684570e-01
-4.084424376487731934e-01
-1.163774251937866211e+00
5.080684423446655273e-01
9.209710359573364258e-01
1.311445713043212891e+00
-6.076470017433166504e-01
-5.233040452003479004e-01
3.257741630077362061e-01
-1.318739771842956543e+00
-2.507749199867248535e-01
-1.311457276344299316e+00
-8.020083904266357422e-01
7.030183076858520508e-01
1.234469115734100342e-01
9.513570666313171387e-01
3.145888745784759521e-01
-1.235407948493957520e+00
1.514185070991516113e-01
9.782904386520385742e-02
-3.622016608715057373e-01
2.857519388198852539e-01
-5.218416452407836914e-01
-1.121569871902465820e+00
-4.087249934673309326e-02
-1.044768691062927246e+00
-8.269280195236206055e-01
-4.159137904644012451e-01
-8.135147690773010254e-01
-1.113364338874816895e+00
8.301951289176940918e-01
2.419899463653564453e+00
-6.870833635330200195e-01
-1.057887196540832520e+00
-7.000653147697448730e-01
-1.232215881347656250e+00
-8.829490542411804199e-01
1.134936809539794922e+00
1.975393772125244141e+00
-2.602253854274749756e-01
-3.462410867214202881e-01
-3.893560171127319336e-01
2.612522840499877930e-01
-5.302990674972534180e-01
-6.183704137802124023e-01
-7.685507535934448242e-01
4.318184256553649902e-01
-6.170755252242088318e-02
5.784697532653808594e-01
1.363942742347717285e+00
-3.424683213233947754e-01
-3.893575072288513184e-01
-3.117722570896148682e-01
-5.191813707351684570e-01
1.392669528722763062e-01
7.424033284187316895e-01
-1.557041645050048828e+00
-1.165300250053405762e+00
1.752536892890930176e-01
-1.571121960878372192e-01
1.366984397172927856e-01
-1.339723825454711914e+00
1.174386978149414062e+00
-1.019242048263549805e+00
6.882227659225463867e-01
1.679695248603820801e-01
8.671693205833435059e-01
-2.074993997812271118e-01
5.758175253868103027e-01
