-1.003054499626159668e+00
1.229929924011230469e+00
-5.749554634094238281e-01
1.293883919715881348e+00
9.488764405250549316e-01
8.236891031265258789e-01
-1.952769637107849121e+00
-1.251933217048645020e+00
-1.840318918228149414e+00
7.398506999015808105e-01
1.529168963432312012e+00
1.440848231315612793e+00
1.305920481681823730e+00
6.013504862785339355e-01
6.036882400512695312e-01
-1.719834327697753906e+00
-5.215588212013244629e-01
-1.450504899024963379e+00
1.599379062652587891e+00
1.921840667724609375e+00
7.064241766929626465e-01
-8.446046113967895508e-01
5.801346898078918457e-01
5.228612199425697327e-02
-5.348232984542846680e-01
-4.151387214660644531e-01
-3.682794570922851562e-01
4.410714656114578247e-02
5.364211201667785645e-01
7.954753041267395020e-01
6.243601441383361816e-01
3.451772928237915039e-01
6.003225445747375488e-01
3.345522284507751465e-01
-2.367756813764572144e-01
-9.374859929084777832e-01
1.744489371776580811e-01
9.799107909202575684e-01
-1.178943514823913574e+00
-1.162835478782653809e+00
2.178767442703247070e+00
-5.853284001350402832e-01
-9.334526658058166504e-01
-9.609069824218750000e-01
-4.229783713817596436e-01
-2.065783500671386719e+00
1.174817681312561035e+00
3.781068325042724609e-01
-1.364651322364807129e+00
1.643516868352890015e-01
-7.580829858779907227e-01
3.326850533485412598e-01
1.195615604519844055e-01
-5.319972634315490723e-01
-1.651946783065795898e+00
-3.729862272739410400e-01
1.290246486663818359e+00
-9.544391036033630371e-01
-4.511951804161071777e-01
5.818489193916320801e-01
3.929389119148254395e-01
5.824468731880187988e-01
7.025522738695144653e-02
-9.698320627212524414e-01
1.738382875919342041e-01
2.187253236770629883e-01
-7.046074271202087402e-01
5.908616185188293457e-01
6.037988662719726562e-01
5.900843068957328796e-02
-9.872121363878250122e-02
-1.342626512050628662e-01
1.170884370803833008e+00
2.984961509704589844e+00
1.270882487297058105e+00
7.601341605186462402e-01
3.592860326170921326e-02
-1.224197149276733398e+00
9.085575491189956665e-02
-2.331773191690444946e-01
1.335016369819641113e+00
3.591147065162658691e-01
-3.320427536964416504e-01
7.873304486274719238e-01
1.748357713222503662e-01
-3.638043999671936035e-01
1.136485785245895386e-01
5.755406022071838379e-01
1.339132785797119141e-01
-1.424087524414062500e+00
5.320597887039184570e-01
-2.943401038646697998e-01
2.943984270095825195e-01
5.725020766258239746e-01
-1.048952102661132812e+00
1.634423017501831055e+00
4.706457257270812988e-01
-6.023030281066894531e-01
1.542800307273864746e+00
4.574915170669555664e-01
-2.441734075546264648e-02
8.988925218582153320e-01
-1.113722443580627441e+00
1.678591221570968628e-01
1.381286740303039551e+00
5.247971415519714355e-01
-6.070830821990966797e-01
1.133133172988891602e+00
-6.794188022613525391e-01
2.779006958007812500e-01
9.074174761772155762e-01
-5.763718113303184509e-02
1.445260524749755859e+00
7.555150985717773438e-01
5.560830831527709961e-01
4.906373023986816406e-01
1.164441406726837158e-01
-7.655407786369323730e-01
-9.490964412689208984e-01
-1.109682679176330566e+00
-5.444332361221313477e-01
-1.313686966896057129e+00
-5.326701402664184570e-01
7.716458290815353394e-02
-1.385997772216796875e+00
-4.322776794433593750e-01
-1.459507465362548828e+00
-1.366704255342483521e-01
1.308661103248596191e-01
5.495654344558715820e-01
-5.920507311820983887e-01
-3.679413795471191406e-01
3.587838411331176758e-01
2.124074459075927734e+00
1.025597453117370605e+00
7.628929018974304199e-01
9.038793444633483887e-01
3.219218552112579346e-01
-2.933904170989990234e+00
1.427471160888671875e+00
1.882332205772399902e+00
-1.146136283874511719e+00
3.425498902797698975e-01
-2.508824467658996582e-01
4.451402425765991211e-01
1.265612602233886719e+00
-1.623601019382476807e-01
5.097854733467102051e-01
2.495573163032531738e-01
-1.689943522214889526e-01
4.289417993277311325e-03
-1.179606795310974121e+00
3.424784541130065918e-01
1.867979466915130615e-01
6.942524015903472900e-02
-1.370227336883544922e+00
1.697379350662231445e+00
-3.537909984588623047e-01
-5.471369624137878418e-01
-1.375044435262680054e-01
1.396233201026916504e+00
-1.172912716865539551e+00
-9.068802595138549805e-01
3.570789694786071777e-01
-1.236598491668701172e+00
-5.529672503471374512e-01
-1.499478518962860107e-01
8.542588353157043457e-01
-5.367535948753356934e-01
-1.251083493232727051e+00
2.437491565942764282e-01
-6.134834289550781250e-01
-1.073724389076232910e+00
-1.555653333663940430e+00
-8.381526917219161987e-03
-6.684665679931640625e-01
7.629828453063964844e-01
6.531503796577453613e-01
-6.187497377395629883e-01
-1.001834630966186523e+00
-1.070084452629089355e+00
-1.081173300743103027e+00
8.372165560722351074e-01
8.367315679788589478e-02
4.791586697101593018e-01
1.424324870109558105e+00
-1.159591525793075562e-01
-5.076116919517517090e-01
-7.233393192291259766e-02
1.606795340776443481e-01
6.709080338478088379e-01
-1.196230292320251465e+00
1.527857184410095215e+00
1.450611650943756104e-01
-1.401865839958190918e+00
4.359324574470520020e-01
-1.008372753858566284e-01
-3.359688520431518555e-01
5.164201557636260986e-02
1.569989204406738281e+00
1.565548926591873169e-01
-1.687604784965515137e-01
-8.695041760802268982e-03
1.537767767906188965e+00
-7.692284584045410156e-01
-6.075785756111145020e-01
-9.946157038211822510e-02
1.857796669006347656e+00
1.026032924652099609e+00
-1.580123186111450195e+00
-4.307665303349494934e-02
-6.325478851795196533e-02
-8.249310255050659180e-01
-7.313546538352966309e-01
1.370781421661376953e+00
-4.422964155673980713e-01
-8.188211172819137573e-02
-1.011621803045272827e-01
1.533064365386962891e+00
-4.586601853370666504e-01
1.885877251625061035e+00
-8.112274408340454102e-01
-1.524101346731185913e-01
6.706236004829406738e-01
-5.391589924693107605e-02
-1.317192196846008301e+00
1.002721071243286133e+00
-1.627309322357177734e+00
9.928512573242187500e-02
5.458374023437500000e-01
8.193791508674621582e-01
6.334275007247924805e-01
-1.522182524204254150e-01
-2.205134391784667969e+00
9.019361734390258789e-01
-6.807868182659149170e-02
-1.303438901901245117e+00
1.871550232172012329e-01
1.228914976119995117e+00
1.157712459564208984e+00
-3.670683503150939941e-01
5.134698152542114258e-01
-1.552816867828369141e+00
1.113128185272216797e+00
-3.773459792137145996e-02
5.233936309814453125e-01
2.009878158569335938e-01
-1.239821314811706543e+00
-1.888659834861755371e+00
6.073806285858154297e-01
-1.402147531509399414e+00
7.651541829109191895e-01
-5.022089481353759766e-01
-2.329565398395061493e-02
6.609820127487182617e-01
-5.267117619514465332e-01
-2.367883473634719849e-01
4.124872088432312012e-01
8.912125825881958008e-01
2.945856750011444092e-01
2.533550500869750977e+00
-1.097608134150505066e-01
-4.529679715633392334e-01
-4.471377134323120117e-01
-8.205708265304565430e-01
-7.271842956542968750e-01
-1.370107173919677734e+00
-1.804487779736518860e-02
5.838199257850646973e-01
1.692481517791748047e+00
-9.101817607879638672e-01
-1.550586104393005371e+00
-5.058200359344482422e-01
2.784800827503204346e-01
-9.433904290199279785e-01
1.686576485633850098e+00
6.901934146881103516e-01
3.748361170291900635e-01
1.758108854293823242e+00
1.172632575035095215e+00
4.493931233882904053e-01
7.652164250612258911e-02
1.788758754730224609e+00
-2.120728969573974609e+00
2.890951037406921387e-01
2.129795998334884644e-01
-1.485677719116210938e+00
5.950171947479248047e-01
1.149130314588546753e-01
5.547154545783996582e-01
2.489248514175415039e-01
-9.380936622619628906e-02
4.496545791625976562e-01
-4.758353233337402344e-01
-6.662073135375976562e-01
5.648232251405715942e-02
4.970643520355224609e-01
7.318241894245147705e-02
4.391046166419982910e-01
5.130250453948974609e-01
-5.601364970207214355e-01
3.102585375308990479e-01
-1.074091315269470215e+00
5.491713285446166992e-01
4.726130664348602295e-01
5.708686113357543945e-01
2.695928812026977539e-01
1.209658622741699219e+00
2.532814815640449524e-02
1.427655339241027832e+00
-5.001721978187561035e-01
5.423268079757690430e-01
-4.772761464118957520e-01
-6.728940606117248535e-01
-1.225868344306945801e+00
1.695159435272216797e+00
-1.514909267425537109e-01
1.139240041375160217e-01
3.139685153961181641e+00
1.331255912780761719e+00
1.052513003349304199e+00
-5.839291214942932129e-01
-9.454642534255981445e-01
-1.715584397315979004e+00
-1.066332962363958359e-02
-1.575160980224609375e+00
-1.867605805397033691e+00
-4.203469455242156982e-01
-8.763357400894165039e-01
-1.679471969604492188e+00
-9.614841341972351074e-01
-1.553332686424255371e+00
-7.497003078460693359e-01
-5.839269161224365234e-01
4.038623273372650146e-01
-5.980668663978576660e-01
1.042153954505920410e+00
3.171678483486175537e-01
-3.641838133335113525e-01
1.987191081047058105e+00
3.070593774318695068e-01
-2.206257820129394531e+00
1.536795198917388916e-01
1.946162939071655273e+00
5.556607246398925781e-01
6.045881509780883789e-01
1.025624513626098633e+00
-4.054826200008392334e-01
6.575186848640441895e-01
-4.601389467716217041e-01
1.317081332206726074e+00
-1.177991271018981934e+00
4.134448990225791931e-02
2.560519874095916748e-01
-5.362589359283447266e-01
-1.514423340559005737e-01
3.364774286746978760e-01
1.551663726568222046e-01
4.709740579128265381e-01
4.678394794464111328e-01
1.240427017211914062e+00
1.105525374412536621e+00
9.407863020896911621e-02
-1.394818782806396484e+00
-1.683282375335693359e+00
-1.518336653709411621e+00
-1.705330424010753632e-02
4.211294353008270264e-01
-1.462232470512390137e+00
9.524095058441162109e-01
7.391421794891357422e-01
-7.137050628662109375e-01
6.189043521881103516e-01
1.148483514785766602e+00
-5.024132728576660156e-01
1.290527105331420898e+00
9.979385137557983398e-01
1.994187533855438232e-01
-6.525684595108032227e-01
-1.287042856216430664e+00
9.479542970657348633e-01
-9.174747467041015625e-01
-1.638941764831542969e-01
4.180161952972412109e-01
-5.868049710988998413e-02
-5.201807022094726562e-01
2.893571615219116211e+00
1.529798954725265503e-01
1.050985008478164673e-01
-5.573590993881225586e-01
8.977645635604858398e-01
3.318578302860260010e-01
-2.731423974037170410e-01
-7.291348576545715332e-01
-1.046262741088867188e+00
1.360420465469360352e+00
-4.269470274448394775e-01
-1.657771915197372437e-01
4.631411135196685791e-01
1.999174714088439941e+00
3.409836590290069580e-01
-1.274410009384155273e+00
6.072659492492675781e-01
-9.082006216049194336e-01
-5.691547393798828125e-01
1.500662416219711304e-01
-8.682408928871154785e-01
-5.379742383956909180e-01
7.532219886779785156e-01
1.319730520248413086e+00
3.417905047535896301e-02
-5.790858864784240723e-01
-4.712339490652084351e-03
1.924922317266464233e-01
-1.192265868186950684e+00
-3.410302102565765381e-01
2.754235506057739258e+00
-5.770241022109985352e-01
3.943652212619781494e-01
-7.945669293403625488e-01
-3.570022284984588623e-01
8.976171165704727173e-02
4.148067533969879150e-01
-1.122430860996246338e-01
-1.208676338195800781e+00
-5.620970726013183594e-01
2.779202938079833984e+00
3.274303376674652100e-01
-2.099709987640380859e+00
9.328796267509460449e-01
-7.000190019607543945e-01
-1.745843410491943359e+00
-1.846666634082794189e-01
7.582141757011413574e-01
-1.111366748809814453e+00
-7.928608655929565430e-01
8.132434487342834473e-01
-1.912879586219787598e+00
8.460334688425064087e-02
-6.838501691818237305e-01
-8.572694063186645508e-01
8.616935461759567261e-02
-4.962350130081176758e-01
7.381386160850524902e-01
-4.801550209522247314e-01
4.516465589404106140e-02
1.374721080064773560e-01
8.896225690841674805e-02
-1.616513878107070923e-01
8.328150957822799683e-02
4.217306077480316162e-01
-2.080842971801757812e+00
2.103875726461410522e-01
1.502324640750885010e-01
-8.089702725410461426e-01
9.083855748176574707e-01
-1.138709902763366699e+00
6.580376625061035156e-01
-1.951486170291900635e-01
-5.053121447563171387e-01
-2.357600815594196320e-02
-2.130711227655410767e-01
2.470836639404296875e-01
-3.891232609748840332e-01
-7.935704588890075684e-01
1.481535315513610840e+00
-8.330900669097900391e-01
4.266735911369323730e-01
4.056565165519714355e-01
-8.869382143020629883e-01
2.436688691377639771e-01
-4.992365092039108276e-02
3.338281512260437012e-01
1.203869208693504333e-01
-1.070077642798423767e-01
-5.929164886474609375e-01
4.557584226131439209e-01
5.711029767990112305e-01
1.036518812179565430e+00
5.592595785856246948e-02
1.312917590141296387e+00
-2.826194286346435547e+00
-6.414026021957397461e-01
1.392116189002990723e+00
1.717484474182128906e+00
-3.479346930980682373e-01
-9.692477583885192871e-01
7.375608682632446289e-01
9.890392422676086426e-01
-8.751446008682250977e-01
-1.651879787445068359e+00
-2.619382858276367188e+00
4.104647934436798096e-01
9.098407030105590820e-01
-3.311150670051574707e-01
2.464645653963088989e-01
-6.696591377258300781e-01
-1.547801017761230469e+00
-1.232416152954101562e+00
-6.972284317016601562e-01
-1.324715614318847656e-01
5.760626196861267090e-01
-2.267684638500213623e-01
9.454303979873657227e-01
2.248925268650054932e-01
1.106497287750244141e+00
-8.035988807678222656e-01
-9.076049327850341797e-01
-1.655536293983459473e+00
-6.633234620094299316e-01
7.119131684303283691e-01
-1.487222790718078613e+00
-2.000646442174911499e-01
-1.081595540046691895e+00
-4.124377071857452393e-01
5.245498381555080414e-03
4.302108883857727051e-01
-4.347727000713348389e-01
-6.460648179054260254e-01
6.523426771163940430e-01
-6.716110706329345703e-01
1.044007539749145508e-01
7.464399933815002441e-01
-1.034699678421020508e-01
-9.886962771415710449e-01
1.146752953529357910e+00
-5.902143716812133789e-01
9.588669240474700928e-02
5.736690163612365723e-01
-2.294282317161560059e-01
-1.457498431205749512e+00
2.681899666786193848e-01
-6.395974010229110718e-02
-5.965903401374816895e-01
-1.606150269508361816e-01
-1.792039871215820312e+00
7.051945924758911133e-01
-3.641774654388427734e-01
-3.263242542743682861e-01
-1.932195544242858887e+00
-3.558316081762313843e-02
-1.352005481719970703e+00
2.804295718669891357e-01
8.300580978393554688e-01
8.343173265457153320e-01
-7.666685432195663452e-02
-3.682630360126495361e-01
2.863872349262237549e-01
-6.406397223472595215e-01
-5.151443928480148315e-02
1.065577983856201172e+00
-9.296970069408416748e-02
-8.184081315994262695e-01
-1.025631353259086609e-01
4.323994815349578857e-01
3.429767489433288574e-01
-6.301233172416687012e-02
9.754701256752014160e-01
3.094720542430877686e-01
-3.227230310440063477e-01
7.294937968254089355e-02
6.998230814933776855e-01
1.676489263772964478e-01
2.134664682671427727e-03
8.438534736633300781e-01
8.971703052520751953e-01
1.658195406198501587e-01
1.143188953399658203e+00
9.876934289932250977e-01
-2.734440565109252930e-01
7.468367218971252441e-01
4.710080102086067200e-02
1.729630976915359497e-01
5.445147156715393066e-01
-1.801400661468505859e+00
-2.385383993387222290e-01
-4.922825694084167480e-01
1.187443509697914124e-01
-8.344930410385131836e-01
8.307908475399017334e-02
-7.195936441421508789e-01
-9.976235628128051758e-01
-4.317844212055206299e-01
-3.458470106124877930e-02
2.539122700691223145e-01
4.477500021457672119e-01
6.015537381172180176e-01
1.020750761032104492e+00
-1.964104175567626953e+00
-2.947070002555847168e-01
-7.193201780319213867e-01
-2.123406678438186646e-01
-1.699581146240234375e+00
6.022216677665710449e-01
6.945288777351379395e-01
-8.323840498924255371e-01
-3.474254906177520752e-01
-1.840537428855895996e+00
8.397297561168670654e-02
-9.400578737258911133e-01
-1.458224415779113770e+00
8.735915422439575195e-01
3.888496160507202148e-01
-1.082367539405822754e+00
-1.011386394500732422e+00
3.754740059375762939e-01
-1.998693495988845825e-02
5.960947871208190918e-01
2.473993748426437378e-01
-5.402095266617834568e-04
-1.028352260589599609e+00
2.522834241390228271e-01
-2.643414735794067383e-01
9.626053571701049805e-01
1.607154846191406250e+00
5.647029876708984375e-01
-1.089253306388854980e+00
-7.364992499351501465e-01
4.860858023166656494e-01
-3.408824205398559570e-01
-2.120254933834075928e-01
-7.634018659591674805e-01
-2.056846767663955688e-01
2.247863292694091797e+00
3.975488245487213135e-01
7.649991512298583984e-01
-1.381980776786804199e-01
-5.550504103302955627e-02
-2.545984089374542236e-01
-6.270797550678253174e-02
-2.420616596937179565e-01
-4.990572333335876465e-01
5.871635079383850098e-01
2.032993555068969727e+00
7.613005638122558594e-01
-8.460795506834983826e-03
7.998711466789245605e-01
-6.375072151422500610e-02
2.403285205364227295e-01
9.315578639507293701e-02
8.067554235458374023e-01
2.941044569015502930e-01
-3.935398459434509277e-01
7.520934939384460449e-01
2.397982329130172729e-01
1.373494982719421387e+00
6.734167784452438354e-02
1.403578281402587891e+00
1.263878464698791504e+00
-4.135657250881195068e-01
6.634717434644699097e-02
3.213706016540527344e+00
-4.171658456325531006e-01
-4.266535043716430664e-01
-5.847330093383789062e-01
-1.160819053649902344e+00
9.111806154251098633e-01
-5.892539620399475098e-01
2.156826019287109375e+00
3.707731366157531738e-01
3.742912113666534424e-01
1.608257770538330078e+00
-8.736320734024047852e-01
1.557782292366027832e+00
1.082427620887756348e+00
-2.109547555446624756e-01
-6.741400361061096191e-01
1.310924649238586426e+00
1.132967829704284668e+00
7.840394228696823120e-02
-6.909066438674926758e-01
-1.608723998069763184e-01
2.250805854797363281e+00
-2.268491983413696289e+00
4.797389805316925049e-01
8.312693238258361816e-01
4.076181650161743164e-01
2.113710939884185791e-01
-9.719435125589370728e-02
-8.444433212280273438e-01
-1.704066246747970581e-01
-2.493704795837402344e+00
-1.076420426368713379e+00
5.313237309455871582e-01
-1.422267109155654907e-01
-3.180119097232818604e-01
-8.573230504989624023e-01
-1.458649158477783203e+00
4.524194896221160889e-01
-1.738409996032714844e-01
-3.132043778896331787e-01
-4.134266078472137451e-01
-1.255875945091247559e+00
-1.464144825935363770e+00
3.039151728153228760e-01
-8.256985247135162354e-02
-1.751369684934616089e-01
-2.039616852998733521e-01
-4.546963274478912354e-01
-7.054167985916137695e-01
-7.001365423202514648e-01
-1.951062679290771484e+00
-1.064708590507507324e+00
-5.932660698890686035e-01
7.832559943199157715e-01
-1.185520648956298828e+00
-2.406336516141891479e-01
5.851723551750183105e-01
-7.954418659210205078e-01
-1.729987263679504395e+00
-1.171883940696716309e+00
1.094902038574218750e+00
1.986992120742797852e+00
9.704667329788208008e-01
7.102141976356506348e-01
3.781346082687377930e-01
6.415372490882873535e-01
-6.996797919273376465e-01
-3.671302199363708496e-01
6.307329535484313965e-01
-1.259997248649597168e+00
-6.585551053285598755e-02
-1.485882401466369629e+00
-5.643073320388793945e-01
-1.636882066726684570e+00
-3.928174078464508057e-01
1.063729599118232727e-01
-2.007790505886077881e-01
-8.419165611267089844e-01
1.504408717155456543e-01
5.279230475425720215e-01
6.657524108886718750e-01
-3.009957373142242432e-01
-6.103040575981140137e-01
-4.854581952095031738e-01
-3.277766704559326172e-02
1.334156394004821777e+00
4.186115562915802002e-01
2.427117377519607544e-01
3.590917587280273438e-01
-5.306427478790283203e-01
-6.078517436981201172e-01
-5.868102908134460449e-01
-4.076810479164123535e-01
-1.126654863357543945e+00
2.318259179592132568e-01
-1.170827150344848633e+00
-1.167996644973754883e+00
2.139093875885009766e-01
-9.335535168647766113e-01
-1.382224559783935547e+00
-8.512884378433227539e-01
-9.290502667427062988e-01
5.845403075218200684e-01
9.089813828468322754e-01
2.143110483884811401e-01
-1.835899353027343750e-01
3.569752871990203857e-01
2.100229024887084961e+00
1.334595829248428345e-01
-5.364185571670532227e-01
7.146654725074768066e-01
-1.239421367645263672e+00
6.859443187713623047e-01
-1.073273777961730957e+00
4.885262846946716309e-01
-4.432022571563720703e-02
-3.572942614555358887e-01
