1.855423115193843842e-02
1.270534753799438477e+00
1.772465109825134277e-01
5.177514553070068359e-01
3.485819697380065918e-01
1.155192971229553223e+00
-1.071075201034545898e+00
-1.467999339103698730e+00
-2.609533548355102539e+00
6.277032494544982910e-01
1.393833160400390625e+00
5.597983300685882568e-02
3.747870326042175293e-01
-5.777288973331451416e-02
1.292680501937866211e-01
-6.002464294433593750e-01
3.580133616924285889e-01
-2.314119637012481689e-01
4.387374222278594971e-01
4.943068325519561768e-01
-1.350409090518951416e-01
-1.315545886754989624e-01
1.408719778060913086e+00
-1.097278669476509094e-01
-6.683262586593627930e-01
1.050584986805915833e-01
-3.204528689384460449e-01
-6.508777141571044922e-01
6.470396518707275391e-01
-2.964272201061248779e-01
6.391493678092956543e-01
-2.298501506447792053e-02
5.808634757995605469e-01
2.480080276727676392e-01
9.110344648361206055e-01
-1.005289316177368164e+00
5.216795206069946289e-01
1.479864358901977539e+00
-1.623027324676513672e+00
-1.347652554512023926e+00
1.834963917732238770e+00
-4.198521375656127930e-01
-3.868806064128875732e-01
-2.195832505822181702e-02
-1.272312998771667480e+00
-1.027747750282287598e+00
1.399995088577270508e+00
-6.193215847015380859e-01
-1.635263204574584961e+00
-8.747482299804687500e-02
5.972924828529357910e-01
-5.092883855104446411e-02
1.958844959735870361e-01
-8.064247965812683105e-01
-1.902943611145019531e+00
-5.593210831284523010e-02
1.221251606941223145e+00
-4.624806344509124756e-02
8.961874991655349731e-02
-3.927530646324157715e-01
-7.265972495079040527e-01
7.753459215164184570e-01
-3.151463270187377930e-01
-3.805031478404998779e-01
2.002623558044433594e+00
-6.863915324211120605e-01
-3.829654157161712646e-01
2.725715935230255127e-01
3.802413940429687500e-01
2.005666047334671021e-01
-1.302594542503356934e-01
-1.683468818664550781e-01
5.276039838790893555e-01
1.974839210510253906e+00
-6.533713638782501221e-02
1.386395215988159180e+00
-2.792888581752777100e-01
-3.482045233249664307e-01
7.941969484090805054e-02
4.139622747898101807e-01
1.146356105804443359e+00
2.366968840360641479e-01
-2.228775918483734131e-01
1.204106211662292480e+00
5.493709817528724670e-03
4.090632200241088867e-01
-1.107551902532577515e-02
1.001903533935546875e+00
6.651816368103027344e-01
-8.211209774017333984e-01
1.288380622863769531e+00
-1.441342234611511230e-01
3.825315535068511963e-01
2.139691710472106934e-01
5.498917028307914734e-02
1.458064675331115723e+00
6.357625126838684082e-01
2.480152398347854614e-01
-8.181632310152053833e-02
1.017577290534973145e+00
-1.042935922741889954e-01
1.003165364265441895e+00
3.742269277572631836e-01
-8.682777285575866699e-01
2.783847451210021973e-01
-6.559111475944519043e-01
-6.859759688377380371e-01
1.445593476295471191e+00
-2.689891159534454346e-01
1.810380816459655762e-01
1.724691838026046753e-01
-1.390055567026138306e-01
1.323972821235656738e+00
5.477852225303649902e-01
5.826777219772338867e-01
6.264237165451049805e-01
-6.729595661163330078e-01
-7.963387370109558105e-01
-7.890682220458984375e-01
-3.007729649543762207e-01
1.425716280937194824e+00
-1.003614813089370728e-01
6.293497085571289062e-01
1.303428769111633301e+00
-7.633535861968994141e-01
7.395344376564025879e-01
-1.141971111297607422e+00
-1.095357298851013184e+00
1.035515189170837402e+00
-4.402533769607543945e-01
-4.568206667900085449e-01
1.466115415096282959e-01
2.499714940786361694e-01
1.763334870338439941e+00
1.033596992492675781e+00
9.778511524200439453e-01
1.043337106704711914e+00
4.642021656036376953e-01
-3.604816436767578125e+00
9.542613625526428223e-01
6.427791118621826172e-01
2.308727614581584930e-02
6.045738458633422852e-01
-1.300593465566635132e-01
9.212699718773365021e-03
-7.916139960289001465e-01
1.976059675216674805e-01
5.373646020889282227e-01
3.646728098392486572e-01
4.793016612529754639e-01
1.315362453460693359e-01
-5.403795838356018066e-01
-2.933793962001800537e-01
5.347415804862976074e-01
1.036219596862792969e+00
-7.233570814132690430e-01
8.850764632225036621e-01
-5.594912767410278320e-01
-1.202738642692565918e+00
-6.020666360855102539e-01
-3.272794187068939209e-02
-7.680760622024536133e-01
6.822088956832885742e-01
-4.365725815296173096e-01
-7.536976337432861328e-01
-6.936872005462646484e-01
7.420697063207626343e-02
1.144180774688720703e+00
-4.783924221992492676e-01
-2.414800405502319336e+00
-4.828060045838356018e-02
-6.069695577025413513e-02
-4.346759915351867676e-01
-1.345401167869567871e+00
-3.847421705722808838e-01
-4.951382875442504883e-01
6.028737425804138184e-01
1.257023692131042480e+00
-2.058695256710052490e-01
-1.742957472801208496e+00
-4.926551878452301025e-01
-8.660278916358947754e-01
-6.200100183486938477e-01
-7.060253620147705078e-01
1.296476125717163086e+00
1.017606735229492188e+00
1.200301289558410645e+00
-2.151062488555908203e+00
-4.064060151576995850e-01
-5.383983850479125977e-01
9.879318475723266602e-01
-4.590494334697723389e-01
3.939409554004669189e-02
1.042547941207885742e+00
-1.088653802871704102e+00
-3.767367899417877197e-01
8.093970417976379395e-01
-1.648645699024200439e-01
1.198723986744880676e-01
8.521701693534851074e-01
-9.471727162599563599e-02
-6.837664842605590820e-01
5.827243924140930176e-01
5.281104445457458496e-01
-2.686617076396942139e-01
-1.011244058609008789e+00
4.579521119594573975e-01
1.629421353340148926e+00
1.436913847923278809e+00
-4.123702347278594971e-01
6.872101426124572754e-01
1.885715126991271973e-01
6.509950011968612671e-02
-8.494210243225097656e-01
1.205680489540100098e+00
-7.564707994461059570e-01
-2.189704179763793945e-01
-5.669942498207092285e-01
-1.145801618695259094e-01
-6.634443998336791992e-02
7.425361871719360352e-01
-1.021686434745788574e+00
1.008502393960952759e-02
-8.208829760551452637e-01
-7.952215671539306641e-01
5.525526939891278744e-04
7.005847692489624023e-01
-5.424795150756835938e-01
9.596645832061767578e-01
-4.009523987770080566e-01
3.821506500244140625e-01
7.388148307800292969e-01
1.042474135756492615e-01
-1.054312229156494141e+00
6.065303087234497070e-01
-4.099061191082000732e-01
-9.803019762039184570e-01
-2.802454233169555664e-01
9.274760633707046509e-02
1.587233424186706543e+00
-1.123687624931335449e+00
-1.416408717632293701e-01
-1.099353075027465820e+00
1.453619152307510376e-01
-5.566673874855041504e-01
-1.310166716575622559e-02
-4.487555921077728271e-01
-1.253890991210937500e+00
-1.198893189430236816e+00
1.085309505462646484e+00
2.039321959018707275e-01
6.968926191329956055e-01
-2.120228260755538940e-01
4.460940957069396973e-01
6.473360657691955566e-01
-2.523323148488998413e-02
9.608579427003860474e-02
8.026937246322631836e-01
7.991454005241394043e-01
5.870355963706970215e-01
2.452013254165649414e+00
8.462097644805908203e-01
-1.372849792242050171e-01
-6.501744389533996582e-01
3.195017278194427490e-01
-9.796878695487976074e-01
-8.457389473915100098e-02
6.168777868151664734e-02
-2.353338301181793213e-01
1.813661217689514160e+00
-7.943403720855712891e-01
-1.560964584350585938e+00
-9.271797537803649902e-01
-2.188858538866043091e-01
-7.433348894119262695e-01
-1.010594725608825684e+00
-4.802119731903076172e-02
9.124855995178222656e-01
9.532092213630676270e-01
1.937644630670547485e-01
-1.060662627220153809e+00
3.210605084896087646e-01
9.645057320594787598e-01
-1.192002177238464355e+00
-2.429845333099365234e-01
-3.147302865982055664e-01
6.048665381968021393e-03
2.588095329701900482e-02
6.678614020347595215e-02
6.575513482093811035e-01
-2.503472007811069489e-02
-6.897758692502975464e-02
1.050835847854614258e+00
-2.453869432210922241e-01
-8.688006401062011719e-01
3.655767440795898438e-01
-6.674621254205703735e-02
7.427500486373901367e-01
9.698371291160583496e-01
1.036808118224143982e-01
-1.217302441596984863e+00
-1.196129806339740753e-02
8.545883744955062866e-02
2.882900238037109375e-01
-7.153086364269256592e-02
2.262182347476482391e-02
1.135644197463989258e+00
3.174513339996337891e+00
6.366585493087768555e-01
1.132301241159439087e-01
-8.320947885513305664e-01
1.013960003852844238e+00
-1.452222019433975220e-01
2.227553352713584900e-02
-1.202161192893981934e+00
2.444952577352523804e-01
-1.327980458736419678e-01
-7.980473637580871582e-01
2.381747961044311523e+00
-5.164497345685958862e-02
5.540084242820739746e-01
-8.197987675666809082e-01
-1.801856040954589844e+00
-1.055671691894531250e+00
8.536090850830078125e-01
-1.503711938858032227e+00
-1.101485252380371094e+00
-2.330715506104752421e-04
-8.257372379302978516e-01
-1.656515479087829590e+00
-1.974098086357116699e+00
-1.232884407043457031e+00
1.985564380884170532e-01
3.989793062210083008e-01
9.140765666961669922e-01
-8.057841658592224121e-01
8.115457296371459961e-01
4.316964745521545410e-01
-6.708221435546875000e-01
1.591032266616821289e+00
-1.866406947374343872e-01
-1.851381778717041016e+00
-5.756390839815139771e-02
1.035911679267883301e+00
6.117029190063476562e-01
3.702855110168457031e-01
3.819555509835481644e-03
-5.758263468742370605e-01
3.083637356758117676e-01
-1.514200806617736816e+00
1.802631974220275879e+00
2.565045356750488281e-01
-7.528704404830932617e-01
-9.023027420043945312e-01
-4.250082969665527344e-01
-1.045946869999170303e-02
-2.297428697347640991e-01
2.078281715512275696e-03
3.056702315807342529e-01
-6.684144139289855957e-01
1.406703829765319824e+00
1.644920825958251953e+00
-7.776131480932235718e-02
-5.168456435203552246e-01
-1.303546547889709473e+00
-1.024523138999938965e+00
1.211384497582912445e-02
4.906075596809387207e-01
-1.353083372116088867e+00
2.610934376716613770e-01
2.424986958503723145e-01
-1.678376317024230957e+00
-3.438863530755043030e-02
1.115522757172584534e-01
-1.331578254699707031e+00
1.037983059883117676e+00
1.026251673698425293e+00
3.747138082981109619e-01
-4.475348889827728271e-01
-1.562094569206237793e+00
-1.335718780755996704e-01
1.271250378340482712e-02
-1.527649760246276855e-01
9.284179806709289551e-01
-1.223695464432239532e-02
-2.268181890249252319e-01
9.602247476577758789e-01
-6.364657878875732422e-01
4.023035466670989990e-01
-8.438221812248229980e-01
1.736747980117797852e+00
4.081364348530769348e-02
-9.387518167495727539e-01
-2.229789942502975464e-01
-9.688455462455749512e-01
2.056483626365661621e-01
-1.278255283832550049e-01
6.501266956329345703e-01
7.130492329597473145e-01
4.034624695777893066e-01
-2.821023166179656982e-01
2.251506149768829346e-01
9.585394710302352905e-02
-2.009589672088623047e+00
-1.191355705261230469e+00
1.333422303199768066e+00
-8.124437928199768066e-02
-3.662212193012237549e-01
6.937280297279357910e-01
1.321838259696960449e+00
9.051269888877868652e-01
-3.237420916557312012e-01
-3.494792878627777100e-01
-1.425794810056686401e-01
-6.717172265052795410e-01
-8.541910648345947266e-01
5.087638378143310547e+00
-6.339215487241744995e-02
-7.628116011619567871e-01
-7.114645838737487793e-01
-1.782714277505874634e-01
-1.762503683567047119e-01
6.420360803604125977e-01
1.350769042968750000e+00
-1.146498799324035645e+00
-4.579674899578094482e-01
2.607208967208862305e+00
-5.322976112365722656e-01
-1.623788118362426758e+00
7.102583050727844238e-01
-5.657617449760437012e-01
1.509933918714523315e-01
-3.632847070693969727e-01
5.091615319252014160e-01
1.980069130659103394e-01
-6.483074426651000977e-01
3.131150901317596436e-01
2.376019060611724854e-01
-1.541013360023498535e+00
-5.836398601531982422e-01
-1.220449090003967285e+00
-3.820387125015258789e-01
8.067569732666015625e-01
1.435379385948181152e+00
-5.763137936592102051e-01
-4.644900262355804443e-01
-1.468208134174346924e-01
-5.985822677612304688e-01
-4.247464239597320557e-02
-1.149685978889465332e-01
9.317227005958557129e-01
-2.118722438812255859e+00
-4.089785218238830566e-01
1.098766684532165527e+00
-9.116930961608886719e-01
-6.041933298110961914e-01
-1.236853361129760742e+00
-4.020945131778717041e-01
1.206434607505798340e+00
-8.266101479530334473e-01
-1.314516782760620117e+00
-1.636177897453308105e-01
8.375354409217834473e-01
1.191883906722068787e-01
-1.175265610218048096e-01
6.619961857795715332e-01
-8.630580306053161621e-01
3.760320246219635010e-01
-4.790547788143157959e-01
-3.952888548374176025e-01
-1.202514052391052246e+00
6.219076514244079590e-01
-1.263092011213302612e-01
4.424482882022857666e-01
9.534963220357894897e-02
-2.798369824886322021e-01
9.062014818191528320e-01
5.050254464149475098e-01
4.127004742622375488e-01
-7.445816993713378906e-01
3.184094429016113281e-01
-2.164761543273925781e+00
9.004380702972412109e-01
5.414398908615112305e-01
1.784177422523498535e+00
-2.383671700954437256e-02
-1.547024965286254883e+00
1.010240316390991211e+00
8.580079078674316406e-01
-2.890318334102630615e-01
-1.504609823226928711e+00
-2.545135736465454102e+00
4.615543186664581299e-01
9.937168955802917480e-01
-3.969414830207824707e-01
9.135910272598266602e-01
4.302962124347686768e-01
-9.442840218544006348e-01
-5.205647349357604980e-01
-1.227829232811927795e-01
-1.415298320353031158e-02
-2.196618467569351196e-01
-6.134600378572940826e-03
1.102996915578842163e-01
-5.113781094551086426e-01
1.526977539062500000e+00
-1.116092801094055176e-01
-4.926815330982208252e-01
-3.381122052669525146e-01
2.576180994510650635e-01
-3.253334015607833862e-02
-7.559924721717834473e-01
-6.432155966758728027e-01
-6.543781161308288574e-01
3.837485313415527344e-01
9.361622333526611328e-01
9.995915889739990234e-01
2.462868839502334595e-01
-9.704129695892333984e-01
7.157541513442993164e-01
2.631076574325561523e-01
-7.025738805532455444e-02
7.601735591888427734e-01
-4.740790426731109619e-01
-6.100168228149414062e-01
1.632660627365112305e+00
-4.022212922573089600e-01
7.416072487831115723e-01
1.158495783805847168e+00
-1.219211578369140625e+00
-9.361074566841125488e-01
6.792659163475036621e-01
-1.391192898154258728e-02
1.763724535703659058e-02
-2.693289220333099365e-01
-3.142949581146240234e+00
1.227292537689208984e+00
3.447322547435760498e-02
-1.140907406806945801e+00
-1.901833653450012207e+00
1.216153204441070557e-01
3.250983357429504395e-01
5.174511075019836426e-01
1.280492424964904785e+00
4.226021170616149902e-01
2.283412069082260132e-01
-1.027435213327407837e-01
-2.305371016263961792e-01
-1.394050598144531250e+00
-1.877283453941345215e+00
4.879168868064880371e-01
1.273045688867568970e-02
-1.188238978385925293e+00
-1.516687989234924316e+00
4.581493139266967773e-01
1.054820179939270020e+00
-6.661317348480224609e-01
8.728530406951904297e-01
4.939279854297637939e-01
5.438629388809204102e-01
-2.307117916643619537e-02
-1.895150095224380493e-01
1.530072540044784546e-01
-1.655426025390625000e-01
1.526419878005981445e+00
1.973459005355834961e+00
-3.247160613536834717e-01
1.555277705192565918e+00
2.344613522291183472e-01
-1.388096928596496582e+00
5.416814088821411133e-01
-7.581918686628341675e-02
6.483250111341476440e-02
-4.612076580524444580e-01
-5.479838252067565918e-01
-7.484003901481628418e-01
6.328749060630798340e-01
-1.899278312921524048e-01
-5.990792512893676758e-01
5.289617776870727539e-01
-1.121600151062011719e+00
6.904266476631164551e-01
-9.960650801658630371e-01
6.613974571228027344e-01
-2.836900353431701660e-01
-2.067760974168777466e-01
-5.658698827028274536e-02
1.475912094116210938e+00
-1.512477874755859375e+00
-3.900488317012786865e-01
-2.242673397064208984e+00
-1.854746639728546143e-01
-1.449190855026245117e+00
-3.524228930473327637e-01
3.751625120639801025e-01
-3.261512145400047302e-02
-3.597793281078338623e-01
-2.050233840942382812e+00
1.089189276099205017e-01
-1.151292324066162109e-01
3.683515489101409912e-01
4.211199283599853516e-01
-8.877080678939819336e-01
-1.383985877037048340e+00
-4.663136303424835205e-01
6.779807209968566895e-01
9.649979472160339355e-01
6.272283792495727539e-01
-1.861367002129554749e-02
-1.006073713302612305e+00
-9.515957236289978027e-01
-6.002166867256164551e-02
2.003091275691986084e-01
2.792172133922576904e-01
5.433579087257385254e-01
-2.569833993911743164e-01
-1.584227323532104492e+00
-1.329818725585937500e+00
-7.516159117221832275e-02
-1.273257657885551453e-03
-4.881054908037185669e-02
-1.540581881999969482e-01
-6.523908972740173340e-01
2.044143676757812500e+00
-3.450585603713989258e-01
3.096871078014373779e-01
4.718739166855812073e-02
-5.174807906150817871e-01
-3.228888213634490967e-01
9.498969316482543945e-01
-4.802606403827667236e-01
-1.091825246810913086e+00
4.664407074451446533e-01
1.283074378967285156e+00
9.530144929885864258e-01
-8.264932036399841309e-01
1.790879130363464355e+00
-1.011967957019805908e-01
2.262115180492401123e-01
-2.193611711263656616e-01
8.031988143920898438e-01
-6.225560978055000305e-02
4.493834376335144043e-01
-6.363039016723632812e-01
-1.619453191757202148e+00
1.764783263206481934e+00
7.988785207271575928e-02
1.859023332595825195e+00
1.005506753921508789e+00
-5.603041052818298340e-01
1.276671409606933594e+00
2.787786245346069336e+00
6.619293689727783203e-01
-3.896493911743164062e-01
-5.828751325607299805e-01
-7.495434284210205078e-01
6.270607933402061462e-03
-6.355583071708679199e-01
1.694237232208251953e+00
-4.991018772125244141e-01
-9.065150618553161621e-01
2.021873950958251953e+00
5.880689620971679688e-01
2.124899387359619141e+00
2.111913710832595825e-01
-8.003267049789428711e-01
-9.793219566345214844e-01
8.066842555999755859e-01
3.838436007499694824e-01
-9.895545244216918945e-02
-1.633547902107238770e+00
6.090198084712028503e-02
2.684726476669311523e+00
-7.300409078598022461e-01
-3.461138606071472168e-01
1.480363160371780396e-01
-4.485335052013397217e-01
3.357957899570465088e-01
1.390313357114791870e-02
3.792191389948129654e-03
6.558590531349182129e-01
-2.365979433059692383e+00
-2.196644544601440430e-01
9.326485395431518555e-01
-5.061728954315185547e-01
-1.061395049095153809e+00
-2.387858480215072632e-01
-7.665684223175048828e-01
2.041301131248474121e-01
-1.367546059191226959e-02
-8.787901401519775391e-01
-2.009231299161911011e-01
-8.982657790184020996e-01
-1.574351310729980469e+00
-2.529650330543518066e-01
-5.302531719207763672e-01
-1.849392056465148926e-01
-2.504988014698028564e-01
6.603397130966186523e-01
3.679680228233337402e-01
-1.417781591415405273e+00
-1.123471856117248535e+00
-3.178683519363403320e-01
9.840098619461059570e-01
5.221358537673950195e-01
1.646774858236312866e-01
2.531200461089611053e-02
-3.020244240760803223e-01
-1.550042390823364258e+00
4.044510126113891602e-01
-1.730128407478332520e+00
2.973451018333435059e-01
-2.867922186851501465e-01
4.959348142147064209e-01
-6.691648066043853760e-02
1.127269268035888672e+00
4.903120100498199463e-01
1.453404873609542847e-01
-4.907456636428833008e-01
-4.869954288005828857e-01
-8.261460661888122559e-01
3.998917341232299805e-01
-6.619655489921569824e-01
-3.668076395988464355e-01
-1.028188943862915039e+00
-3.878447115421295166e-01
4.550346732139587402e-01
-2.229129076004028320e-01
-8.283427953720092773e-01
6.292051076889038086e-02
1.830472350120544434e+00
-5.049108862876892090e-01
-9.511517286300659180e-01
-1.483785033226013184e+00
8.949972987174987793e-01
-1.004746317863464355e+00
7.625394463539123535e-01
1.105823874473571777e+00
1.162578105926513672e+00
1.101265311241149902e+00
-9.812076091766357422e-01
8.949490189552307129e-01
-7.262594103813171387e-01
2.019205540418624878e-01
-7.912704944610595703e-01
1.339097023010253906e+00
-1.253385066986083984e+00
9.145689755678176880e-02
3.200839161872863770e-01
-4.087737202644348145e-01
2.824980616569519043e-01
-9.599742293357849121e-01
-2.785986065864562988e-01
4.755443036556243896e-01
8.004602193832397461e-01
-1.168705821037292480e+00
-2.424364238977432251e-01
-1.792324632406234741e-01
5.673573613166809082e-01
6.405076384544372559e-02
-1.738654971122741699e+00
7.070649862289428711e-01
-6.970662623643875122e-02
5.195937156677246094e-01
-1.379730224609375000e+00
2.508002221584320068e-01
-5.041667819023132324e-01
1.163587719202041626e-01
