-1.399127125740051270e+00
1.813268303871154785e+00
-1.725370168685913086e+00
5.991837382316589355e-01
1.121190428733825684e+00
2.162091970443725586e+00
-1.301304817199707031e+00
-6.397889256477355957e-01
-1.543891310691833496e+00
1.874354183673858643e-01
1.489665389060974121e+00
1.339005589485168457e+00
-9.024180173873901367e-01
-5.028812885284423828e-01
-7.044611871242523193e-02
5.429328083992004395e-01
1.626103043556213379e+00
-2.637722156941890717e-02
2.902821004390716553e-01
1.587478995323181152e+00
2.760224938392639160e-01
2.335079014301300049e-01
3.786249756813049316e-01
3.402234911918640137e-01
-5.982990860939025879e-01
-1.100990295410156250e+00
1.137699931859970093e-01
-5.006951093673706055e-01
-2.972420752048492432e-01
-4.615177214145660400e-02
1.263286709785461426e+00
4.622744619846343994e-01
-3.483160957694053650e-02
4.819197058677673340e-01
7.160593271255493164e-01
-4.130960106849670410e-01
-1.295825093984603882e-01
6.079543828964233398e-01
-1.765069484710693359e+00
-1.873296856880187988e+00
1.439920783042907715e+00
-3.243427723646163940e-02
8.957660198211669922e-02
-1.756373047828674316e+00
-6.692656278610229492e-01
-1.696071505546569824e+00
-5.644040554761886597e-02
-4.950483143329620361e-02
2.302332669496536255e-01
1.852460950613021851e-02
-6.495479345321655273e-01
-4.302589297294616699e-01
6.214026808738708496e-01
-3.399214148521423340e-01
-2.078848361968994141e+00
-4.900192916393280029e-01
1.025753855705261230e+00
1.298043429851531982e-01
-8.175290375947952271e-02
-4.294133782386779785e-01
2.759834825992584229e-01
1.797059178352355957e+00
-9.606518745422363281e-01
-7.183140516281127930e-01
5.800299048423767090e-01
-6.881573796272277832e-01
-1.964910030364990234e-01
3.445549309253692627e-01
7.044689059257507324e-01
-1.851488113403320312e+00
3.979252278804779053e-01
9.368258118629455566e-01
1.162782430648803711e+00
1.985935926437377930e+00
2.670513093471527100e-01
-2.383700609207153320e-01
-8.795731663703918457e-01
-1.009780168533325195e-01
3.976649343967437744e-01
-3.907938003540039062e-01
1.465533137321472168e+00
2.674011886119842529e-01
3.813598304986953735e-02
1.198447108268737793e+00
2.939363121986389160e-01
5.489639639854431152e-01
8.942726999521255493e-02
1.163036704063415527e+00
-1.844452917575836182e-01
-5.147980451583862305e-01
-2.522025406360626221e-01
-8.786462545394897461e-01
1.211532235145568848e+00
7.376723885536193848e-01
-2.015263140201568604e-01
1.239237546920776367e+00
7.865952253341674805e-01
-7.927499413490295410e-01
2.155495584011077881e-01
-3.193824291229248047e-01
3.555822968482971191e-01
8.573285937309265137e-01
-1.873393177986145020e+00
-6.619985699653625488e-01
9.674006700515747070e-01
8.648044429719448090e-03
2.175843566656112671e-01
1.247044563293457031e+00
-2.052531838417053223e-01
7.251613736152648926e-01
5.211597084999084473e-01
-5.154356956481933594e-01
5.152793526649475098e-01
-1.549755334854125977e+00
1.285203456878662109e+00
1.065828919410705566e+00
-4.434745609760284424e-01
-3.519535064697265625e-01
5.735298395156860352e-01
-8.867762088775634766e-01
-4.974775910377502441e-01
7.763633728027343750e-01
2.443014681339263916e-01
-2.752806246280670166e-01
-4.644317328929901123e-01
-1.098230004310607910e+00
-1.380301117897033691e+00
5.735136866569519043e-01
1.523328572511672974e-01
5.021913722157478333e-02
-6.224341988563537598e-01
6.013484597206115723e-01
-5.672246813774108887e-01
1.692718982696533203e+00
1.725382447242736816e+00
3.957010507583618164e-01
1.424765110015869141e+00
-3.248229622840881348e-02
-4.162066936492919922e+00
7.086050510406494141e-01
1.412211775779724121e+00
-9.294342994689941406e-01
-5.071464553475379944e-02
-4.898604750633239746e-01
8.181165158748626709e-02
-7.391019463539123535e-01
1.666037797927856445e+00
3.264947831630706787e-01
7.376583665609359741e-02
-8.936482667922973633e-01
1.644604682922363281e+00
-4.874888360500335693e-01
2.760175466537475586e-01
6.563072800636291504e-01
1.367907762527465820e+00
-5.706111788749694824e-01
2.459285855293273926e-01
-4.345301985740661621e-01
-2.605406753718852997e-02
-9.656490087509155273e-01
1.583042144775390625e-01
-6.814202666282653809e-01
2.247606217861175537e-02
5.030377507209777832e-01
-2.158682584762573242e+00
-1.164290666580200195e+00
-7.753856182098388672e-01
-4.992195963859558105e-01
7.203223109245300293e-01
4.891657233238220215e-01
-1.082381844520568848e+00
-1.810593247413635254e+00
-8.718321919441223145e-01
-5.364325642585754395e-01
9.659007936716079712e-02
5.563917160034179688e-01
5.583029985427856445e-01
8.377056717872619629e-01
-5.872897505760192871e-01
1.351642757654190063e-01
-6.922689080238342285e-01
-3.625640273094177246e-01
2.491506785154342651e-01
-7.193413376808166504e-01
1.128488540649414062e+00
7.060720920562744141e-01
-7.165176272392272949e-01
-1.068194031715393066e+00
-6.868612170219421387e-01
-6.775463223457336426e-01
-3.422181904315948486e-01
-9.391142725944519043e-01
1.264789342880249023e+00
-5.703556537628173828e-01
-1.661069869995117188e+00
1.129147633910179138e-01
5.708677768707275391e-01
-9.060341119766235352e-02
-2.461587488651275635e-01
9.696630239486694336e-01
9.398738741874694824e-01
-6.729320883750915527e-01
3.004683852195739746e-01
9.712913036346435547e-01
-7.928858399391174316e-01
-9.308525323867797852e-01
5.966851711273193359e-01
9.975991249084472656e-01
-1.342301070690155029e-01
-5.988135337829589844e-01
1.515560388565063477e+00
5.105397701263427734e-01
1.779453456401824951e-01
2.411255687475204468e-01
1.014382004737854004e+00
-1.831323057413101196e-01
-7.325513362884521484e-01
2.680475115776062012e-01
1.073618531227111816e-01
-7.409420013427734375e-01
7.648420333862304688e-01
-1.681789875030517578e+00
4.573915302753448486e-01
-1.683413684368133545e-01
-8.455196022987365723e-01
-5.708937048912048340e-01
1.044537782669067383e+00
-8.469628691673278809e-01
1.407609224319458008e+00
7.113149166107177734e-01
3.776495456695556641e-01
7.755901217460632324e-01
-1.723417788743972778e-01
-1.274536967277526855e+00
5.255404114723205566e-01
8.629532456398010254e-01
-1.206182003021240234e+00
9.022775888442993164e-01
4.576408565044403076e-01
9.263225197792053223e-01
-4.955271184444427490e-01
7.383973002433776855e-01
-1.850574135780334473e+00
-5.867961645126342773e-01
-2.926643788814544678e-01
1.015169844031333923e-01
-7.290629148483276367e-01
-8.220222592353820801e-01
1.846005469560623169e-01
1.067293047904968262e+00
7.860453128814697266e-01
4.306634962558746338e-01
3.074741959571838379e-01
5.944757461547851562e-01
9.078654050827026367e-01
-1.672601222991943359e+00
-8.329579234123229980e-01
2.139865905046463013e-01
8.014239668846130371e-01
-3.718805015087127686e-01
2.077899694442749023e+00
8.848928809165954590e-01
-1.050664424896240234e+00
-1.243068352341651917e-01
4.367859065532684326e-01
-6.228185296058654785e-01
-7.364515066146850586e-01
-4.959701001644134521e-02
6.902782618999481201e-02
1.440216422080993652e+00
-1.400264263153076172e+00
-1.258227944374084473e+00
4.895165860652923584e-01
4.937862753868103027e-01
4.468731284141540527e-01
-3.412778079509735107e-01
-7.133886814117431641e-01
2.618909776210784912e-01
1.954116672277450562e-01
1.530392915010452271e-01
5.568845868110656738e-01
-2.282176353037357330e-02
1.344067931175231934e+00
-1.356802582740783691e+00
-7.107940316200256348e-01
-6.579717397689819336e-01
-1.217271566390991211e+00
-8.916143774986267090e-01
-1.894289813935756683e-02
3.880535364151000977e-01
9.967088103294372559e-01
-4.427300095558166504e-01
1.452710747718811035e+00
-1.017261624336242676e+00
-1.114413022994995117e+00
-3.256254196166992188e-01
2.406252622604370117e-01
2.536301612854003906e-01
1.280831813812255859e+00
3.136492371559143066e-01
-1.432122230529785156e+00
4.791913330554962158e-01
-6.406517624855041504e-01
4.995441138744354248e-01
9.661424756050109863e-01
1.604119420051574707e+00
-5.593345165252685547e-01
7.359199523925781250e-01
-6.709069758653640747e-02
-1.467436552047729492e-01
-1.848521828651428223e+00
3.342604935169219971e-01
5.575997382402420044e-02
3.874176442623138428e-01
-1.434752941131591797e+00
1.536962866783142090e+00
-1.619985550642013550e-01
-2.111847251653671265e-01
1.383914113044738770e+00
1.260197520256042480e+00
4.919490218162536621e-01
1.077232211828231812e-01
8.522170782089233398e-02
-1.022016108036041260e-01
5.991324782371520996e-01
-6.482532620429992676e-01
-1.664457440376281738e+00
-7.700091600418090820e-01
-1.053462266921997070e+00
-1.883606076240539551e+00
7.583945244550704956e-02
-2.362276077270507812e+00
2.405580319464206696e-02
1.625553846359252930e+00
8.698118925094604492e-01
1.305864751338958740e-01
2.037610113620758057e-01
-1.839330345392227173e-01
1.319390386343002319e-01
1.323355197906494141e+00
1.401638984680175781e-01
-1.903173804283142090e+00
8.942771553993225098e-01
1.469116568565368652e+00
9.333443045616149902e-01
3.845499753952026367e-01
1.153402850031852722e-01
3.017334640026092529e-01
-2.310857176780700684e-01
-2.846721112728118896e-01
1.273033380508422852e+00
4.233545958995819092e-01
-2.164497375488281250e-01
-5.081484317779541016e-01
-1.037771582603454590e+00
-4.235683977603912354e-01
2.663416862487792969e-01
-3.811157345771789551e-01
-6.886783242225646973e-01
9.284174442291259766e-02
1.378443241119384766e+00
6.864305138587951660e-01
-9.290233850479125977e-01
-8.606920242309570312e-01
-5.139708518981933594e-01
-6.942741274833679199e-01
1.052357628941535950e-01
7.751361131668090820e-01
-1.420136928558349609e+00
8.247721791267395020e-01
-2.898863255977630615e-01
-8.387164473533630371e-01
1.608873486518859863e+00
4.083420932292938232e-01
6.370891630649566650e-02
1.448053002357482910e+00
1.413339376449584961e+00
4.437681660056114197e-02
7.363450527191162109e-02
-9.904571175575256348e-01
6.587972044944763184e-01
-9.004060029983520508e-01
-1.673447787761688232e-01
3.977748453617095947e-01
-1.240689516067504883e+00
-1.002602934837341309e+00
1.312348365783691406e+00
-2.657098770141601562e-01
-1.534713059663772583e-01
-5.119954347610473633e-01
1.482434868812561035e+00
1.689284890890121460e-01
6.742519140243530273e-02
-3.609440624713897705e-01
-2.169848978519439697e-01
-3.053391277790069580e-01
1.095153484493494034e-02
3.328883051872253418e-01
7.838052511215209961e-02
8.587419986724853516e-01
3.138660192489624023e-01
-1.044610619544982910e+00
1.141623854637145996e+00
-1.110541701316833496e+00
7.066741585731506348e-01
-7.607305049896240234e-01
-2.420486062765121460e-01
8.119829297065734863e-01
4.059517979621887207e-01
-1.663388907909393311e-01
6.464906930923461914e-01
-1.088378310203552246e+00
-3.314149081707000732e-01
5.420048832893371582e-01
-2.741032838821411133e-01
-1.625792503356933594e+00
1.880876302719116211e+00
-5.688441917300224304e-02
5.667576566338539124e-02
-6.549060940742492676e-01
-2.505378425121307373e-01
-3.994934856891632080e-01
1.806998729705810547e+00
1.307886004447937012e+00
-1.171825885772705078e+00
8.602819871157407761e-04
1.873878240585327148e+00
-6.947753429412841797e-01
-2.818904399871826172e+00
1.401155740022659302e-01
-1.073256373405456543e+00
9.853644371032714844e-01
-2.318930923938751221e-01
4.938989579677581787e-01
-2.020168602466583252e-01
-1.283250689506530762e+00
1.770117521286010742e+00
-1.927971839904785156e+00
4.218496680259704590e-01
-5.304027199745178223e-01
-1.556480526924133301e+00
-5.488228797912597656e-01
-3.482381403446197510e-01
1.229599475860595703e+00
3.081213831901550293e-01
4.194920957088470459e-01
-1.726168096065521240e-01
-6.759594082832336426e-01
1.115373820066452026e-01
-1.506455689668655396e-01
1.190286278724670410e+00
-1.257761001586914062e+00
4.185260236263275146e-01
-9.033938497304916382e-02
-1.719738692045211792e-01
4.584734439849853516e-01
-1.884276151657104492e+00
2.599320188164710999e-02
2.548095583915710449e-01
-8.878666758537292480e-01
-9.359507560729980469e-01
-2.424952574074268341e-02
-1.260486006736755371e+00
8.782224655151367188e-01
-6.549806594848632812e-01
1.563726305961608887e+00
-8.432983160018920898e-01
-2.249479144811630249e-01
2.618157304823398590e-02
-9.585909247398376465e-01
8.487244844436645508e-01
6.089170575141906738e-01
3.672291934490203857e-01
3.139929473400115967e-01
-3.671530187129974365e-01
-5.365874171257019043e-01
-2.117832303047180176e-01
4.673775732517242432e-01
-1.044900342822074890e-01
-9.891481399536132812e-01
1.783636361360549927e-01
-2.094526529312133789e+00
-6.631442904472351074e-01
8.098548054695129395e-01
7.137337327003479004e-01
5.077102780342102051e-01
-1.334459781646728516e+00
1.888341784477233887e+00
8.762390613555908203e-01
-8.700454831123352051e-01
-1.519776701927185059e+00
-2.363236665725708008e+00
5.182129740715026855e-01
5.483440756797790527e-01
-4.094092249870300293e-01
9.008547663688659668e-01
1.944259703159332275e-01
-1.485269784927368164e+00
-1.344466060400009155e-01
-1.044573664665222168e+00
-4.686221182346343994e-01
4.751648902893066406e-01
3.478539288043975830e-01
2.535476684570312500e-01
1.127960607409477234e-01
1.075832128524780273e+00
3.848979771137237549e-01
-3.702502325177192688e-02
-1.456478476524353027e+00
-4.019605368375778198e-02
4.499670267105102539e-01
-2.289249897003173828e+00
-3.205354809761047363e-01
-1.068855643272399902e+00
9.101424217224121094e-01
2.015383720397949219e+00
-5.294282361865043640e-02
1.141717672348022461e+00
-9.988453388214111328e-01
2.809852361679077148e-01
4.006130695343017578e-01
-1.506798624992370605e+00
2.121269464492797852e+00
4.970446527004241943e-01
-8.615021705627441406e-01
1.063638687133789062e+00
-4.359027147293090820e-01
5.155191421508789062e-01
2.131359338760375977e+00
-4.037038087844848633e-01
-1.281402468681335449e+00
2.376779317855834961e-01
-1.121259927749633789e-01
-1.835015177726745605e+00
5.854116082191467285e-01
-1.987250924110412598e+00
1.283632159233093262e+00
-6.507849097251892090e-01
-6.804958581924438477e-01
-5.710251331329345703e-01
8.788694441318511963e-02
9.807000309228897095e-02
2.753357589244842529e-01
1.038400888442993164e+00
-6.081821396946907043e-02
-6.617279052734375000e-01
-7.532519102096557617e-01
1.146775126457214355e+00
-6.697006225585937500e-01
-8.976165205240249634e-02
5.536932349205017090e-01
-1.572520136833190918e+00
1.612553238868713379e+00
-1.507394790649414062e+00
6.945333480834960938e-01
3.127650320529937744e-01
-1.190701484680175781e+00
1.176959514617919922e+00
1.746003925800323486e-01
-1.497004985809326172e+00
-8.001811504364013672e-01
7.941830903291702271e-02
3.737830519676208496e-01
-3.700883984565734863e-01
2.694031596183776855e-01
1.373701810836791992e+00
1.143267035484313965e+00
1.295740604400634766e+00
5.861552953720092773e-01
-9.406408071517944336e-01
-2.991159856319427490e-01
-2.399913072586059570e-01
7.184309363365173340e-01
1.548205912113189697e-01
-9.233244061470031738e-01
-2.460786886513233185e-02
1.426926930435001850e-03
8.533825278282165527e-01
-3.162496685981750488e-01
3.689960539340972900e-01
1.920751482248306274e-01
-1.263145565986633301e+00
-1.131605982780456543e+00
1.309952855110168457e+00
2.879195809364318848e-01
-1.081923842430114746e+00
1.016924306750297546e-01
1.349871635437011719e+00
-2.260873317718505859e+00
-1.512406706809997559e+00
8.783232420682907104e-02
-8.392868638038635254e-01
-7.365219593048095703e-01
8.545129746198654175e-02
1.185644984245300293e+00
-1.035388708114624023e+00
1.532697081565856934e+00
-1.226687550544738770e+00
3.824192881584167480e-01
-2.995364069938659668e-01
2.573798000812530518e-01
8.839114755392074585e-02
1.353254765272140503e-01
-1.456483602523803711e+00
-1.034809350967407227e+00
7.269569635391235352e-01
1.809614747762680054e-01
7.740374803543090820e-01
-6.322768330574035645e-01
-1.137829899787902832e+00
-1.399223208427429199e+00
5.888881683349609375e-01
-8.312204480171203613e-01
7.203968167304992676e-01
2.155958712100982666e-01
-7.258040308952331543e-01
-1.373021155595779419e-01
-1.006659269332885742e+00
1.710592359304428101e-01
-4.426705539226531982e-01
-7.917366623878479004e-01
-7.857520133256912231e-02
1.262008696794509888e-01
4.922909736633300781e-01
4.744660258293151855e-01
3.351060152053833008e-01
2.483275383710861206e-01
1.280872374773025513e-01
6.711062788963317871e-01
4.704135656356811523e-01
-6.665717363357543945e-01
-5.356749296188354492e-01
1.297944307327270508e+00
2.380945086479187012e-01
1.434849858283996582e+00
-6.685151457786560059e-01
1.739809513092041016e+00
9.066944122314453125e-01
-6.946411728858947754e-01
-8.906221389770507812e-01
-1.890248298645019531e+00
-7.150819301605224609e-01
-3.748158812522888184e-01
-1.802876144647598267e-01
1.261595845222473145e+00
-2.261118963360786438e-02
6.203208565711975098e-01
2.848106622695922852e+00
1.011779427528381348e+00
-1.430843710899353027e+00
-1.790933758020401001e-01
3.114342212677001953e+00
1.231494665145874023e+00
-1.068962693214416504e+00
2.503373622894287109e-01
-1.891128659248352051e+00
4.631933867931365967e-01
4.976769685745239258e-01
2.774638414382934570e+00
2.773168385028839111e-01
1.255065202713012695e+00
4.813931584358215332e-01
-1.532061100006103516e-01
2.261630535125732422e+00
8.675158619880676270e-01
-6.919309496879577637e-01
-9.679435491561889648e-01
1.411586046218872070e+00
3.150836797431111336e-03
8.907152414321899414e-01
-8.372012376785278320e-01
5.882529020309448242e-01
1.888856768608093262e+00
-1.723181486129760742e+00
-5.455746650695800781e-01
5.505057573318481445e-01
2.550416290760040283e-01
1.190854907035827637e+00
-7.830218225717544556e-02
1.249189674854278564e-02
5.563786029815673828e-01
-2.799526453018188477e+00
-1.126003503799438477e+00
8.492078185081481934e-01
8.404794335365295410e-01
5.093464255332946777e-01
-5.664036273956298828e-01
-1.037989139556884766e+00
1.382950663566589355e+00
8.212872743606567383e-01
-5.771762728691101074e-01
4.303811192512512207e-01
-1.813715696334838867e+00
-1.777803063392639160e+00
-5.871523618698120117e-01
-3.130113780498504639e-01
1.016340255737304688e-01
-3.446114435791969299e-02
5.509448647499084473e-01
-5.772049427032470703e-01
-9.045222401618957520e-01
-9.802867174148559570e-01
1.608698517084121704e-01
8.215575814247131348e-01
7.517541050910949707e-01
-5.243392586708068848e-01
3.189210221171379089e-02
-4.835933148860931396e-01
-1.490283846855163574e+00
5.018580555915832520e-01
-1.572036623954772949e+00
-5.761123299598693848e-01
8.953768610954284668e-01
2.748138606548309326e-01
1.076235890388488770e+00
9.000400900840759277e-01
-1.495104134082794189e-01
-3.794380724430084229e-01
-2.268033623695373535e-01
4.818708598613739014e-01
-3.375700712203979492e-01
3.925945460796356201e-01
-1.263062000274658203e+00
-2.559506297111511230e-01
-8.917705416679382324e-01
-5.259440541267395020e-01
-3.351899981498718262e-01
-3.321133852005004883e-01
-1.305998921394348145e+00
1.111492738127708435e-01
2.030305862426757812e+00
-1.039891690015792847e-02
-3.172811865806579590e-01
-1.053303241729736328e+00
-1.063428044319152832e+00
-9.759827256202697754e-01
2.462012134492397308e-02
1.023956298828125000e+00
2.752918899059295654e-01
1.397994637489318848e+00
-9.400274157524108887e-01
7.099145054817199707e-01
-4.544254541397094727e-01
-1.575543731451034546e-01
-1.656472206115722656e+00
7.577667832374572754e-01
-8.238570094108581543e-01
2.134532481431961060e-01
9.606963992118835449e-01
-2.396720051765441895e-01
-1.750001668930053711e+00
-7.066959142684936523e-01
-1.284968018531799316e+00
6.032105684280395508e-01
5.435128808021545410e-01
-1.475135087966918945e+00
-1.293984174728393555e+00
5.740637779235839844e-01
1.416167593561112881e-03
1.553584635257720947e-01
-8.007187247276306152e-01
4.821538329124450684e-01
-3.744625747203826904e-01
4.907633364200592041e-01
-9.473478198051452637e-01
-3.657148778438568115e-01
4.295224547386169434e-01
1.814389377832412720e-01
