1.482325140386819839e-02
-4.396346509456634521e-01
9.658038020133972168e-01
1.435853838920593262e-01
-1.479718834161758423e-01
1.494847655296325684e+00
-8.008831739425659180e-01
-4.283723533153533936e-01
-9.218754172325134277e-01
-1.006754562258720398e-01
2.340229153633117676e-01
-3.131030797958374023e-01
-1.015244349837303162e-01
-8.793011307716369629e-01
1.160848259925842285e+00
-1.287494897842407227e+00
1.140633106231689453e+00
-1.823523640632629395e+00
-5.710271596908569336e-01
-2.349053323268890381e-01
2.933323942124843597e-02
1.592565774917602539e-01
4.025328755378723145e-01
-1.067100167274475098e-01
-8.282362818717956543e-01
-3.144602775573730469e-01
-3.194448649883270264e-01
-1.105610251426696777e+00
2.365745007991790771e-01
-3.997287154197692871e-01
5.659182071685791016e-01
3.204657137393951416e-01
1.263920307159423828e+00
2.446075677871704102e-01
4.509199559688568115e-01
-6.070865988731384277e-01
-9.742744565010070801e-01
-8.186719417572021484e-01
-9.079526662826538086e-01
-1.399552941322326660e+00
-3.269550502300262451e-01
-2.636382877826690674e-01
-1.518366813659667969e+00
2.537472359836101532e-02
3.079386614263057709e-02
-1.126303672790527344e+00
2.362998276948928833e-01
-3.952688276767730713e-01
-1.960298657417297363e+00
-3.336981683969497681e-02
-6.568477749824523926e-01
-2.956586480140686035e-01
-3.489260077476501465e-01
-3.397350013256072998e-01
2.078419208526611328e+00
-9.026125073432922363e-01
-1.017224863171577454e-01
-5.278956890106201172e-01
-7.984979748725891113e-01
-2.126006782054901123e-01
6.877782940864562988e-02
9.954386949539184570e-01
-1.689489483833312988e-01
1.513025283813476562e+00
-1.423287153244018555e+00
-8.214288949966430664e-02
-4.148349463939666748e-01
1.843674063682556152e+00
2.862357199192047119e-01
-7.644801139831542969e-01
3.820623457431793213e-02
-6.908024549484252930e-01
-5.279354453086853027e-01
1.707780599594116211e+00
4.714064300060272217e-01
-8.376567810773849487e-02
9.729429334402084351e-02
-1.773823976516723633e+00
-2.300693243741989136e-01
1.888406872749328613e-01
-2.746447324752807617e-01
9.009477496147155762e-01
-3.849536776542663574e-01
1.136484861373901367e+00
1.453852951526641846e-01
-2.841263115406036377e-01
-1.846613176167011261e-02
1.007236599922180176e+00
3.413451313972473145e-01
-3.974940478801727295e-01
1.372333645820617676e+00
2.605598270893096924e-01
-3.483374714851379395e-01
1.005819290876388550e-01
6.470773369073867798e-02
-8.221261203289031982e-02
-5.171337127685546875e-01
-1.031608104705810547e+00
-4.231174886226654053e-01
6.231196969747543335e-02
9.573104381561279297e-01
3.015080690383911133e-01
1.096867397427558899e-01
-2.339911222457885742e+00
5.064094662666320801e-01
-2.507605850696563721e-01
3.478332459926605225e-01
1.417939186096191406e+00
5.861652493476867676e-01
-2.934613823890686035e-01
-4.916716739535331726e-02
-1.682055473327636719e+00
-9.592576026916503906e-01
-7.996060252189636230e-01
-1.270472556352615356e-01
1.467674016952514648e+00
-1.365628838539123535e-01
6.256824135780334473e-01
-1.556568741798400879e+00
-1.271656155586242676e+00
8.621971607208251953e-01
6.732553243637084961e-01
2.021221518516540527e-01
1.518210291862487793e+00
-9.089586734771728516e-01
-7.552809119224548340e-01
-1.388701081275939941e+00
-2.237592190504074097e-01
1.019239306449890137e+00
8.144934475421905518e-02
-2.074288874864578247e-01
2.506592869758605957e-01
-3.657757863402366638e-02
-1.911279112100601196e-01
5.726769566535949707e-01
6.106405258178710938e-01
1.222524419426918030e-01
-2.480510711669921875e+00
-2.463722944259643555e+00
1.819185853004455566e+00
5.800910592079162598e-01
5.104362964630126953e-01
-5.599241852760314941e-01
-7.181030511856079102e-01
-6.532974839210510254e-01
7.461519837379455566e-01
-3.356103599071502686e-01
-4.477767944335937500e-01
-1.495380520820617676e+00
1.985302448272705078e+00
2.559819445013999939e-02
5.093865990638732910e-01
-8.893401026725769043e-01
4.120201468467712402e-01
-9.454030394554138184e-01
-1.916347503662109375e+00
-1.087405204772949219e+00
-4.518795311450958252e-01
-5.710738301277160645e-01
3.973812758922576904e-01
1.311591029167175293e+00
4.161762893199920654e-01
3.950258716940879822e-02
2.355528324842453003e-01
-2.338063001632690430e+00
8.881111145019531250e-01
-9.765197634696960449e-01
1.534671664237976074e+00
2.096520185470581055e+00
7.431381940841674805e-01
-3.768840432167053223e-01
5.243675112724304199e-01
9.841719865798950195e-01
-4.014664888381958008e-01
1.137418746948242188e+00
-1.610722661018371582e+00
-6.820641458034515381e-02
9.466719031333923340e-01
-2.578317821025848389e-01
-9.917765855789184570e-02
8.014191389083862305e-01
-1.034913182258605957e+00
4.863565564155578613e-01
6.630115211009979248e-02
-7.693807035684585571e-02
6.805709004402160645e-01
1.422402381896972656e+00
-2.175901174545288086e+00
3.369380533695220947e-01
-8.617848157882690430e-02
-1.271898150444030762e+00
9.047054648399353027e-01
6.686960905790328979e-02
1.592882871627807617e+00
-2.517892718315124512e-01
7.681756019592285156e-01
-3.317506611347198486e-01
-6.885077357292175293e-01
-6.764025688171386719e-01
8.726713806390762329e-02
5.650768280029296875e-01
2.148110717535018921e-01
-1.222305893898010254e+00
-9.098170697689056396e-02
-7.357178926467895508e-01
-5.590018630027770996e-02
-9.289483428001403809e-01
1.956826448440551758e+00
8.463886976242065430e-01
-1.059304952621459961e+00
-1.268126130104064941e+00
5.698677897453308105e-01
-8.887243866920471191e-01
-1.521440267562866211e+00
2.015611410140991211e+00
3.430886566638946533e-01
5.655188560485839844e-01
-1.011672496795654297e+00
-1.105177760124206543e+00
1.116785526275634766e+00
-9.848030209541320801e-01
5.926654338836669922e-01
9.867059588432312012e-01
-1.562553524971008301e+00
-9.887241125106811523e-01
-2.494162172079086304e-01
1.006898164749145508e+00
-7.471523880958557129e-01
-4.269551634788513184e-01
-9.489291161298751831e-02
-3.824172914028167725e-01
7.904146611690521240e-02
1.801269501447677612e-01
-9.753703474998474121e-01
-2.387657165527343750e-01
8.722190856933593750e-01
-9.440873861312866211e-01
5.310931205749511719e-01
5.827804207801818848e-01
-4.205420017242431641e-01
-2.308854013681411743e-01
7.941523194313049316e-02
-1.158672451972961426e+00
-1.329965442419052124e-01
6.755334138870239258e-01
-2.266985177993774414e-01
-1.961239576339721680e-01
-7.176287174224853516e-01
-7.956391572952270508e-01
1.453193545341491699e+00
6.960246562957763672e-01
1.700923033058643341e-02
2.945795655250549316e-01
1.304450750350952148e+00
-1.748508810997009277e-01
-9.405895471572875977e-01
-7.081775069236755371e-01
7.974531054496765137e-01
7.809753715991973877e-02
2.643505930900573730e-01
1.978920817375183105e+00
4.529519379138946533e-01
8.638810515403747559e-01
-2.296893596649169922e+00
4.624442160129547119e-01
-2.993572950363159180e-01
-8.299073576927185059e-01
-1.756145656108856201e-01
1.276241660118103027e+00
1.183054521679878235e-01
5.606885552406311035e-01
-5.471304655075073242e-01
-5.533054843544960022e-02
2.044142037630081177e-01
-1.040164828300476074e+00
4.743426442146301270e-01
1.877263635396957397e-01
-7.699455320835113525e-02
3.354558348655700684e-01
-4.101241230964660645e-01
-1.356222271919250488e+00
6.635826230049133301e-01
-7.599805593490600586e-01
4.918654263019561768e-01
-1.798639446496963501e-01
1.683301925659179688e+00
4.342940747737884521e-01
6.268345117568969727e-01
9.878518432378768921e-02
9.093550443649291992e-01
9.936732649803161621e-01
-1.319585323333740234e+00
1.069349288940429688e+00
1.062252521514892578e+00
-6.503967642784118652e-01
-5.626858398318290710e-02
-5.729572176933288574e-01
6.117790341377258301e-01
2.381903827190399170e-01
-7.471765279769897461e-01
-3.794665038585662842e-01
6.724756956100463867e-01
-2.008318662643432617e+00
-4.352024793624877930e-01
-1.720420002937316895e+00
1.017903089523315430e+00
7.786294221878051758e-01
1.963908910751342773e+00
2.540473639965057373e-01
1.267159104347229004e+00
1.142211675643920898e+00
-7.283245325088500977e-01
1.258823156356811523e+00
7.337021827697753906e-01
-1.027357801795005798e-01
1.033460974693298340e+00
-1.295567601919174194e-01
-6.296855807304382324e-01
-1.483787894248962402e+00
-2.176605314016342163e-01
-8.358984589576721191e-01
-2.649647951126098633e+00
-1.610426425933837891e+00
-1.035356372594833374e-01
1.322106122970581055e+00
2.950429618358612061e-01
-2.165562868118286133e+00
-1.114356875419616699e+00
3.156523406505584717e-01
-5.104418992996215820e-01
-8.354672789573669434e-01
-1.027506589889526367e+00
-6.880497932434082031e-01
2.860934734344482422e-01
9.715247154235839844e-01
-8.327814340591430664e-01
-5.747500061988830566e-01
-1.330252170562744141e+00
8.189409971237182617e-01
1.628840327262878418e+00
-8.939053416252136230e-01
9.860398769378662109e-01
-5.789768099784851074e-01
2.534541189670562744e-01
1.702443718910217285e+00
3.126680254936218262e-01
1.320002317428588867e+00
3.925585374236106873e-02
1.164980649948120117e+00
-1.349619626998901367e+00
7.284285873174667358e-02
-1.028611898422241211e+00
-7.431640028953552246e-01
-3.495896756649017334e-01
-1.804533451795578003e-01
-4.053189158439636230e-01
9.252008199691772461e-01
6.297538280487060547e-01
-2.470151782035827637e-01
-1.165719747543334961e+00
4.153730869293212891e-01
1.318621158599853516e+00
6.054179370403289795e-02
2.306292057037353516e-01
-1.394810199737548828e+00
1.640212908387184143e-02
-5.906302928924560547e-01
-8.624755740165710449e-01
-4.189376533031463623e-01
-6.287623941898345947e-02
-1.028834819793701172e+00
-2.849519550800323486e-01
-6.347353458404541016e-01
-4.670253694057464600e-01
1.003843903541564941e+00
-1.113195419311523438e+00
-3.618755340576171875e-01
4.205883145332336426e-01
-1.424104690551757812e+00
-1.091980457305908203e+00
-6.535256505012512207e-01
3.582086265087127686e-01
-1.526456028223037720e-01
1.307002544403076172e+00
-1.097155094146728516e+00
9.374672174453735352e-01
2.974908351898193359e-01
2.164603956043720245e-02
1.690276384353637695e+00
3.870263993740081787e-01
9.560856968164443970e-03
1.170701503753662109e+00
-4.939086437225341797e-01
-2.799534499645233154e-01
-1.585584640502929688e+00
5.986204147338867188e-01
5.216487050056457520e-01
7.119833678007125854e-02
-3.015770614147186279e-01
1.867694854736328125e+00
1.192181229591369629e+00
-3.023094654083251953e+00
-3.201972246170043945e-01
-7.916425466537475586e-01
-3.341569900512695312e-01
-2.382185906171798706e-01
6.247572302818298340e-01
-1.860158294439315796e-01
3.295743465423583984e-01
1.438553929328918457e+00
9.389741420745849609e-01
-1.286968290805816650e-01
1.177689075469970703e+00
2.463553249835968018e-01
-6.378832459449768066e-01
5.410578846931457520e-01
4.604308605194091797e+00
2.034491449594497681e-01
1.971602626144886017e-02
-9.360416531562805176e-01
3.413454294204711914e-01
2.039216309785842896e-01
2.678003013134002686e-01
1.293885231018066406e+00
-1.142604470252990723e+00
1.686516702175140381e-01
1.617385745048522949e+00
-3.347272276878356934e-01
3.398346155881881714e-02
2.385646551847457886e-01
6.212010383605957031e-01
-1.479623794555664062e+00
-9.050968289375305176e-01
3.399515748023986816e-01
-7.009375691413879395e-01
-3.884326517581939697e-01
1.198705673217773438e+00
2.646321058273315430e-01
-9.123636484146118164e-01
-5.100777745246887207e-01
3.966782987117767334e-01
3.872671127319335938e-01
-8.828595876693725586e-01
8.258370757102966309e-01
2.031672000885009766e-01
5.332103371620178223e-01
1.257539272308349609e+00
8.409429192543029785e-01
-6.292366385459899902e-01
-1.801845617592334747e-02
1.484541773796081543e+00
-1.923902332782745361e-01
7.542734146118164062e-01
-1.083022798411548138e-03
-2.624887228012084961e+00
5.957328081130981445e-01
-1.630770683288574219e+00
-3.216077685356140137e-01
4.450576901435852051e-01
-1.273312807083129883e+00
-1.352680325508117676e-01
-1.026173353195190430e+00
-1.325301229953765869e-01
-3.767497139051556587e-03
-1.151412606239318848e+00
7.591025829315185547e-01
-1.204979896545410156e+00
-8.298776745796203613e-01
-4.016751945018768311e-01
1.264178156852722168e+00
-2.286908924579620361e-01
-1.023892641067504883e+00
8.199607729911804199e-01
-3.805736005306243896e-01
-1.865222156047821045e-01
7.935481071472167969e-01
1.223747372627258301e+00
-4.793923497200012207e-01
2.116098850965499878e-01
-8.239727616310119629e-01
-7.519038915634155273e-01
-4.556766450405120850e-01
-9.646035432815551758e-01
3.317385017871856689e-01
9.834887981414794922e-01
-2.375694811344146729e-01
9.375685453414916992e-01
-2.964752912521362305e-01
5.166307836771011353e-02
-6.302941124886274338e-03
4.021369516849517822e-01
-4.659156501293182373e-02
-9.322009980678558350e-02
1.131735563278198242e+00
1.266997098922729492e+00
-8.262444734573364258e-01
1.886331439018249512e-01
-1.315305233001708984e+00
-8.883076906204223633e-01
-3.921991884708404541e-01
1.205927133560180664e+00
4.591246694326400757e-02
1.574936032295227051e+00
6.874139904975891113e-01
1.077961802482604980e+00
-2.816467583179473877e-01
1.272189855575561523e+00
-1.031415104866027832e+00
-3.495555818080902100e-01
-7.606612443923950195e-01
9.502307772636413574e-01
4.629768729209899902e-01
-7.980266213417053223e-02
-4.305872619152069092e-01
2.938656210899353027e-01
-9.755163192749023438e-01
1.373748421669006348e+00
2.817901782691478729e-02
-7.557581663131713867e-01
-1.819859445095062256e-01
7.956410646438598633e-01
3.862358629703521729e-01
2.739267349243164062e-01
3.558722734451293945e-01
1.499058902263641357e-01
-6.281951665878295898e-01
1.146695256233215332e+00
-2.975110709667205811e-01
1.375230073928833008e+00
-1.820598006248474121e+00
-1.164096593856811523e+00
1.377321686595678329e-02
-9.671863913536071777e-02
-8.396498858928680420e-02
-6.086499691009521484e-01
-1.661820650100708008e+00
-1.713730208575725555e-02
4.677334800362586975e-02
2.523054480552673340e-01
-7.958853244781494141e-01
-1.301909208297729492e+00
5.311473608016967773e-01
2.441330432891845703e+00
2.035419493913650513e-01
-5.736931562423706055e-01
-3.022591397166252136e-02
9.007521271705627441e-01
-3.455511853098869324e-02
5.549511909484863281e-01
4.062037765979766846e-01
2.708711922168731689e-01
8.463477492332458496e-01
-4.237194359302520752e-01
-1.087001800537109375e+00
6.314265727996826172e-01
-1.694178581237792969e-01
-9.505891203880310059e-01
1.025568127632141113e+00
-3.918095529079437256e-01
1.213247656822204590e+00
1.077748298645019531e+00
5.834263563156127930e-02
9.414797425270080566e-01
1.858994722366333008e+00
-4.804351925849914551e-01
2.551708221435546875e-01
-3.096747100353240967e-01
6.763473749160766602e-01
5.827006697654724121e-01
-7.557612061500549316e-01
1.118461132049560547e+00
9.505218267440795898e-02
-2.503331899642944336e+00
-8.317338824272155762e-01
-5.777467489242553711e-01
-5.143513083457946777e-01
-1.389108657836914062e+00
-9.579910635948181152e-01
-1.412307858467102051e+00
-4.015958011150360107e-01
-7.039428949356079102e-01
5.554444193840026855e-01
-3.008429408073425293e-01
-1.226902484893798828e+00
8.845995068550109863e-01
-3.119960427284240723e-01
-9.427620768547058105e-01
1.463828921318054199e+00
-5.895485281944274902e-01
-3.658471107482910156e-01
-1.396668076515197754e+00
-1.016617655754089355e+00
7.220796346664428711e-01
2.119206637144088745e-02
-8.905984759330749512e-01
-1.515790462493896484e+00
1.396277844905853271e-01
-1.101229310035705566e+00
9.005918502807617188e-01
7.637695074081420898e-01
7.994262129068374634e-02
-6.691479682922363281e-01
1.017157286405563354e-01
-3.126531839370727539e-02
2.154537588357925415e-01
9.937046766281127930e-01
4.171465635299682617e-01
-5.040404200553894043e-01
7.341971993446350098e-02
3.056067600846290588e-02
-6.582160592079162598e-01
7.985598444938659668e-01
1.555862545967102051e+00
4.898674413561820984e-02
-6.795817017555236816e-01
1.283902525901794434e+00
-1.833498477935791016e-01
-3.614694774150848389e-01
-1.105203032493591309e-01
-1.109266161918640137e+00
-1.299942255020141602e+00
-3.430095314979553223e-01
-8.624218106269836426e-01
7.822480797767639160e-01
4.866625666618347168e-01
-6.499482393264770508e-01
1.221524715423583984e+00
-4.698777198791503906e-01
-7.924616336822509766e-01
1.895078182220458984e+00
-9.071467518806457520e-01
1.081430435180664062e+00
-8.566358685493469238e-02
-1.660036802291870117e+00
-8.226892948150634766e-01
-8.786553740501403809e-01
1.204183936119079590e+00
5.272151827812194824e-01
1.695298999547958374e-01
-3.062748908996582031e-01
7.602507472038269043e-01
1.513419449329376221e-01
-9.974507689476013184e-01
1.880919933319091797e+00
-6.670149564743041992e-01
-8.269628882408142090e-01
-3.296773731708526611e-01
8.370435833930969238e-01
-2.480361610651016235e-01
1.549667954444885254e+00
2.942945063114166260e-02
4.219113290309906006e-01
3.184017539024353027e-01
-4.847818613052368164e-01
-3.405284285545349121e-01
-1.066352501511573792e-01
4.123487174510955811e-01
6.275837421417236328e-01
1.642761081457138062e-01
-2.207798957824707031e-01
3.979781270027160645e-01
1.953136086463928223e+00
6.195453405380249023e-01
6.736057996749877930e-01
-6.493251025676727295e-02
-5.751969814300537109e-01
-4.903815984725952148e-01
-7.875438332557678223e-01
7.509099841117858887e-01
3.629811108112335205e-01
-8.249474763870239258e-01
1.012135624885559082e+00
3.800728023052215576e-01
7.195039987564086914e-01
1.485975924879312515e-02
1.028535485267639160e+00
4.852943718433380127e-01
-2.215914726257324219e-01
-2.122641913592815399e-02
-7.368993759155273438e-01
4.516920149326324463e-01
-1.225938558578491211e+00
-1.457927525043487549e-01
7.327440977096557617e-01
-9.022063016891479492e-01
-2.212087363004684448e-01
3.010804355144500732e-01
4.738255143165588379e-01
1.114620685577392578e+00
-1.018480733036994934e-01
-9.729251861572265625e-01
-2.375624924898147583e-01
-8.549946546554565430e-01
-1.875772476196289062e-01
6.736501455307006836e-01
7.112346887588500977e-01
1.188111230731010437e-01
-4.467642903327941895e-01
-1.278958201408386230e+00
9.694503545761108398e-01
9.119361639022827148e-04
-4.289318919181823730e-01
5.804822444915771484e-01
-1.000044226646423340e+00
-2.329162694513797760e-02
-6.584706306457519531e-01
1.094849586486816406e+00
-5.837492346763610840e-01
6.932575702667236328e-01
2.093007087707519531e+00
1.731869935989379883e+00
-2.502014398574829102e+00
-9.258733689785003662e-02
-2.484027482569217682e-02
1.684720635414123535e+00
-1.276715546846389771e-01
-1.022223979234695435e-01
-7.934142947196960449e-01
6.672458052635192871e-01
-8.699035644531250000e-02
7.108162045478820801e-01
7.352937459945678711e-01
-4.521734714508056641e-01
2.041630446910858154e-01
-7.880096137523651123e-02
5.972409248352050781e-01
-2.177388966083526611e-01
7.218628525733947754e-01
2.002854496240615845e-01
-3.708721101284027100e-01
5.505872368812561035e-01
6.904829144477844238e-01
-1.384614109992980957e+00
6.591071486473083496e-01
2.762372791767120361e-01
-1.565063893795013428e-01
7.471047639846801758e-01
-4.506477415561676025e-01
1.475813984870910645e+00
3.511780500411987305e-01
-8.166505694389343262e-01
-6.650188565254211426e-01
1.546161472797393799e-01
-6.868073344230651855e-01
-1.960104703903198242e-01
-8.961441516876220703e-01
-1.416985869407653809e+00
-3.316427171230316162e-01
3.000185787677764893e-01
-2.733699083328247070e-01
-4.600530266761779785e-01
1.156652331352233887e+00
4.115128517150878906e-02
-4.248667955398559570e-01
3.895677030086517334e-01
-5.788239836692810059e-01
-2.174917221069335938e+00
3.498620092868804932e-01
6.253241300582885742e-01
4.355215281248092651e-02
-1.750705122947692871e+00
1.477792620658874512e+00
-1.398207545280456543e+00
7.462612986564636230e-01
-6.206420063972473145e-01
-9.141693115234375000e-01
-4.514650106430053711e-01
3.663658499717712402e-01
