-1.078299045562744141e+00
-1.780309081077575684e-01
3.307133018970489502e-01
2.098101615905761719e+00
-9.643329977989196777e-01
3.130471408367156982e-01
-1.031670212745666504e+00
-9.869559407234191895e-01
-9.315663576126098633e-01
-1.236873045563697815e-01
1.138965189456939697e-01
2.564183473587036133e-01
1.568767242133617401e-02
-3.378035873174667358e-02
8.007614016532897949e-01
7.236840575933456421e-02
6.207384467124938965e-01
-5.508279204368591309e-01
-4.348588585853576660e-01
6.439405083656311035e-01
6.141170263290405273e-01
7.243214249610900879e-01
2.391040772199630737e-01
-4.012589752674102783e-01
7.857441306114196777e-01
-1.098875999450683594e+00
-1.802897900342941284e-01
3.229164481163024902e-01
-4.940561652183532715e-01
-6.196973919868469238e-01
2.858636714518070221e-02
6.105516552925109863e-01
5.309216976165771484e-01
5.350526571273803711e-01
1.819217205047607422e-01
-1.961360275745391846e-01
-7.106313705444335938e-01
-7.340976595878601074e-01
-7.416039109230041504e-01
-6.368662118911743164e-01
-6.252180337905883789e-01
-9.061568379402160645e-01
-1.251022458076477051e+00
-1.210441231727600098e+00
8.778503537178039551e-01
-2.407309532165527344e+00
-1.243293583393096924e-01
3.407791256904602051e-01
-1.614199638366699219e+00
-3.981876671314239502e-01
1.563468761742115021e-02
7.536076903343200684e-01
3.631403148174285889e-01
-5.359197258949279785e-01
2.679976463317871094e+00
-7.052851319313049316e-01
-9.151022136211395264e-02
-6.535440683364868164e-02
-1.311967492103576660e+00
-2.751829028129577637e-01
-2.718014121055603027e-01
1.751240253448486328e+00
5.398173332214355469e-01
5.345965027809143066e-01
-1.040604710578918457e+00
8.015829324722290039e-01
-1.128055810928344727e+00
1.811801075935363770e+00
-1.016680300235748291e-01
-1.117162823677062988e+00
-6.605103611946105957e-01
-3.973868191242218018e-01
5.407926440238952637e-01
1.663246989250183105e+00
6.305070519447326660e-01
5.854094028472900391e-02
3.897230625152587891e-01
-1.150075078010559082e+00
7.477383613586425781e-01
7.560187578201293945e-01
-5.568331480026245117e-01
-3.245585262775421143e-01
-8.834680318832397461e-01
-2.334308251738548279e-02
-3.886628746986389160e-01
-5.879307389259338379e-01
8.379807323217391968e-02
1.828599572181701660e+00
7.282268404960632324e-01
2.371599711477756500e-02
4.825757741928100586e-01
4.217034876346588135e-01
-5.012016743421554565e-02
-4.333841800689697266e-01
-3.482914865016937256e-01
-1.447955518960952759e-01
-4.566890299320220947e-01
-9.960343241691589355e-01
2.730340659618377686e-01
1.151251122355461121e-01
1.887865304946899414e+00
-2.071314491331577301e-02
-2.712866961956024170e-01
-2.845288276672363281e+00
-2.302243113517761230e-01
-4.252712726593017578e-01
5.301768779754638672e-01
1.888404250144958496e+00
1.189588546752929688e+00
1.579753458499908447e-01
-1.003535613417625427e-01
-2.880043983459472656e-01
-9.706885814666748047e-01
-6.402127146720886230e-01
-5.005986690521240234e-01
1.922405213117599487e-01
-1.537411361932754517e-01
5.034005641937255859e-01
-1.692962408065795898e+00
-5.447601079940795898e-01
7.001889348030090332e-01
3.245939314365386963e-01
4.668259918689727783e-01
1.406680583953857422e+00
-2.027538865804672241e-01
-1.222896695137023926e+00
-7.826514840126037598e-01
-8.540043234825134277e-01
1.542585372924804688e+00
8.244559913873672485e-02
-4.024288654327392578e-01
-9.971585869789123535e-02
-5.783864259719848633e-01
1.090039849281311035e+00
6.216537356376647949e-01
1.553152918815612793e+00
4.519373178482055664e-01
-1.355216026306152344e+00
-2.138597011566162109e+00
1.364944100379943848e+00
5.558035373687744141e-01
6.435393542051315308e-02
-6.594385504722595215e-01
-2.555424720048904419e-02
-8.115898966789245605e-01
-1.447682023048400879e+00
-3.106833398342132568e-01
2.543653845787048340e-01
-1.124063611030578613e+00
1.164911866188049316e+00
-2.846323251724243164e-01
-9.571917355060577393e-02
-1.639766812324523926e+00
2.700271904468536377e-01
-5.494519472122192383e-01
-2.222212791442871094e+00
-9.270357489585876465e-01
-7.212086915969848633e-01
-3.832590579986572266e-01
6.369909644126892090e-01
8.688418269157409668e-01
1.267547607421875000e+00
1.286406159400939941e+00
7.884669899940490723e-01
-2.684908390045166016e+00
1.259721159934997559e+00
-1.117577791213989258e+00
1.534772038459777832e+00
1.413821935653686523e+00
-2.372360229492187500e-01
-7.635506391525268555e-01
-1.306590437889099121e-01
8.598748445510864258e-01
2.206084132194519043e-01
1.439028382301330566e+00
-2.076503753662109375e+00
1.101820543408393860e-01
7.295722961425781250e-01
-6.484303474426269531e-01
2.586821792647242546e-03
1.355748414993286133e+00
-6.508622169494628906e-01
-3.860204219818115234e-01
2.263220101594924927e-01
3.915998637676239014e-01
1.050820469856262207e+00
1.147792816162109375e+00
-1.557915091514587402e+00
-7.746853232383728027e-01
-1.321349740028381348e-01
-8.286955952644348145e-01
6.676625013351440430e-01
9.287138581275939941e-01
2.460234761238098145e-01
6.127470135688781738e-01
8.203605413436889648e-01
1.111751571297645569e-01
3.586236238479614258e-01
7.767440285533666611e-03
5.568713545799255371e-01
-5.176839828491210938e-01
6.876855492591857910e-01
-1.392079889774322510e-01
4.799649119377136230e-01
-5.806593894958496094e-01
-4.677922129631042480e-01
-1.459547877311706543e+00
1.578330874443054199e+00
-5.973131656646728516e-01
-1.228368639945983887e+00
-1.343322634696960449e+00
1.510274559259414673e-01
-1.384463906288146973e+00
-9.304599761962890625e-01
1.559026002883911133e+00
7.872897982597351074e-01
-2.397683560848236084e-01
-9.499112367630004883e-01
-1.067806720733642578e+00
3.359290659427642822e-01
-7.890033721923828125e-01
7.768742740154266357e-02
4.753949940204620361e-01
-1.309594035148620605e+00
-6.627849936485290527e-01
3.360795974731445312e-01
7.340206503868103027e-01
4.364663064479827881e-01
-1.094638109207153320e+00
-9.824547767639160156e-01
2.523309588432312012e-01
-2.706119716167449951e-01
-1.216551382094621658e-02
-1.284004688262939453e+00
2.261118143796920776e-01
2.676311433315277100e-01
-8.912622332572937012e-01
-6.371973156929016113e-01
1.064155995845794678e-01
-7.008364796638488770e-01
4.623544216156005859e-01
-3.709454834461212158e-01
-5.921565294265747070e-01
6.244468688964843750e-01
4.658524692058563232e-01
-9.342582225799560547e-01
6.390976309776306152e-01
-6.343281865119934082e-01
-9.508503079414367676e-01
1.201263308525085449e+00
-3.165097236633300781e-01
7.128025889396667480e-01
-6.979336589574813843e-02
1.323929548263549805e+00
3.026735186576843262e-01
-1.407643556594848633e+00
-8.690711110830307007e-02
-4.026042819023132324e-01
-8.445348739624023438e-01
6.869908422231674194e-02
2.016178846359252930e+00
3.776732385158538818e-01
-5.353024005889892578e-01
-2.601981163024902344e-01
5.010083913803100586e-01
-3.413184285163879395e-01
-3.872220814228057861e-01
7.280071824789047241e-02
6.574307084083557129e-01
-2.295192182064056396e-01
-3.020404577255249023e-01
-1.393482565879821777e+00
-2.912965714931488037e-01
8.530274033546447754e-01
-1.425408363342285156e+00
1.260718345642089844e+00
3.755602836608886719e-01
-1.020907998085021973e+00
7.752964496612548828e-01
-5.143458247184753418e-01
-2.935876607894897461e+00
1.009605765342712402e+00
-1.767164349555969238e+00
6.631513833999633789e-01
2.500799596309661865e-01
1.619929432868957520e+00
5.944662094116210938e-01
6.708259582519531250e-01
1.733418554067611694e-01
6.772648692131042480e-01
-1.130617380142211914e+00
-2.494867332279682159e-02
5.551887676119804382e-03
1.083572864532470703e+00
-1.357396543025970459e-01
1.434456706047058105e+00
-1.762939840555191040e-01
3.345850706100463867e-01
7.880609035491943359e-01
-9.734115004539489746e-01
4.175982624292373657e-02
-3.361460268497467041e-01
-2.126495122909545898e+00
1.040604114532470703e+00
-1.757859110832214355e+00
1.305880069732666016e+00
6.096566319465637207e-01
3.064250946044921875e-01
1.336795568466186523e+00
1.067539930343627930e+00
1.192130684852600098e+00
-1.450248360633850098e-01
8.692568540573120117e-01
-4.704895317554473877e-01
-6.343074440956115723e-01
3.471722006797790527e-01
-1.496413201093673706e-01
9.294368624687194824e-01
-1.584680438041687012e+00
-1.074207305908203125e+00
-2.956939339637756348e-01
-2.007013082504272461e+00
-1.424854278564453125e+00
-9.117300808429718018e-02
1.794507265090942383e+00
-2.810863256454467773e-01
-1.917610526084899902e+00
2.018682360649108887e-01
5.852859020233154297e-01
-4.901531934738159180e-01
-1.732218623161315918e+00
-1.435230374336242676e+00
-2.012743949890136719e+00
8.719919323921203613e-01
1.536864638328552246e+00
-1.465340495109558105e+00
1.293617784976959229e-01
-1.508572459220886230e+00
7.426930069923400879e-01
1.332411766052246094e+00
-5.059829354286193848e-01
3.264307081699371338e-01
-1.400787353515625000e+00
6.505417078733444214e-02
1.837522625923156738e+00
3.254800140857696533e-01
1.459701657295227051e+00
-1.517853021621704102e+00
1.292782187461853027e+00
-9.496757388114929199e-01
-8.062269091606140137e-01
-1.343101620674133301e+00
-1.616195775568485260e-02
-7.154905200004577637e-01
5.572942495346069336e-01
1.050784736871719360e-01
3.171846568584442139e-01
1.108565833419561386e-02
2.576819956302642822e-01
-5.690729022026062012e-01
7.485587596893310547e-01
-2.115083932876586914e-01
1.517579406499862671e-01
9.442042708396911621e-01
9.772253781557083130e-02
-4.601381421089172363e-01
-9.754251837730407715e-01
3.037509322166442871e-01
-5.605183839797973633e-01
-4.344001710414886475e-01
-3.326538577675819397e-02
-5.949475616216659546e-02
-4.689579308032989502e-01
-9.512937068939208984e-01
9.578406214714050293e-01
-1.425724983215332031e+00
-2.513871192932128906e-01
9.973853826522827148e-03
-6.726118922233581543e-01
-1.082878351211547852e+00
3.507892489433288574e-01
1.507260560989379883e+00
-1.635766327381134033e-01
1.077280521392822266e+00
-1.102651238441467285e+00
5.240170359611511230e-01
1.101502537727355957e+00
7.478306889533996582e-01
1.595336318016052246e+00
-6.635187864303588867e-01
-4.038624763488769531e-01
1.333856105804443359e+00
7.212105393409729004e-01
2.002069801092147827e-01
-1.823854327201843262e+00
1.303806543350219727e+00
5.292232334613800049e-02
2.215888351202011108e-03
-1.136462092399597168e+00
2.020755290985107422e+00
2.520957946777343750e+00
-3.721482992172241211e+00
-1.437852859497070312e+00
-5.005719065666198730e-01
4.097193479537963867e-01
-5.750121474266052246e-01
-3.364751860499382019e-02
5.294147729873657227e-01
1.566746681928634644e-01
2.934517264366149902e-01
8.136734962463378906e-01
-2.696988880634307861e-01
1.409363389015197754e+00
-4.785239100456237793e-01
-1.155197739601135254e+00
3.997499346733093262e-01
2.539786338806152344e+00
3.532170057296752930e-01
-2.257324755191802979e-01
2.065651565790176392e-01
8.060158044099807739e-02
8.584855198860168457e-01
6.036415696144104004e-01
5.805307626724243164e-01
-7.866227030754089355e-01
-1.041676327586174011e-01
1.286883234977722168e+00
-1.568152755498886108e-02
-1.140711545944213867e+00
2.235629707574844360e-01
-1.441750973463058472e-01
-7.011929750442504883e-01
-1.258056402206420898e+00
-4.354060292243957520e-01
-1.147731781005859375e+00
-1.415788650512695312e+00
2.214553058147430420e-01
9.965440034866333008e-01
-8.405786752700805664e-01
-6.430724859237670898e-01
-6.904094219207763672e-01
-5.098788142204284668e-01
-2.776752710342407227e-01
6.728004217147827148e-01
-3.328550755977630615e-01
-3.094633817672729492e-01
1.245455503463745117e+00
-3.228376433253288269e-02
-2.448380291461944580e-01
7.527346014976501465e-01
8.860325813293457031e-01
4.201360046863555908e-01
-1.274501383304595947e-01
-9.503870010375976562e-01
-3.210471391677856445e+00
6.471124291419982910e-01
-1.789142251014709473e+00
-1.468527436256408691e+00
1.355208873748779297e+00
6.215858459472656250e-01
-4.081465899944305420e-01
-9.422237873077392578e-01
4.882848560810089111e-01
-8.101187944412231445e-01
-1.193046092987060547e+00
3.608186542987823486e-01
-1.404572278261184692e-01
1.498279273509979248e-01
-2.961916625499725342e-01
-5.859719514846801758e-01
3.564631342887878418e-01
-1.137437343597412109e+00
-2.943918406963348389e-01
-4.898642301559448242e-01
4.042265117168426514e-01
1.224694371223449707e+00
6.809449791908264160e-01
-1.250687479972839355e+00
5.982479453086853027e-01
5.821489095687866211e-01
-4.188272058963775635e-01
1.402329355478286743e-01
-1.636361122131347656e+00
-7.142263650894165039e-01
5.402697920799255371e-01
-2.675453722476959229e-01
1.956488788127899170e-01
3.345580101013183594e-01
3.035359382629394531e-01
5.083293914794921875e-01
-1.600046157836914062e-01
1.063077598810195923e-01
-7.614313811063766479e-02
1.546062350273132324e+00
1.028376698493957520e+00
-1.298806071281433105e-01
4.481351077556610107e-01
-1.393555998802185059e+00
-1.282404065132141113e+00
-2.449434101581573486e-01
3.623574376106262207e-01
2.602654695510864258e-01
1.913475394248962402e-01
3.108926415443420410e-01
1.150072336196899414e+00
-7.691922783851623535e-01
1.343025922775268555e+00
-5.719919800758361816e-01
6.516997516155242920e-02
-1.402117729187011719e+00
1.078314781188964844e+00
6.338267326354980469e-01
-3.501901626586914062e-01
-1.060849070549011230e+00
-1.458479046821594238e+00
-2.656117379665374756e-01
1.364284753799438477e+00
6.016539335250854492e-01
4.226043075323104858e-02
1.083338111639022827e-01
1.151990056037902832e+00
3.431274592876434326e-01
1.396692633628845215e+00
-2.303214557468891144e-02
-9.661554545164108276e-02
-8.772743344306945801e-01
3.939121067523956299e-01
7.295209169387817383e-02
2.487473338842391968e-01
-2.121889829635620117e+00
-1.779127120971679688e+00
-5.138759613037109375e-01
5.990995094180107117e-02
1.610891371965408325e-01
-2.926991879940032959e-01
-6.477783322334289551e-01
-9.657872468233108521e-02
3.961055874824523926e-01
4.854239523410797119e-01
-2.188511490821838379e-01
-1.010926842689514160e+00
-1.555464714765548706e-01
1.874879002571105957e+00
-2.187858223915100098e-01
-6.776175647974014282e-02
-7.130203247070312500e-01
1.735216736793518066e+00
6.738770604133605957e-01
5.850747823715209961e-01
5.025721192359924316e-01
4.128482937812805176e-01
1.591093659400939941e+00
-1.069041252136230469e+00
-5.989553332328796387e-01
7.953076623380184174e-03
-1.582962870597839355e-01
4.942005500197410583e-02
6.638630628585815430e-01
-6.258081197738647461e-01
1.508454561233520508e+00
8.118868470191955566e-01
4.771414995193481445e-01
6.927449703216552734e-01
1.153452157974243164e+00
-3.839594125747680664e-01
-3.701310753822326660e-01
-2.996449172496795654e-01
1.504795193672180176e+00
1.222071290016174316e+00
-1.342442512512207031e+00
7.672950029373168945e-01
-8.693587183952331543e-01
-2.350165367126464844e+00
-3.537608981132507324e-01
-1.207595586776733398e+00
-2.178862132132053375e-02
-9.093947410583496094e-01
-1.715415358543395996e+00
-2.857736051082611084e-01
-4.174898862838745117e-01
-1.355446577072143555e+00
6.253704428672790527e-01
-8.003620803356170654e-02
-1.311097621917724609e+00
7.268487215042114258e-01
-1.155336294323205948e-02
-1.190224051475524902e+00
2.865500450134277344e-01
-1.305679440498352051e+00
6.594184637069702148e-01
-2.595685482025146484e+00
-6.817579865455627441e-01
4.282595813274383545e-01
-3.937093019485473633e-01
-7.683301568031311035e-01
-2.080455541610717773e+00
9.800064563751220703e-01
1.241018176078796387e-01
1.601961731910705566e+00
1.268270611763000488e+00
-4.202351868152618408e-01
2.424792051315307617e-01
6.254112720489501953e-01
-1.071884632110595703e-01
-2.571219503879547119e-01
1.703529357910156250e+00
7.609848380088806152e-01
-3.244608640670776367e-02
4.828841090202331543e-01
-8.004127144813537598e-01
-3.957744240760803223e-01
1.246240735054016113e+00
1.030661225318908691e+00
1.429848194122314453e+00
2.273935591802000999e-03
8.116316795349121094e-01
5.942547917366027832e-01
1.144721731543540955e-01
-8.419429063796997070e-01
-1.363172173500061035e+00
-1.355593204498291016e+00
-1.175983905792236328e+00
1.947319358587265015e-01
1.050684928894042969e+00
5.900546312332153320e-01
-1.136927008628845215e+00
1.267077922821044922e+00
-4.905546605587005615e-01
-1.109729528427124023e+00
2.113875865936279297e+00
-1.282315105199813843e-01
-1.738977991044521332e-02
2.785162627696990967e-01
-2.377118587493896484e+00
-1.672554314136505127e-01
-8.100080490112304688e-01
1.850957274436950684e-01
7.125259041786193848e-01
-1.239501833915710449e-01
-7.794045209884643555e-01
5.891132354736328125e-01
7.671087980270385742e-01
-2.559294998645782471e-01
1.566981911659240723e+00
9.706509113311767578e-02
-4.618935585021972656e-01
-1.006451606750488281e+00
1.018225431442260742e+00
-4.808010756969451904e-01
1.598979592323303223e+00
-7.056834697723388672e-01
-3.395247161388397217e-01
-7.656966149806976318e-02
-7.317252755165100098e-01
8.988979458808898926e-02
-4.180175662040710449e-01
2.997242100536823273e-02
1.578484535217285156e+00
-9.871540963649749756e-02
-1.462692171335220337e-01
-6.750223636627197266e-01
1.743741869926452637e+00
1.097260713577270508e+00
4.433716535568237305e-01
1.307107090950012207e+00
-3.540645241737365723e-01
-6.720928549766540527e-01
-3.825012147426605225e-01
1.531511068344116211e+00
-5.913609266281127930e-01
-1.077278400771319866e-03
1.427310585975646973e+00
6.621197462081909180e-01
6.407231688499450684e-01
1.180738925933837891e+00
7.034109830856323242e-01
7.432659268379211426e-01
5.745820999145507812e-01
-6.803015619516372681e-02
-5.437578558921813965e-01
-1.143984422087669373e-01
2.949250303208827972e-02
-4.918953776359558105e-01
7.723085880279541016e-01
-4.726415872573852539e-01
-1.161655545234680176e+00
1.492602348327636719e+00
9.032428860664367676e-01
3.394910097122192383e-01
-4.736942052841186523e-01
-3.379626870155334473e-01
2.371311336755752563e-01
-9.376789927482604980e-01
7.337812185287475586e-01
6.081536412239074707e-01
-2.300477474927902222e-01
-2.756944298744201660e-01
-9.340884536504745483e-02
-5.992673039436340332e-01
8.357286453247070312e-02
-7.843624949455261230e-01
-1.663438677787780762e+00
1.156086325645446777e+00
-6.903747469186782837e-02
9.476724863052368164e-01
-7.003475427627563477e-01
6.993247866630554199e-01
-3.715986609458923340e-01
3.275665044784545898e-01
1.088318228721618652e+00
1.199609041213989258e+00
-1.454277992248535156e+00
-7.165883779525756836e-01
7.180342674255371094e-01
1.608397126197814941e+00
6.629682183265686035e-01
-5.908644199371337891e-02
-4.038253128528594971e-01
7.701241970062255859e-01
-2.386768907308578491e-01
4.908165633678436279e-01
-1.241126433014869690e-01
7.458360493183135986e-02
-2.954125031828880310e-02
-4.617618918418884277e-01
2.796185314655303955e-01
-1.915971040725708008e-01
1.371325016021728516e+00
-3.519051671028137207e-01
3.399258852005004883e-01
9.310097098350524902e-01
1.948703527450561523e-01
-1.768557786941528320e+00
2.473304569721221924e-01
7.003088593482971191e-01
1.392179727554321289e+00
6.328346729278564453e-01
-1.886432319879531860e-01
4.737002253532409668e-01
1.003253579139709473e+00
-7.554931193590164185e-02
-8.151136636734008789e-01
4.357596635818481445e-01
-5.506261587142944336e-01
-6.912527680397033691e-01
3.766164481639862061e-01
-1.446685671806335449e+00
-4.952675104141235352e-01
-1.547387987375259399e-01
-2.718572914600372314e-01
-1.073771953582763672e+00
7.918907999992370605e-01
-5.533273145556449890e-02
-1.562699377536773682e-01
-1.446304023265838623e-01
-7.175136208534240723e-01
-5.534331798553466797e-01
3.979894518852233887e-01
1.802638888359069824e+00
1.177383735775947571e-01
-1.727378368377685547e+00
4.018048048019409180e-01
-6.520249843597412109e-01
9.974164366722106934e-01
-5.673131346702575684e-01
-1.926048398017883301e+00
-2.439314872026443481e-01
8.243541717529296875e-01
