-7.631224393844604492e-01
-6.922715902328491211e-01
6.996688842773437500e-01
-1.255246639251708984e+00
-6.584255695343017578e-01
8.949401974678039551e-01
4.945432767271995544e-02
-9.671955555677413940e-02
-4.903266429901123047e-01
-1.913882791996002197e-01
-3.654074966907501221e-01
7.315502762794494629e-01
-1.445816516876220703e+00
-5.847548842430114746e-01
9.873027801513671875e-01
-1.183577179908752441e+00
5.254747271537780762e-01
-2.140525281429290771e-01
1.996468752622604370e-01
9.889176487922668457e-01
5.647798627614974976e-02
8.381080627441406250e-02
-6.053739786148071289e-01
-1.015277355909347534e-01
-6.599032282829284668e-01
-1.155514717102050781e+00
3.880885541439056396e-01
-5.667781829833984375e-01
5.298261046409606934e-01
-6.501210927963256836e-01
-2.863233685493469238e-01
4.106172323226928711e-01
6.960130333900451660e-01
-8.141313195228576660e-01
3.613310158252716064e-01
-1.497410386800765991e-01
-1.522982954978942871e+00
-4.114087522029876709e-01
-3.996530771255493164e-01
-1.784079194068908691e+00
-1.181269586086273193e-01
8.221817761659622192e-02
-8.231039643287658691e-01
4.991850554943084717e-01
2.642644941806793213e-01
-9.762771129608154297e-01
-5.031145811080932617e-01
-4.323064535856246948e-02
-1.534989476203918457e+00
-3.811969161033630371e-01
-1.271952986717224121e+00
6.145554184913635254e-01
-3.018220700323581696e-02
2.675244808197021484e-01
1.104684114456176758e+00
-1.503855943679809570e+00
-2.306247055530548096e-01
-7.775086760520935059e-01
-8.761658072471618652e-01
1.367964446544647217e-01
-1.472496241331100464e-01
7.740018963813781738e-01
5.706285834312438965e-01
1.430995315313339233e-01
-2.059665203094482422e+00
-1.828212499618530273e+00
-4.344243407249450684e-01
1.908843040466308594e+00
6.498609781265258789e-01
-2.280204296112060547e-01
-4.412276148796081543e-01
-4.524772763252258301e-01
-6.709801554679870605e-01
1.486527562141418457e+00
-6.932737678289413452e-02
-4.135415256023406982e-01
-3.632800877094268799e-01
-2.135647773742675781e+00
-2.182222902774810791e-02
-3.366274535655975342e-01
2.728118896484375000e-01
-1.715446859598159790e-01
5.650907158851623535e-01
3.417699933052062988e-01
3.450504690408706665e-02
2.527714669704437256e-01
6.980479229241609573e-03
2.249627590179443359e+00
-6.261078119277954102e-01
-7.435753345489501953e-01
1.876852631568908691e+00
3.330828845500946045e-01
1.076188445091247559e+00
-5.367998480796813965e-01
5.582479834556579590e-01
-2.377194315195083618e-01
-8.681310415267944336e-01
-3.642796277999877930e-01
-5.469816923141479492e-01
6.208322048187255859e-01
8.834004402160644531e-01
7.802230715751647949e-01
-5.751419663429260254e-01
-1.189143657684326172e+00
2.892978787422180176e-01
-5.309142470359802246e-01
3.224761784076690674e-01
9.984127283096313477e-01
3.947085440158843994e-01
-6.760264635086059570e-01
3.565988838672637939e-01
-1.891655087471008301e+00
-4.962801337242126465e-01
-1.306955814361572266e+00
3.757989406585693359e-01
1.973850280046463013e-01
-8.076161891222000122e-02
9.534554481506347656e-01
-1.532482981681823730e+00
-1.359493374824523926e+00
4.988064467906951904e-01
9.261136054992675781e-01
3.335827291011810303e-01
4.024884402751922607e-01
2.200987637042999268e-01
-1.507226467132568359e+00
-1.662117004394531250e+00
5.864558368921279907e-02
1.131603419780731201e-01
-7.920398563146591187e-02
-1.178158998489379883e+00
4.075350239872932434e-02
6.129635572433471680e-01
8.878780901432037354e-02
6.368205547332763672e-01
-4.202803373336791992e-01
-2.791741192340850830e-01
-2.065244913101196289e+00
-1.805660128593444824e+00
7.700590491294860840e-01
5.293387174606323242e-01
3.020939826965332031e-01
-8.062654137611389160e-01
-2.165393114089965820e+00
9.010788053274154663e-02
7.841070890426635742e-01
2.273856997489929199e-01
-4.251284599304199219e-01
-1.578210830688476562e+00
7.353494167327880859e-01
1.805299162864685059e+00
1.838250756263732910e+00
-6.607862710952758789e-01
-1.540548205375671387e-01
-8.716900646686553955e-02
-1.601908504962921143e-01
-8.915208578109741211e-01
4.479343891143798828e-01
-4.617431163787841797e-01
-2.752849161624908447e-01
7.889093160629272461e-01
-6.699655205011367798e-03
-5.288020372390747070e-01
-2.219362109899520874e-01
-1.740071535110473633e+00
8.468126654624938965e-01
-7.323973774909973145e-01
1.572667002677917480e+00
6.867894530296325684e-01
-4.562537670135498047e-01
-5.888837575912475586e-01
-1.760616898536682129e+00
4.114296138286590576e-01
-1.224798440933227539e+00
1.495093941688537598e+00
-1.159376859664916992e+00
-3.759431242942810059e-01
5.926919579505920410e-01
-1.359559416770935059e+00
2.432911992073059082e-01
5.495963692665100098e-01
-1.305886864662170410e+00
5.940180420875549316e-01
-6.300471723079681396e-02
-1.199057340621948242e+00
3.441949486732482910e-01
2.561942338943481445e+00
-1.962040424346923828e+00
3.541392982006072998e-01
-1.856897324323654175e-01
-1.901728749275207520e+00
3.240163624286651611e-01
3.610030934214591980e-02
1.554375290870666504e+00
2.078989595174789429e-01
3.390882909297943115e-01
2.774742543697357178e-01
8.375474810600280762e-01
3.010545484721660614e-02
-1.161412447690963745e-01
9.851909279823303223e-01
-9.279036521911621094e-01
-8.572024106979370117e-01
-4.684822559356689453e-01
-6.716778278350830078e-01
7.936704903841018677e-02
-5.571112632751464844e-01
1.743980407714843750e+00
-1.082117319107055664e+00
-1.089853048324584961e+00
-4.064693152904510498e-01
-1.807021945714950562e-01
-5.916210412979125977e-01
-6.326565146446228027e-01
1.915645837783813477e+00
3.088255971670150757e-02
1.027719497680664062e+00
-1.069605827331542969e+00
-1.450336933135986328e+00
8.402379155158996582e-01
-7.520725727081298828e-01
1.051146030426025391e+00
-3.015681803226470947e-01
-1.508361339569091797e+00
-2.184759140014648438e+00
2.615852952003479004e-01
7.685105800628662109e-01
-3.494381606578826904e-01
-2.703735530376434326e-01
-3.966509699821472168e-01
-7.763696461915969849e-02
-2.545394897460937500e-01
6.775996088981628418e-01
1.352401077747344971e-01
-1.022087335586547852e+00
8.811735510826110840e-01
-5.695839524269104004e-01
6.023666858673095703e-01
-7.397203147411346436e-02
8.531170338392257690e-02
-1.112805772572755814e-02
1.199541926383972168e+00
-1.595883846282958984e+00
-2.824182808399200439e-01
-8.976562619209289551e-01
-6.785836219787597656e-01
-1.029369160532951355e-01
-5.993829369544982910e-01
1.053496003150939941e+00
1.501398324966430664e+00
8.022927045822143555e-01
5.712317228317260742e-01
1.077681183815002441e+00
1.593379974365234375e+00
-5.743413567543029785e-01
-8.243818581104278564e-02
-5.177202820777893066e-01
7.318184971809387207e-01
-4.177254736423492432e-01
-5.898786187171936035e-01
1.804122567176818848e+00
1.215958595275878906e+00
3.731569945812225342e-01
-2.129275560379028320e+00
1.143343925476074219e+00
-7.863450050354003906e-01
-5.205394029617309570e-01
-1.310876756906509399e-01
2.541630268096923828e-01
3.678495883941650391e-01
1.181538462638854980e+00
-7.244721055030822754e-01
-6.212538480758666992e-01
5.232385993003845215e-01
-3.954266011714935303e-01
1.279356002807617188e+00
4.492356777191162109e-01
8.980192244052886963e-02
-6.558635234832763672e-01
-3.630668818950653076e-01
-9.541414380073547363e-01
4.939740896224975586e-01
-2.972750961780548096e-01
-6.362826824188232422e-01
-1.132169127464294434e+00
1.360716819763183594e+00
1.343382745981216431e-01
1.003785252571105957e+00
5.819988846778869629e-01
6.548224091529846191e-01
5.899190306663513184e-01
-3.439514040946960449e-01
1.642331361770629883e+00
1.878888607025146484e+00
1.647958755493164062e-01
-1.066800579428672791e-01
-7.128917574882507324e-01
5.798385739326477051e-01
5.870395526289939880e-02
-4.248873889446258545e-01
-2.644065022468566895e-01
-9.314912557601928711e-01
-1.826565265655517578e+00
-2.057756185531616211e-01
-1.680319666862487793e+00
4.390655457973480225e-01
-4.313353002071380615e-01
3.005080223083496094e+00
5.765311717987060547e-01
-1.808297783136367798e-01
4.760736227035522461e-01
-3.440347909927368164e-01
9.681673049926757812e-01
1.656125903129577637e+00
-7.515573501586914062e-01
6.037195324897766113e-01
-1.318971812725067139e-01
-1.112582325935363770e+00
6.451210975646972656e-01
-1.152528166770935059e+00
-2.618441283702850342e-01
-1.425786852836608887e+00
-6.012888252735137939e-02
2.069761902093887329e-01
3.142416477203369141e-01
-5.005084276199340820e-01
-3.023662805557250977e+00
-5.080068707466125488e-01
2.690998911857604980e-01
5.392081141471862793e-01
-8.917360901832580566e-01
-1.041309595108032227e+00
-7.845326066017150879e-01
6.198669075965881348e-01
2.083493173122406006e-01
-9.234651923179626465e-01
-3.459378778934478760e-01
-9.706143736839294434e-01
2.993794977664947510e-01
7.981645464897155762e-01
-4.846509397029876709e-01
6.109759211540222168e-01
2.680623233318328857e-01
3.701041042804718018e-01
1.039488196372985840e+00
-2.585581541061401367e-01
1.938560724258422852e+00
3.527258336544036865e-01
2.256367355585098267e-01
1.165015920996665955e-01
1.771904379129409790e-01
-7.912480831146240234e-01
1.485867891460657120e-02
-5.261156558990478516e-01
-6.962065398693084717e-02
-8.052178621292114258e-01
9.172760248184204102e-01
6.284140795469284058e-02
-5.450825095176696777e-01
-1.216829895973205566e+00
-2.009679526090621948e-01
1.403314352035522461e+00
1.952140629291534424e-01
-1.565575599670410156e-01
-1.232995390892028809e+00
5.755870342254638672e-01
-1.394202113151550293e-01
-2.035725712776184082e-01
-4.801097810268402100e-01
4.197440743446350098e-01
-2.055856138467788696e-01
-4.328573495149612427e-02
3.705891072750091553e-01
6.892032921314239502e-02
3.420438468456268311e-01
-8.511977791786193848e-01
7.331106662750244141e-01
4.542474448680877686e-01
-8.342061191797256470e-02
-1.300932526588439941e+00
6.487887501716613770e-01
-6.975228190422058105e-01
-1.561837494373321533e-01
7.033728361129760742e-01
-1.177207469940185547e+00
-3.479125797748565674e-01
1.430216431617736816e+00
-3.340307176113128662e-01
7.348579168319702148e-01
3.899865150451660156e-01
1.065278530120849609e+00
5.411226153373718262e-01
-1.500003337860107422e+00
3.837162256240844727e-01
-1.227928400039672852e+00
1.790399253368377686e-01
1.583828806877136230e+00
-4.209353029727935791e-01
-1.067334711551666260e-01
-4.994983375072479248e-01
8.887071162462234497e-02
-2.505877733230590820e+00
4.787449538707733154e-01
-1.243162155151367188e+00
-7.255179882049560547e-01
1.711300760507583618e-01
-8.426476716995239258e-01
5.100604891777038574e-01
5.488177537918090820e-01
9.660368561744689941e-01
-1.134721994400024414e+00
-7.833741307258605957e-01
5.242738723754882812e-01
-2.301263436675071716e-02
-5.030412971973419189e-02
-4.624755680561065674e-01
4.045694351196289062e+00
1.243770003318786621e+00
-2.073279470205307007e-01
-1.616034209728240967e-01
-5.497077107429504395e-01
8.203858733177185059e-01
2.309291660785675049e-01
8.093205690383911133e-01
-1.061539411544799805e+00
6.557623147964477539e-01
5.813835263252258301e-01
-2.719300687313079834e-01
3.225569054484367371e-02
7.937029600143432617e-01
-1.699438989162445068e-01
-8.405644893646240234e-01
-2.129450142383575439e-01
1.596095263957977295e-01
-2.290575027465820312e+00
-7.492654323577880859e-01
8.636320829391479492e-01
-7.848145961761474609e-01
-2.897779047489166260e-01
-7.483702898025512695e-02
9.733542799949645996e-01
5.331888794898986816e-01
2.236281186342239380e-01
3.432184159755706787e-01
7.933248281478881836e-01
5.509735941886901855e-01
9.660162329673767090e-01
1.378425598144531250e+00
-1.403151750564575195e+00
6.453509330749511719e-01
1.573746442794799805e+00
1.399557739496231079e-01
1.786064386367797852e+00
-5.884716510772705078e-01
-2.795727491378784180e+00
9.766473174095153809e-01
-5.216389894485473633e-01
1.055089950561523438e+00
1.385174512863159180e+00
-1.042039275169372559e+00
-4.405309557914733887e-01
-9.877564907073974609e-01
-6.078493595123291016e-01
3.436143696308135986e-01
3.082968294620513916e-01
-2.167395204305648804e-01
-1.008212685585021973e+00
-9.958503395318984985e-02
-3.903841674327850342e-01
1.244642138481140137e+00
1.311774551868438721e-01
-3.972716033458709717e-01
1.119090080261230469e+00
1.039438962936401367e+00
-4.813424348831176758e-01
9.857617020606994629e-01
2.416378408670425415e-01
6.117882728576660156e-01
2.746918201446533203e-01
-1.093847036361694336e+00
-1.033294916152954102e+00
2.599524259567260742e-01
7.138901948928833008e-01
-5.080699175596237183e-02
3.147397339344024658e-01
6.590865254402160645e-01
1.367812514305114746e+00
3.827115520834922791e-02
9.933447837829589844e-01
-1.166366219520568848e+00
5.507989525794982910e-01
-7.545249909162521362e-02
-5.069388151168823242e-01
1.453321337699890137e+00
2.825947105884552002e-01
-1.172596096992492676e+00
6.356617212295532227e-01
-4.468533694744110107e-01
-8.537762761116027832e-01
-1.005746126174926758e+00
1.200210332870483398e+00
-1.063362210988998413e-01
5.373033881187438965e-01
1.246903181076049805e+00
6.355954408645629883e-01
7.701131105422973633e-01
7.037810087203979492e-01
-1.179135203361511230e+00
-3.041437864303588867e-01
-1.114760756492614746e+00
1.611727625131607056e-01
-1.348743736743927002e-01
-2.410873472690582275e-01
-1.442627549171447754e+00
1.701802611351013184e-01
-8.545670509338378906e-01
2.508025884628295898e+00
-2.559609711170196533e-01
1.816564202308654785e-01
-2.369522862136363983e-02
1.308762788772583008e+00
1.775044649839401245e-01
5.935990214347839355e-01
-3.351084887981414795e-01
-2.093560397624969482e-01
-5.245622396469116211e-01
1.222297430038452148e+00
-5.913612246513366699e-01
6.143614649772644043e-01
-6.582676172256469727e-01
-9.814460277557373047e-01
-9.155887961387634277e-01
-3.602509200572967529e-01
3.555453717708587646e-01
1.336783468723297119e-01
-2.363234281539916992e+00
-5.554155707359313965e-01
2.195053845643997192e-01
4.540904462337493896e-01
-1.914866268634796143e-01
-9.835007786750793457e-01
7.771900296211242676e-01
1.619842529296875000e+00
1.607474982738494873e-01
-4.126109778881072998e-01
1.473173141479492188e+00
5.545145273208618164e-01
-2.202113419771194458e-01
1.067938357591629028e-01
2.713630795478820801e-01
-2.693080902099609375e-01
-1.314963549375534058e-01
-5.234896540641784668e-01
-5.128566026687622070e-01
1.125715851783752441e+00
-5.365386009216308594e-01
-1.097609996795654297e+00
1.381154894828796387e+00
-1.768702417612075806e-01
1.308541655540466309e+00
1.232117772102355957e+00
-1.123654618859291077e-01
1.033580675721168518e-01
1.248667359352111816e+00
-1.117617726325988770e+00
9.075239300727844238e-01
-3.480045199394226074e-01
1.990469992160797119e-01
2.435423731803894043e-01
-1.151470661163330078e+00
-1.483315974473953247e-01
2.944020628929138184e-01
-2.777523040771484375e+00
-1.230975389480590820e+00
-2.673168778419494629e-01
2.941965758800506592e-01
-1.029945373535156250e+00
-7.422285676002502441e-01
-1.018954515457153320e+00
-4.307304024696350098e-01
-4.481814205646514893e-01
7.857619524002075195e-01
-4.437133371829986572e-01
-1.567453265190124512e+00
1.606497406959533691e+00
-2.375857830047607422e-01
5.068859085440635681e-02
1.551867961883544922e+00
-8.039773702621459961e-01
6.482012569904327393e-02
-1.196050524711608887e+00
-1.081201910972595215e+00
7.081238627433776855e-01
-8.028981685638427734e-01
-1.221950650215148926e-01
-2.739543676376342773e+00
1.302282214164733887e-01
-1.332409381866455078e+00
1.850809454917907715e+00
-8.089288324117660522e-02
-8.551444113254547119e-02
-3.152815401554107666e-01
2.962183356285095215e-01
3.949879109859466553e-01
1.287631243467330933e-01
6.049481630325317383e-01
6.666682362556457520e-01
-3.312201201915740967e-01
8.274582028388977051e-02
-1.080982834100723267e-01
-1.636323928833007812e-01
8.236607313156127930e-01
1.887602210044860840e+00
9.837076663970947266e-01
-7.297594547271728516e-01
6.214701533317565918e-01
-6.223269104957580566e-01
-1.416693925857543945e+00
3.355972170829772949e-01
-1.160541772842407227e+00
-1.253179788589477539e+00
4.426237344741821289e-01
-2.259522080421447754e-01
1.160969853401184082e+00
2.243468612432479858e-01
-1.297817468643188477e+00
1.664698243141174316e+00
-3.404709100723266602e-01
1.463409662246704102e+00
2.264532566070556641e+00
1.076096519827842712e-01
1.317913532257080078e+00
-1.250442713499069214e-01
-1.317362070083618164e+00
-2.485522776842117310e-01
-1.376543521881103516e+00
2.497199296951293945e+00
3.263069391250610352e-01
8.028998374938964844e-01
-6.059589385986328125e-01
1.435952633619308472e-01
1.769253313541412354e-01
-9.362358450889587402e-01
8.977215290069580078e-01
-2.101932764053344727e-01
-5.550219416618347168e-01
-8.946886062622070312e-01
1.205342531204223633e+00
-2.794396877288818359e-01
3.869146704673767090e-01
1.924444735050201416e-01
7.770296931266784668e-01
7.008796334266662598e-01
-1.478188335895538330e-01
-4.666593074798583984e-01
1.331540793180465698e-01
1.186651587486267090e+00
4.453555345535278320e-01
-1.471770107746124268e-01
-2.051072940230369568e-02
1.129188060760498047e+00
1.230624556541442871e+00
1.704250276088714600e-02
1.286830902099609375e-01
2.753018736839294434e-01
-1.209879279136657715e+00
-5.411309599876403809e-01
-1.349956393241882324e+00
1.661021828651428223e+00
2.073944807052612305e+00
-1.492393851280212402e+00
8.809407353401184082e-01
-1.037177890539169312e-01
2.019502222537994385e-01
7.164942622184753418e-01
9.105073660612106323e-02
9.105200171470642090e-01
1.042447313666343689e-01
-7.480899803340435028e-03
-1.029052853584289551e+00
2.217248082160949707e-01
-1.121282935142517090e+00
-1.772069483995437622e-01
1.665365338325500488e+00
-1.147483110427856445e+00
3.071472346782684326e-01
-5.331923365592956543e-01
-9.311870932579040527e-01
8.477665185928344727e-01
-1.416205316781997681e-01
1.254550274461507797e-02
-6.175983548164367676e-01
-6.909596323966979980e-01
1.010879755020141602e+00
5.315649509429931641e-01
4.501093626022338867e-01
2.201915085315704346e-01
-7.352821826934814453e-01
-1.424763917922973633e+00
4.157172441482543945e-01
-2.125600427389144897e-01
-2.648512125015258789e-01
2.267478704452514648e+00
-9.595879316329956055e-01
7.852803170680999756e-02
-6.359263658523559570e-01
-4.368557929992675781e-01
-2.490087039768695831e-02
-1.292086094617843628e-01
1.940115213394165039e+00
1.669460773468017578e+00
-1.780121803283691406e+00
1.390287995338439941e+00
-3.110930621623992920e-01
1.214577794075012207e+00
-1.879139393568038940e-01
-2.317060381174087524e-01
-5.909732580184936523e-01
3.973437249660491943e-01
-4.220762252807617188e-01
2.986769974231719971e-01
7.157050967216491699e-01
1.523883789777755737e-01
9.105215668678283691e-01
-4.875090122222900391e-01
9.202274680137634277e-01
-1.261231184005737305e+00
3.684319257736206055e-01
-8.491932749748229980e-01
-8.498676419258117676e-01
1.695964932441711426e-01
-2.792313396930694580e-01
-8.721558451652526855e-01
2.260967642068862915e-01
-1.088664382696151733e-01
-7.051806449890136719e-01
1.332352995872497559e+00
6.265682727098464966e-02
1.152974128723144531e+00
9.905079603195190430e-01
-2.357256710529327393e-01
-1.004798054695129395e+00
-1.169979453086853027e+00
7.014396786689758301e-02
-8.274614810943603516e-01
-8.662145137786865234e-01
-2.423146814107894897e-01
6.430678814649581909e-02
8.915189653635025024e-03
1.316060066223144531e+00
-1.204458698630332947e-01
1.972254514694213867e-01
7.460188120603561401e-02
1.219238266348838806e-01
5.706629157066345215e-02
-1.184350609779357910e+00
-8.818148970603942871e-01
1.183987140655517578e+00
-1.312016844749450684e-01
5.764978006482124329e-02
-5.687268972396850586e-01
1.099068045616149902e+00
-3.867848217487335205e-01
8.459807932376861572e-02
-9.759004712104797363e-01
-5.901418924331665039e-01
-5.721091851592063904e-02
7.828539609909057617e-01
