-9.295643568038940430e-01
1.039760470390319824e+00
-3.554632067680358887e-01
1.526572585105895996e+00
-3.276830911636352539e-01
1.268569588661193848e+00
-4.537529647350311279e-01
-1.047297358512878418e+00
-8.464780449867248535e-01
7.258957624435424805e-01
6.750939488410949707e-01
8.631962537765502930e-01
7.864449024200439453e-01
-2.668898180127143860e-02
-5.834310054779052734e-01
-2.800529599189758301e-01
-3.137384951114654541e-01
-9.104409813880920410e-01
1.308693289756774902e-01
1.803458333015441895e-01
-1.852911561727523804e-01
-1.079007148742675781e+00
-6.533375382423400879e-01
-6.768856048583984375e-01
4.101102352142333984e-01
1.617790758609771729e-01
-4.580146372318267822e-01
6.606536507606506348e-01
-7.085260152816772461e-01
-1.028530001640319824e+00
1.287176370620727539e+00
4.716521203517913818e-01
1.012796163558959961e+00
2.682658433914184570e-01
-1.253374695777893066e+00
-1.364760279655456543e+00
6.912851929664611816e-01
1.334908604621887207e+00
-7.020478248596191406e-01
-1.002716541290283203e+00
1.479286074638366699e+00
6.933941841125488281e-01
-6.448927521705627441e-02
7.734506130218505859e-01
7.729396969079971313e-02
-2.664555311203002930e-01
1.212698101997375488e+00
-7.788681983947753906e-01
-9.198827147483825684e-01
-1.775732755661010742e+00
-8.426474928855895996e-01
-2.528341710567474365e-01
5.455539822578430176e-01
-1.988489925861358643e-01
-9.176158308982849121e-01
-3.911442458629608154e-01
1.004082441329956055e+00
4.673790186643600464e-02
6.433573961257934570e-01
1.216857671737670898e+00
-3.077604174613952637e-01
3.076760768890380859e-01
1.560609638690948486e-01
-2.563759125769138336e-02
6.031103134155273438e-01
-3.115703761577606201e-01
1.097597599029541016e+00
1.254095077514648438e+00
9.336677789688110352e-01
1.513297706842422485e-01
3.067662194371223450e-02
1.340229213237762451e-01
3.013265728950500488e-01
1.044375300407409668e+00
8.844476938247680664e-01
1.219533562660217285e+00
-1.327595233917236328e+00
-2.426290661096572876e-01
4.070390462875366211e-01
4.072543978691101074e-01
2.049219459295272827e-01
-1.119333982467651367e+00
-1.507532954216003418e+00
8.134782910346984863e-01
-6.607969105243682861e-02
3.786099329590797424e-02
-6.726549472659826279e-04
4.218596592545509338e-02
-5.029111504554748535e-01
-8.679372668266296387e-01
3.239374756813049316e-01
-1.475308686494827271e-01
3.957244455814361572e-01
4.471668004989624023e-01
-1.012613773345947266e+00
6.427813172340393066e-01
1.024536252021789551e+00
-5.858282446861267090e-01
9.558600187301635742e-01
9.950379282236099243e-02
-4.175652563571929932e-01
7.939767241477966309e-01
-6.879305094480514526e-02
-1.283408045768737793e+00
-1.206098556518554688e+00
-4.678301811218261719e-01
-2.652982771396636963e-01
1.349562287330627441e+00
9.884103536605834961e-01
-3.664197921752929688e-01
2.183440685272216797e+00
-1.200688958168029785e+00
-4.991386830806732178e-01
1.822276711463928223e+00
5.451438426971435547e-01
1.449555993080139160e+00
1.650031507015228271e-01
-1.108555197715759277e+00
-1.445991516113281250e+00
1.698811203241348267e-01
1.320350766181945801e+00
-2.354480773210525513e-01
-9.514498710632324219e-01
1.000088095664978027e+00
-1.439617037773132324e+00
3.297203183174133301e-01
3.221499919891357422e-01
1.350274682044982910e+00
1.074688196182250977e+00
-4.436406195163726807e-01
-1.390018939971923828e+00
1.310912966728210449e+00
-8.586282730102539062e-01
1.373276948928833008e+00
1.209648370742797852e+00
1.554548025131225586e+00
9.408661723136901855e-01
-1.220849752426147461e+00
-3.496702909469604492e+00
-1.842254400253295898e-01
4.502343237400054932e-01
-1.967760324478149414e-01
2.649876177310943604e-01
-5.466256737709045410e-01
-6.424202322959899902e-01
-2.563122212886810303e-01
6.264064908027648926e-01
1.851438544690608978e-02
9.345569014549255371e-01
1.043207168579101562e+00
-1.077552914619445801e+00
-1.708888173103332520e+00
2.738719880580902100e-01
-6.487194895744323730e-01
4.510799944400787354e-01
-2.576385021209716797e+00
-4.979110658168792725e-01
1.819664090871810913e-01
-7.442957758903503418e-01
-6.303322315216064453e-01
5.948283672332763672e-01
-1.432683229446411133e+00
1.879076659679412842e-01
-3.284310996532440186e-01
-2.634822607040405273e+00
1.268268674612045288e-01
-1.714736223220825195e-01
2.537188529968261719e+00
-2.112495183944702148e+00
3.241036534309387207e-01
3.658881485462188721e-01
-7.042839527130126953e-01
-6.264178156852722168e-01
-7.015989422798156738e-01
-1.290698051452636719e-01
2.542020082473754883e-01
6.499632596969604492e-01
9.699347615242004395e-01
-2.200760841369628906e+00
-7.989385724067687988e-01
-5.377033948898315430e-01
-4.980189502239227295e-01
2.282794192433357239e-02
6.548765301704406738e-01
1.197759032249450684e+00
1.315525770187377930e+00
1.461207270622253418e+00
-1.582495450973510742e+00
-1.187006592750549316e+00
9.055950641632080078e-01
4.198556542396545410e-01
-7.214595675468444824e-01
1.923742443323135376e-01
7.643207311630249023e-01
-7.408297061920166016e-01
-1.859211474657058716e-01
3.970440030097961426e-01
9.864755868911743164e-01
-8.578311204910278320e-01
-9.302327632904052734e-01
-1.192972540855407715e+00
-1.516015768051147461e+00
5.254601836204528809e-01
4.704909622669219971e-01
-4.280396699905395508e-01
-5.271064639091491699e-01
-1.143944978713989258e+00
2.101131975650787354e-01
-7.792146801948547363e-01
-9.443172812461853027e-01
2.986661791801452637e-01
5.968027561902999878e-02
-4.850873947143554688e-01
-1.458417028188705444e-01
7.121335864067077637e-01
-4.539215564727783203e-01
-7.763223648071289062e-01
-9.824928641319274902e-01
-8.297731876373291016e-01
-1.813154816627502441e-01
-1.222876667976379395e+00
-7.931644916534423828e-01
5.398404002189636230e-01
-6.656224131584167480e-01
-8.137263059616088867e-01
-1.747071593999862671e-01
1.665556989610195160e-02
-3.776617348194122314e-01
5.155931711196899414e-01
-1.654562354087829590e+00
1.440942168235778809e+00
3.020113408565521240e-01
-3.273771405220031738e-01
1.174781560897827148e+00
-1.796696782112121582e-01
-1.529146790504455566e+00
-3.889257013797760010e-01
-6.735433340072631836e-01
-3.927125334739685059e-01
5.717330574989318848e-01
-2.703704833984375000e-01
-1.201681375503540039e+00
-2.444913685321807861e-01
2.492821812629699707e-01
-2.727185487747192383e-01
-6.707001924514770508e-01
-5.375409126281738281e-01
1.775088012218475342e-01
-7.616106420755386353e-02
3.612428307533264160e-01
5.451526641845703125e-01
-2.404337525367736816e-01
-4.723174273967742920e-01
-5.021745562553405762e-01
3.571907281875610352e-01
-1.668978482484817505e-01
-7.684330344200134277e-01
8.595956563949584961e-01
1.143662855029106140e-01
7.036958336830139160e-01
9.991634488105773926e-01
3.979383707046508789e-01
-8.454726934432983398e-01
-2.495560169219970703e+00
1.778459072113037109e+00
1.202927827835083008e+00
-7.428314089775085449e-01
-1.497349977493286133e+00
-1.951982676982879639e-01
-8.366332054138183594e-01
-3.323495984077453613e-01
-1.564457267522811890e-01
-2.241462618112564087e-01
8.238148689270019531e-01
-1.477873802185058594e+00
2.121348381042480469e+00
7.901108264923095703e-01
6.919571757316589355e-01
9.377864599227905273e-01
-9.536446630954742432e-02
-4.317286312580108643e-01
4.171735346317291260e-01
6.942171454429626465e-01
-8.114550113677978516e-01
2.793748378753662109e-01
5.545890927314758301e-01
-8.131931424140930176e-01
8.553919941186904907e-02
4.846356511116027832e-01
2.886075973510742188e-01
1.534774750471115112e-01
6.031409502029418945e-01
-8.002408742904663086e-01
6.250700950622558594e-01
-1.201222419738769531e+00
1.006730079650878906e+00
7.698714137077331543e-01
9.050089120864868164e-01
8.817217946052551270e-01
8.542488217353820801e-01
-7.784973978996276855e-01
-8.209179043769836426e-01
-1.320504099130630493e-01
9.535825848579406738e-01
1.722940444946289062e+00
-2.065735816955566406e+00
2.037188053131103516e+00
2.164242029190063477e+00
4.674912095069885254e-01
9.207880496978759766e-02
-1.658009886741638184e+00
7.979878187179565430e-01
4.164266213774681091e-02
2.471913844347000122e-01
6.037793159484863281e-01
-7.234329581260681152e-01
-1.420665234327316284e-01
-3.090233802795410156e-01
2.849255800247192383e+00
-2.420134305953979492e+00
5.771254897117614746e-01
1.362705789506435394e-02
-1.232076406478881836e+00
-8.731328248977661133e-01
1.685406327247619629e+00
-8.240490555763244629e-01
-2.617926120758056641e+00
1.541150093078613281e+00
-2.476331889629364014e-01
-1.149843096733093262e+00
-7.118446230888366699e-01
-1.391052842140197754e+00
-2.142505645751953125e+00
-1.217492446303367615e-01
1.491700649261474609e+00
-1.059130191802978516e+00
1.115969061851501465e+00
6.211632490158081055e-01
3.037942573428153992e-03
1.708852529525756836e+00
-7.011219859123229980e-01
-1.551273226737976074e+00
-5.170458555221557617e-01
9.604284763336181641e-01
-2.107218950986862183e-01
4.100899994373321533e-01
-7.351821660995483398e-01
-2.092006206512451172e-01
1.036078780889511108e-01
-2.409338951110839844e+00
7.515361309051513672e-01
3.357505202293395996e-01
-4.773979187011718750e-01
-1.357061982154846191e+00
-2.578331828117370605e-01
2.766188420355319977e-02
-2.432769685983657837e-01
-6.164553016424179077e-02
1.195889115333557129e+00
8.385169506072998047e-01
-2.187721282243728638e-01
9.317114353179931641e-01
5.789075493812561035e-01
-4.601681530475616455e-01
-8.062757551670074463e-02
2.343316227197647095e-01
2.207926362752914429e-01
-1.991993337869644165e-01
3.731718957424163818e-01
1.231890916824340820e+00
-1.723510324954986572e-01
-1.814346671104431152e+00
1.246866226196289062e+00
1.362131536006927490e-01
1.130195617675781250e+00
6.189073920249938965e-01
4.409803748130798340e-01
2.346920520067214966e-01
-5.188763737678527832e-01
-5.462754368782043457e-01
-6.133382320404052734e-01
-3.128153383731842041e-01
-1.635107547044754028e-01
1.096869349479675293e+00
-2.715953886508941650e-01
2.078832536935806274e-01
1.067396283149719238e+00
-7.199540734291076660e-02
-7.431732416152954102e-01
-1.076134085655212402e+00
6.044646501541137695e-01
-4.563425481319427490e-01
9.529008865356445312e-01
-3.907542526721954346e-01
8.443450927734375000e-01
5.028006434440612793e-01
3.489953577518463135e-01
1.626006811857223511e-01
7.738697528839111328e-01
1.502290725708007812e+00
6.463719010353088379e-01
-1.677510887384414673e-01
-5.435051918029785156e-01
-4.958374500274658203e-01
-1.991975903511047363e+00
1.509364128112792969e+00
-5.625665187835693359e-01
3.818139731884002686e-01
8.150210976600646973e-01
8.386126160621643066e-01
5.466176867485046387e-01
2.904133081436157227e+00
-4.739496707916259766e-01
5.893034934997558594e-01
-5.149046182632446289e-01
-1.542603492736816406e+00
2.009487628936767578e+00
-1.922469139099121094e-01
-1.014438390731811523e+00
-1.301902830600738525e-01
-9.740201234817504883e-01
-4.145080149173736572e-01
6.165959835052490234e-01
1.348987698554992676e+00
-1.094296932220458984e+00
-6.071923971176147461e-01
2.773170709609985352e+00
-1.256510019302368164e+00
-4.420650601387023926e-01
-6.920980811119079590e-01
-5.684696435928344727e-01
-1.185731649398803711e+00
-1.659058630466461182e-01
-7.659422755241394043e-01
-5.777294039726257324e-01
-1.087674390873871744e-04
8.872238397598266602e-01
-2.135173827409744263e-01
-6.689289808273315430e-01
-5.168806910514831543e-01
-4.800321161746978760e-01
4.758966565132141113e-01
7.530174851417541504e-01
1.096453547477722168e+00
-1.448518633842468262e+00
-3.324801325798034668e-01
-6.574758887290954590e-02
1.146039605140686035e+00
-1.584645360708236694e-01
6.059057712554931641e-01
1.672471880912780762e+00
-6.509189009666442871e-01
5.796296596527099609e-01
7.146999835968017578e-01
-4.672544598579406738e-01
-4.792262017726898193e-01
5.401991605758666992e-01
-1.139071464538574219e+00
-1.891500651836395264e-01
-1.911918371915817261e-01
-2.099539518356323242e+00
-4.099964797496795654e-01
1.651871323585510254e+00
-2.049192339181900024e-01
5.886867642402648926e-01
2.283493578433990479e-01
-3.396706283092498779e-01
7.805286645889282227e-01
-2.606638967990875244e-01
6.196429133415222168e-01
-1.074965357780456543e+00
6.029721498489379883e-01
-2.770706415176391602e-01
-6.995390057563781738e-01
1.507086455821990967e-01
-6.898220181465148926e-01
-4.969124794006347656e-01
-3.002508878707885742e-01
1.272778034210205078e+00
-4.017415642738342285e-01
7.037185430526733398e-01
-1.773697733879089355e+00
1.030274391174316406e+00
1.131847620010375977e+00
2.079358100891113281e+00
-6.976538896560668945e-02
-9.423241615295410156e-01
-2.481453418731689453e-01
1.629987835884094238e+00
-6.581762433052062988e-01
-1.583019137382507324e+00
-2.845221757888793945e+00
-6.824144721031188965e-01
2.915843725204467773e-01
1.742213726043701172e+00
5.592900514602661133e-01
-1.272926092147827148e+00
-5.446670055389404297e-01
-1.491181254386901855e+00
-1.592704802751541138e-01
-1.206673756241798401e-01
8.768790960311889648e-01
7.630816102027893066e-01
2.921581268310546875e-01
-7.941524982452392578e-01
6.759570837020874023e-01
-1.973995473235845566e-03
-1.643230319023132324e+00
-2.248872667551040649e-01
-2.437760308384895325e-02
-7.293045520782470703e-02
-9.534188508987426758e-01
6.186634302139282227e-01
-7.699742913246154785e-01
4.504122138023376465e-01
8.252448439598083496e-01
4.786473810672760010e-01
-1.596003621816635132e-01
-1.708991885185241699e+00
-4.211406707763671875e-01
3.276215791702270508e-01
1.246827244758605957e+00
5.216164588928222656e-01
-9.838363528251647949e-01
-1.819966793060302734e+00
1.377967119216918945e+00
1.133431315422058105e+00
1.329417586326599121e+00
-9.287983179092407227e-01
5.558940768241882324e-01
-7.399473786354064941e-01
8.021157383918762207e-01
-1.055372834205627441e+00
-1.145569562911987305e+00
4.108047485351562500e-01
-1.868192911148071289e+00
3.185994923114776611e-01
4.155707359313964844e-01
-8.044252991676330566e-01
-8.710551261901855469e-01
-1.112719058990478516e+00
-1.226289123296737671e-01
-1.223303437232971191e+00
7.008787393569946289e-01
1.040980339050292969e+00
4.028226137161254883e-01
8.590384125709533691e-01
-3.523756563663482666e-01
-8.979194164276123047e-01
4.605478420853614807e-02
-7.625436782836914062e-01
5.828196406364440918e-01
-2.875525653362274170e-01
-9.264624714851379395e-01
8.027685880661010742e-01
1.177435040473937988e+00
-8.466784358024597168e-01
-2.415147572755813599e-01
3.542196452617645264e-01
1.096423808485269547e-02
-6.149331107735633850e-02
2.177902460098266602e+00
-6.222600340843200684e-01
4.971007406711578369e-01
1.926077008247375488e+00
1.052082896232604980e+00
-6.317997574806213379e-01
1.991147041320800781e+00
-8.570659160614013672e-01
-1.629086375236511230e+00
5.710879564285278320e-01
-1.030282974243164062e+00
-8.292886614799499512e-02
-1.118512451648712158e-01
-8.100757002830505371e-01
-1.181218981742858887e+00
5.446258187294006348e-01
1.061403751373291016e-01
-8.363558650016784668e-01
1.180267333984375000e+00
1.116545438766479492e+00
1.228924393653869629e+00
-7.624109387397766113e-01
-1.144235372543334961e+00
1.164181113243103027e+00
4.063301980495452881e-01
1.597793549299240112e-01
1.071384906768798828e+00
-8.313149213790893555e-01
5.764139890670776367e-01
-4.425603747367858887e-01
1.707468181848526001e-01
-1.441433072090148926e+00
-3.163427412509918213e-01
1.783388972282409668e+00
-5.933263897895812988e-01
-1.025686487555503845e-01
-1.730498552322387695e+00
-6.573057174682617188e-01
-8.171237260103225708e-02
5.232785344123840332e-01
7.554177045822143555e-01
-8.043460249900817871e-01
-9.439908266067504883e-01
-2.274964451789855957e-01
3.396685123443603516e-01
-2.675945162773132324e-01
1.679417610168457031e+00
-9.071962535381317139e-02
-1.535695314407348633e+00
-1.448392152786254883e+00
-1.101492047309875488e+00
1.149336457252502441e+00
1.926502585411071777e-01
3.947458416223526001e-02
-2.355891466140747070e-01
-7.986410856246948242e-01
-1.456266939640045166e-01
-8.322042226791381836e-02
-5.605698227882385254e-01
-1.419991135597229004e+00
1.084116995334625244e-01
-6.483612060546875000e-01
1.522249579429626465e+00
6.777687072753906250e-01
-6.687482595443725586e-01
-1.329196393489837646e-01
-1.581369400024414062e+00
1.136744141578674316e+00
5.266427248716354370e-02
-4.653094708919525146e-01
-7.697340846061706543e-01
-5.072889328002929688e-01
-3.536828160285949707e-01
6.184734702110290527e-01
-6.619889736175537109e-01
8.611154556274414062e-01
-6.634256839752197266e-01
8.975905776023864746e-01
-1.175003528594970703e+00
2.330179929733276367e+00
1.287863731384277344e+00
4.114018976688385010e-01
-7.126925587654113770e-01
-4.430458247661590576e-01
1.132202386856079102e+00
-3.538767695426940918e-01
1.898694038391113281e+00
7.020319700241088867e-01
1.057142972946166992e+00
4.020482897758483887e-01
1.242508172988891602e+00
-5.851920843124389648e-01
-7.457108497619628906e-01
-2.774909138679504395e-01
-4.190606772899627686e-01
-2.510867714881896973e-01
-1.543138176202774048e-01
-2.703420221805572510e-01
-1.176567282527685165e-03
-1.286308616399765015e-01
1.380885004997253418e+00
2.161915972828865051e-02
-1.377135068178176880e-01
1.377022266387939453e-01
4.281595051288604736e-01
9.614081978797912598e-01
-4.996891021728515625e-01
9.469528794288635254e-01
-4.754584133625030518e-01
-7.391029596328735352e-01
6.744302511215209961e-01
1.177283048629760742e+00
-7.287572622299194336e-01
1.365323066711425781e+00
6.792437434196472168e-01
-5.270341634750366211e-01
-8.142843842506408691e-01
-6.033561751246452332e-02
5.055602788925170898e-01
6.976974010467529297e-01
-1.253386378288269043e+00
-9.498591423034667969e-01
2.168401926755905151e-01
7.988293170928955078e-01
-7.561245560646057129e-02
5.819181799888610840e-01
5.272385850548744202e-02
-1.425143361091613770e+00
6.445558071136474609e-01
-3.756825029850006104e-01
-5.381011962890625000e-02
-1.419440507888793945e+00
-2.473104149103164673e-01
-6.324719786643981934e-01
-2.696542143821716309e-01
7.547114491462707520e-01
-1.577409505844116211e-01
-4.456810653209686279e-01
1.046381831169128418e+00
1.789614558219909668e-01
-5.009862184524536133e-01
-3.737828433513641357e-01
1.819435596466064453e+00
9.744169116020202637e-01
5.488257408142089844e-01
5.623999238014221191e-01
1.315208524465560913e-01
-1.554364562034606934e+00
5.184028670191764832e-02
-1.289121150970458984e+00
4.197711646556854248e-01
5.170107483863830566e-01
1.458330869674682617e+00
3.705786764621734619e-01
6.279467940330505371e-01
8.758755922317504883e-01
-3.372879028320312500e-01
-2.590644657611846924e-01
1.547086536884307861e-01
-5.731815472245216370e-02
-5.351387262344360352e-01
1.634583920240402222e-01
2.692880928516387939e-01
-4.324412345886230469e-01
-5.459126234054565430e-01
-9.688401818275451660e-01
9.336830377578735352e-01
-1.723376989364624023e+00
-4.210640490055084229e-01
3.326104581356048584e-01
-5.741490721702575684e-01
-2.493187785148620605e-01
-6.053157448768615723e-01
-1.487239748239517212e-01
-1.302635431289672852e+00
1.906521320343017578e+00
1.035481333732604980e+00
1.446010917425155640e-02
6.678786277770996094e-01
2.458529472351074219e-01
-1.185393482446670532e-01
-5.200549364089965820e-01
5.792452692985534668e-01
-8.504253625869750977e-01
-9.563708305358886719e-01
2.364981174468994141e-01
2.893335223197937012e-01
-4.448883533477783203e-01
6.609573960304260254e-01
6.095484644174575806e-02
4.168481826782226562e-01
-6.991946697235107422e-01
3.475146889686584473e-01
-1.804062724113464355e-01
-1.698886990547180176e+00
8.301542401313781738e-01
-9.608829617500305176e-01
2.260897010564804077e-01
1.183319762349128723e-01
1.107204109430313110e-01
-1.574235260486602783e-01
-1.414172053337097168e+00
7.878010272979736328e-01
-6.747871637344360352e-01
8.944824337959289551e-02
-5.228344202041625977e-01
7.587357759475708008e-01
