-6.837971210479736328e-01
-5.301599502563476562e-01
2.617963552474975586e-01
-5.008465051651000977e-01
-2.985209226608276367e-01
1.084956407546997070e+00
-1.209023475646972656e+00
4.922818541526794434e-01
3.025084137916564941e-01
2.495670914649963379e-01
1.996538877487182617e+00
1.554442405700683594e+00
-1.268052220344543457e+00
-7.179957032203674316e-01
-2.487310469150543213e-01
-1.230955347418785095e-01
5.311064720153808594e-01
-1.836276799440383911e-02
-1.993398666381835938e-01
-2.226982265710830688e-01
1.138527870178222656e+00
-1.181949898600578308e-01
-5.117875337600708008e-01
-6.035057902336120605e-01
6.812506914138793945e-01
5.682630538940429688e-01
1.309083580970764160e+00
-2.205309569835662842e-01
-1.349631905555725098e+00
-3.955385684967041016e-01
6.662647426128387451e-02
8.799522519111633301e-01
1.658016562461853027e+00
9.105114340782165527e-01
-3.577584326267242432e-01
2.283348590135574341e-01
-1.059808135032653809e+00
-2.779838144779205322e-01
6.019417643547058105e-01
4.326256457716226578e-03
7.924162149429321289e-01
2.938813865184783936e-01
-3.117294907569885254e-01
-2.359971851110458374e-01
-1.040530204772949219e+00
-1.810221076011657715e+00
-9.262667894363403320e-01
7.994341850280761719e-01
1.127133369445800781e-01
-7.893542051315307617e-01
3.362630903720855713e-01
-5.852402374148368835e-02
-4.834959805011749268e-01
-2.213122546672821045e-01
-7.538821697235107422e-01
2.556245625019073486e-01
9.665744900703430176e-01
-6.066713929176330566e-01
7.889779284596443176e-03
7.595301270484924316e-01
1.962321400642395020e+00
5.089071393013000488e-01
4.175198376178741455e-01
-5.062474012374877930e-01
-1.325504630804061890e-01
-7.864704728126525879e-01
2.625542879104614258e-01
-2.860111594200134277e-01
-3.495868146419525146e-01
3.398169279098510742e-01
2.761869132518768311e-01
3.161808252334594727e-01
-6.295581459999084473e-01
1.993694067001342773e+00
1.646286696195602417e-01
-1.461046576499938965e+00
-6.079248785972595215e-01
-8.978973031044006348e-01
3.616927936673164368e-02
4.812035858631134033e-01
6.462847590446472168e-01
8.314065337181091309e-01
7.456498742103576660e-01
-1.474419832229614258e+00
-4.333473443984985352e-01
4.153978824615478516e-01
5.308865010738372803e-02
5.770307779312133789e-01
-9.250583052635192871e-01
2.170788049697875977e-01
8.884726762771606445e-01
-2.766733467578887939e-01
5.767909884452819824e-01
-1.030950665473937988e+00
3.568221628665924072e-01
-5.179496407508850098e-01
-1.845593899488449097e-01
5.006476491689682007e-02
8.259791135787963867e-01
-1.184290647506713867e-01
5.363955497741699219e-01
-3.083694912493228912e-02
-3.571685552597045898e-01
-2.287719488143920898e+00
9.116878360509872437e-02
6.944760680198669434e-01
-2.008274793624877930e-01
1.710010766983032227e+00
-2.147998064756393433e-01
6.080471277236938477e-01
3.786177635192871094e-01
1.568330079317092896e-01
-3.118922114372253418e-01
4.581490755081176758e-01
-4.387306571006774902e-01
3.974747657775878906e-01
-5.814964771270751953e-01
5.905374884605407715e-01
-1.743256449699401855e+00
-2.560221672058105469e+00
1.098876595497131348e+00
-2.027688473463058472e-01
3.543894588947296143e-01
5.236019492149353027e-01
-2.775016985833644867e-02
-8.961567878723144531e-01
-1.072738051414489746e+00
-1.281615644693374634e-01
-6.038141250610351562e-01
-2.757756039500236511e-02
-4.167470037937164307e-01
9.649175405502319336e-01
-1.525269150733947754e+00
3.879537880420684814e-01
-1.148764565587043762e-01
-3.442922830581665039e-01
-4.852837026119232178e-01
1.775660961866378784e-01
-2.732896327972412109e+00
2.293350934982299805e+00
-4.794757664203643799e-01
1.315918445587158203e+00
-1.871530055999755859e+00
-8.252061605453491211e-01
9.668152034282684326e-02
5.219898223876953125e-01
2.874681651592254639e-01
3.679727613925933838e-01
2.917697727680206299e-01
-8.440943956375122070e-01
2.795711159706115723e-01
-1.014007925987243652e+00
-1.284473180770874023e+00
2.033630162477493286e-01
5.522330477833747864e-02
1.090878844261169434e+00
-9.354469180107116699e-01
-2.426872253417968750e-01
5.812590569257736206e-02
7.007402181625366211e-01
2.310132682323455811e-01
-2.171620368957519531e+00
1.124398469924926758e+00
7.840621471405029297e-01
-6.763557791709899902e-01
5.404164791107177734e-01
2.696589529514312744e-01
1.709711074829101562e+00
1.431829571723937988e+00
-5.673737525939941406e-01
-2.910067886114120483e-02
-1.686411976814270020e+00
-4.368530809879302979e-01
-1.365076065063476562e+00
1.075782775878906250e-01
-3.030872642993927002e-01
-6.131995320320129395e-01
7.264748811721801758e-01
-1.246795415878295898e+00
4.861854612827301025e-01
5.784404277801513672e-01
-9.721544384956359863e-01
1.593686103820800781e+00
-1.160532474517822266e+00
1.475690126419067383e+00
-3.326432406902313232e-01
2.758610546588897705e-01
-2.053934097290039062e+00
-4.082812368869781494e-01
5.062938332557678223e-01
9.562430381774902344e-01
-1.635146737098693848e+00
-5.781175494194030762e-01
2.031437635421752930e+00
1.642218232154846191e-01
2.338271617889404297e+00
4.222178459167480469e-01
-3.620750308036804199e-01
2.001767307519912720e-01
1.298446774482727051e+00
-1.333915352821350098e+00
-2.014348208904266357e-01
8.712562322616577148e-01
-3.897573649883270264e-01
3.439965546131134033e-01
1.219270229339599609e+00
-3.196430206298828125e-01
1.105416178703308105e+00
-8.059013634920120239e-02
7.519827485084533691e-01
-3.129234537482261658e-02
5.187519788742065430e-01
-1.593164324760437012e+00
1.217512637376785278e-01
1.606829404830932617e+00
3.840721547603607178e-01
-7.692922353744506836e-01
-4.435661435127258301e-01
-7.947956323623657227e-01
1.152663350105285645e+00
-6.720928549766540527e-01
-2.637152373790740967e-01
-8.362875580787658691e-01
9.902161359786987305e-01
-1.468736290931701660e+00
-5.819507837295532227e-01
1.281939387321472168e+00
-7.535170912742614746e-01
5.104783773422241211e-01
-1.469810962677001953e+00
-3.051924705505371094e-01
-3.536412417888641357e-01
9.576610922813415527e-01
-5.243474841117858887e-01
-1.296589255332946777e+00
1.702781081199645996e+00
2.626057267189025879e-01
7.082938551902770996e-01
-8.364390581846237183e-02
9.796063601970672607e-02
-9.502972364425659180e-01
-1.370950102806091309e+00
-1.568103432655334473e+00
5.284928530454635620e-02
-1.225710868835449219e+00
-5.651662945747375488e-01
-9.385211467742919922e-01
-1.317196011543273926e+00
8.470658659934997559e-01
9.503329992294311523e-01
1.424951106309890747e-01
-3.480421006679534912e-01
-3.832226991653442383e-02
1.637844443321228027e+00
-2.655005156993865967e-01
-5.946349501609802246e-01
9.041031599044799805e-01
-2.893751263618469238e-01
-2.141347080469131470e-01
7.070337533950805664e-01
1.315359830856323242e+00
2.012175172567367554e-01
1.151794791221618652e+00
-1.207247495651245117e+00
-7.659103274345397949e-01
5.076144337654113770e-01
-1.701429635286331177e-01
-2.326282739639282227e+00
-1.308674454689025879e+00
1.861947923898696899e-01
2.307453751564025879e-01
1.238988488912582397e-01
2.660464644432067871e-01
-6.977152228355407715e-01
7.544840574264526367e-01
-2.407898426055908203e+00
1.220477104187011719e+00
7.456290125846862793e-01
-7.909304499626159668e-01
2.029708623886108398e-01
-1.250285506248474121e+00
-2.963015735149383545e-01
1.665634274482727051e+00
-1.475657918490469456e-04
4.812587499618530273e-01
2.099031507968902588e-01
-9.942752718925476074e-01
-2.006983757019042969e+00
1.183874130249023438e+00
1.017411828041076660e+00
7.643837928771972656e-01
-2.463546544313430786e-01
-1.104241386055946350e-01
7.748052477836608887e-01
-8.417587280273437500e-01
-1.670705914497375488e+00
-1.500659584999084473e-01
-8.416529893875122070e-01
1.690735340118408203e+00
-8.952590227127075195e-01
-3.196600675582885742e-01
1.062649369239807129e+00
-1.521273702383041382e-01
-2.514680288732051849e-02
1.562262047082185745e-02
-6.542121171951293945e-01
-5.381706953048706055e-01
1.108083844184875488e+00
4.029063284397125244e-01
-9.055032581090927124e-02
2.855425179004669189e-01
-1.060042500495910645e+00
-1.448702692985534668e+00
6.432409882545471191e-01
1.714398562908172607e-01
8.267170190811157227e-01
-1.383529007434844971e-01
-5.845795273780822754e-01
-2.005455493927001953e-01
-1.419703662395477295e-01
1.032847836613655090e-01
-4.126072227954864502e-01
-1.250991940498352051e+00
4.919059872627258301e-01
9.719967842102050781e-01
1.135240316390991211e+00
-3.439264297485351562e+00
-8.691995143890380859e-01
-4.655259102582931519e-02
-7.266204357147216797e-01
4.564841464161872864e-02
3.864418268203735352e-01
-1.394623398780822754e+00
-1.321746110916137695e+00
-1.814912259578704834e-01
-8.063718080520629883e-01
4.588580131530761719e-01
-7.031316161155700684e-01
6.071209907531738281e-01
8.570130467414855957e-01
-8.553854823112487793e-01
-4.579287767410278320e-01
-5.823054313659667969e-01
4.186568856239318848e-01
1.014160394668579102e+00
6.676388382911682129e-01
1.592946946620941162e-01
-1.635773777961730957e-01
7.059114575386047363e-01
9.248602986335754395e-01
7.082639336585998535e-01
-8.634729981422424316e-01
-8.768774867057800293e-01
-3.354097306728363037e-01
-1.460781574249267578e+00
-4.938764870166778564e-01
-5.195913910865783691e-01
-4.143232107162475586e-01
-6.485436111688613892e-02
1.278517961502075195e+00
5.485320091247558594e-01
1.824745535850524902e+00
2.868777215480804443e-01
-1.062327861785888672e+00
-9.245831966400146484e-01
3.105075061321258545e-01
4.564981460571289062e-01
-7.049211114645004272e-02
-5.999254584312438965e-01
-5.009948015213012695e-01
-1.031901717185974121e+00
-1.531713828444480896e-02
4.865981638431549072e-01
-3.794969990849494934e-02
5.265568494796752930e-01
-5.280093848705291748e-02
1.275236487388610840e+00
-1.487217694520950317e-01
7.556763291358947754e-01
3.549468815326690674e-01
-2.128092944622039795e-01
1.273170206695795059e-02
-1.604698002338409424e-01
-5.722711086273193359e-01
-1.505093276500701904e-01
-1.521561741828918457e+00
1.657767415046691895e+00
-2.460096925497055054e-01
2.754721641540527344e-01
5.462246537208557129e-01
2.247524976730346680e+00
1.459672003984451294e-01
-9.164726734161376953e-02
-6.840029954910278320e-01
5.285547375679016113e-01
1.908712834119796753e-01
1.168757200241088867e+00
-1.140806674957275391e+00
-2.519931495189666748e-01
2.423486262559890747e-01
-1.359176784753799438e-01
-2.852903127670288086e+00
-2.053280591964721680e+00
-7.554196715354919434e-01
1.847217082977294922e-01
-9.441038370132446289e-01
7.003612816333770752e-02
-1.052169203758239746e+00
3.246312439441680908e-01
1.019295096397399902e+00
1.369935631752014160e+00
-2.777264833450317383e+00
5.570906400680541992e-01
3.446417748928070068e-01
-2.057123780250549316e-01
9.089844673871994019e-02
1.596233963966369629e+00
3.404299616813659668e-01
-1.603075385093688965e+00
9.313498735427856445e-01
-8.677459359169006348e-01
-2.045696824789047241e-01
-3.528024554252624512e-01
4.089452326297760010e-01
-4.400859177112579346e-01
-4.117162525653839111e-02
-1.217737317085266113e+00
5.645678564906120300e-02
-1.800466030836105347e-01
-5.141962170600891113e-01
7.514082826673984528e-03
-1.106797218322753906e+00
-6.535677313804626465e-01
-1.499229520559310913e-01
3.409917280077934265e-02
-1.274124145507812500e+00
8.211033940315246582e-01
-1.070902466773986816e+00
9.055621027946472168e-01
-7.010388970375061035e-01
-2.604922354221343994e-01
8.420300483703613281e-02
3.683461844921112061e-01
1.657436788082122803e-02
-2.293230146169662476e-01
6.058323979377746582e-01
-3.743362724781036377e-01
6.376774907112121582e-01
-2.197347432374954224e-01
1.351173162460327148e+00
2.898213267326354980e-01
3.848983645439147949e-01
5.821387767791748047e-01
4.302870109677314758e-02
-1.196540951728820801e+00
6.621475219726562500e-01
-8.755532503128051758e-01
8.690131306648254395e-01
-3.068224787712097168e-01
-1.611241340637207031e+00
-1.093079209327697754e+00
-3.111234307289123535e-01
8.075693249702453613e-01
4.755175411701202393e-01
-6.359179615974426270e-01
5.135017633438110352e-01
-1.518542051315307617e+00
-1.003891825675964355e+00
-1.094024419784545898e+00
-9.402738511562347412e-02
5.324504375457763672e-01
2.375586032867431641e+00
3.851200044155120850e-01
-2.987354435026645660e-02
2.439403682947158813e-01
5.376652479171752930e-01
-2.202283143997192383e-01
5.912571549415588379e-01
-1.440605707466602325e-02
-1.844209134578704834e-01
1.680158972740173340e+00
3.810701370239257812e-01
1.782039850950241089e-01
2.577611505985260010e-01
6.237965226173400879e-01
-4.058414325118064880e-02
1.346618413925170898e+00
1.428527474403381348e+00
7.232244610786437988e-01
-2.139187604188919067e-01
1.637231945991516113e+00
-1.909595370292663574e+00
-4.025940001010894775e-01
-2.068021893501281738e-01
1.769905924797058105e+00
-4.295275509357452393e-01
6.224982440471649170e-02
-9.405048489570617676e-01
-2.855596244335174561e-01
4.609478712081909180e-01
-6.966901570558547974e-02
8.538039326667785645e-01
7.522246986627578735e-02
5.266525968909263611e-02
1.464144706726074219e+00
1.217726945877075195e+00
1.541354060173034668e+00
-7.763042449951171875e-01
6.035287678241729736e-02
-6.680656671524047852e-01
2.099017202854156494e-01
-2.306178659200668335e-01
1.033071503043174744e-01
-1.563294325023889542e-03
7.128385305404663086e-01
-5.749215483665466309e-01
1.753419518470764160e+00
-2.557070851325988770e-01
-2.299462407827377319e-01
-6.832220554351806641e-01
8.147208690643310547e-01
2.013180255889892578e+00
2.181618511676788330e-01
1.553848266601562500e+00
-1.138014048337936401e-01
-1.865749508142471313e-01
-1.521127104759216309e+00
-4.710234701633453369e-01
5.672767162322998047e-01
-1.657380461692810059e+00
-4.683083295822143555e-01
-2.421099692583084106e-01
-3.918942213058471680e-01
2.495466768741607666e-01
1.600113034248352051e+00
-1.384305000305175781e+00
7.061936259269714355e-01
-5.773845911026000977e-01
-1.348636627197265625e+00
-9.094573855400085449e-01
-5.519126057624816895e-01
-1.784258723258972168e+00
-3.748703896999359131e-01
1.365303277969360352e+00
5.214429497718811035e-01
1.493594169616699219e+00
-2.996704727411270142e-02
-6.734038144350051880e-02
-9.630451798439025879e-01
1.574775427579879761e-01
6.764703989028930664e-01
2.576853990554809570e+00
-1.842670202255249023e+00
-6.740776896476745605e-01
1.402519226074218750e+00
-5.599929094314575195e-01
-1.210208058357238770e+00
1.754244089126586914e+00
6.518997550010681152e-01
-4.653393626213073730e-01
7.383333444595336914e-01
2.338634431362152100e-02
5.506520271301269531e-01
6.731488704681396484e-01
1.481929063796997070e+00
-1.303702950477600098e+00
-1.783751726150512695e+00
2.416203916072845459e-02
5.896925330162048340e-01
7.361824512481689453e-01
1.125244796276092529e-02
-3.579923808574676514e-01
-1.581195950508117676e+00
-9.397241473197937012e-01
2.291086502373218536e-02
5.690127611160278320e-01
6.965237259864807129e-01
-8.368217200040817261e-02
-4.869661927223205566e-01
2.458311431109905243e-02
1.220383405685424805e+00
1.110807731747627258e-01
-9.776639342308044434e-01
-1.101885318756103516e+00
2.154827833175659180e+00
9.779489040374755859e-02
6.031333282589912415e-02
1.110876560211181641e+00
-5.124831795692443848e-01
-1.106750011444091797e+00
-3.738815188407897949e-01
-1.251910328865051270e+00
-1.231273055076599121e+00
1.474822640419006348e+00
3.387162089347839355e-01
-2.143176555633544922e+00
-2.555097937583923340e-01
-1.082615256309509277e-01
5.721011161804199219e-01
1.206371486186981201e-01
-1.760910451412200928e-01
-1.683220744132995605e+00
-1.142809033393859863e+00
-2.628453671932220459e-01
-6.017068624496459961e-01
9.840962886810302734e-01
-1.286272764205932617e+00
-5.759059786796569824e-01
-3.599864244461059570e-01
-3.537422120571136475e-01
-6.944336891174316406e-01
-5.773288607597351074e-01
1.452306866645812988e+00
1.079048752784729004e+00
3.033252358436584473e-01
-8.879523277282714844e-01
-1.180436134338378906e+00
6.881392598152160645e-01
-6.033166050910949707e-01
-6.272456049919128418e-01
6.187229752540588379e-01
-1.214818358421325684e+00
-4.639872610569000244e-01
1.371739983558654785e+00
8.955196738243103027e-01
9.196386486291885376e-02
2.454580545425415039e+00
-1.357753515243530273e+00
1.228433012962341309e+00
1.312544703483581543e+00
-8.132143616676330566e-01
-6.041231155395507812e-01
5.167810320854187012e-01
5.924386978149414062e-01
-1.026819944381713867e+00
-4.202177822589874268e-01
-1.458080857992172241e-01
5.655273050069808960e-02
7.921556830406188965e-01
6.139258146286010742e-01
2.599738538265228271e-01
8.330640792846679688e-01
1.070685833692550659e-01
1.456080317497253418e+00
-6.204611063003540039e-01
-1.201024651527404785e+00
7.278568297624588013e-02
6.473466753959655762e-01
3.589031398296356201e-01
1.793467253446578979e-01
-9.831626899540424347e-03
5.527209639549255371e-01
1.480051755905151367e+00
7.459911108016967773e-01
-4.075351953506469727e-01
1.759404391050338745e-01
7.584202885627746582e-01
2.909138500690460205e-01
1.847399950027465820e+00
-6.781240105628967285e-01
-9.530806541442871094e-01
5.478600859642028809e-01
-4.337650537490844727e-01
5.965832471847534180e-01
1.669537723064422607e-01
-6.541832685470581055e-01
-8.712570071220397949e-01
7.059854269027709961e-01
2.014163732528686523e-01
9.824044108390808105e-01
-7.782657742500305176e-01
9.491955041885375977e-01
1.079236268997192383e+00
5.273882746696472168e-01
-1.113867640495300293e+00
-3.168403506278991699e-01
-3.935641944408416748e-01
-4.451548457145690918e-01
-2.446366660296916962e-02
-2.651608884334564209e-01
3.469426929950714111e-01
-1.126770138740539551e+00
7.753886580467224121e-01
-9.694577008485794067e-02
-1.619027137756347656e+00
2.646446228027343750e-01
-1.873586893081665039e+00
-1.770720124244689941e+00
-1.703666448593139648e-01
1.885011434555053711e+00
-6.101151704788208008e-01
6.119486060924828053e-04
-2.918864786624908447e-01
-1.161242127418518066e-01
-3.891864418983459473e-01
-1.871306598186492920e-01
-1.806648492813110352e+00
-1.653027772903442383e+00
5.611035227775573730e-01
5.992617011070251465e-01
-7.297193408012390137e-01
2.319377064704895020e-01
2.877727448940277100e-01
1.454362154006958008e+00
9.909459352493286133e-01
2.635477781295776367e+00
-8.449000888504087925e-04
4.046451747417449951e-01
-3.406586945056915283e-01
-1.722592860460281372e-01
-1.584681421518325806e-01
-5.084150433540344238e-01
1.244820356369018555e+00
-1.886659115552902222e-01
4.123006016016006470e-02
-6.033312678337097168e-01
-3.744308054447174072e-01
1.372668594121932983e-01
-1.040981411933898926e-01
-1.011231765151023865e-01
7.795379161834716797e-01
6.467576622962951660e-01
-3.398058414459228516e-01
1.498070001602172852e+00
8.005625009536743164e-01
3.886415958404541016e-01
-1.064746737480163574e+00
2.223594933748245239e-01
-6.312057971954345703e-01
-1.358880639076232910e+00
4.072871506214141846e-01
-1.373831629753112793e+00
5.930622220039367676e-01
-3.333631455898284912e-01
-3.503887653350830078e-01
-5.241281390190124512e-01
1.781987249851226807e-01
-4.620565772056579590e-01
-1.164278760552406311e-01
4.690844416618347168e-01
5.790355801582336426e-01
-4.516317844390869141e-01
9.151767492294311523e-01
-1.938341110944747925e-01
-3.272041380405426025e-01
-6.208462715148925781e-01
1.211003303527832031e+00
-3.546717464923858643e-01
-4.212286770343780518e-01
-1.182659715414047241e-01
-3.833450078964233398e-01
4.471177756786346436e-01
2.755135595798492432e-01
-1.441509008407592773e+00
3.128606081008911133e-01
-8.222302794456481934e-01
-1.222461342811584473e+00
-6.412221491336822510e-02
-5.146135687828063965e-01
8.461365848779678345e-02
1.636307597160339355e+00
6.224375963211059570e-01
-1.626564741134643555e+00
-2.760802768170833588e-02
-8.421015739440917969e-01
-1.717254042625427246e+00
-2.324138879776000977e-01
4.845670759677886963e-01
