-5.002881884574890137e-01
-4.763236939907073975e-01
3.507332131266593933e-02
6.514803767204284668e-01
-1.945379227399826050e-01
-2.831474542617797852e-01
-1.141946792602539062e+00
-1.072998762130737305e+00
9.593661874532699585e-02
-7.407230138778686523e-01
6.591571569442749023e-01
9.986205101013183594e-01
2.252203226089477539e-01
-2.754423618316650391e-01
3.799413442611694336e-01
3.246194422245025635e-01
1.645473390817642212e-01
-6.795093417167663574e-01
3.561305999755859375e-01
-1.587956666946411133e+00
2.879066467285156250e-01
7.169883251190185547e-01
5.236585065722465515e-02
-1.150863528251647949e+00
1.031098604202270508e+00
-2.298497259616851807e-01
2.465350925922393799e-01
-1.249730467796325684e+00
-1.110393285751342773e+00
-8.234851956367492676e-01
-1.342691779136657715e-01
2.155318558216094971e-01
1.801039338111877441e+00
1.335714817047119141e+00
-2.626679241657257080e-01
-3.736608624458312988e-01
-2.372407317161560059e-01
3.661067485809326172e-01
7.463911771774291992e-01
-7.424671649932861328e-01
8.378205448389053345e-02
-3.310444951057434082e-02
6.146245598793029785e-01
-4.829499521292746067e-04
1.190987229347229004e+00
-6.414914727210998535e-01
5.600229501724243164e-01
6.350371837615966797e-01
-1.288964748382568359e-01
-6.320406794548034668e-01
2.271831184625625610e-01
4.440123736858367920e-01
-5.161886811256408691e-01
-2.336496114730834961e-01
4.502466022968292236e-01
3.757520914077758789e-01
9.751666188240051270e-01
-1.417845487594604492e+00
-4.167421758174896240e-01
1.032736420631408691e+00
1.174620985984802246e+00
-3.928323090076446533e-01
6.284640431404113770e-01
7.293480038642883301e-01
-3.155738413333892822e-01
-4.272524714469909668e-01
-3.666146695613861084e-01
6.824741959571838379e-01
7.686812877655029297e-01
8.171390295028686523e-01
6.007803678512573242e-01
2.554553151130676270e-01
-6.649487614631652832e-01
2.957963943481445312e-01
-6.808429360389709473e-01
-2.265750646591186523e+00
1.502822190523147583e-01
-4.651192724704742432e-01
1.261878013610839844e-01
-1.388990432024002075e-01
4.102712571620941162e-01
6.335771083831787109e-01
-1.695477813482284546e-01
-8.139273524284362793e-01
-3.955602943897247314e-01
-4.708772301673889160e-01
-1.968273520469665527e-02
8.486857414245605469e-01
-1.818336963653564453e+00
1.676577478647232056e-01
5.550674200057983398e-01
-1.805365383625030518e-01
6.110315322875976562e-01
2.060090191662311554e-02
-8.553961664438247681e-02
-7.873978614807128906e-01
-1.030533552169799805e+00
-6.056107580661773682e-02
-1.720668077468872070e-01
3.192735612392425537e-01
1.226620197296142578e+00
-5.103017687797546387e-01
-6.253048777580261230e-01
-2.614786148071289062e+00
3.980312645435333252e-01
1.077747702598571777e+00
-2.285085320472717285e-01
2.302569627761840820e+00
-3.549454510211944580e-01
7.521577477455139160e-01
2.548709213733673096e-01
3.845303952693939209e-01
-4.951338768005371094e-01
1.426078438758850098e+00
-8.321992307901382446e-02
7.809192538261413574e-01
-1.181098103523254395e+00
1.170445680618286133e+00
-1.331426620483398438e+00
-2.621600866317749023e+00
9.196996092796325684e-01
1.215769350528717041e-01
-7.694578915834426880e-02
-4.602474868297576904e-01
-3.497820496559143066e-01
-6.758873164653778076e-02
-7.185305356979370117e-01
-4.208582639694213867e-01
-1.100468158721923828e+00
-5.802992582321166992e-01
3.505424857139587402e-01
7.733564376831054688e-01
-1.299880981445312500e+00
1.501473188400268555e+00
7.931033521890640259e-02
8.276173472404479980e-01
-1.026266694068908691e+00
-7.257652878761291504e-01
-2.924442768096923828e+00
2.292336225509643555e+00
-1.001547574996948242e+00
1.827452659606933594e+00
-1.640329837799072266e+00
-1.623985409736633301e+00
-8.053216338157653809e-02
1.151368856430053711e+00
-6.204239130020141602e-01
5.726500749588012695e-01
5.032221674919128418e-01
3.341840803623199463e-01
7.505346536636352539e-01
3.151429295539855957e-01
-6.968630552291870117e-01
-8.405744433403015137e-01
8.565312027931213379e-01
-7.495793700218200684e-02
-9.994226098060607910e-01
9.922899007797241211e-01
5.317231416702270508e-01
6.936604976654052734e-01
-8.115904331207275391e-01
-1.430263519287109375e+00
1.000545844435691833e-01
9.475514888763427734e-01
-8.491650223731994629e-01
7.416661977767944336e-01
7.134232521057128906e-01
1.846767544746398926e+00
1.305648684501647949e+00
3.466789424419403076e-01
-4.915251433849334717e-01
-4.655444994568824768e-02
-1.069358706474304199e+00
-1.037607550621032715e+00
-9.195613861083984375e-01
2.666629552841186523e-01
-3.164380192756652832e-01
8.320124149322509766e-01
-1.737699866294860840e+00
7.082861065864562988e-01
7.065541744232177734e-01
-1.169257909059524536e-01
-6.007604002952575684e-01
-1.748160481452941895e+00
6.091363430023193359e-01
-4.526792839169502258e-02
1.024949789047241211e+00
-2.162954807281494141e+00
-1.204709112644195557e-01
4.438763856887817383e-02
-5.829260945320129395e-01
9.844066947698593140e-02
-2.537912726402282715e-01
1.965130925178527832e+00
-1.732227057218551636e-01
3.948267400264739990e-01
5.212206244468688965e-01
3.817860782146453857e-02
5.804544687271118164e-01
1.168606877326965332e+00
-1.324846148490905762e-01
-3.982096910476684570e-01
3.852265775203704834e-01
3.333583474159240723e-01
-1.723413914442062378e-01
5.401359200477600098e-01
4.180530607700347900e-01
1.350094556808471680e+00
6.278178654611110687e-03
7.971457242965698242e-01
2.296856194734573364e-01
5.489087104797363281e-01
-1.971297979354858398e+00
4.673876166343688965e-01
1.625784993171691895e+00
1.156174317002296448e-01
-9.954795241355895996e-01
2.409168779850006104e-01
-4.425531625747680664e-01
3.068177700042724609e-01
1.130819767713546753e-01
-1.305031180381774902e-01
-6.405043005943298340e-01
5.585312843322753906e-01
-1.085134029388427734e+00
-2.935139648616313934e-02
9.226338863372802734e-01
-7.428240031003952026e-02
-2.940471768379211426e-01
-1.229748368263244629e+00
-2.915301918983459473e-01
2.199497669935226440e-01
8.267157077789306641e-01
-3.148019909858703613e-01
-1.019555807113647461e+00
1.741435050964355469e+00
-1.204710379242897034e-01
6.255381107330322266e-01
2.101043611764907837e-01
3.333929181098937988e-01
-1.024260446429252625e-01
-1.528883934020996094e+00
-3.891363739967346191e-01
5.652802437543869019e-02
-1.242419958114624023e+00
-8.340167999267578125e-01
-1.122120395302772522e-01
-9.291159510612487793e-01
1.104833126068115234e+00
7.715682983398437500e-01
-2.867137491703033447e-01
-5.548951029777526855e-01
-8.305973410606384277e-01
6.611117720603942871e-01
-2.456336319446563721e-01
9.204699844121932983e-02
8.196730017662048340e-01
2.304156571626663208e-01
-1.452557593584060669e-01
8.663246631622314453e-01
1.283627748489379883e+00
-6.223581433296203613e-01
-9.850896596908569336e-01
-1.722805261611938477e+00
-1.544009685516357422e+00
6.740444898605346680e-01
-2.461239695549011230e-01
-1.607098817825317383e+00
-1.379641294479370117e+00
2.963190078735351562e-01
1.199955463409423828e+00
-6.557379364967346191e-01
5.177552103996276855e-01
-3.415304124355316162e-01
1.374998986721038818e-01
-1.051487445831298828e+00
8.615519404411315918e-01
1.178595781326293945e+00
-5.053980350494384766e-01
-1.103073656558990479e-01
-1.938487887382507324e+00
1.054332684725522995e-02
8.594646453857421875e-01
-1.247779130935668945e-01
1.314542889595031738e+00
7.269342541694641113e-01
-8.023415207862854004e-01
-8.709713220596313477e-01
6.757369637489318848e-02
1.348571181297302246e-01
7.172424793243408203e-01
-6.968263387680053711e-01
-6.715930700302124023e-01
1.850553870201110840e+00
-3.886304795742034912e-01
-1.582345008850097656e+00
-3.981198966503143311e-01
-1.557562708854675293e+00
1.435029983520507812e+00
-4.950623810291290283e-01
-4.415642321109771729e-01
8.706166744232177734e-01
-6.679341197013854980e-01
8.152320981025695801e-01
-5.768753290176391602e-01
-3.092403113842010498e-01
4.443129897117614746e-01
2.752254903316497803e-01
5.058609843254089355e-01
1.993084996938705444e-01
-2.972185611724853516e-01
-1.191210269927978516e+00
-1.027260780334472656e+00
5.227568745613098145e-01
1.806635856628417969e-01
1.788987312465906143e-03
-1.295479089021682739e-01
-1.114702522754669189e-01
-4.435586556792259216e-02
-6.612181067466735840e-01
1.183522462844848633e+00
-2.302479743957519531e-02
-9.986410737037658691e-01
1.836319714784622192e-01
3.334946036338806152e-01
1.838070392608642578e+00
-2.899904727935791016e+00
-5.915113687515258789e-01
5.281686782836914062e-01
-1.587399363517761230e+00
-7.565318942070007324e-01
-5.347871184349060059e-01
-1.313721656799316406e+00
-2.388216972351074219e+00
-5.998657550662755966e-03
-4.348849654197692871e-01
2.010890394449234009e-01
9.096243977546691895e-02
6.835555285215377808e-02
7.258646488189697266e-01
-2.544491291046142578e-01
-7.438551187515258789e-01
7.269781231880187988e-01
8.929325938224792480e-01
1.888717174530029297e+00
5.474181175231933594e-01
5.310374498367309570e-01
-4.555528163909912109e-01
4.512940943241119385e-01
4.031462967395782471e-01
1.662632226943969727e-01
-7.196874618530273438e-01
-3.962467908859252930e-01
2.109330594539642334e-01
-1.717833876609802246e+00
2.781235277652740479e-01
-3.797981142997741699e-01
2.987813949584960938e-02
1.267056167125701904e-01
9.620026350021362305e-01
1.526268243789672852e+00
1.207410931587219238e+00
4.045963883399963379e-01
-1.141656875610351562e+00
-7.924810647964477539e-01
5.914715528488159180e-01
-1.845908015966415405e-01
3.812441527843475342e-01
-1.839714288711547852e+00
5.743885636329650879e-01
-1.808597803115844727e+00
-1.640311032533645630e-01
7.573460340499877930e-01
8.823003768920898438e-01
-1.519118547439575195e-01
6.017132401466369629e-01
1.966063737869262695e+00
-4.332142770290374756e-01
4.645448029041290283e-01
-1.329719424247741699e-01
-1.673563718795776367e-01
2.035824507474899292e-01
-1.522268801927566528e-01
-8.876603841781616211e-01
-1.898828446865081787e-01
-2.792633771896362305e-01
7.991077303886413574e-01
-5.858841538429260254e-01
-1.467869132757186890e-01
-1.493019312620162964e-01
1.716685652732849121e+00
7.837279438972473145e-01
-9.770452976226806641e-01
-7.807409018278121948e-02
1.272987723350524902e-01
5.293358564376831055e-01
1.712560355663299561e-01
-1.497587800025939941e+00
-9.150993227958679199e-01
-2.962556779384613037e-01
3.881891071796417236e-01
-2.660321474075317383e+00
-1.986464381217956543e+00
-8.339058756828308105e-01
-1.716203093528747559e-01
7.318236678838729858e-02
2.559113800525665283e-01
-9.530645608901977539e-01
-3.861466050148010254e-01
7.670769095420837402e-01
1.061785578727722168e+00
-1.394148945808410645e+00
3.975456357002258301e-01
-2.714228034019470215e-01
7.455446124076843262e-01
-9.552332758903503418e-02
-1.584299094974994659e-02
3.266574740409851074e-01
-1.648426800966262817e-01
8.372471332550048828e-01
-8.772988319396972656e-01
-9.172993153333663940e-02
1.023877739906311035e+00
-7.556899785995483398e-01
-4.195721745491027832e-01
2.566965520381927490e-01
-9.512749910354614258e-01
3.586298227310180664e-01
7.189717888832092285e-01
5.201082229614257812e-01
-7.981065511703491211e-01
-1.338300704956054688e+00
2.765958011150360107e-01
-3.291262686252593994e-01
-1.173947215080261230e+00
-9.996195435523986816e-01
5.222280025482177734e-01
-2.339456319808959961e+00
1.340347170829772949e+00
-7.226805686950683594e-01
1.109755158424377441e+00
3.371115922927856445e-01
1.112396642565727234e-01
3.309773504734039307e-01
1.384044885635375977e-01
2.706094682216644287e-01
-4.956524670124053955e-01
3.954348564147949219e-01
1.120215207338333130e-01
3.352098762989044189e-01
-8.678032755851745605e-01
-2.404397428035736084e-01
1.086950898170471191e+00
-1.714210748672485352e+00
-8.950358033180236816e-01
1.575598955154418945e+00
8.531658649444580078e-01
-7.582914233207702637e-01
-1.593610271811485291e-02
-1.756784081459045410e+00
-5.385078787803649902e-01
-4.132105112075805664e-01
1.109818100929260254e+00
6.169753074645996094e-01
-1.141857385635375977e+00
2.498685419559478760e-01
-1.145474195480346680e+00
-6.661450266838073730e-01
1.053009152412414551e+00
3.426107168197631836e-01
7.723063230514526367e-01
1.128039121627807617e+00
1.611710667610168457e+00
9.131960272789001465e-01
7.070911526679992676e-01
-4.443352818489074707e-01
-5.727198719978332520e-01
7.595528364181518555e-01
4.861761033535003662e-01
-1.041530609130859375e+00
8.148239850997924805e-01
-2.073267549276351929e-01
1.867465972900390625e-01
2.512881904840469360e-02
7.415440082550048828e-01
-2.102241665124893188e-01
1.005842924118041992e+00
9.568125605583190918e-01
1.419764637947082520e+00
-1.666117429733276367e+00
1.183682203292846680e+00
-5.499910116195678711e-01
2.965320646762847900e-01
1.851579844951629639e-01
7.349067926406860352e-01
2.251558238640427589e-03
-1.077819585800170898e+00
-6.193414926528930664e-01
-7.814909219741821289e-01
4.685117602348327637e-01
7.399063706398010254e-01
1.206723153591156006e-01
-2.454138994216918945e-01
-4.789207279682159424e-01
6.313522458076477051e-01
1.203515082597732544e-01
1.479341030120849609e+00
-1.011233568191528320e+00
5.720745921134948730e-01
-1.177116155624389648e+00
-2.686725258827209473e-01
-4.183199405670166016e-01
-2.033213712275028229e-02
6.574862450361251831e-02
2.241291254758834839e-01
-4.324691742658615112e-02
2.011595964431762695e+00
-7.617495059967041016e-01
3.477350473403930664e-01
-4.606770277023315430e-01
1.724620342254638672e+00
2.197708845138549805e+00
2.213006168603897095e-01
1.467530131340026855e+00
-9.947414994239807129e-01
7.082835435867309570e-01
-7.358083724975585938e-01
-9.613258838653564453e-01
-6.730013489723205566e-01
3.873669728636741638e-02
-2.354500815272331238e-02
8.149493485689163208e-02
2.732616662979125977e-02
2.639667689800262451e-01
6.485243439674377441e-01
-2.524097681045532227e+00
1.170942783355712891e+00
-5.280613303184509277e-01
-4.534235000610351562e-01
-7.716977596282958984e-01
1.487959474325180054e-01
-9.017984271049499512e-01
-3.480072617530822754e-01
8.045533895492553711e-01
-2.776697874069213867e-01
2.355963230133056641e+00
-1.193004380911588669e-02
7.980557680130004883e-01
-1.637044310569763184e+00
4.399420917034149170e-01
7.428893446922302246e-01
6.135386824607849121e-01
-1.273814201354980469e+00
1.437087804079055786e-01
6.181729435920715332e-01
-2.324075937271118164e+00
-1.437113285064697266e+00
8.491714596748352051e-01
6.267472505569458008e-01
-1.322462558746337891e-01
6.415968537330627441e-01
1.713221788406372070e+00
1.125382445752620697e-02
-2.172579169273376465e-01
1.205694079399108887e+00
-3.942255973815917969e-01
-5.022603869438171387e-01
1.215612173080444336e+00
6.686045527458190918e-01
4.489566087722778320e-01
-1.387705087661743164e+00
1.349829196929931641e+00
-1.548173427581787109e+00
-1.563164442777633667e-01
9.389222860336303711e-01
4.528156518936157227e-01
5.203315019607543945e-01
-5.377191901206970215e-01
9.132637828588485718e-02
5.135958641767501831e-02
-7.708016633987426758e-01
6.730500459671020508e-01
-4.584816843271255493e-02
-1.299235820770263672e+00
1.414034008979797363e+00
-1.913503259420394897e-01
-3.437584340572357178e-01
9.258857965469360352e-01
-1.347027182579040527e+00
-7.728846073150634766e-01
7.176653295755386353e-02
-8.269866704940795898e-01
-5.702808499336242676e-01
-4.985797703266143799e-01
7.562000751495361328e-01
-2.121499300003051758e+00
-1.098283007740974426e-01
-2.463123202323913574e-01
-5.318783968687057495e-02
-1.033043637871742249e-01
3.553585112094879150e-01
-1.916831851005554199e+00
-4.988229274749755859e-01
-2.231056541204452515e-01
-4.275554716587066650e-01
6.921496391296386719e-01
-1.176826119422912598e+00
-1.374622106552124023e+00
-2.252558469772338867e-01
-1.475202798843383789e+00
-1.185829758644104004e+00
-9.608033895492553711e-01
2.460071563720703125e+00
1.018384814262390137e+00
4.144958779215812683e-02
-1.118618607521057129e+00
-1.340273141860961914e+00
1.335907876491546631e-01
7.497987747192382812e-01
-4.492483437061309814e-01
5.174843668937683105e-01
-3.091506659984588623e-01
7.228518724441528320e-01
1.079723238945007324e+00
-5.182715654373168945e-01
2.473112344741821289e-01
1.895642399787902832e+00
-4.410336315631866455e-01
9.282652735710144043e-01
3.425401449203491211e-01
-2.147501409053802490e-01
-1.029554605484008789e+00
1.130582690238952637e-01
-9.710541367530822754e-01
-4.368675351142883301e-01
3.105877935886383057e-01
-7.759430408477783203e-01
1.467188596725463867e-01
7.413772344589233398e-01
-9.327957630157470703e-01
4.850805699825286865e-01
1.230289697647094727e+00
8.870519697666168213e-02
1.529782056808471680e+00
5.471985340118408203e-01
-1.034385323524475098e+00
7.690757047384977341e-03
9.818524122238159180e-02
2.615066170692443848e-01
3.741168379783630371e-01
-6.677486300468444824e-01
-1.042392134666442871e+00
3.699150383472442627e-01
1.056655168533325195e+00
9.342775940895080566e-01
9.691650271415710449e-01
6.064741015434265137e-01
8.276633024215698242e-01
1.344775557518005371e+00
-3.113767206668853760e-01
-7.648720741271972656e-01
6.239016056060791016e-01
-9.557584524154663086e-01
9.735358953475952148e-01
-3.122175335884094238e-01
-6.304216980934143066e-01
-2.082903683185577393e-01
7.750999927520751953e-01
1.111661434173583984e+00
9.533262848854064941e-01
-1.416599988937377930e+00
5.665917992591857910e-01
7.780550718307495117e-01
3.695438504219055176e-01
-7.378307580947875977e-01
3.520733416080474854e-01
6.566120982170104980e-01
-1.504626572132110596e-01
-1.808124780654907227e-02
1.873275041580200195e-01
8.533470630645751953e-01
-2.989332675933837891e-01
5.491392612457275391e-01
-1.453709304332733154e-01
-1.255337893962860107e-01
3.183943331241607666e-01
-1.528070330619812012e+00
-1.841097712516784668e+00
-3.599147498607635498e-01
1.027570247650146484e+00
-2.880031764507293701e-01
-2.184198051691055298e-01
-5.523419380187988281e-01
-8.356669545173645020e-01
-5.395163893699645996e-01
-4.089603722095489502e-01
-1.060447216033935547e+00
-2.081141948699951172e+00
6.540533155202865601e-02
6.028310060501098633e-01
-5.833349823951721191e-01
2.990120053291320801e-01
9.350593090057373047e-01
1.727137565612792969e+00
3.033255636692047119e-01
1.546273350715637207e+00
1.205113530158996582e-01
2.101540863513946533e-01
-3.076806366443634033e-01
-6.081512570381164551e-01
3.995022177696228027e-01
-8.167384266853332520e-01
2.546168565750122070e+00
1.142365206032991409e-02
3.064372241497039795e-01
-1.080384612083435059e+00
-1.353622078895568848e+00
-2.559834718704223633e-01
2.946561872959136963e-01
-2.224105596542358398e-01
1.085416793823242188e+00
-6.715520620346069336e-01
-2.873878180980682373e-01
7.846187949180603027e-01
1.593117713928222656e-01
7.956405878067016602e-01
-9.319767951965332031e-01
7.467299103736877441e-01
-2.029268145561218262e-01
-7.304742336273193359e-01
6.002296209335327148e-01
-1.813085079193115234e+00
-6.931660175323486328e-01
8.647186756134033203e-01
-1.098175048828125000e-01
-1.408895015716552734e+00
5.206111073493957520e-01
-7.542866468429565430e-01
2.519335746765136719e-01
4.229021370410919189e-01
1.673170447349548340e+00
-9.313139915466308594e-01
4.855796396732330322e-01
-3.118298575282096863e-02
-6.951659321784973145e-01
-6.074025034904479980e-01
8.090568184852600098e-01
-9.050562977790832520e-01
-6.842080354690551758e-01
7.154259085655212402e-01
-5.005379915237426758e-01
8.197604119777679443e-02
3.201947808265686035e-01
-4.297732114791870117e-01
5.728038549423217773e-01
-7.159231901168823242e-01
-9.581239223480224609e-01
-6.500691920518875122e-02
3.783741891384124756e-01
4.110529273748397827e-02
2.093539237976074219e+00
-1.525959968566894531e-01
-1.090133666992187500e+00
-2.177878767251968384e-01
-2.034016609191894531e+00
-1.114004135131835938e+00
2.507426142692565918e-01
9.470335841178894043e-01
