-1.224424958229064941e+00
3.171074092388153076e-01
-3.210611343383789062e-01
6.188637018203735352e-01
-5.746228098869323730e-01
9.015332460403442383e-01
-1.120477437973022461e+00
1.399122774600982666e-01
-1.343657970428466797e-01
7.406555116176605225e-02
1.756851911544799805e+00
4.484974145889282227e-01
-3.211523592472076416e-01
-7.298502326011657715e-01
1.530158966779708862e-01
-7.682156562805175781e-02
6.525897979736328125e-01
6.713472604751586914e-01
-8.445559144020080566e-01
-5.361848473548889160e-01
4.690565764904022217e-01
-1.346481740474700928e-01
7.518199682235717773e-01
5.018051341176033020e-02
1.438186645507812500e+00
-1.963373124599456787e-01
2.827467620372772217e-01
-1.652610301971435547e+00
-3.879388868808746338e-01
-6.668239235877990723e-01
6.891555190086364746e-01
3.518479168415069580e-01
1.231694936752319336e+00
9.152709841728210449e-01
9.254779219627380371e-01
-1.296315491199493408e-01
-8.748369812965393066e-01
5.278565883636474609e-01
-9.749407321214675903e-02
-1.214702367782592773e+00
-2.784286737442016602e-01
6.193251609802246094e-01
5.516304373741149902e-01
1.126025438308715820e+00
2.685104906558990479e-01
2.932641422376036644e-03
-6.302477717399597168e-01
8.457426428794860840e-01
-1.668592691421508789e-01
-6.386435627937316895e-01
7.240518927574157715e-03
-4.965592622756958008e-01
-2.503783404827117920e-01
-9.256988167762756348e-01
-6.768109798431396484e-01
-5.591495633125305176e-01
1.662158489227294922e+00
-3.957970440387725830e-01
-5.702004432678222656e-01
-2.461423873901367188e-01
-1.680289208889007568e-02
-1.620281636714935303e-01
1.003604173660278320e+00
2.291423529386520386e-01
4.162887036800384521e-01
7.538223266601562500e-01
1.577384211122989655e-02
-5.785356089472770691e-02
6.901071071624755859e-01
1.922788321971893311e-01
5.084563493728637695e-01
-3.859467506408691406e-01
-1.686613559722900391e+00
3.264352381229400635e-01
-1.338104248046875000e+00
-1.938212633132934570e+00
-1.501393675804138184e+00
-1.073689460754394531e+00
-1.491144597530364990e-01
2.841993868350982666e-01
4.182546734809875488e-01
-5.554446578025817871e-01
-9.907352179288864136e-02
3.917753100395202637e-01
-5.411764383316040039e-01
6.025234460830688477e-01
-5.492064729332923889e-02
-1.811437457799911499e-01
-1.901677250862121582e+00
3.871761858463287354e-01
-3.913384675979614258e-02
6.121768429875373840e-02
-4.183036684989929199e-01
-3.460226058959960938e-01
1.246630474925041199e-01
-8.827508985996246338e-02
-1.184780225157737732e-01
-1.238216012716293335e-01
1.496044993400573730e-01
1.490175127983093262e-01
1.876908540725708008e+00
-1.299369215965270996e+00
6.248855590820312500e-01
-2.758700609207153320e+00
-4.418488442897796631e-01
-4.014434292912483215e-02
2.308938056230545044e-01
2.266134500503540039e+00
-1.404648721218109131e-01
1.356530904769897461e+00
2.575121521949768066e-01
3.774102330207824707e-01
-1.166426539421081543e+00
1.427563309669494629e+00
-5.827029943466186523e-01
1.286358237266540527e+00
-2.740989446640014648e+00
9.394857287406921387e-01
-2.300107479095458984e+00
-2.380086660385131836e+00
-2.507124543190002441e-01
-4.148341715335845947e-01
8.238694071769714355e-01
-8.187425322830677032e-03
4.460693001747131348e-01
-1.099198460578918457e+00
2.559137046337127686e-01
1.016615569824352860e-04
-1.324624180793762207e+00
-8.652072548866271973e-01
-2.800780534744262695e-01
3.415032923221588135e-01
-7.466469407081604004e-01
-2.664466202259063721e-01
7.065228223800659180e-01
-4.690978527069091797e-01
-1.592564940452575684e+00
-1.705383658409118652e-01
-2.117542028427124023e+00
3.202130496501922607e-01
3.854961395263671875e-01
7.289485335350036621e-01
-5.604372620582580566e-01
-1.756679654121398926e+00
-6.402373313903808594e-01
-5.450031757354736328e-01
-1.845546625554561615e-02
5.621928572654724121e-01
2.380296438932418823e-01
6.616418957710266113e-01
-3.625574111938476562e-01
8.902865648269653320e-01
-3.353017568588256836e-01
-8.739095181226730347e-02
1.949499994516372681e-01
-4.643285274505615234e-01
-1.716847896575927734e+00
1.967396497726440430e+00
-8.772959560155868530e-02
3.026240170001983643e-01
-1.448418974876403809e+00
-8.448522686958312988e-01
-2.661738693714141846e-01
-5.454333126544952393e-02
2.574653364717960358e-02
5.341685414314270020e-01
8.776245713233947754e-01
2.160670280456542969e+00
2.157289505004882812e+00
-3.276949748396873474e-02
6.247032880783081055e-01
-1.451373696327209473e+00
-1.174967527389526367e+00
-4.847737550735473633e-01
-8.716757297515869141e-01
-2.964060306549072266e-01
-2.138028144836425781e-01
8.801804780960083008e-01
-1.644428849220275879e+00
2.987408936023712158e-01
-4.767151474952697754e-01
8.148920536041259766e-01
8.181391954421997070e-01
-1.859820485115051270e+00
-3.704698383808135986e-01
-1.479399085044860840e+00
2.203834772109985352e+00
-1.926102995872497559e+00
-6.075209975242614746e-01
4.633318483829498291e-01
-1.008668780326843262e+00
-4.175123870372772217e-01
-3.498311638832092285e-01
1.608012914657592773e+00
-3.019309602677822113e-02
2.002284049987792969e+00
8.012810945510864258e-01
1.032374143600463867e+00
2.075630128383636475e-01
1.317470550537109375e+00
-7.875190675258636475e-02
-1.264827132225036621e+00
-4.959862232208251953e-01
-7.563153505325317383e-01
6.843267083168029785e-01
1.642190933227539062e+00
8.119932562112808228e-02
1.395299196243286133e+00
-1.201014965772628784e-01
2.599364891648292542e-02
1.227524638175964355e+00
-1.827892214059829712e-01
3.216024041175842285e-01
2.055995315313339233e-01
8.674297332763671875e-01
-6.104884743690490723e-01
-1.476542353630065918e-01
3.009276092052459717e-01
-1.050409913063049316e+00
7.561441659927368164e-01
-9.920549988746643066e-01
5.255159139633178711e-01
-3.961276412010192871e-01
-1.586603373289108276e-01
-1.574179887771606445e+00
1.960531324148178101e-01
1.695550680160522461e+00
-1.551608562469482422e+00
-3.006258010864257812e-01
-1.382862448692321777e+00
-3.564420044422149658e-01
-1.837238818407058716e-01
6.839832067489624023e-01
7.158204913139343262e-02
-1.223718523979187012e+00
1.562137603759765625e+00
-4.182785376906394958e-02
2.160359732806682587e-02
-1.947517991065979004e-01
6.851995587348937988e-01
-6.696637272834777832e-01
2.546676099300384521e-01
-8.462221026420593262e-01
6.906396746635437012e-01
5.153843387961387634e-02
2.550787031650543213e-01
-1.046242594718933105e+00
-8.898721933364868164e-01
1.124579831957817078e-01
-2.612368017435073853e-02
5.374825596809387207e-01
-5.122750401496887207e-01
4.464976117014884949e-02
9.061220884323120117e-01
-1.507371783256530762e+00
-1.036670923233032227e+00
1.540995836257934570e+00
-3.510014116764068604e-01
-1.951361298561096191e-01
4.008707031607627869e-02
7.326213717460632324e-01
1.448753178119659424e-01
-3.456175923347473145e-01
-6.398676037788391113e-01
-6.004737019538879395e-01
8.364098668098449707e-01
-2.427315562963485718e-01
-1.235446214675903320e+00
-5.950583815574645996e-01
-4.363888129591941833e-02
6.079104542732238770e-01
-2.453822940587997437e-01
3.163599595427513123e-02
-2.417536675930023193e-01
-2.732666134834289551e-01
-1.009676098823547363e+00
2.165750116109848022e-01
1.527924776077270508e+00
-7.985746264457702637e-01
-1.491433009505271912e-02
-1.257934927940368652e+00
-2.275570482015609741e-01
2.446273341774940491e-02
6.985047459602355957e-01
6.130151748657226562e-01
-5.692705512046813965e-01
-2.083366066217422485e-01
-6.918404698371887207e-01
6.466765403747558594e-01
-2.739893496036529541e-01
-1.374338269233703613e-01
-5.949212908744812012e-01
9.416242130100727081e-03
1.247493624687194824e+00
1.100741982460021973e+00
-6.117804348468780518e-02
-2.438941895961761475e-01
-1.996199972927570343e-02
1.191503643989562988e+00
-5.256597399711608887e-01
-5.035494565963745117e-01
8.210687637329101562e-01
-7.294105291366577148e-01
7.652088403701782227e-01
-1.384901404380798340e+00
-4.499968588352203369e-01
-4.955981969833374023e-01
1.336961269378662109e+00
6.575439572334289551e-01
7.091039419174194336e-01
4.859107434749603271e-01
-1.777451753616333008e+00
-1.059153199195861816e+00
-9.518516063690185547e-01
6.796846538782119751e-02
2.234424948692321777e-01
-1.229601427912712097e-01
-1.560263872146606445e+00
5.874301195144653320e-01
-1.666035294532775879e+00
5.883892774581909180e-01
7.668547630310058594e-01
3.026220500469207764e-01
9.218200445175170898e-01
6.538768410682678223e-01
-5.056234002113342285e-01
-1.596065998077392578e+00
-9.376689791679382324e-01
6.497904658317565918e-01
-2.918069660663604736e-01
-4.007400479167699814e-03
1.806027293205261230e-01
-1.674215078353881836e+00
-1.060231804847717285e+00
-4.825691878795623779e-01
-6.070122718811035156e-01
-7.710272073745727539e-02
-1.012946724891662598e+00
7.705864906311035156e-01
-3.313193023204803467e-01
4.473513960838317871e-01
-8.087297677993774414e-01
8.949091434478759766e-01
3.389193713665008545e-01
1.885576128959655762e+00
8.874192833900451660e-01
2.192762494087219238e-01
1.920694708824157715e-01
-2.924816608428955078e-01
3.842485249042510986e-01
6.576715707778930664e-01
-4.359560012817382812e-01
-7.924724817276000977e-01
1.018288373947143555e+00
-8.655222058296203613e-01
1.048613786697387695e+00
-1.061790585517883301e+00
-1.316318631172180176e+00
-6.818414330482482910e-01
1.247600674629211426e+00
4.225956201553344727e-01
1.305779933929443359e+00
1.526186335831880569e-02
-6.104063391685485840e-01
1.003056764602661133e-01
2.640397846698760986e-01
1.358989328145980835e-01
9.835484027862548828e-01
-1.113175034523010254e+00
1.224087402224540710e-01
-1.651069521903991699e+00
6.330818533897399902e-01
-1.144000530242919922e+00
2.604713141918182373e-01
1.160977244377136230e+00
1.655827611684799194e-01
1.778516173362731934e-01
-1.062524169683456421e-01
-7.787995040416717529e-03
2.990988828241825104e-02
-6.958429515361785889e-02
-5.281957983970642090e-01
-1.489131599664688110e-01
-7.569527626037597656e-01
-1.270968556404113770e+00
-9.653431773185729980e-01
2.454959154129028320e+00
6.733695268630981445e-01
-3.713356256484985352e-01
5.348599553108215332e-01
1.997249603271484375e+00
6.973833441734313965e-01
1.385922908782958984e+00
-2.550376057624816895e-01
-2.881081998348236084e-01
1.952354758977890015e-01
-3.321764767169952393e-01
-1.398477673530578613e+00
-1.474178433418273926e+00
-6.070322394371032715e-01
1.798844151198863983e-02
-1.870783686637878418e+00
-9.377545118331909180e-01
-1.513343453407287598e+00
2.657774090766906738e-01
-1.052607774734497070e+00
-3.107235729694366455e-01
9.696458280086517334e-02
-2.435356527566909790e-01
1.908753991127014160e+00
7.721478343009948730e-01
-1.649951338768005371e+00
1.872084438800811768e-01
3.239118158817291260e-01
-1.461462974548339844e-01
1.444382667541503906e-01
-7.632551193237304688e-01
-1.891417354345321655e-01
3.005627393722534180e-01
2.461020946502685547e+00
2.128364890813827515e-01
-1.167087443172931671e-02
1.185744032263755798e-01
1.189732700586318970e-01
-4.236703813076019287e-01
-2.002710849046707153e-01
1.049130335450172424e-01
7.684719562530517578e-01
9.850639700889587402e-01
5.237424969673156738e-01
2.432997673749923706e-01
-1.632224917411804199e+00
-2.022538661956787109e+00
-1.282520145177841187e-01
1.211984604597091675e-01
-8.061497211456298828e-01
-5.969894528388977051e-01
-9.894391894340515137e-01
1.036815285682678223e+00
-4.764230847358703613e-01
1.209395885467529297e+00
8.176161050796508789e-01
7.901991009712219238e-01
9.850315451622009277e-01
8.749032020568847656e-01
-2.251943107694387436e-03
-5.054529905319213867e-01
9.151496291160583496e-01
-1.864161193370819092e-01
3.004109859466552734e-01
9.073387831449508667e-02
1.382116794586181641e+00
6.496848464012145996e-01
-1.250229001045227051e+00
-1.237178087234497070e+00
-9.885614365339279175e-02
1.244252547621726990e-01
-3.545727133750915527e-01
6.606221199035644531e-01
1.120331883430480957e-01
6.402735710144042969e-01
-4.736295044422149658e-01
-4.005620256066322327e-02
9.141877293586730957e-01
-1.421671271324157715e+00
2.718373239040374756e-01
-5.722526311874389648e-01
-3.388625383377075195e-01
1.646421074867248535e+00
-1.188940286636352539e+00
7.115713953971862793e-01
2.977077007293701172e+00
1.789495348930358887e+00
-4.540154635906219482e-01
2.467939406633377075e-01
1.912922859191894531e-01
-3.475563228130340576e-01
1.549813151359558105e+00
7.136229872703552246e-01
-2.600543498992919922e-01
6.698688268661499023e-01
-2.099579721689224243e-01
-3.882094323635101318e-01
4.038118720054626465e-01
2.707744836807250977e-01
-3.765481710433959961e-02
9.614497423171997070e-01
5.155522823333740234e-01
-1.649965941905975342e-01
-1.777678728103637695e-01
1.177369356155395508e+00
-2.794299721717834473e-01
3.540896773338317871e-01
-2.536994218826293945e-01
1.251486301422119141e+00
2.613214217126369476e-02
2.421389520168304443e-01
4.963452517986297607e-01
-7.738885283470153809e-01
9.587607383728027344e-01
2.530687153339385986e-01
8.476915955543518066e-01
-3.607035875320434570e-01
1.271762251853942871e+00
7.703846693038940430e-01
4.049768447875976562e-01
1.093739628791809082e+00
-1.129475116729736328e+00
9.963389635086059570e-01
-1.468313336372375488e+00
1.263783216476440430e+00
1.968838870525360107e-01
4.624511003494262695e-01
3.135794997215270996e-01
5.684295892715454102e-01
-4.089753627777099609e-01
-1.658158004283905029e-01
-2.974935770034790039e-01
-5.242835730314254761e-02
-4.025875031948089600e-01
1.157102823257446289e+00
1.639054894447326660e+00
-8.178939819335937500e-01
9.354435801506042480e-01
-5.749817490577697754e-01
-9.211077094078063965e-01
6.073457002639770508e-02
-3.871507644653320312e-01
9.714863449335098267e-02
-1.009166479110717773e+00
-1.760255098342895508e+00
3.532784581184387207e-01
2.599718272686004639e-01
9.316031336784362793e-01
1.140881702303886414e-01
-1.140652298927307129e+00
2.624140977859497070e-01
2.198091745376586914e-01
-2.445977210998535156e+00
-7.492904663085937500e-01
-1.052442863583564758e-01
-7.920761108398437500e-01
8.626374006271362305e-01
1.070307716727256775e-01
-7.602647542953491211e-01
2.040713787078857422e+00
1.844707317650318146e-02
3.453115820884704590e-01
-1.733310103416442871e+00
-6.135990619659423828e-01
1.634309440851211548e-01
2.227284908294677734e-01
-1.954324126243591309e+00
7.600379586219787598e-01
1.423998236656188965e+00
-1.990755051374435425e-01
-3.591442108154296875e-01
1.342179775238037109e+00
-6.263596564531326294e-02
-7.467269897460937500e-01
9.929240345954895020e-01
-7.708091288805007935e-02
-3.985099494457244873e-01
2.108512967824935913e-01
-2.349025905132293701e-01
-2.399115324020385742e+00
-1.453659892082214355e+00
5.750500410795211792e-02
-3.774671554565429688e-01
-6.748920679092407227e-01
-8.436396718025207520e-01
1.115244984626770020e+00
-1.847203135490417480e+00
-2.337475419044494629e-01
2.231124639511108398e-01
1.899846345186233521e-01
-2.080144137144088745e-01
-1.680857539176940918e+00
-6.335794925689697266e-02
-3.836610317230224609e-01
-7.573330998420715332e-01
7.857120037078857422e-01
-1.115248426795005798e-01
-5.764365196228027344e-01
1.217954874038696289e+00
-2.533190250396728516e-01
-1.108659505844116211e+00
1.084577441215515137e+00
-9.082733392715454102e-01
-1.387328624725341797e+00
3.069520294666290283e-01
-1.463498026132583618e-01
-9.768887758255004883e-01
5.450137853622436523e-01
1.439312815666198730e+00
-2.029327630996704102e+00
-1.767290830612182617e-01
2.849732935428619385e-01
1.018529772758483887e+00
8.123519420623779297e-01
4.126035273075103760e-01
-1.378347992897033691e+00
-3.194504976272583008e-01
8.631208539009094238e-02
-4.971036911010742188e-01
1.237062573432922363e+00
-6.277681589126586914e-01
-1.883633732795715332e-01
-6.327338218688964844e-01
-1.327999591827392578e+00
-1.681047081947326660e-01
-5.232580900192260742e-01
1.151310563087463379e+00
1.042012214660644531e+00
7.515304684638977051e-01
1.171674504876136780e-01
-7.776350378990173340e-01
6.993616223335266113e-01
1.804266870021820068e-01
-4.582466483116149902e-01
1.038204431533813477e+00
-2.421087622642517090e-01
2.256949692964553833e-01
-4.181543290615081787e-01
-6.307229995727539062e-01
8.142394423484802246e-01
1.994089007377624512e+00
-1.375645160675048828e+00
1.664581060409545898e+00
-1.476883769035339355e+00
-4.211665391921997070e-01
-3.321065604686737061e-01
1.942092627286911011e-01
5.790733695030212402e-01
-2.337561607360839844e+00
-1.943843662738800049e-01
9.359473735094070435e-02
6.995054334402084351e-02
9.402249455451965332e-01
3.495343625545501709e-01
-1.564696192741394043e+00
9.549787640571594238e-01
-2.677099406719207764e-01
1.017488956451416016e+00
-2.094110846519470215e-01
-6.927484273910522461e-01
3.211957216262817383e-01
7.677049040794372559e-01
1.097814917564392090e+00
-2.411622405052185059e-01
4.421105682849884033e-01
-2.982249557971954346e-01
1.181921005249023438e+00
5.527809858322143555e-01
1.501241445541381836e+00
7.148060798645019531e-01
-5.294944643974304199e-01
8.529153466224670410e-01
-1.743462383747100830e-01
6.637802720069885254e-02
2.272246479988098145e-01
-1.108465418219566345e-01
-9.752631187438964844e-01
7.714374065399169922e-01
-7.316287755966186523e-01
5.128286406397819519e-02
-1.044264078140258789e+00
-3.501053750514984131e-01
5.370820164680480957e-01
1.420794725418090820e+00
-1.254034399986267090e+00
9.414584040641784668e-01
2.459816187620162964e-01
-3.231293335556983948e-02
-8.022326231002807617e-01
-8.536440730094909668e-01
8.456230163574218750e-02
6.006190553307533264e-02
4.565288312733173370e-03
9.355835318565368652e-01
4.466395378112792969e-01
9.145591408014297485e-03
2.525307238101959229e-01
-6.148177757859230042e-02
-1.179195523262023926e+00
4.454169273376464844e-01
-4.424742460250854492e-01
-9.623904824256896973e-01
6.268536448478698730e-01
9.437390565872192383e-01
-1.021154318004846573e-02
-2.298184782266616821e-01
-1.049753546714782715e+00
-5.017278790473937988e-01
3.639503419399261475e-01
1.888770908117294312e-01
-6.069709062576293945e-01
-1.446196317672729492e+00
3.169172257184982300e-02
6.403729319572448730e-01
3.320211768150329590e-01
-2.656345814466476440e-02
1.044099807739257812e+00
-1.039833873510360718e-01
7.807590961456298828e-01
4.871380329132080078e-01
2.141487747430801392e-01
6.044722199440002441e-01
4.628466367721557617e-01
-3.860260546207427979e-01
1.305916905403137207e+00
-1.889936804771423340e+00
9.433375597000122070e-01
-6.980657577514648438e-01
1.080903530120849609e+00
3.463666653260588646e-03
1.473223268985748291e-01
1.015504956245422363e+00
-3.901140987873077393e-01
4.516761004924774170e-01
-1.533591598272323608e-01
2.857146784663200378e-02
-5.474330782890319824e-01
1.498076796531677246e+00
-2.722373902797698975e-01
7.195118069648742676e-01
-9.606486558914184570e-01
5.205538868904113770e-01
6.189683675765991211e-01
-1.454705357551574707e+00
-2.346812188625335693e-01
-6.928417682647705078e-01
-4.992883205413818359e-01
2.352509945631027222e-01
3.757602721452713013e-02
-2.103667706251144409e-02
6.547838449478149414e-02
-1.992672562599182129e+00
5.082843899726867676e-01
1.132634520530700684e+00
1.051412224769592285e+00
-9.561336636543273926e-01
-4.023285955190658569e-02
4.149124622344970703e-01
-5.199004709720611572e-02
-9.820362329483032227e-01
-2.920698225498199463e-01
-1.197228193283081055e+00
-1.483831554651260376e-01
1.746940851211547852e+00
-7.674824595451354980e-01
-4.903447926044464111e-01
1.205443963408470154e-01
-3.555938601493835449e-01
3.652860522270202637e-01
2.607555687427520752e-01
1.073526665568351746e-01
6.312173604965209961e-01
9.315925836563110352e-01
1.840348541736602783e-02
1.239485383033752441e+00
9.952839612960815430e-01
-1.335384488105773926e+00
-6.079273819923400879e-01
-1.631087422370910645e+00
-2.577905178070068359e+00
-6.584537625312805176e-01
4.360210895538330078e-01
