-1.323236584663391113e+00
3.938432782888412476e-02
-1.807803511619567871e-01
8.457684516906738281e-01
-2.757734954357147217e-01
-2.220747172832489014e-01
-8.323360085487365723e-01
-4.081649482250213623e-01
1.305361539125442505e-01
8.117644786834716797e-01
2.221178293228149414e+00
1.005820035934448242e+00
-3.649426102638244629e-01
-4.831030964851379395e-02
1.991600729525089264e-02
-3.356568813323974609e-01
9.491387605667114258e-01
3.857237100601196289e-01
-2.537059038877487183e-02
-2.481779903173446655e-01
3.411015272140502930e-01
3.722498416900634766e-01
4.683467745780944824e-01
-7.583379745483398438e-01
1.478414177894592285e+00
-4.182312488555908203e-01
-4.518682509660720825e-02
-7.190216183662414551e-01
-3.329032957553863525e-01
-1.041161298751831055e+00
4.068716168403625488e-01
-1.065059900283813477e-01
1.613460659980773926e+00
1.828516364097595215e+00
-1.848481446504592896e-01
-6.182808279991149902e-01
-1.611387133598327637e+00
1.027598261833190918e+00
-4.828874170780181885e-01
-1.887148499488830566e+00
7.978395558893680573e-03
2.710633575916290283e-01
1.203730702400207520e+00
1.155217528343200684e+00
6.562948226928710938e-01
-6.005946993827819824e-01
-6.750172972679138184e-01
9.608999490737915039e-01
3.551387414336204529e-02
-1.062413334846496582e+00
-3.487770259380340576e-01
2.854697108268737793e-01
-1.015984177589416504e+00
-8.966262340545654297e-01
3.307847976684570312e-01
-5.515895485877990723e-01
6.973564028739929199e-01
-1.232022523880004883e+00
-2.632020413875579834e-01
1.154650568962097168e+00
3.573475778102874756e-01
2.214246243238449097e-01
8.060927502810955048e-03
6.894859485328197479e-03
6.338355690240859985e-02
9.580427408218383789e-01
1.476023495197296143e-01
-7.888624668121337891e-01
9.857622981071472168e-01
2.319500893354415894e-01
1.777594238519668579e-01
-1.489412188529968262e-01
-1.411364555358886719e+00
2.922755479812622070e-01
-5.150827765464782715e-01
-6.652370095252990723e-01
-1.024354174733161926e-01
-6.883540153503417969e-01
1.349000096321105957e+00
9.853734374046325684e-01
-7.269942760467529297e-02
3.013146817684173584e-01
1.675941748544573784e-03
-1.785694807767868042e-01
-6.356738209724426270e-01
4.328039884567260742e-01
4.047768563032150269e-02
4.395537972450256348e-01
-1.813405871391296387e+00
5.257251262664794922e-01
3.847013115882873535e-01
-5.247098207473754883e-01
-1.489526331424713135e-01
-1.168988108634948730e+00
2.768843173980712891e-01
-5.087517499923706055e-01
2.002680897712707520e-01
-7.403619885444641113e-01
6.165011525154113770e-01
-1.402062475681304932e-01
1.403614878654479980e+00
-9.679393768310546875e-01
-3.016180992126464844e-01
-1.819340944290161133e+00
-1.461680382490158081e-01
2.565222382545471191e-01
3.919725771993398666e-03
1.999374866485595703e+00
-1.524445973336696625e-02
1.653689384460449219e+00
1.019946336746215820e+00
2.935506403446197510e-01
-1.061885952949523926e+00
1.637948155403137207e+00
-2.248294204473495483e-01
4.421107769012451172e-01
-1.888471364974975586e+00
1.611294388771057129e+00
-1.068040966987609863e+00
-2.558103561401367188e+00
4.375084340572357178e-01
4.928604662418365479e-01
1.004310488700866699e+00
7.359305024147033691e-02
-2.437889873981475830e-01
2.127491980791091919e-01
-1.846850663423538208e-01
-2.621597349643707275e-01
-3.117895424365997314e-01
7.380096614360809326e-02
1.838708221912384033e-01
4.524714648723602295e-01
-1.057329177856445312e+00
7.347759008407592773e-01
7.199576497077941895e-01
2.522447109222412109e-01
-2.304554432630538940e-01
3.109084069728851318e-01
-1.631048917770385742e+00
7.940220832824707031e-01
1.336865544319152832e+00
1.089718118309974670e-01
-1.436407327651977539e+00
-7.127806544303894043e-01
-9.330117702484130859e-01
2.680047452449798584e-01
-1.101322412490844727e+00
-1.663472354412078857e-01
4.413790106773376465e-01
4.289098978042602539e-01
-2.738227844238281250e-01
6.294767856597900391e-01
-1.587626576423645020e+00
9.679887890815734863e-01
-1.059276387095451355e-01
-3.608471751213073730e-01
-1.700501680374145508e+00
8.302855491638183594e-01
2.804544568061828613e-01
1.235639080405235291e-01
-8.256504535675048828e-01
-1.523234605789184570e+00
-1.492800423875451088e-03
7.480924725532531738e-01
-2.025551050901412964e-01
-3.001193404197692871e-01
-2.420485168695449829e-01
3.470485210418701172e+00
1.139956712722778320e+00
-4.493501037359237671e-02
1.985729932785034180e-01
-5.110128521919250488e-01
-3.784680068492889404e-01
-4.087238609790802002e-01
-9.817769527435302734e-01
-4.683902487158775330e-02
-1.268694519996643066e+00
1.785255193710327148e+00
-1.480644106864929199e+00
9.500679969787597656e-01
9.883694350719451904e-02
3.249307274818420410e-01
4.831990301609039307e-01
-1.441325426101684570e+00
9.309427440166473389e-02
-6.041777133941650391e-01
1.273920774459838867e+00
-1.724580883979797363e+00
-7.935011982917785645e-01
5.157900452613830566e-01
-1.202295660972595215e+00
3.789925575256347656e-01
-2.744916081428527832e-01
1.234621167182922363e+00
4.527988377958536148e-03
2.052125930786132812e+00
-1.002280339598655701e-01
9.756560325622558594e-01
5.851746797561645508e-01
1.010630249977111816e+00
-1.242321655154228210e-01
-7.896244525909423828e-01
3.887090981006622314e-01
-4.468789994716644287e-01
3.741532266139984131e-01
8.078607320785522461e-01
-2.926016151905059814e-01
8.046635389328002930e-01
-1.888688802719116211e-01
-7.862774729728698730e-01
-5.258416533470153809e-01
-1.048084348440170288e-01
-1.276025772094726562e+00
7.043280601501464844e-01
1.259459733963012695e+00
-8.769218623638153076e-02
-8.277921080589294434e-01
-2.267843186855316162e-01
-1.053645968437194824e+00
6.136429905891418457e-01
1.006110981106758118e-01
-1.866860747337341309e+00
-6.347433924674987793e-01
4.497623071074485779e-02
-1.764953255653381348e+00
2.618942260742187500e-01
1.828381419181823730e+00
-7.892811298370361328e-01
5.694656968116760254e-01
-7.272444367408752441e-01
-9.207059741020202637e-01
-2.108973264694213867e-02
5.376648902893066406e-01
8.817353844642639160e-01
-1.218153119087219238e+00
1.238425970077514648e+00
-9.885379076004028320e-01
3.443671464920043945e-01
-1.148844480514526367e+00
-4.054364562034606934e-01
-2.680803835391998291e-01
-1.573856949806213379e+00
-1.535660505294799805e+00
4.830734729766845703e-01
2.144985198974609375e-01
-5.077486634254455566e-01
-4.203836023807525635e-01
-1.453671097755432129e+00
1.542350500822067261e-01
-1.393136084079742432e-01
-4.384875595569610596e-01
-1.797461658716201782e-01
1.589548349380493164e+00
1.042986750602722168e+00
-4.801519513130187988e-01
-1.283321082592010498e-01
1.474110245704650879e+00
5.021936297416687012e-01
-1.231690570712089539e-01
2.737682759761810303e-01
1.166772603988647461e+00
7.013636827468872070e-01
1.800037324428558350e-01
-9.698113054037094116e-02
-5.222551822662353516e-01
-4.573323726654052734e-01
-3.463037014007568359e-01
-1.589417219161987305e+00
-5.179863572120666504e-01
-4.425016343593597412e-01
5.262345671653747559e-01
-5.798164606094360352e-01
1.315076351165771484e+00
-1.536900281906127930e+00
-5.432823300361633301e-01
-8.395473957061767578e-01
6.347448229789733887e-01
1.007957220077514648e+00
-7.550204992294311523e-01
-7.387621402740478516e-01
-9.206975102424621582e-01
-3.075007200241088867e-01
9.720318913459777832e-01
5.253614187240600586e-01
4.649873971939086914e-01
1.269987672567367554e-01
7.080894708633422852e-02
-1.231959581375122070e+00
4.567558467388153076e-01
1.608991771936416626e-01
3.494561016559600830e-01
-1.460361361503601074e+00
-6.241165995597839355e-01
1.497047305107116699e+00
1.601438045501708984e+00
5.619966983795166016e-01
-6.069568991661071777e-01
-4.674195349216461182e-01
8.825693726539611816e-01
-3.605778217315673828e-01
4.486525058746337891e-01
1.215640306472778320e+00
-7.308799028396606445e-01
8.868549466133117676e-01
2.616339623928070068e-01
1.820007115602493286e-01
3.442848622798919678e-01
1.252595067024230957e+00
1.959488242864608765e-01
6.286525726318359375e-01
6.079119443893432617e-01
-1.867976307868957520e+00
-7.698469758033752441e-01
-6.500113606452941895e-01
8.510027825832366943e-02
1.149210929870605469e+00
-1.416215151548385620e-01
-1.051747083663940430e+00
1.417590379714965820e+00
-1.665862679481506348e+00
2.216984629631042480e-01
-1.526931047439575195e+00
-2.984290122985839844e-01
2.106891274452209473e-01
7.563911676406860352e-01
-3.428750932216644287e-01
-2.309053421020507812e+00
-3.985597789287567139e-01
5.733489990234375000e-01
-6.770869493484497070e-01
-4.173489212989807129e-01
1.729329973459243774e-01
-1.444199919700622559e+00
-4.369120299816131592e-01
-1.065004825592041016e+00
-1.661573350429534912e-01
1.098297715187072754e+00
5.472375452518463135e-02
5.238342285156250000e-01
6.321115652099251747e-04
-4.658777117729187012e-01
-1.006248950958251953e+00
-9.657461643218994141e-01
-6.247177124023437500e-01
1.470569968223571777e+00
1.532068252563476562e+00
7.246361970901489258e-01
2.532537281513214111e-01
3.634634912014007568e-01
4.606887102127075195e-01
1.523597817867994308e-02
1.920556277036666870e-01
-1.344993591308593750e+00
1.571640670299530029e-01
-6.625413298606872559e-01
9.251368641853332520e-01
-9.257996082305908203e-01
-7.047259211540222168e-01
-7.573535442352294922e-01
1.747710108757019043e+00
5.610113143920898438e-01
1.106886982917785645e+00
2.283889949321746826e-01
-4.238559305667877197e-01
-3.483785986900329590e-01
-2.016479521989822388e-01
2.545485496520996094e-01
4.854035675525665283e-01
-8.863549828529357910e-01
3.265668079257011414e-02
-9.964461326599121094e-01
-5.406989455223083496e-01
1.978435814380645752e-01
9.417876601219177246e-01
1.140324354171752930e+00
-4.744883179664611816e-01
9.889305233955383301e-01
-6.426219940185546875e-01
-9.377329051494598389e-02
-2.772092223167419434e-01
6.718884706497192383e-01
-6.546477675437927246e-01
-1.592436879873275757e-01
-6.033999919891357422e-01
-5.736151933670043945e-01
-1.948553442955017090e+00
2.263200044631958008e+00
-8.397380262613296509e-02
6.697884798049926758e-01
6.504795551300048828e-01
1.990037798881530762e+00
4.259863495826721191e-01
-3.586198985576629639e-01
-9.994702935218811035e-01
-2.554386258125305176e-01
-3.615080714225769043e-01
2.298979014158248901e-01
-1.743576407432556152e+00
-1.072040319442749023e+00
6.160230040550231934e-01
5.369187146425247192e-02
-2.498084783554077148e+00
-1.008721351623535156e+00
-1.875574707984924316e+00
1.017188668251037598e+00
-3.373982310295104980e-01
-2.772329747676849365e-01
4.252336025238037109e-01
-1.649243086576461792e-01
2.027753829956054688e+00
9.170336127281188965e-01
-1.591304063796997070e+00
6.685153841972351074e-01
-2.220749855041503906e-01
-1.287539958953857422e+00
-1.142919063568115234e+00
2.180486440658569336e+00
8.283547759056091309e-01
-5.129356384277343750e-01
5.987690091133117676e-01
3.312959671020507812e-01
-4.392723441123962402e-01
-2.066229581832885742e-01
1.057217717170715332e+00
-1.117590904235839844e+00
1.889044046401977539e-02
-5.579029321670532227e-01
9.576785564422607422e-01
-7.771237492561340332e-01
8.525869846343994141e-01
2.302066087722778320e-01
-1.986674785614013672e+00
-2.865356445312500000e+00
-1.250466853380203247e-01
1.827467978000640869e-01
-5.163197517395019531e-01
2.555057108402252197e-01
-1.443809866905212402e+00
1.312533259391784668e+00
-3.252888321876525879e-01
4.032122492790222168e-01
7.369766235351562500e-01
9.752649664878845215e-01
1.611757516860961914e+00
-1.352964788675308228e-01
-1.027541458606719971e-01
-3.523890674114227295e-01
1.023082494735717773e+00
3.190424144268035889e-01
3.767278492450714111e-01
-4.945890605449676514e-01
3.967440426349639893e-01
1.097590208053588867e+00
-2.049579620361328125e+00
-1.343237161636352539e+00
6.984969973564147949e-02
-6.643319725990295410e-01
-3.286596536636352539e-01
7.476877570152282715e-01
-1.412771224975585938e+00
-6.359249353408813477e-01
-1.075036168098449707e+00
8.833772540092468262e-01
3.786766827106475830e-01
-1.677043318748474121e+00
9.627664089202880859e-01
-5.496393442153930664e-01
-8.867244720458984375e-01
9.611121416091918945e-01
-1.499607443809509277e+00
1.042443871498107910e+00
1.375485420227050781e+00
2.172803878784179688e+00
-4.318515360355377197e-01
7.226086258888244629e-01
1.420581042766571045e-01
-4.809263050556182861e-01
2.304930835962295532e-01
-1.057266145944595337e-01
8.499028086662292480e-01
7.222933173179626465e-01
-5.482178926467895508e-01
-9.025120735168457031e-01
4.072676301002502441e-01
2.877978980541229248e-01
5.048211216926574707e-01
5.529807806015014648e-01
6.581012904644012451e-02
1.204104185104370117e+00
-9.768730401992797852e-01
8.702861070632934570e-01
-2.779339551925659180e-01
5.512495040893554688e-01
-6.036254167556762695e-01
1.364523172378540039e+00
4.587587714195251465e-01
-6.280829906463623047e-01
-2.177951335906982422e-01
-1.432789921760559082e+00
6.795238852500915527e-01
3.904854953289031982e-01
5.878275036811828613e-01
-4.427400529384613037e-01
4.348456561565399170e-01
9.152672886848449707e-01
1.695476770401000977e-01
7.516031265258789062e-01
-9.609915018081665039e-01
1.811596512794494629e+00
-1.675739169120788574e+00
-1.104226484894752502e-01
-3.899352252483367920e-01
5.830199718475341797e-01
-2.042854726314544678e-01
3.916507363319396973e-01
-1.311634421348571777e+00
1.397972181439399719e-02
-1.377758860588073730e+00
-7.810597419738769531e-01
1.170702353119850159e-01
1.081408500671386719e+00
1.638672590255737305e+00
-1.290703535079956055e+00
1.717424869537353516e+00
-5.003232359886169434e-01
-2.734487354755401611e-01
-7.929067313671112061e-02
5.721059441566467285e-02
1.799917817115783691e+00
-6.545045375823974609e-01
-9.155737161636352539e-01
-4.003975391387939453e-01
1.906068325042724609e-01
2.268061399459838867e+00
3.716105818748474121e-01
-1.569545507431030273e+00
-2.403116226196289062e-01
1.446397751569747925e-01
-1.866244971752166748e-01
-2.266530990600585938e-01
-1.081770658493041992e+00
-1.311811447143554688e+00
-6.454067230224609375e-01
6.263321042060852051e-01
-8.528102636337280273e-01
1.013473153114318848e+00
-6.770676374435424805e-02
1.892963498830795288e-01
-1.338859438896179199e+00
-3.889362514019012451e-01
9.064958095550537109e-01
1.668290734291076660e+00
-2.732913732528686523e+00
-9.994016885757446289e-01
1.032988190650939941e+00
-4.304680526256561279e-01
-4.431032538414001465e-01
1.659910082817077637e+00
1.551020890474319458e-01
-2.134958356618881226e-01
6.368675827980041504e-01
7.016258835792541504e-01
4.319927096366882324e-01
9.289820678532123566e-03
5.047054886817932129e-01
-2.042135477066040039e+00
-3.498854637145996094e-01
-6.303188204765319824e-01
4.373345151543617249e-02
-5.857676267623901367e-01
-3.301327824592590332e-01
-7.630032300949096680e-02
-1.497127532958984375e+00
2.218791842460632324e-01
-1.764527261257171631e-01
2.659611403942108154e-01
3.297321796417236328e-01
-1.429765701293945312e+00
5.126985907554626465e-01
-1.927821189165115356e-01
2.754091620445251465e-01
7.806391119956970215e-01
3.957792520523071289e-01
-1.681902408599853516e+00
2.155663728713989258e+00
6.667929887771606445e-01
-6.331343650817871094e-01
9.250010848045349121e-01
-8.597032427787780762e-01
-9.286785721778869629e-01
2.899546325206756592e-01
-1.728471219539642334e-01
-1.227921724319458008e+00
1.512462496757507324e+00
1.719680905342102051e+00
-2.029791355133056641e+00
6.900880336761474609e-01
-1.096365690231323242e+00
1.427899122238159180e+00
8.163287043571472168e-01
-2.149433642625808716e-01
-1.360673546791076660e+00
-2.860820591449737549e-01
1.551983058452606201e-01
-7.149749994277954102e-01
2.028053998947143555e+00
-9.120532870292663574e-01
-4.776032269001007080e-01
-1.387007534503936768e-01
-1.361667394638061523e+00
-6.275768280029296875e-01
-9.959058165550231934e-01
1.458974123001098633e+00
6.184253692626953125e-01
6.094184517860412598e-01
-1.534001827239990234e-01
-9.821689128875732422e-01
2.416094094514846802e-01
-3.261377811431884766e-01
-7.801185250282287598e-01
-1.434637159109115601e-01
-1.002617120742797852e+00
-5.939410328865051270e-01
4.503704607486724854e-01
1.044356301426887512e-01
1.110898405313491821e-01
2.105238914489746094e+00
-1.280909895896911621e+00
7.462777495384216309e-01
-1.163711696863174438e-01
-1.028474569320678711e+00
6.296206265687942505e-02
5.417613983154296875e-01
-6.308699846267700195e-01
-2.514688968658447266e+00
-1.263931632041931152e+00
7.436904907226562500e-01
4.387691915035247803e-01
1.386626482009887695e+00
1.131620630621910095e-01
-1.006704449653625488e+00
1.387794971466064453e+00
2.762355804443359375e-01
1.072049260139465332e+00
5.494839549064636230e-01
-1.569259166717529297e+00
2.816552519798278809e-01
1.069770574569702148e+00
3.948452696204185486e-02
8.260913491249084473e-01
1.410916209220886230e+00
-1.374813795089721680e+00
8.970383405685424805e-01
1.994610577821731567e-01
1.622215151786804199e+00
3.401437997817993164e-01
5.944329500198364258e-01
5.601915121078491211e-01
-7.448339462280273438e-01
1.476361304521560669e-01
2.702988088130950928e-01
7.581429481506347656e-01
-6.212521195411682129e-01
6.964043974876403809e-01
3.944483995437622070e-01
-7.465813755989074707e-01
-1.551389787346124649e-02
3.748884201049804688e-01
5.869814157485961914e-01
1.830046534538269043e+00
-7.783650755882263184e-01
-9.629587829113006592e-02
9.946777820587158203e-01
-2.433637976646423340e-01
-2.030295580625534058e-01
4.179794490337371826e-01
-3.315120637416839600e-01
-1.245275512337684631e-01
-2.727892436087131500e-02
3.893617093563079834e-01
-7.068482786417007446e-02
-5.346516370773315430e-01
6.929951310157775879e-01
-1.041120052337646484e+00
-9.744905233383178711e-01
1.433584690093994141e+00
6.131400913000106812e-02
-1.492517113685607910e+00
4.131823182106018066e-01
5.935971736907958984e-01
-1.065374255180358887e+00
7.112869620323181152e-02
-5.601909160614013672e-01
-6.684587001800537109e-01
-3.715554177761077881e-01
-3.260418176651000977e-01
-7.311515808105468750e-01
-1.681929230690002441e+00
-2.374158054590225220e-01
3.397872745990753174e-01
1.233132369816303253e-02
7.732228636741638184e-01
1.198003292083740234e+00
4.797442257404327393e-01
4.863291084766387939e-01
7.454793453216552734e-01
1.223619580268859863e-01
9.042516350746154785e-01
1.320638298988342285e+00
9.066961705684661865e-02
-1.100957393646240234e-01
-5.265913009643554688e-01
1.756477236747741699e+00
3.122008442878723145e-01
3.005730807781219482e-01
-1.278055906295776367e-01
2.559369504451751709e-01
6.563634276390075684e-01
7.565692067146301270e-02
2.557010054588317871e-01
2.173425853252410889e-01
2.571114897727966309e-01
-5.193595290184020996e-01
1.058450698852539062e+00
-3.580003082752227783e-01
7.452394962310791016e-01
-8.506864905357360840e-01
9.891223907470703125e-01
-5.842505097389221191e-01
-1.640073299407958984e+00
-5.210164468735456467e-03
-6.686513423919677734e-01
-7.197031378746032715e-01
-2.087177187204360962e-01
4.007474780082702637e-01
-4.163082242012023926e-01
8.966608345508575439e-02
-2.682539701461791992e+00
2.159813493490219116e-01
7.776314616203308105e-01
1.143753767013549805e+00
-8.296864628791809082e-01
-2.058293819427490234e-01
-1.169006824493408203e-01
-4.546328485012054443e-01
-4.972393214702606201e-01
-4.728965461254119873e-01
-8.795252442359924316e-01
-2.801543176174163818e-01
3.208493590354919434e-01
-1.380956649780273438e+00
-6.196136474609375000e-01
-4.435451924800872803e-01
5.985108613967895508e-01
4.736227691173553467e-01
-6.053835749626159668e-01
4.534476995468139648e-01
1.359247714281082153e-01
3.336356282234191895e-01
8.651109039783477783e-02
1.099127531051635742e+00
1.607230305671691895e+00
-2.449068784713745117e+00
-2.843076586723327637e-01
-4.949409961700439453e-01
-2.484493732452392578e+00
4.207082688808441162e-01
-4.675850570201873779e-01
