1.052546501159667969e-02
1.679058372974395752e-01
1.821767389774322510e-01
-1.124081373214721680e+00
-1.619845747947692871e+00
-2.276146709918975830e-01
-1.483642101287841797e+00
5.785430073738098145e-01
-9.371678829193115234e-01
-5.066678673028945923e-02
7.712159156799316406e-01
-2.580971419811248779e-01
-5.248590707778930664e-01
-1.899524331092834473e-01
7.436940670013427734e-01
2.066183835268020630e-01
-2.445321530103683472e-01
1.631442308425903320e+00
1.407370805740356445e+00
-7.736747264862060547e-01
1.169358938932418823e-01
2.120410919189453125e+00
8.676944971084594727e-01
-2.047777891159057617e+00
-1.539810657501220703e+00
-2.162445038557052612e-01
-1.221039772033691406e+00
1.354258656501770020e+00
-1.408684730529785156e+00
1.143232434988021851e-01
9.525312781333923340e-01
3.926606476306915283e-01
-3.133333027362823486e-01
-3.115629553794860840e-01
-6.897310912609100342e-02
-2.002692036330699921e-02
8.992931246757507324e-01
2.795902490615844727e-01
-2.222762346267700195e+00
-1.078463673591613770e+00
8.340855240821838379e-01
1.125604748725891113e+00
-1.692334651947021484e+00
1.397053897380828857e-01
5.307485461235046387e-01
2.842106819152832031e-01
-4.433726668357849121e-01
-8.009765744209289551e-01
5.684457421302795410e-01
-2.885287106037139893e-01
6.099092960357666016e-01
4.477599859237670898e-01
-4.012034833431243896e-02
-1.750406622886657715e-01
1.185230612754821777e+00
-5.831221342086791992e-01
5.371468663215637207e-01
-2.266837209463119507e-01
9.637400507926940918e-01
9.107639789581298828e-01
3.517530262470245361e-01
1.011500477790832520e+00
-6.886094808578491211e-01
6.718420982360839844e-01
1.910977624356746674e-02
-4.981956481933593750e-01
-1.191989779472351074e+00
2.620366215705871582e-01
-1.339354515075683594e-01
-5.883572697639465332e-01
-1.017872095108032227e+00
7.372494935989379883e-01
1.982151389122009277e+00
-5.550632476806640625e-01
8.407875150442123413e-02
-1.803297042846679688e+00
-8.464865088462829590e-01
1.572282016277313232e-01
1.559451371431350708e-01
-3.592700660228729248e-01
1.126866817474365234e+00
-2.003529816865921021e-01
-9.938654303550720215e-01
1.633862778544425964e-02
-4.939771592617034912e-01
7.678182721138000488e-01
-1.821105019189417362e-03
-2.539334893226623535e-01
-1.028625965118408203e-01
7.842760086059570312e-01
-1.693194508552551270e+00
-8.897975087165832520e-01
-6.683441400527954102e-01
2.233245819807052612e-01
4.728708043694496155e-02
-4.856033921241760254e-01
-4.757759273052215576e-01
4.370382428169250488e-01
-5.870953798294067383e-01
-1.074985265731811523e+00
2.020992338657379150e-01
1.432455629110336304e-01
5.267251133918762207e-01
-3.342625379562377930e+00
-1.981984376907348633e+00
1.040780067443847656e+00
4.310998618602752686e-01
1.276271462440490723e+00
-1.044129133224487305e-01
-1.869214475154876709e-01
3.147507309913635254e-01
5.600543022155761719e-01
6.078791022300720215e-01
7.344335913658142090e-01
-7.566000223159790039e-01
-7.100985050201416016e-01
9.774111509323120117e-01
-9.696189165115356445e-01
-4.958655834197998047e-01
4.783122539520263672e-01
5.151056647300720215e-01
4.382225573062896729e-01
1.691737920045852661e-01
4.456720948219299316e-01
-6.039121150970458984e-01
1.485232114791870117e+00
1.904935121536254883e+00
9.432225823402404785e-01
1.576721072196960449e+00
5.383388698101043701e-02
3.697952926158905029e-01
2.986331284046173096e-01
-3.244894444942474365e-01
-1.049515724182128906e+00
1.976520657539367676e+00
-8.582636117935180664e-01
8.942677080631256104e-02
-4.860577732324600220e-02
-3.757136464118957520e-01
1.447080731391906738e+00
1.009061455726623535e+00
-4.203455448150634766e-01
-1.171409368515014648e+00
5.711043477058410645e-01
-1.639515012502670288e-01
-7.033395767211914062e-02
2.257652729749679565e-01
-8.809395134449005127e-02
1.247995376586914062e+00
1.136797904968261719e+00
1.301323890686035156e+00
-8.785663843154907227e-01
3.590717017650604248e-01
8.999975770711898804e-02
-1.813771724700927734e-01
4.332572519779205322e-01
4.084576368331909180e-01
8.845696449279785156e-01
-5.146822929382324219e-01
-1.841947287321090698e-01
-4.241397976875305176e-01
-1.144307017326354980e+00
-9.104264378547668457e-01
-2.312702417373657227e+00
1.931082487106323242e+00
1.241193294525146484e+00
1.898402214050292969e+00
-1.385714650154113770e+00
1.427972167730331421e-01
1.743358731269836426e+00
-9.021216034889221191e-01
2.879842817783355713e-01
4.621052742004394531e-01
-9.258913993835449219e-01
-6.531550288200378418e-01
6.104235351085662842e-02
2.996406555175781250e-01
8.332836031913757324e-01
1.003027558326721191e+00
1.233955740928649902e+00
4.146057665348052979e-01
-1.165300831198692322e-01
-1.260908007621765137e+00
-7.586190104484558105e-01
3.446732759475708008e-01
-3.574763983488082886e-02
-6.015585660934448242e-01
-1.447756409645080566e+00
4.474255144596099854e-01
-6.075345873832702637e-01
-6.152962446212768555e-01
2.615710020065307617e+00
-4.624943435192108154e-01
8.287063241004943848e-02
-1.008161425590515137e+00
1.055685400962829590e+00
5.722168684005737305e-01
-7.940945625305175781e-01
6.083962321281433105e-01
-6.208360791206359863e-01
-1.709263205528259277e+00
-1.038470864295959473e+00
6.645609438419342041e-02
-2.006961107254028320e-01
4.677891135215759277e-01
-4.937173333019018173e-03
-3.308412432670593262e-02
-7.154662013053894043e-01
-3.209682703018188477e-01
6.145626902580261230e-01
5.159316658973693848e-01
-1.804204583168029785e+00
-7.246333956718444824e-01
9.982950687408447266e-01
-1.523605704307556152e+00
5.972114801406860352e-01
-1.911641836166381836e+00
5.965283513069152832e-01
-3.482733070850372314e-01
3.455047011375427246e-01
1.019898429512977600e-01
1.689503312110900879e+00
7.931811809539794922e-01
9.518747925758361816e-01
1.484574317932128906e+00
2.291064977645874023e+00
-8.903465867042541504e-01
-7.691316604614257812e-01
2.664648592472076416e-01
-6.982539594173431396e-02
7.487420439720153809e-01
-1.676659286022186279e-01
1.797927618026733398e-01
1.808316588401794434e+00
2.977798879146575928e-01
-7.460644841194152832e-02
-2.005046904087066650e-01
7.804455161094665527e-01
4.387196898460388184e-02
-7.714609503746032715e-01
7.066483497619628906e-01
1.169194877147674561e-01
1.402428746223449707e+00
-1.865972757339477539e+00
-7.338294982910156250e-01
-5.047811269760131836e-01
4.460881054401397705e-01
3.112770989537239075e-02
7.289350628852844238e-01
7.248718291521072388e-02
-1.337049245834350586e+00
-9.777690470218658447e-02
5.331626534461975098e-01
5.856531858444213867e-01
1.265669316053390503e-01
1.380284875631332397e-02
7.154198735952377319e-02
-8.621811270713806152e-01
4.224421977996826172e-01
-1.196106791496276855e+00
2.094766616821289062e+00
-1.405435055494308472e-02
-2.834922820329666138e-02
-2.447633743286132812e+00
3.473483920097351074e-01
6.679318547248840332e-01
6.528343558311462402e-01
4.041851758956909180e-01
1.938748061656951904e-01
-6.299972534179687500e-01
1.096533298492431641e+00
-1.524987816810607910e+00
1.370101213455200195e+00
3.398480415344238281e-01
-1.170848250389099121e+00
1.398640871047973633e+00
-1.105144545435905457e-01
8.375054597854614258e-01
-1.780353069305419922e+00
-7.726139426231384277e-01
-2.111579924821853638e-01
2.220917642116546631e-01
4.146428108215332031e-01
-2.097668886184692383e+00
-9.225181937217712402e-01
-1.246405541896820068e-01
7.953534722328186035e-01
2.719079852104187012e-01
5.670850276947021484e-01
9.781531989574432373e-02
-2.872182726860046387e-01
-5.300310254096984863e-01
1.259158253669738770e-01
-7.535462975502014160e-01
1.409753799438476562e+00
2.827479839324951172e-01
1.411831080913543701e-01
-2.005618959665298462e-01
-1.326522678136825562e-01
-6.862580180168151855e-01
4.381188154220581055e-01
1.526194214820861816e+00
1.311025738716125488e+00
-1.782809048891067505e-01
1.044015407562255859e+00
-6.318824887275695801e-01
1.803941577672958374e-01
7.005346417427062988e-01
-1.491928994655609131e-01
5.260806996375322342e-03
7.314118146896362305e-01
1.649041533470153809e+00
6.465590596199035645e-01
-1.613368153572082520e+00
2.490466594696044922e+00
-1.808597147464752197e-01
-1.384692788124084473e-01
8.127999305725097656e-01
-1.216210722923278809e+00
-2.726285457611083984e+00
-7.837108373641967773e-01
8.421589732170104980e-01
-1.964941501617431641e+00
-3.132197856903076172e-01
5.007254481315612793e-01
7.286335825920104980e-01
-4.768667817115783691e-01
-3.156090676784515381e-01
8.767530322074890137e-01
6.030321121215820312e-01
-5.015870332717895508e-01
5.865253210067749023e-01
9.864464402198791504e-01
-9.860610961914062500e-01
-8.449009805917739868e-02
2.664424180984497070e-01
7.377292513847351074e-01
5.707491636276245117e-01
-7.740877866744995117e-01
9.911397844552993774e-02
-3.893946707248687744e-01
2.724301218986511230e-01
-2.493775822222232819e-02
-1.293761730194091797e-01
7.191672325134277344e-01
2.146770358085632324e-01
-3.195327818393707275e-01
-7.496693730354309082e-02
9.426957964897155762e-01
-1.851029396057128906e+00
-9.982049465179443359e-01
-4.876157939434051514e-01
-1.662041783332824707e+00
1.380913138389587402e+00
8.108980208635330200e-02
-1.301870584487915039e+00
-2.091867685317993164e+00
-2.551791965961456299e-01
-1.044962644577026367e+00
9.249496459960937500e-02
-1.062252521514892578e-01
-1.200455874204635620e-01
-1.179968595504760742e+00
3.764928877353668213e-01
8.632429838180541992e-01
-2.238875180482864380e-01
-7.571705579757690430e-01
6.664147377014160156e-01
4.532314836978912354e-01
6.929918378591537476e-02
3.758079931139945984e-02
-1.538543403148651123e-01
7.661175131797790527e-01
-1.493414938449859619e-01
-7.930054068565368652e-01
-3.223289847373962402e-01
9.662863612174987793e-01
1.329280138015747070e-01
6.407083868980407715e-01
1.093952894210815430e+00
-2.059516906738281250e-01
-4.317297637462615967e-01
-1.569086164236068726e-01
6.038564443588256836e-02
-6.564363241195678711e-01
6.492210030555725098e-01
-5.926585942506790161e-02
7.278825044631958008e-01
-4.483237862586975098e-01
-1.920638382434844971e-01
1.545429527759552002e-01
4.097085297107696533e-01
-3.351694941520690918e-01
-2.609441578388214111e-01
-3.199001550674438477e-01
1.152202844619750977e+00
1.270039677619934082e+00
-5.398018360137939453e-01
-1.777021586894989014e-01
-8.262053132057189941e-01
-6.821377277374267578e-01
-1.510416865348815918e+00
-1.273341029882431030e-01
-2.982814423739910126e-02
1.958903908729553223e+00
-2.827295660972595215e-01
-1.418504212051630020e-02
-2.793315649032592773e-01
3.159233033657073975e-01
7.949790954589843750e-01
-1.981413662433624268e-01
-1.397415161132812500e+00
-5.280472636222839355e-01
1.472516059875488281e+00
-1.231457948684692383e+00
4.490686953067779541e-02
-2.950011968612670898e+00
4.030978307127952576e-02
-1.721746206283569336e+00
6.250331401824951172e-01
-9.150739312171936035e-01
-8.545393347740173340e-01
-3.817271292209625244e-01
1.511058807373046875e+00
7.052775621414184570e-01
-1.942248493432998657e-01
5.403998494148254395e-01
-1.021717190742492676e+00
9.480063319206237793e-01
-4.069540798664093018e-01
5.693206787109375000e-01
-1.129976630210876465e+00
6.059108376502990723e-01
-7.380095720291137695e-01
4.066225886344909668e-01
-3.278046548366546631e-01
7.275224924087524414e-01
7.977309823036193848e-01
1.422805935144424438e-01
-5.943719744682312012e-01
-4.726162850856781006e-01
1.186910867691040039e+00
1.139739230275154114e-01
5.925716757774353027e-01
-1.314020037651062012e+00
-2.528454363346099854e-01
-2.443161606788635254e-01
-1.461584925651550293e+00
-9.694235324859619141e-01
-6.013339161872863770e-01
1.387232303619384766e+00
-1.522079467773437500e+00
-4.336318075656890869e-01
-5.965898633003234863e-01
1.194122672080993652e+00
1.118704915046691895e+00
4.341916143894195557e-01
-3.086830973625183105e-01
5.084391683340072632e-02
3.726384937763214111e-01
-4.740700721740722656e-01
-1.411989450454711914e+00
1.522293090820312500e+00
6.758779883384704590e-01
-9.827980995178222656e-01
-7.361567616462707520e-01
-3.572287559509277344e-01
8.207092881202697754e-01
-2.631819725036621094e+00
1.548025906085968018e-01
8.357809185981750488e-01
5.410680174827575684e-01
-2.234435796737670898e+00
-5.215017199516296387e-01
4.176949560642242432e-01
5.889735817909240723e-01
7.491695135831832886e-02
-1.325032949447631836e+00
-1.112832307815551758e+00
1.276508808135986328e+00
-2.323892563581466675e-01
-9.386191964149475098e-01
1.014352291822433472e-01
-1.722918599843978882e-01
-1.495989203453063965e+00
7.176828384399414062e-01
-8.992434740066528320e-01
1.478290915489196777e+00
3.174491226673126221e-01
1.288820505142211914e+00
-2.858914136886596680e-01
-5.447553992271423340e-01
3.611263930797576904e-01
-4.405832588672637939e-01
-8.326489925384521484e-01
3.174031674861907959e-01
2.867707014083862305e-01
-4.508766531944274902e-01
1.670742154121398926e+00
1.061034560203552246e+00
3.995101451873779297e-01
1.712237834930419922e+00
6.091249585151672363e-01
1.699420362710952759e-01
9.794290065765380859e-01
9.475834369659423828e-01
8.344248533248901367e-01
1.024435997009277344e+00
8.635628968477249146e-03
-5.050887465476989746e-01
5.013805031776428223e-01
-5.135179758071899414e-01
5.818492919206619263e-02
-1.169975519180297852e+00
-1.258152961730957031e+00
6.979736685752868652e-01
1.335935592651367188e+00
-2.564040124416351318e-01
-8.718162029981613159e-02
-7.798762917518615723e-01
1.260776042938232422e+00
-3.523576557636260986e-01
1.026868700981140137e+00
2.162983179092407227e+00
-4.835327267646789551e-01
3.608685731887817383e-01
4.599204659461975098e-01
-1.278847813606262207e+00
-2.745618224143981934e-01
-8.610332012176513672e-01
3.208414092659950256e-02
-1.205379486083984375e+00
-1.057690024375915527e+00
-2.123570442199707031e+00
9.685381054878234863e-01
-2.365789413452148438e+00
2.034123837947845459e-01
2.864093184471130371e-01
5.637712478637695312e-01
-3.295350670814514160e-01
7.095677852630615234e-01
-7.203525900840759277e-01
2.319756895303726196e-01
1.077906321734189987e-02
-3.637717366218566895e-01
-6.028532981872558594e-01
-1.441829502582550049e-01
1.058357283473014832e-01
3.643278181552886963e-01
-6.026712656021118164e-01
-1.501759052276611328e+00
-2.605525851249694824e-01
1.097270846366882324e+00
2.122461080551147461e+00
-3.303597867488861084e-01
5.150560140609741211e-01
1.112282037734985352e+00
-6.531263589859008789e-01
-1.149749755859375000e+00
6.602750420570373535e-01
2.596131861209869385e-01
8.428596258163452148e-01
-1.082531690597534180e+00
2.399357557296752930e-01
4.622968733310699463e-01
-1.496319890022277832e+00
2.708433568477630615e-01
-1.110373884439468384e-01
5.170921981334686279e-02
-1.440570950508117676e+00
-1.086279630661010742e+00
-1.193795442581176758e+00
-9.235988855361938477e-01
1.266761302947998047e+00
-8.349846005439758301e-01
2.659956216812133789e-01
-2.450367212295532227e-01
8.295261114835739136e-02
-3.032470345497131348e-01
-8.606687188148498535e-01
1.312616229057312012e+00
1.012933701276779175e-01
-1.229309663176536560e-01
1.550185799598693848e+00
2.211012393236160278e-01
1.932737529277801514e-01
-1.524102240800857544e-01
1.010064601898193359e+00
-7.432027459144592285e-01
-1.238067597150802612e-01
-2.912643551826477051e-01
6.211438179016113281e-01
-1.237320303916931152e+00
-9.062312841415405273e-01
1.546815514564514160e+00
-1.230996474623680115e-01
-5.780701041221618652e-01
1.676533222198486328e-01
-1.366015076637268066e-01
-6.279504299163818359e-01
-1.085040688514709473e+00
-8.123528957366943359e-02
-1.211367249488830566e+00
1.634730547666549683e-01
2.973330616950988770e-01
1.655149012804031372e-01
1.937144756317138672e+00
6.599049568176269531e-01
2.860608100891113281e-01
5.356557965278625488e-01
4.311226606369018555e-01
-2.143864333629608154e-01
-2.655476033687591553e-01
9.152595996856689453e-01
-3.408052325248718262e-01
-1.374235391616821289e+00
-1.109292387962341309e+00
5.641151592135429382e-02
-3.231270313262939453e-01
-7.777621150016784668e-01
1.362802982330322266e-01
6.919456720352172852e-01
-8.225506544113159180e-01
-4.076328277587890625e-01
4.831198155879974365e-01
9.867678284645080566e-01
3.973649442195892334e-01
4.396639764308929443e-01
1.650912761688232422e+00
4.540783762931823730e-01
-1.249011516571044922e+00
-2.669153690338134766e+00
1.148943066596984863e+00
-1.161679148674011230e+00
4.683443531394004822e-02
-6.609058976173400879e-01
-3.059363961219787598e-01
7.808111906051635742e-01
-7.528300881385803223e-01
3.036527931690216064e-01
5.597248077392578125e-01
4.756470024585723877e-01
-3.417922556400299072e-01
-6.973294913768768311e-02
1.352397799491882324e+00
-1.789959549903869629e+00
6.982715129852294922e-01
-1.171901449561119080e-01
-9.788982570171356201e-02
-1.201819539070129395e+00
-2.622844696044921875e+00
5.394108295440673828e-01
3.915315866470336914e-01
-6.194546222686767578e-01
-1.581399559974670410e+00
-9.379744529724121094e-02
-1.098817706108093262e+00
-8.115654587745666504e-01
-1.073091030120849609e+00
-5.478699803352355957e-01
-5.785503983497619629e-02
-6.736173480749130249e-02
9.184423685073852539e-01
1.320486217737197876e-01
-6.685181856155395508e-01
-2.010202109813690186e-01
-6.026388406753540039e-01
2.215726822614669800e-01
-6.840594410896301270e-01
-4.836888611316680908e-01
-1.400052070617675781e+00
-6.642798781394958496e-01
-1.873778402805328369e-01
7.834668159484863281e-01
-3.272635936737060547e-01
-2.740064263343811035e-01
1.023391559720039368e-01
-7.418723106384277344e-01
-4.223833233118057251e-02
1.913644373416900635e-01
1.472523361444473267e-01
-1.979876905679702759e-01
4.436565637588500977e-01
1.731932401657104492e+00
-7.291089892387390137e-01
1.122500777244567871e+00
-1.440720915794372559e+00
5.612832307815551758e-01
-2.020102262496948242e+00
-5.404408574104309082e-01
-4.335435926914215088e-01
1.243730857968330383e-01
6.334030628204345703e-01
3.012500703334808350e-01
6.501721590757369995e-02
-6.242114305496215820e-01
2.370542585849761963e-01
-7.078900337219238281e-01
-7.245862507261335850e-04
-4.054627567529678345e-02
-2.677356898784637451e-01
-1.091478228569030762e+00
-2.109063863754272461e+00
-3.209436237812042236e-01
2.295954972505569458e-01
-9.236394427716732025e-03
7.048366069793701172e-01
1.066333413124084473e+00
-6.971944868564605713e-02
-5.156025663018226624e-02
1.134407445788383484e-01
-2.107423067092895508e+00
-5.306431055068969727e-01
1.268021106719970703e+00
1.743290871381759644e-01
3.790802881121635437e-02
4.280315339565277100e-01
-1.208281517028808594e+00
4.947396814823150635e-01
1.304859369993209839e-01
1.401610374450683594e-01
1.112452745437622070e+00
-1.959192156791687012e+00
7.894830703735351562e-01
-6.540416274219751358e-03
1.376001685857772827e-01
7.816492915153503418e-01
8.240558505058288574e-01
-3.612286150455474854e-01
-1.357901692390441895e+00
5.593354254961013794e-02
9.854747056961059570e-01
1.506268262863159180e+00
1.152742743492126465e+00
4.645580351352691650e-01
-3.695252537727355957e-01
9.924674630165100098e-01
-7.605274319648742676e-01
-3.433978259563446045e-01
-2.324514627456665039e+00
1.796937227249145508e+00
1.240206718444824219e+00
1.180628091096878052e-01
5.268301442265510559e-02
-8.061572909355163574e-01
-3.080215156078338623e-01
2.695687711238861084e-01
3.125634491443634033e-01
6.952986717224121094e-01
1.175990939140319824e+00
1.064687147736549377e-01
-1.217834115028381348e+00
4.428085982799530029e-01
-1.368016958236694336e+00
1.927813053131103516e+00
-1.347398012876510620e-01
-1.317912817001342773e+00
6.305125355720520020e-01
2.211903333663940430e-01
6.818620860576629639e-02
1.308410286903381348e+00
-1.335629105567932129e+00
3.925835490226745605e-01
-8.629465699195861816e-01
1.156065225601196289e+00
7.695551514625549316e-01
-4.037850201129913330e-01
4.695225656032562256e-01
