2.325472086668014526e-01
-3.143852651119232178e-01
1.010288596153259277e+00
-1.651776432991027832e+00
-1.222022533416748047e+00
6.194279193878173828e-01
-7.926479578018188477e-01
1.867978870868682861e-01
-5.091478228569030762e-01
-2.082692831754684448e-01
1.059039011597633362e-01
-7.063425183296203613e-01
4.823482930660247803e-01
-2.696794867515563965e-01
1.482719928026199341e-01
-1.020732164382934570e+00
2.724466919898986816e-01
7.203489542007446289e-03
1.518719643354415894e-01
4.910714328289031982e-01
2.530331909656524658e-01
1.008021235466003418e+00
3.076233565807342529e-01
-1.983031630516052246e+00
-1.140604853630065918e+00
1.886892318725585938e-02
-7.367226481437683105e-01
1.240491747856140137e+00
-2.924526333808898926e-01
6.926324963569641113e-02
1.399770498275756836e+00
-6.573616266250610352e-01
3.476572930812835693e-01
6.148554384708404541e-02
5.535112023353576660e-01
5.445560812950134277e-01
6.952758431434631348e-01
2.953472733497619629e-01
-1.346812605857849121e+00
1.046384334564208984e+00
3.607034981250762939e-01
1.005597263574600220e-01
-1.555961966514587402e+00
1.380478441715240479e-01
1.137371182441711426e+00
-3.195661604404449463e-01
3.621058464050292969e-01
6.969667077064514160e-01
-9.552272558212280273e-01
-6.041975617408752441e-01
2.022179216146469116e-01
3.819726407527923584e-01
2.792810201644897461e-01
3.795931935310363770e-01
-2.369492202997207642e-01
-2.016368210315704346e-01
9.507859945297241211e-01
-9.113214612007141113e-01
1.152724623680114746e+00
2.905508577823638916e-01
-5.067561864852905273e-01
3.686699569225311279e-01
5.730392932891845703e-01
9.476521611213684082e-01
7.082513570785522461e-01
-6.415030956268310547e-01
2.242975234985351562e-01
-9.901484102010726929e-02
-3.529481291770935059e-01
-3.341631293296813965e-01
-4.777160584926605225e-01
-1.315477043390274048e-01
8.699694871902465820e-01
-4.560284912586212158e-01
4.493977427482604980e-01
-1.052725911140441895e+00
1.952702999114990234e-01
5.487738251686096191e-01
1.215380430221557617e+00
-8.978675007820129395e-01
3.044522106647491455e-01
6.402102857828140259e-02
-3.373879194259643555e-01
9.197474122047424316e-01
-1.315229892730712891e+00
-7.756167650222778320e-01
-1.227186247706413269e-01
4.824644625186920166e-01
-1.973293185234069824e+00
-4.211362302303314209e-01
-9.964253902435302734e-01
-1.269051074981689453e+00
-3.795094788074493408e-01
7.807151675224304199e-01
-9.100823402404785156e-01
5.647283196449279785e-01
-2.047776132822036743e-01
5.467531085014343262e-01
9.196848422288894653e-02
-1.687481760978698730e+00
4.228394925594329834e-01
5.903946161270141602e-01
6.159024834632873535e-01
-9.852671027183532715e-01
-1.859243631362915039e+00
1.693187236785888672e+00
1.054403901100158691e+00
3.087603449821472168e-01
-8.888216018676757812e-01
-8.106629848480224609e-01
-8.222177028656005859e-01
1.576311588287353516e-01
1.603956341743469238e+00
5.270397067070007324e-01
-1.470769524574279785e+00
-5.395525693893432617e-01
-3.657709658145904541e-01
-5.592861771583557129e-01
-1.161812663078308105e+00
6.884022951126098633e-01
3.652250170707702637e-01
9.407714605331420898e-01
1.509344950318336487e-02
-4.819546639919281006e-02
-1.221977472305297852e+00
1.094866394996643066e+00
-4.149110615253448486e-01
9.096662998199462891e-01
1.741555094718933105e+00
3.830849826335906982e-01
1.796934366226196289e+00
9.601112455129623413e-02
-1.146656394004821777e+00
4.865323193371295929e-03
4.909980595111846924e-01
-2.303231656551361084e-01
-9.549245983362197876e-02
1.867741823196411133e+00
3.153489232063293457e-01
1.658089995384216309e+00
7.390284538269042969e-01
-1.568706333637237549e-01
-6.585130095481872559e-01
-1.092004626989364624e-01
5.939700603485107422e-01
1.133293285965919495e-01
-1.814085692167282104e-01
9.908900260925292969e-01
1.429093599319458008e+00
8.031301498413085938e-01
9.068187326192855835e-02
-4.227031171321868896e-01
4.325642585754394531e-01
9.182527661323547363e-02
1.027959287166595459e-01
-3.983613550662994385e-01
6.088382601737976074e-01
4.524676501750946045e-01
-1.147704601287841797e+00
1.611217111349105835e-01
4.572581946849822998e-01
-9.485482573509216309e-01
-4.835066199302673340e-01
-1.229959368705749512e+00
3.988274037837982178e-01
5.137220621109008789e-01
1.246581673622131348e+00
2.878139913082122803e-01
-1.912961006164550781e-01
6.179660558700561523e-01
-1.388198018074035645e+00
2.893833518028259277e-01
-1.168314516544342041e-01
-1.720165908336639404e-01
1.230467557907104492e+00
9.252347350120544434e-01
1.062134623527526855e+00
-7.014293223619461060e-02
4.310000836849212646e-01
2.533919513225555420e-01
-2.905950881540775299e-02
-7.053076028823852539e-01
-2.216639965772628784e-01
-1.147694826126098633e+00
3.753029704093933105e-01
-3.815909475088119507e-02
-9.456580877304077148e-01
-2.929116010665893555e+00
5.098101496696472168e-01
-7.849761843681335449e-01
-1.575067162513732910e+00
2.484491348266601562e+00
-2.343075871467590332e-01
-9.582935571670532227e-01
-1.704290151596069336e+00
-1.089442744851112366e-01
3.991553932428359985e-02
-2.530936479568481445e+00
-1.203854382038116455e-01
9.585856795310974121e-01
-1.011335730552673340e+00
-2.501945383846759796e-02
4.686440825462341309e-01
2.903247773647308350e-01
-3.515462204813957214e-02
-1.914217919111251831e-01
-3.175184428691864014e-01
-1.313251614570617676e+00
9.546430706977844238e-01
1.033215165138244629e+00
3.655903637409210205e-01
2.023510038852691650e-01
-3.252932131290435791e-01
4.974200427532196045e-01
-1.006145358085632324e+00
7.148972153663635254e-01
-8.930799365043640137e-01
1.144991397857666016e+00
-1.519042730331420898e+00
-3.631499707698822021e-01
1.019885778427124023e+00
2.748040556907653809e-01
9.606792926788330078e-01
-3.459864258766174316e-01
7.708154320716857910e-01
3.407095372676849365e-01
3.167729675769805908e-01
-1.070372939109802246e+00
-1.397578239440917969e+00
-9.724798798561096191e-02
8.066055774688720703e-01
-7.822487950325012207e-01
9.857445955276489258e-01
4.276008605957031250e-01
-1.640907227993011475e-01
6.280072331428527832e-01
-5.211147069931030273e-01
7.321645021438598633e-01
-1.421181082725524902e+00
7.774125933647155762e-01
1.221871823072433472e-01
-3.295921385288238525e-01
-5.454481840133666992e-01
-1.463546037673950195e+00
1.633363485336303711e+00
-5.336284041404724121e-01
-3.318307399749755859e-01
1.348061800003051758e+00
-1.163271784782409668e+00
-3.862619102001190186e-01
-6.011747121810913086e-01
9.081137925386428833e-02
-1.628753393888473511e-01
5.804146528244018555e-01
3.677415847778320312e-01
3.531047403812408447e-01
-7.759622931480407715e-01
-1.114742994308471680e+00
-4.994307160377502441e-01
-8.287119269371032715e-01
5.021806955337524414e-01
-4.446097910404205322e-01
-8.866985440254211426e-01
-1.753371357917785645e+00
-2.775894999504089355e-01
2.613007128238677979e-01
1.446881651878356934e+00
7.559648752212524414e-01
5.439554452896118164e-01
-2.437880486249923706e-01
6.576708555221557617e-01
-4.745107591152191162e-01
3.892333805561065674e-01
-3.107028007507324219e-01
-5.483900904655456543e-01
2.693169713020324707e-01
-1.379911899566650391e-01
3.289997875690460205e-01
-1.362343907356262207e+00
-3.020080924034118652e-01
-9.783822894096374512e-01
-7.854432463645935059e-01
8.241799473762512207e-02
3.674530088901519775e-01
6.036352515220642090e-01
3.194902539253234863e-01
-8.412522673606872559e-01
2.365736365318298340e-01
2.664235830307006836e-01
1.324811130762100220e-01
-7.084643244743347168e-01
-9.386585652828216553e-02
9.114945530891418457e-01
3.363158702850341797e-01
-3.814446628093719482e-01
4.030821472406387329e-02
6.289886236190795898e-01
-3.205048441886901855e-01
-3.036289811134338379e-01
-9.098393321037292480e-01
6.178848743438720703e-01
1.610179901123046875e+00
4.338428974151611328e-01
7.488577365875244141e-01
8.805494308471679688e-01
-5.635281205177307129e-01
1.707601308822631836e+00
-1.822102367877960205e-01
5.847538709640502930e-01
-1.109570115804672241e-01
1.019192218780517578e+00
9.191673994064331055e-01
-6.466045975685119629e-01
-1.837754249572753906e+00
2.687593221664428711e+00
-3.672797977924346924e-02
-1.133436262607574463e-01
-5.935742855072021484e-01
6.451118737459182739e-02
-1.304998874664306641e+00
-2.080373466014862061e-01
1.681986331939697266e+00
-2.950689315795898438e+00
1.817424416542053223e+00
-6.550551652908325195e-01
6.665862798690795898e-01
-1.860485523939132690e-01
-4.317773506045341492e-02
1.068350553512573242e+00
5.991773605346679688e-01
-1.706698536872863770e+00
-6.882746219635009766e-01
1.299338221549987793e+00
1.086219176650047302e-01
6.987444162368774414e-01
1.403991132974624634e-01
-4.260266125202178955e-01
4.714181125164031982e-01
-8.965502381324768066e-01
4.294425845146179199e-01
3.258578181266784668e-01
9.740195274353027344e-01
-1.084177136421203613e+00
9.982345104217529297e-01
5.260471105575561523e-01
-1.858003735542297363e-01
-2.903903722763061523e-01
1.405323594808578491e-01
-1.335833668708801270e+00
6.956527233123779297e-01
8.500578254461288452e-02
1.775384992361068726e-01
-8.869460225105285645e-01
-2.584222331643104553e-02
-5.157111883163452148e-01
-1.569528579711914062e+00
-2.850863635540008545e-01
9.027225971221923828e-01
-5.863154530525207520e-01
1.051862120628356934e+00
3.609106540679931641e-01
-4.742770493030548096e-01
-1.366796135902404785e+00
1.794722437858581543e+00
1.677095293998718262e-01
-8.350785374641418457e-01
7.555948942899703979e-02
1.033403992652893066e+00
-3.475638329982757568e-01
4.449225366115570068e-01
1.090888500213623047e+00
-7.277731895446777344e-01
7.894092798233032227e-01
2.791363894939422607e-01
4.907460808753967285e-01
5.284583568572998047e-01
-5.124296545982360840e-01
-1.224410831928253174e-01
6.465600132942199707e-01
3.558974266052246094e-01
-1.526440262794494629e+00
-7.845928668975830078e-01
-1.415867805480957031e-01
-1.480903923511505127e-01
5.781611800193786621e-01
-4.622843563556671143e-01
-3.002896308898925781e-01
-4.145011603832244873e-01
1.323106408119201660e+00
8.309461474418640137e-01
-3.412801325321197510e-01
6.546871066093444824e-01
-5.947549343109130859e-01
-3.116985559463500977e-01
-1.102823391556739807e-02
-9.452191740274429321e-02
9.790005683898925781e-01
1.049930930137634277e+00
-6.531807184219360352e-01
-1.979186236858367920e-01
4.160775244235992432e-01
2.020309865474700928e-01
9.886805415153503418e-01
-3.982677459716796875e-01
3.445734977722167969e-01
4.119038581848144531e-01
1.086620807647705078e+00
-1.198389410972595215e+00
4.898213148117065430e-01
4.405970275402069092e-01
-9.021080285310745239e-02
-2.274834156036376953e+00
2.065810412168502808e-01
1.086844205856323242e+00
-6.431045532226562500e-01
2.791907191276550293e-01
-2.671089649200439453e+00
1.197269335389137268e-01
-1.392727196216583252e-01
-1.486635357141494751e-01
-7.152648568153381348e-01
8.744062781333923340e-01
-9.748179912567138672e-01
1.077843308448791504e+00
3.773743808269500732e-01
-3.503667116165161133e-01
-5.849384665489196777e-01
1.401617974042892456e-01
-2.916680574417114258e-01
6.236493587493896484e-01
-3.413453698158264160e-02
5.851096510887145996e-01
-1.114208817481994629e+00
1.234783411026000977e+00
5.287430286407470703e-01
-7.637091279029846191e-01
5.514824762940406799e-02
2.877193316817283630e-02
-4.076317884027957916e-03
-4.172104299068450928e-01
-5.603055357933044434e-01
4.866653680801391602e-02
-3.103754818439483643e-01
7.135186791419982910e-01
-3.772000670433044434e-01
1.119813799858093262e+00
2.037455886602401733e-02
3.826061487197875977e-01
-9.534964710474014282e-02
-9.673421978950500488e-01
7.372220754623413086e-01
-4.204341769218444824e-02
1.739205047488212585e-02
-4.666138589382171631e-01
1.305368661880493164e+00
1.667620062828063965e+00
-5.275987982749938965e-01
-1.312820434570312500e+00
3.549626767635345459e-01
9.540044516324996948e-02
-9.816702604293823242e-01
-9.373358488082885742e-01
1.846790790557861328e+00
-9.606219828128814697e-03
-8.280234932899475098e-01
-1.087188482284545898e+00
-5.213528871536254883e-01
8.960725665092468262e-01
-1.244883909821510315e-01
1.711717367172241211e+00
-2.249338924884796143e-01
6.377367377281188965e-01
-1.586127281188964844e+00
-9.124643206596374512e-01
3.382589817047119141e-01
4.655675590038299561e-02
9.986850619316101074e-01
-1.335993051528930664e+00
8.831382989883422852e-01
2.598516643047332764e-01
-5.504543185234069824e-01
-9.166783094406127930e-01
1.906655430793762207e-01
7.100306749343872070e-01
-6.561232805252075195e-01
-5.023674368858337402e-01
-5.736188888549804688e-01
3.531557023525238037e-01
-2.029125839471817017e-01
8.258485794067382812e-01
-1.749737977981567383e+00
-1.614902019500732422e-01
-3.561405539512634277e-01
-4.520207643508911133e-01
-7.034668326377868652e-01
-8.474524021148681641e-01
6.500676274299621582e-01
-4.920838177204132080e-01
3.369630873203277588e-01
-6.531512737274169922e-01
1.666251420974731445e-01
-2.953212894499301910e-02
6.566931009292602539e-01
1.391449689865112305e+00
5.942429304122924805e-01
1.179904222488403320e+00
1.095204725861549377e-01
-2.882312536239624023e-01
-1.271007116883993149e-02
-1.357380300760269165e-01
-5.582470297813415527e-01
-7.010485529899597168e-01
3.674726486206054688e-01
-3.172883093357086182e-01
-8.003908395767211914e-01
1.101287603378295898e+00
2.559678852558135986e-01
3.582950830459594727e-01
-5.953336954116821289e-01
-7.341559529304504395e-01
2.522841930389404297e+00
3.026471734046936035e-01
1.335898041725158691e+00
1.154405355453491211e+00
-1.163746118545532227e+00
2.066487371921539307e-01
-5.760254859924316406e-01
-4.067207276821136475e-01
-1.492501854896545410e+00
8.143553137779235840e-01
-9.524938464164733887e-02
-1.353836059570312500e+00
4.317216575145721436e-01
-1.491124987602233887e+00
-4.460964724421501160e-02
-2.566762685775756836e+00
-1.809475421905517578e+00
-1.415488243103027344e+00
7.910432219505310059e-01
5.739098191261291504e-01
3.941658735275268555e-01
5.338359475135803223e-01
8.194136023521423340e-01
5.191473290324211121e-03
2.551845312118530273e-01
4.204579889774322510e-01
-3.439904749393463135e-01
5.036203265190124512e-01
8.528053164482116699e-01
4.851140081882476807e-02
-2.224667817354202271e-01
-4.863181710243225098e-02
4.834548532962799072e-01
1.088395237922668457e+00
3.420540690422058105e-01
4.865337312221527100e-01
-2.248351424932479858e-01
-1.217960715293884277e+00
-2.291340380907058716e-01
5.228741168975830078e-01
-4.541856944561004639e-01
-7.447596192359924316e-01
1.930545568466186523e-01
-1.610719785094261169e-02
1.482434868812561035e+00
-1.275242567062377930e-01
1.804676055908203125e-01
1.775690793991088867e+00
-3.510150313377380371e-01
-1.267402529716491699e+00
-1.756314039230346680e+00
-2.831700444221496582e-01
-1.758559942245483398e+00
1.128306269645690918e+00
-5.960441231727600098e-01
-5.094095468521118164e-01
-1.239940166473388672e+00
-3.487498164176940918e-01
2.894520163536071777e-01
-9.839629530906677246e-01
-1.709688901901245117e-01
-4.173875153064727783e-01
-6.117298603057861328e-01
8.079352974891662598e-01
8.536946177482604980e-01
-4.334810376167297363e-01
3.197981417179107666e-01
2.869110405445098877e-01
-4.857540428638458252e-01
3.952749371528625488e-01
2.792937755584716797e-01
4.910646677017211914e-01
-7.822192311286926270e-01
1.682355403900146484e-01
5.316877961158752441e-01
-7.304192185401916504e-01
-1.280832141637802124e-01
-3.124157786369323730e-01
-4.633600413799285889e-01
2.298283576965332031e-01
-3.787729442119598389e-01
-1.936243176460266113e-01
-2.234576791524887085e-01
7.414352893829345703e-02
5.097623467445373535e-01
-2.932275235652923584e-01
1.402253627777099609e+00
9.044508337974548340e-01
2.232187539339065552e-01
6.471328139305114746e-01
-4.202660918235778809e-01
-3.971008658409118652e-01
1.911592856049537659e-02
8.963891863822937012e-01
5.794679746031761169e-03
-4.830853939056396484e-01
-1.231737375259399414e+00
8.585081696510314941e-01
-2.077635377645492554e-01
-1.387849748134613037e-01
-8.842168748378753662e-02
8.897896409034729004e-01
-9.858827590942382812e-01
-4.990506172180175781e-01
-1.546335127204656601e-02
1.280812978744506836e+00
8.083786964416503906e-01
-4.802195131778717041e-01
1.261125683784484863e+00
-3.361572977155447006e-03
-1.575654029846191406e+00
-3.086124658584594727e+00
8.735023736953735352e-01
9.293153882026672363e-01
7.374213933944702148e-01
-7.979173064231872559e-01
-1.281788796186447144e-01
4.460651576519012451e-01
-9.842354655265808105e-01
-1.164973974227905273e-01
-3.841581046581268311e-01
-3.608631193637847900e-01
6.984627246856689453e-02
-7.424171566963195801e-01
1.635207533836364746e-01
-1.186794877052307129e+00
1.182314991950988770e+00
-1.642086386680603027e+00
3.824859485030174255e-02
-7.029473185539245605e-01
-3.207375764846801758e+00
1.142506122589111328e+00
9.754957556724548340e-01
-8.147528767585754395e-01
3.351503908634185791e-01
-8.738025277853012085e-02
-1.698987364768981934e+00
1.351539939641952515e-01
-1.264525532722473145e+00
-7.922983765602111816e-01
-6.610417366027832031e-01
2.022072225809097290e-01
2.893980741500854492e-01
4.545145332813262939e-01
-2.100311815738677979e-01
4.191142916679382324e-01
-9.843192100524902344e-01
-4.359092935919761658e-02
-4.781385362148284912e-01
-7.869781851768493652e-01
-1.661173462867736816e+00
-4.087640941143035889e-01
-2.188043743371963501e-01
3.798552453517913818e-01
1.650804728269577026e-01
8.848024159669876099e-02
-1.824999600648880005e-01
-3.048080205917358398e-01
4.715926200151443481e-02
-1.591328263282775879e+00
9.125723838806152344e-01
7.284391522407531738e-01
4.613805115222930908e-01
4.216681718826293945e-01
6.420642733573913574e-01
2.546579837799072266e-01
-2.098354339599609375e+00
6.919096708297729492e-01
-1.691650271415710449e+00
-1.485779583454132080e-01
-1.122217997908592224e-01
5.049203038215637207e-01
3.209374845027923584e-01
9.722081422805786133e-01
-2.239967733621597290e-01
-9.197209477424621582e-01
2.912427484989166260e-01
-3.212738633155822754e-01
-1.313721299171447754e+00
-2.211429476737976074e-01
-1.264524608850479126e-01
-5.937772393226623535e-01
-9.456443190574645996e-01
-1.233039855957031250e+00
-6.488830447196960449e-01
9.227097034454345703e-01
1.494985669851303101e-01
7.566542923450469971e-02
5.110389590263366699e-01
-1.594494462013244629e+00
-2.675293087959289551e-01
-1.340230464935302734e+00
7.707319855690002441e-01
1.954422950744628906e+00
-7.983639240264892578e-01
-5.052654743194580078e-01
4.081878364086151123e-01
-7.414692044258117676e-01
8.847434520721435547e-01
-6.137109398841857910e-01
1.430896222591400146e-01
6.846353411674499512e-01
8.373592495918273926e-01
5.905542373657226562e-01
1.615548133850097656e-02
5.656706690788269043e-01
1.163685798645019531e+00
-1.313231438398361206e-01
-1.049583315849304199e+00
-8.766513466835021973e-01
3.131471574306488037e-01
-2.640216946601867676e-01
9.256286621093750000e-01
1.437864303588867188e+00
-2.368255406618118286e-01
-1.849447786808013916e-01
1.037616133689880371e-01
-1.361942410469055176e+00
1.093225032091140747e-01
-8.756944537162780762e-01
7.120274901390075684e-01
1.980661511421203613e+00
6.214750409126281738e-01
3.570059239864349365e-01
1.240803524851799011e-01
-1.532824277877807617e+00
-2.154200375080108643e-01
-6.342195868492126465e-01
8.251067399978637695e-01
-4.798357784748077393e-01
2.627482414245605469e-01
-6.538504958152770996e-01
5.505621433258056641e-01
-1.428812891244888306e-01
8.610884547233581543e-01
2.062783390283584595e-01
-1.208264589309692383e+00
1.225200176239013672e+00
9.835953712463378906e-01
-1.175610162317752838e-02
-1.099373325705528259e-01
7.612591981887817383e-01
6.184494495391845703e-01
6.114433407783508301e-01
6.671580672264099121e-01
-8.061713576316833496e-01
-8.352189064025878906e-01
2.611908912658691406e-01
