4.178390204906463623e-01
-1.314154386520385742e+00
4.135225713253021240e-01
3.661163449287414551e-01
6.304457783699035645e-01
-1.520462930202484131e-01
-7.062489390373229980e-01
-1.540706157684326172e+00
1.608182311058044434e+00
-6.523004174232482910e-01
9.578942060470581055e-01
2.092517763376235962e-01
-1.620214059948921204e-02
1.284202337265014648e+00
1.466498732566833496e+00
-1.047397017478942871e+00
1.063352227210998535e+00
-4.202911257743835449e-01
1.003843307495117188e+00
2.184250503778457642e-01
4.573334753513336182e-01
-9.712094068527221680e-02
-3.860003352165222168e-01
-1.192982867360115051e-01
-4.374825358390808105e-01
1.514007568359375000e+00
6.308161020278930664e-01
9.791048169136047363e-01
-2.878964841365814209e-01
2.407353967428207397e-01
5.887624025344848633e-01
-1.514266878366470337e-01
-2.869815528392791748e-01
1.548808932304382324e+00
-8.083579540252685547e-01
2.005284726619720459e-01
9.602889418601989746e-02
1.280572056770324707e+00
-2.943834066390991211e-01
5.229068398475646973e-01
-4.225545376539230347e-02
6.316854357719421387e-01
-8.180426359176635742e-01
1.746534705162048340e+00
1.100117087364196777e+00
-6.770619153976440430e-01
1.196807175874710083e-01
-6.310591101646423340e-01
3.738105297088623047e-01
4.275492727756500244e-01
9.256343245506286621e-01
-4.600449204444885254e-01
4.732810556888580322e-01
1.660000085830688477e-01
5.496844649314880371e-01
-5.013518929481506348e-01
1.109840989112854004e+00
-5.838788747787475586e-01
8.817289769649505615e-02
5.539994835853576660e-01
3.749192357063293457e-01
-5.475417971611022949e-01
-1.015076160430908203e+00
7.258757948875427246e-01
9.976060390472412109e-01
-1.277822494506835938e+00
-6.387042999267578125e-01
-8.316886425018310547e-01
-3.100692331790924072e-01
3.816684186458587646e-01
1.227934956550598145e+00
-5.198153853416442871e-01
1.778074264526367188e+00
7.829068899154663086e-01
2.339121252298355103e-01
-6.615183949470520020e-01
-7.993966937065124512e-01
1.025225996971130371e+00
-8.613786697387695312e-01
-8.476439714431762695e-01
5.657563209533691406e-01
8.879866003990173340e-01
8.413109779357910156e-01
1.560231804847717285e+00
-1.860197484493255615e-01
-9.780460596084594727e-01
-7.169254124164581299e-02
-2.933438122272491455e-01
-1.396459102630615234e+00
1.394356489181518555e+00
-7.167348861694335938e-01
-1.656061708927154541e-01
2.300058901309967041e-01
7.660564780235290527e-01
-1.428357243537902832e+00
1.204744338989257812e+00
-4.548238217830657959e-01
3.227249979972839355e-01
-1.448525428771972656e+00
7.921802997589111328e-01
9.427341818809509277e-01
-7.968637347221374512e-01
-2.067905664443969727e-02
-6.306194663047790527e-01
3.713280260562896729e-01
7.345417737960815430e-01
4.382094740867614746e-01
-1.259968757629394531e+00
-5.122098326683044434e-01
-1.199900984764099121e+00
1.699939489364624023e+00
-1.066858887672424316e+00
4.890426099300384521e-01
1.102431654930114746e+00
-1.666545391082763672e+00
-3.273248076438903809e-01
-1.039886951446533203e+00
-7.889149188995361328e-01
6.579828858375549316e-01
1.333353638648986816e+00
-4.969527721405029297e-01
1.910833269357681274e-01
1.307647466659545898e+00
-3.765301108360290527e-01
-2.935612201690673828e-01
1.318150401115417480e+00
-3.673150241374969482e-01
-6.902852654457092285e-01
4.710957035422325134e-02
7.401722669601440430e-01
8.969467878341674805e-01
1.007239937782287598e+00
5.951787829399108887e-01
-7.057189941406250000e-02
-2.123595237731933594e+00
1.164217710494995117e+00
5.389578342437744141e-01
-1.252254992723464966e-01
-2.651285171508789062e+00
-5.755207538604736328e-01
-9.474516510963439941e-01
1.912039756774902344e+00
1.086152046918869019e-01
-2.970243394374847412e-01
-9.029408544301986694e-02
1.277809023857116699e+00
-1.919960737228393555e+00
2.034086227416992188e+00
3.605362772941589355e-01
1.293032050132751465e+00
1.793404817581176758e-01
-4.411211311817169189e-01
6.296479701995849609e-01
-5.232864022254943848e-01
-1.125893592834472656e+00
-1.534601688385009766e+00
2.137863397598266602e+00
7.682282328605651855e-01
-8.437387645244598389e-02
-4.914154484868049622e-02
-8.669873476028442383e-01
5.559198260307312012e-01
2.032870799303054810e-01
-1.880070328712463379e+00
-1.257726997137069702e-01
-6.890481710433959961e-02
6.220003366470336914e-01
2.231386303901672363e-02
8.519433736801147461e-01
-6.371257305145263672e-01
-6.633980274200439453e-01
1.183880805969238281e+00
3.461972475051879883e-01
3.168757259845733643e-01
-1.079937964677810669e-01
1.110703587532043457e+00
-9.069551229476928711e-01
3.398334980010986328e-02
5.249589681625366211e-01
-3.316540122032165527e-01
1.827849507331848145e+00
-1.107975602149963379e+00
1.669951230287551880e-01
-3.952166438102722168e-01
-1.609574317932128906e+00
-1.027714729309082031e+00
-6.401447653770446777e-01
-2.923984289169311523e+00
-1.431909799575805664e-01
-2.760574519634246826e-01
1.155083775520324707e+00
8.959887623786926270e-01
-4.028740525245666504e-02
-2.827283143997192383e-01
2.160000056028366089e-02
-3.247764110565185547e-01
9.628436714410781860e-02
-1.571987748146057129e+00
1.714960634708404541e-01
2.234472781419754028e-01
-1.158525645732879639e-01
5.090617537498474121e-01
9.374940395355224609e-01
1.362602591514587402e+00
1.557563781738281250e+00
1.173621177673339844e+00
-1.530597329139709473e+00
7.025443315505981445e-01
1.171192884445190430e+00
1.147263050079345703e+00
-1.035084009170532227e+00
-8.120507597923278809e-01
-6.735678911209106445e-01
1.583678275346755981e-01
-3.150494098663330078e-01
-1.599246412515640259e-01
1.330675244331359863e+00
-4.520888440310955048e-03
-7.219604253768920898e-01
5.703935027122497559e-01
-5.865161418914794922e-01
1.344746589660644531e+00
3.497623205184936523e-01
7.845518589019775391e-01
6.219767332077026367e-01
7.357617020606994629e-01
2.955708801746368408e-01
-8.164175748825073242e-01
-5.917218327522277832e-01
3.399125933647155762e-01
6.545271873474121094e-01
2.158883959054946899e-01
6.152729392051696777e-01
-3.963228762149810791e-01
4.101106524467468262e-01
-2.058022320270538330e-01
-7.684180140495300293e-01
7.566059231758117676e-01
-3.020344972610473633e-01
1.146545648574829102e+00
-2.545363008975982666e-01
-1.116816878318786621e+00
-1.399813175201416016e+00
-1.864736437797546387e+00
7.917820811271667480e-01
-2.736713886260986328e-01
-7.886515855789184570e-01
1.597523331642150879e+00
-5.917065739631652832e-01
-1.102850079536437988e+00
3.730173707008361816e-01
8.286774158477783203e-01
-4.961960613727569580e-01
6.812843084335327148e-01
3.184940218925476074e-01
-4.038263261318206787e-01
-2.145317196846008301e-02
3.214976787567138672e-01
-1.209107995033264160e+00
4.426190555095672607e-01
-1.079209428280591965e-02
-8.303640484809875488e-01
-4.581063091754913330e-01
-1.976935982704162598e+00
8.655623197555541992e-01
1.249508380889892578e+00
2.649224996566772461e-01
4.297610819339752197e-01
-9.430646151304244995e-02
-1.370743513107299805e-01
2.354552000761032104e-01
4.227543771266937256e-01
1.130898833274841309e+00
1.088418141007423401e-01
7.273018956184387207e-01
-7.606878876686096191e-01
-3.625451028347015381e-02
8.935987949371337891e-03
1.137305498123168945e+00
-2.411523163318634033e-01
-1.525234580039978027e+00
-4.329811036586761475e-01
-7.091192901134490967e-02
-5.975363254547119141e-01
1.383474022150039673e-01
1.892230510711669922e-01
-9.936872124671936035e-01
1.629249453544616699e-01
-2.611276507377624512e-01
-8.305748105049133301e-01
-2.569148540496826172e-01
2.006208896636962891e-01
9.264541864395141602e-01
-1.170546650886535645e+00
3.312484323978424072e-01
-7.871249318122863770e-01
-5.394819658249616623e-03
-1.568684577941894531e+00
2.595127224922180176e-01
-1.213153719902038574e+00
4.119662940502166748e-01
1.113371253013610840e+00
6.926727294921875000e-01
4.967859089374542236e-01
1.073719501495361328e+00
-9.644707441329956055e-01
7.849001288414001465e-01
-2.407986521720886230e-01
5.434143543243408203e-01
-3.609205186367034912e-01
8.796070218086242676e-01
3.418141901493072510e-01
-1.298185825347900391e+00
-1.068694233894348145e+00
7.028835415840148926e-01
-3.979827836155891418e-02
-1.145192086696624756e-01
3.671166300773620605e-01
3.222943544387817383e-01
-8.239734172821044922e-01
-2.077212333679199219e-01
1.777273297309875488e+00
-6.117346286773681641e-01
2.511754333972930908e-01
-3.869414925575256348e-01
-1.365012049674987793e+00
-1.500300914049148560e-01
-1.246849060058593750e+00
-3.567906096577644348e-02
1.141672849655151367e+00
-2.799829244613647461e-01
-2.616634666919708252e-01
2.534655928611755371e-01
-4.528760015964508057e-01
-7.337355613708496094e-02
4.409658536314964294e-02
-5.899314880371093750e-01
6.264188289642333984e-01
-4.019840359687805176e-01
-1.373153686523437500e+00
-4.704693853855133057e-01
-7.772209644317626953e-01
2.333802700042724609e+00
-1.231948494911193848e+00
-1.286593079566955566e+00
-7.476026415824890137e-01
-4.257339537143707275e-01
-4.639051109552383423e-02
-2.763820648193359375e+00
5.726448297500610352e-01
-6.122993230819702148e-01
5.689023733139038086e-01
-2.645032703876495361e-01
-6.729798913002014160e-01
3.522467613220214844e-01
1.334814354777336121e-02
-1.078334301710128784e-01
-9.299341440200805664e-01
-3.745805323123931885e-01
1.034289896488189697e-01
1.783641278743743896e-01
1.395890712738037109e-01
5.282359942793846130e-02
1.999460577964782715e+00
2.159429043531417847e-01
-6.050021052360534668e-01
1.954623609781265259e-01
2.079312950372695923e-01
-2.194365501403808594e+00
-2.861721515655517578e-01
7.218513488769531250e-01
1.574277579784393311e-01
-8.599812984466552734e-01
3.198824226856231689e-01
-7.038142085075378418e-01
1.247219204902648926e+00
-1.022223949432373047e+00
-1.507652401924133301e-01
9.922822117805480957e-01
1.524955391883850098e+00
-1.922416090965270996e+00
-1.875114887952804565e-01
-1.468755602836608887e-01
-1.142574667930603027e+00
-2.752300165593624115e-02
-2.590060830116271973e-01
-3.975045308470726013e-02
-6.582693010568618774e-02
-6.826285272836685181e-02
-3.134760856628417969e-01
-6.973749399185180664e-01
1.019206047058105469e+00
-7.758046984672546387e-01
2.138671159744262695e+00
1.182098150253295898e+00
5.966857075691223145e-01
3.669867813587188721e-01
1.269853413105010986e-01
9.899168461561203003e-02
4.844454824924468994e-01
7.902627587318420410e-01
4.207616746425628662e-01
-1.756381243467330933e-01
-1.838155649602413177e-02
-2.774970531463623047e-01
1.752446591854095459e-01
1.582481265068054199e-01
-1.083186864852905273e+00
-1.528013795614242554e-01
4.062474071979522705e-01
-1.767146229743957520e+00
2.369564533233642578e+00
1.003828495740890503e-01
1.588041901588439941e+00
-5.396526455879211426e-01
7.475551366806030273e-01
7.058246731758117676e-01
5.206660628318786621e-01
2.809696793556213379e-01
-8.775562047958374023e-01
2.033736705780029297e-01
4.874370694160461426e-01
1.278881669044494629e+00
-3.311955928802490234e-01
-4.856177866458892822e-01
-6.206376850605010986e-02
-3.937726616859436035e-01
7.941646575927734375e-01
-1.274447083473205566e+00
-2.834796309471130371e-01
-5.389826297760009766e-01
1.533970117568969727e+00
-7.348520159721374512e-01
-2.092704176902770996e-01
-9.806542396545410156e-01
-3.880441188812255859e-01
-5.563051700592041016e-01
4.437788426876068115e-01
-1.029635779559612274e-02
-6.050159931182861328e-01
-8.188046813011169434e-01
4.157440066337585449e-01
3.941495120525360107e-01
-4.853498339653015137e-01
-5.055996775627136230e-01
-2.470513582229614258e-01
6.153534632176160812e-03
3.137789368629455566e-01
8.822797238826751709e-02
9.830231070518493652e-01
-8.766846656799316406e-01
5.163340568542480469e-01
4.341737031936645508e-01
3.259776532649993896e-01
7.429790496826171875e-01
6.366522312164306641e-01
-8.312320113182067871e-01
-4.470390975475311279e-01
-5.736185312271118164e-01
-8.267686367034912109e-01
8.486743271350860596e-02
-5.072708427906036377e-02
8.134549856185913086e-01
1.536140292882919312e-01
1.050515055656433105e+00
3.249971568584442139e-01
-6.772804260253906250e-01
-4.025820195674896240e-01
-7.199764251708984375e-01
6.306067854166030884e-02
7.177463769912719727e-01
1.652498245239257812e-01
1.604688882827758789e+00
6.460276842117309570e-01
-3.386632800102233887e-01
1.127703562378883362e-01
-6.270917654037475586e-01
7.507804781198501587e-02
2.911149263381958008e-01
-8.599175810813903809e-01
-1.664337038993835449e+00
-2.230823993682861328e+00
-3.860917687416076660e-01
2.520942091941833496e-01
9.575336426496505737e-02
-9.898611307144165039e-01
-3.303329944610595703e-01
-3.393716514110565186e-01
-5.003525018692016602e-01
2.366521060466766357e-01
-1.076471209526062012e+00
4.837667047977447510e-01
-7.397267818450927734e-01
-4.888999462127685547e-01
-3.910491615533828735e-02
-1.184459209442138672e+00
5.391250252723693848e-01
8.698009699583053589e-02
4.691387712955474854e-01
-4.302755892276763916e-01
1.135739803314208984e+00
6.916690468788146973e-01
9.261962175369262695e-01
2.860662341117858887e-01
4.641683101654052734e-01
3.648870289325714111e-01
-8.954835534095764160e-01
-1.011637002229690552e-01
-6.360592842102050781e-01
1.931875757873058319e-02
-6.148595809936523438e-01
-1.286679029464721680e+00
8.304087519645690918e-01
1.157877087593078613e+00
-3.384676873683929443e-01
-3.693204522132873535e-01
-1.137208819389343262e+00
-6.600702404975891113e-01
7.365248799324035645e-01
5.394788980484008789e-01
9.774218797683715820e-01
-6.573426723480224609e-01
-3.230548799037933350e-01
2.184646427631378174e-01
-5.365986824035644531e-01
-5.633837580680847168e-01
-4.682956337928771973e-01
-4.642766416072845459e-01
-4.911106526851654053e-01
2.851581573486328125e-02
-1.553599596023559570e+00
-9.236848950386047363e-01
-5.861263275146484375e-01
1.882318496704101562e+00
-1.162003397941589355e+00
-2.787410974502563477e+00
-7.312264442443847656e-01
9.468007683753967285e-01
7.032185047864913940e-02
4.860690236091613770e-01
-3.271050006151199341e-02
-1.596424937248229980e+00
1.610386967658996582e+00
1.779962182044982910e-01
-7.333644032478332520e-01
-7.144191861152648926e-01
-2.573323436081409454e-02
2.260053344070911407e-02
-1.549877077341079712e-01
-2.999015152454376221e-02
3.377452790737152100e-01
6.914631128311157227e-01
1.719677746295928955e-01
7.752683162689208984e-01
1.040059804916381836e+00
-1.714679360389709473e+00
1.917143464088439941e-01
-1.302659511566162109e+00
3.581260740756988525e-01
1.613169431686401367e+00
-4.636298120021820068e-01
-9.130184650421142578e-01
2.494626045227050781e+00
-4.520273506641387939e-01
-6.779259443283081055e-02
-6.468008756637573242e-01
-9.300087392330169678e-02
-1.056947708129882812e+00
-2.213492631912231445e+00
-7.425443530082702637e-01
-1.069940209388732910e+00
-5.993036031723022461e-01
-2.903000824153423309e-02
4.860940575599670410e-01
3.049670755863189697e-01
-1.993343234062194824e-01
-2.135952949523925781e+00
-8.662253022193908691e-01
5.371248126029968262e-01
3.017475903034210205e-01
-5.410616993904113770e-01
-5.468825697898864746e-01
8.345738053321838379e-02
-1.097550764679908752e-01
1.784235835075378418e+00
3.679512143135070801e-01
6.767426729202270508e-01
-2.265735119581222534e-01
-5.826679468154907227e-01
5.718821659684181213e-02
-1.042477011680603027e+00
8.544500470161437988e-01
-1.272164940834045410e+00
4.010898172855377197e-01
-1.808157205581665039e+00
1.135138794779777527e-01
2.942691743373870850e-01
-7.820188999176025391e-01
2.871347963809967041e-01
1.269017219543457031e+00
-4.346670806407928467e-01
-1.416240185499191284e-01
-2.723226845264434814e-01
1.091009497642517090e+00
-5.587894320487976074e-01
-1.424473524093627930e+00
3.044633269309997559e-01
4.636229574680328369e-01
7.597626745700836182e-02
-1.160478234291076660e+00
-2.458661980926990509e-02
-5.567264556884765625e-01
-7.169058173894882202e-02
5.469781756401062012e-01
-1.257099628448486328e+00
1.646775379776954651e-02
-1.427996516227722168e+00
8.816610574722290039e-01
8.059390783309936523e-01
-3.019497729837894440e-02
6.991068720817565918e-01
9.666072726249694824e-01
7.044995576143264771e-02
-1.336768031120300293e+00
1.389766484498977661e-01
-8.527857810258865356e-02
-2.033044844865798950e-01
-1.447888851165771484e+00
6.890479922294616699e-01
1.396473765373229980e+00
-7.164019346237182617e-01
-1.138838410377502441e+00
7.009484767913818359e-01
3.460091054439544678e-01
-2.096915721893310547e+00
-8.829931020736694336e-01
-5.467199683189392090e-01
8.160879015922546387e-01
-2.727974578738212585e-02
-2.969671487808227539e-01
-1.013055205345153809e+00
2.608524858951568604e-01
-6.318799853324890137e-01
9.109122306108474731e-02
8.737882971763610840e-01
1.291638910770416260e-01
-3.957303613424301147e-02
4.006609618663787842e-01
-6.943617016077041626e-02
2.940492928028106689e-01
-3.959935009479522705e-01
1.635860055685043335e-01
3.637731075286865234e-01
-1.213733196258544922e+00
-1.148568272590637207e+00
-1.863629668951034546e-01
-3.421817719936370850e-01
-2.063246965408325195e+00
-6.175092458724975586e-01
-2.021646648645401001e-01
1.429755240678787231e-01
7.497164607048034668e-02
-6.927773356437683105e-01
-1.337079524993896484e+00
-2.150413841009140015e-01
1.679526567459106445e-01
-8.105612397193908691e-01
1.116141676902770996e-01
5.133736729621887207e-01
-7.643423080444335938e-01
-1.205022931098937988e+00
-3.316428363323211670e-01
-1.090549468994140625e+00
3.557674288749694824e-01
6.944251060485839844e-01
1.056970238685607910e+00
-3.033477663993835449e-01
1.192928671836853027e+00
-8.044824935495853424e-03
-4.370335042476654053e-01
1.759010553359985352e-01
-5.589020848274230957e-01
1.631606519222259521e-01
1.334413409233093262e+00
1.105214834213256836e+00
8.205885887145996094e-01
-1.271581351757049561e-01
4.252728819847106934e-01
-1.097170591354370117e+00
-5.155516266822814941e-01
2.215185910463333130e-01
5.138176083564758301e-01
-4.284095764160156250e-01
1.369372367858886719e+00
4.055182933807373047e-01
-1.460609883069992065e-01
1.338745355606079102e+00
7.869889140129089355e-01
-2.006874322891235352e+00
-7.979286462068557739e-02
7.410981059074401855e-01
-5.230411291122436523e-01
-2.652018964290618896e-01
-1.177032470703125000e+00
1.417373061180114746e+00
1.135817170143127441e+00
1.517458856105804443e-01
7.026214599609375000e-01
-1.487420406192541122e-02
-2.250095367431640625e+00
-1.043948531150817871e+00
-1.221616506576538086e+00
9.486950635910034180e-01
1.293692827224731445e+00
1.065711751580238342e-01
-3.042257130146026611e-01
1.702845543622970581e-01
-5.942066907882690430e-01
1.345643401145935059e+00
3.824636340141296387e-02
4.853440076112747192e-02
1.158726453781127930e+00
-6.488260626792907715e-01
5.782378837466239929e-02
1.233427375555038452e-01
4.219952225685119629e-01
1.162974596023559570e+00
-6.953852176666259766e-01
5.395122766494750977e-01
-1.348567605018615723e+00
4.007124155759811401e-02
-7.980606555938720703e-01
2.107882022857666016e+00
9.040700197219848633e-01
1.013589262962341309e+00
-5.232121348381042480e-01
9.580522775650024414e-01
-7.162271738052368164e-01
2.473637163639068604e-01
-2.106157302856445312e+00
1.796612739562988281e+00
3.632436394691467285e-01
-1.441054344177246094e-01
1.466549277305603027e+00
1.107685208320617676e+00
-2.031691789627075195e+00
-5.188354849815368652e-01
1.093144059181213379e+00
1.295934021472930908e-01
-3.754144310951232910e-01
7.772763371467590332e-01
-8.506224155426025391e-01
4.640277326107025146e-01
-1.885205984115600586e+00
1.141473129391670227e-01
4.902400970458984375e-01
6.522259712219238281e-01
1.203926373273134232e-02
7.866406440734863281e-01
8.208504877984523773e-03
6.088553667068481445e-01
-5.499281287193298340e-01
-1.126409530639648438e+00
-1.506788492202758789e+00
3.805681765079498291e-01
-2.125571854412555695e-02
4.905867204070091248e-02
3.908842802047729492e-01
