-6.536428332328796387e-01
-1.115767121315002441e+00
7.339605689048767090e-01
1.197825193405151367e+00
-1.254261434078216553e-01
1.172830224037170410e+00
-7.177774906158447266e-01
5.410551428794860840e-01
6.637216806411743164e-01
6.263876557350158691e-01
-9.176643490791320801e-01
2.062639474868774414e+00
-1.037649035453796387e+00
1.354076385498046875e+00
9.977368116378784180e-01
2.983788847923278809e-01
-1.112025678157806396e-01
-1.750710904598236084e-01
7.265424728393554688e-01
-1.089475631713867188e+00
5.705545544624328613e-01
-7.927717566490173340e-01
3.273010849952697754e-01
-4.334447383880615234e-01
-8.551502227783203125e-02
1.564435660839080811e-01
5.546679496765136719e-01
2.026934176683425903e-01
2.874803543090820312e-01
5.356835722923278809e-01
8.291968703269958496e-01
1.849233359098434448e-01
1.158632710576057434e-01
1.834343075752258301e+00
-5.877895355224609375e-01
1.354826986789703369e-01
1.739776432514190674e-01
5.770233273506164551e-01
-2.309376895427703857e-01
-3.594833910465240479e-01
-3.391276597976684570e-01
8.952262997627258301e-01
-5.670534372329711914e-01
1.624522686004638672e+00
8.986693024635314941e-01
-1.235125660896301270e+00
1.145265936851501465e+00
1.201341867446899414e+00
4.086968600749969482e-01
-4.209574460983276367e-01
3.442065119743347168e-01
-4.524363577365875244e-01
-3.212998211383819580e-01
-8.022764325141906738e-01
2.025234550237655640e-01
7.391852736473083496e-01
1.538750529289245605e+00
1.766558051109313965e+00
2.300305068492889404e-01
-4.003312289714813232e-01
5.060138106346130371e-01
-3.770161867141723633e-01
-7.053468227386474609e-01
1.678089141845703125e+00
-7.325463891029357910e-01
-6.168906092643737793e-01
-7.250012159347534180e-01
-2.442590892314910889e-01
-3.037213683128356934e-01
-1.921385675668716431e-01
1.034433126449584961e+00
6.477458477020263672e-01
9.043257683515548706e-02
1.849421560764312744e-01
-1.016950726509094238e+00
1.227503180503845215e+00
-6.566092371940612793e-02
2.042981386184692383e-01
-1.562802910804748535e+00
-5.155997276306152344e-01
1.295848250389099121e+00
5.063704401254653931e-02
8.668717145919799805e-01
7.626492530107498169e-02
3.537933230400085449e-01
3.951708674430847168e-01
-1.102593839168548584e-01
-2.743332386016845703e-01
-1.735220551490783691e+00
6.648783087730407715e-01
3.244346678256988525e-01
-9.605376720428466797e-01
-7.062116861343383789e-01
-1.590178161859512329e-01
-1.160828232765197754e+00
6.486642956733703613e-01
-3.318139314651489258e-01
-2.604228854179382324e-01
-6.684130430221557617e-01
1.900235265493392944e-01
4.672703146934509277e-01
-9.426784515380859375e-01
-5.355097055435180664e-01
-1.121938586235046387e+00
-4.836055338382720947e-01
1.389217138290405273e+00
3.052835762500762939e-01
3.656692206859588623e-01
-2.079430781304836273e-02
-1.056452631950378418e+00
1.559476494789123535e+00
-1.791176319122314453e+00
-1.901292502880096436e-01
4.341956973075866699e-01
-1.752225875854492188e+00
-1.146524190902709961e+00
-1.595132112503051758e+00
-2.677023410797119141e-01
5.150256156921386719e-01
6.270865201950073242e-01
-1.710660338401794434e+00
4.467340707778930664e-01
3.556559979915618896e-01
4.289578795433044434e-01
-5.332081317901611328e-01
1.235875725746154785e+00
2.304000407457351685e-01
5.440248847007751465e-01
1.207359954714775085e-01
1.767264127731323242e+00
2.713259160518646240e-01
5.739065408706665039e-01
4.791833758354187012e-01
-2.272452414035797119e-01
-3.871606886386871338e-01
1.971796452999114990e-01
-1.059512607753276825e-02
-9.912601709365844727e-01
7.991931587457656860e-02
-3.429904878139495850e-01
5.436119157820940018e-03
9.972823858261108398e-01
5.661345720291137695e-01
-1.313741207122802734e+00
-6.390976309776306152e-01
5.010223388671875000e-01
-1.800634026527404785e+00
1.286042451858520508e+00
1.545478254556655884e-01
1.586406350135803223e+00
-6.519768238067626953e-01
-1.802337765693664551e-01
1.088322639465332031e+00
-2.658368945121765137e-01
-5.676296353340148926e-01
-1.052793860435485840e+00
2.431830644607543945e+00
1.582504510879516602e+00
6.915993690490722656e-01
-4.498629570007324219e-01
1.107831001281738281e+00
-8.220580965280532837e-02
-1.781076788902282715e-01
1.259106636047363281e+00
-4.943074584007263184e-01
9.851391911506652832e-01
-1.901813596487045288e-01
8.197656273841857910e-01
4.415396451950073242e-01
-7.344213724136352539e-01
-8.799494802951812744e-02
5.884996056556701660e-01
-4.815820455551147461e-01
5.758056640625000000e-01
4.662446379661560059e-01
6.150451302528381348e-01
-5.556231737136840820e-01
-9.857033193111419678e-02
-4.263299703598022461e-01
7.508367300033569336e-01
6.019504070281982422e-01
-9.075900912284851074e-02
-2.035814337432384491e-02
3.029555380344390869e-01
-5.929474830627441406e-01
-1.153006911277770996e+00
-9.635911136865615845e-02
-2.954224348068237305e+00
-4.063311517238616943e-01
-1.501789409667253494e-02
1.288460344076156616e-01
1.921809613704681396e-01
6.306397914886474609e-01
-5.216758847236633301e-01
4.690012037754058838e-01
1.085947751998901367e+00
6.904178857803344727e-01
-1.292087554931640625e+00
6.175129413604736328e-01
3.471700847148895264e-01
2.845613360404968262e-01
1.055109858512878418e+00
5.270810723304748535e-01
1.690311282873153687e-01
1.100162506103515625e+00
7.434479594230651855e-01
-5.231543183326721191e-01
-5.790468454360961914e-01
1.989842057228088379e+00
1.059593915939331055e+00
-1.779767870903015137e+00
-6.603394448757171631e-02
1.478212326765060425e-01
5.012561082839965820e-01
3.757192939519882202e-02
-1.212794035673141479e-01
1.993151187896728516e+00
-3.666405081748962402e-01
7.422192096710205078e-01
6.600801944732666016e-01
2.952709048986434937e-02
1.633707880973815918e+00
3.182225823402404785e-01
3.655463159084320068e-01
-8.934701979160308838e-02
3.815369307994842529e-01
-9.866102337837219238e-01
-2.142758846282958984e+00
5.942303314805030823e-02
7.394289374351501465e-01
1.531763911247253418e+00
-4.700071513652801514e-01
1.265084862709045410e+00
-5.393826216459274292e-02
1.046215057373046875e+00
-4.197346270084381104e-01
-1.133438944816589355e+00
2.736178338527679443e-01
-8.337816596031188965e-01
3.675739765167236328e-01
1.445361852645874023e+00
-2.033465862274169922e+00
-1.220475435256958008e+00
-1.048528552055358887e+00
8.351706862449645996e-01
-2.494221031665802002e-01
1.511783003807067871e-01
5.402975082397460938e-01
-2.320930808782577515e-01
-1.487978696823120117e+00
-4.043087661266326904e-01
-5.023061484098434448e-02
-2.717766761779785156e-01
-2.362266369163990021e-02
5.734294652938842773e-01
-1.176860570907592773e+00
-1.684954464435577393e-01
2.266554385423660278e-01
-2.800416648387908936e-01
2.747502923011779785e-01
-9.307368993759155273e-01
-5.541713237762451172e-01
-7.320353388786315918e-01
-3.611033439636230469e+00
-3.750625848770141602e-01
1.755706548690795898e+00
1.438029706478118896e-01
2.579302899539470673e-02
-6.409473419189453125e-01
-4.491613805294036865e-01
-4.333935976028442383e-01
-2.653421461582183838e-01
1.310301780700683594e+00
-2.093380317091941833e-02
4.640311598777770996e-01
1.322499811649322510e-01
-1.009851135313510895e-02
6.803953647613525391e-01
1.853822618722915649e-01
-4.960134625434875488e-01
-2.030724525451660156e+00
-1.242601647973060608e-01
-7.842646837234497070e-01
-7.380545735359191895e-01
-7.312696576118469238e-01
-3.411740064620971680e-01
2.759698927402496338e-01
-2.577924728393554688e-02
-5.398271679878234863e-01
-6.332113146781921387e-01
-3.983862698078155518e-01
1.154844880104064941e+00
-7.513405289500951767e-03
-7.502736449241638184e-01
5.553558468818664551e-01
-5.844931006431579590e-01
2.437958419322967529e-01
-1.070921301841735840e+00
-5.527839660644531250e-01
-1.078390598297119141e+00
-4.079794138669967651e-02
1.404537439346313477e+00
3.367654085159301758e-01
1.082422375679016113e+00
-1.807650327682495117e+00
-8.854116797447204590e-01
1.359931468963623047e+00
2.659653186798095703e+00
9.874959588050842285e-01
-5.595731735229492188e-01
7.858337759971618652e-01
-5.113797634840011597e-02
5.001758337020874023e-01
-1.616910219192504883e+00
1.056764245033264160e+00
-1.232997536659240723e+00
-1.113329231739044189e-01
-4.865835905075073242e-01
-6.495217084884643555e-01
9.822027683258056641e-01
-5.843540653586387634e-02
7.410887479782104492e-01
-1.104744672775268555e+00
-7.999615073204040527e-01
-5.565484166145324707e-01
-2.641791403293609619e-01
6.824155449867248535e-01
-2.176799535751342773e+00
-1.950618326663970947e-01
1.589032053947448730e+00
-4.514098167419433594e-01
-7.631314396858215332e-01
1.678038716316223145e+00
-3.195872604846954346e-01
5.883869156241416931e-02
5.207098126411437988e-01
1.027385950088500977e+00
3.411976695060729980e-01
-5.798270702362060547e-01
5.769224166870117188e-01
-6.711372137069702148e-01
-1.017846822738647461e+00
1.410862803459167480e+00
7.056926488876342773e-01
-4.399968981742858887e-01
-7.882070541381835938e-01
-6.844395399093627930e-01
-4.048784673213958740e-01
-2.879146099090576172e+00
-7.496365159749984741e-02
-8.906475901603698730e-01
1.849179863929748535e-01
-2.778456211090087891e-01
7.651801705360412598e-01
8.482744693756103516e-01
7.110284566879272461e-01
-5.060826539993286133e-01
-2.921662628650665283e-01
-3.142588138580322266e-01
1.024276390671730042e-01
-5.727604776620864868e-02
1.194938346743583679e-01
-1.466415286064147949e+00
1.490505695343017578e+00
1.069374442100524902e+00
-6.543410420417785645e-01
6.294187307357788086e-01
9.751413464546203613e-01
-1.352939963340759277e+00
4.724029898643493652e-01
1.857739090919494629e-01
-1.356925070285797119e-01
3.260473906993865967e-02
-4.524044990539550781e-01
-5.413264036178588867e-01
1.641649961471557617e+00
3.471062809694558382e-04
-1.473119705915451050e-01
2.748516499996185303e-01
1.613368272781372070e+00
1.029545307159423828e+00
-5.925286412239074707e-01
-1.436228901147842407e-01
-1.784545063972473145e+00
-4.104024767875671387e-01
7.134323716163635254e-01
-5.106287598609924316e-01
-5.870280042290687561e-02
-4.286251068115234375e-01
-4.682659506797790527e-01
4.385954141616821289e-01
4.771041274070739746e-01
-6.779043376445770264e-02
8.682956099510192871e-01
1.067509770393371582e+00
1.318235099315643311e-01
1.404102087020874023e+00
-1.683920174837112427e-01
7.431867122650146484e-01
1.822710752487182617e+00
-2.874322608113288879e-02
-1.329345703125000000e+00
-8.494876623153686523e-01
3.287522494792938232e-01
1.146385744214057922e-01
6.993351578712463379e-01
5.403441563248634338e-02
-1.505921721458435059e+00
-8.256174921989440918e-01
-4.083917140960693359e-01
-5.192371010780334473e-01
-3.496664017438888550e-02
-3.297004103660583496e-01
1.681393027305603027e+00
-1.157995223999023438e+00
1.259475350379943848e-01
-1.033615350723266602e+00
3.391148447990417480e-01
-2.975456416606903076e-01
-7.118126153945922852e-01
-7.745630741119384766e-01
1.201157942414283752e-01
-7.118801027536392212e-02
-6.198297142982482910e-01
1.248210310935974121e+00
-9.774289727210998535e-01
-8.351429104804992676e-01
4.084393382072448730e-01
-6.250607371330261230e-01
-5.694558620452880859e-01
-1.206413626670837402e+00
-6.225621104240417480e-01
8.343735933303833008e-01
9.993523359298706055e-01
-8.047327995300292969e-01
-9.087323397397994995e-02
7.520043849945068359e-02
-8.335225582122802734e-01
-4.213578701019287109e-01
9.163267016410827637e-01
2.385440468788146973e-02
8.632750064134597778e-02
2.104489952325820923e-01
-4.380707740783691406e-01
-7.611784934997558594e-01
-1.649807691574096680e-01
2.738671377301216125e-02
1.190484091639518738e-01
-6.161406636238098145e-02
7.573882937431335449e-01
-1.093272566795349121e+00
1.598045587539672852e+00
7.895348072052001953e-01
8.698876947164535522e-03
3.984979391098022461e-01
9.069865942001342773e-01
1.466760039329528809e-01
-5.900098681449890137e-01
-3.790780901908874512e-01
-1.103519946336746216e-01
1.409936904907226562e+00
5.218121409416198730e-02
2.406765818595886230e-01
1.514078259468078613e+00
-5.852908492088317871e-01
1.500146031379699707e+00
-1.487089276313781738e+00
1.575072407722473145e+00
-5.035730600357055664e-01
2.444187164306640625e+00
1.181516766548156738e+00
9.698209762573242188e-01
-3.356342613697052002e-01
-8.476657867431640625e-01
-3.687937855720520020e-01
1.408940196037292480e+00
3.925153613090515137e-02
-2.543796598911285400e-01
-1.129240751266479492e+00
-6.930298209190368652e-01
-2.042616605758666992e+00
4.212256520986557007e-02
1.911673992872238159e-01
9.283409118652343750e-01
-9.977580308914184570e-01
2.948969304561614990e-01
-1.353777050971984863e+00
5.932704210281372070e-01
-1.569030284881591797e-01
-6.222670078277587891e-01
5.199442431330680847e-02
8.034501671791076660e-01
-8.052336573600769043e-01
-1.962171792984008789e-01
7.073421478271484375e-01
-8.782171010971069336e-01
2.336077541112899780e-01
1.249741673469543457e+00
3.725398480892181396e-01
-9.688925147056579590e-01
1.815504789352416992e+00
2.253942489624023438e+00
3.542873561382293701e-01
-5.098211169242858887e-01
5.171957612037658691e-01
-7.278701663017272949e-01
-7.084894180297851562e-01
1.132615655660629272e-01
-4.113442003726959229e-01
-6.824839711189270020e-01
-1.363142967224121094e+00
-9.879365563392639160e-01
-1.297466158866882324e-01
-4.244926571846008301e-02
8.966605663299560547e-01
5.807116627693176270e-01
2.855824120342731476e-02
-1.311319321393966675e-01
-3.550803661346435547e-01
2.996253371238708496e-01
-2.639014720916748047e-01
-1.193352460861206055e+00
-8.547106385231018066e-01
3.323961794376373291e-01
-1.583700418472290039e+00
7.123164534568786621e-01
-1.733364313840866089e-01
-2.177931666374206543e-01
1.919017434120178223e-01
-3.524866700172424316e-01
-1.259697675704956055e+00
6.790694594383239746e-02
-3.339638113975524902e-01
-8.576373010873794556e-02
-4.075524508953094482e-01
-1.444957017898559570e+00
-7.031487822532653809e-01
2.167291641235351562e-01
-4.282461404800415039e-01
7.659522891044616699e-01
1.296629071235656738e+00
1.660822890698909760e-02
-8.798413276672363281e-01
-1.004462957382202148e+00
-6.242219805717468262e-01
-4.726381972432136536e-02
-1.130305886268615723e+00
5.706730484962463379e-01
-9.257491827011108398e-01
1.508246898651123047e+00
1.049475371837615967e-01
-8.728190064430236816e-01
1.498266220092773438e+00
-1.042103394865989685e-01
6.851401329040527344e-01
1.886201053857803345e-01
4.058664441108703613e-01
-8.150914907455444336e-01
-7.313885092735290527e-01
7.606661319732666016e-01
-3.822770118713378906e-01
-7.305240035057067871e-01
1.662473917007446289e+00
-6.116223931312561035e-01
5.659106969833374023e-01
5.200166702270507812e-01
-3.814705312252044678e-01
-1.339837193489074707e+00
-2.574669837951660156e+00
-8.390936255455017090e-01
-1.404929399490356445e+00
-8.995042443275451660e-01
-1.056375145912170410e+00
6.486147046089172363e-01
-5.224758386611938477e-01
-1.060234904289245605e+00
-2.131720304489135742e+00
-5.688517689704895020e-01
7.430201768875122070e-01
-2.163653820753097534e-01
-1.124373555183410645e+00
-5.254324674606323242e-01
-6.389179229736328125e-01
-1.707153320312500000e+00
9.047412872314453125e-01
-2.167808711528778076e-01
1.801012456417083740e-01
-8.562738895416259766e-01
1.300465315580368042e-01
3.949378430843353271e-01
-6.660622358322143555e-01
7.544462680816650391e-01
-9.416832774877548218e-02
-7.895864844322204590e-01
-8.567225337028503418e-01
1.140103101730346680e+00
-5.774648860096931458e-02
2.288830280303955078e-01
-8.926872014999389648e-01
7.211295962333679199e-01
-7.717013359069824219e-03
2.650969326496124268e-01
-4.296893253922462463e-02
4.054997861385345459e-01
-3.552152812480926514e-01
-8.339960575103759766e-01
-5.552904605865478516e-01
-1.232720687985420227e-01
8.877253532409667969e-01
-7.940146327018737793e-01
-4.705933034420013428e-01
-6.786680817604064941e-01
8.506089448928833008e-01
8.875196576118469238e-01
1.703901216387748718e-02
-2.044061124324798584e-01
-1.450178176164627075e-01
4.090610742568969727e-01
-4.796165227890014648e-01
1.926485598087310791e-01
-6.017317771911621094e-01
1.670640826225280762e+00
-2.374224737286567688e-02
3.606670498847961426e-01
8.022301197052001953e-01
7.353304028511047363e-01
5.960915684700012207e-01
-7.960741519927978516e-01
1.368956267833709717e-01
1.808062434196472168e+00
-2.336966276168823242e+00
-7.417768836021423340e-01
3.027970790863037109e-01
7.441056370735168457e-01
6.452063322067260742e-01
4.114833772182464600e-01
-6.834615468978881836e-01
7.920075058937072754e-01
-3.352871537208557129e-01
-3.303230404853820801e-01
-5.931070446968078613e-01
-2.868503928184509277e-01
-1.077900528907775879e+00
1.284319519996643066e+00
1.893103704787790775e-03
4.113793373107910156e-01
-3.130053728818893433e-02
-3.783127963542938232e-01
-2.977139353752136230e-01
1.231818795204162598e+00
-1.181100606918334961e+00
-2.441275566816329956e-01
5.813726782798767090e-01
2.584454230964183807e-02
-1.447888731956481934e+00
-6.577715873718261719e-01
-3.996451199054718018e-02
2.561198472976684570e-01
-6.962975859642028809e-01
-5.861821770668029785e-01
-4.828787446022033691e-01
-2.770203649997711182e-01
-6.858603954315185547e-01
-1.934092760086059570e+00
-1.355876684188842773e+00
2.365880608558654785e-01
-1.007901728153228760e-01
1.024753078818321228e-01
-1.070852994918823242e+00
-1.064791917800903320e+00
-9.082962274551391602e-01
-7.462742328643798828e-01
-1.466175794601440430e+00
3.960604071617126465e-01
1.312045574188232422e+00
-1.511052846908569336e-01
-2.341177314519882202e-02
-5.668761953711509705e-02
-3.372563794255256653e-02
5.859698355197906494e-02
-3.869324326515197754e-01
1.134453177452087402e+00
5.330860614776611328e-01
-3.233544528484344482e-01
-2.123216688632965088e-01
-6.032073497772216797e-01
-6.798341870307922363e-01
9.207848906517028809e-01
-1.043000519275665283e-01
-7.676187753677368164e-01
-9.191476553678512573e-02
7.522245645523071289e-01
-1.726344786584377289e-02
6.995527446269989014e-02
6.593999266624450684e-01
2.153834849596023560e-01
1.030061483383178711e+00
1.652997493743896484e+00
-1.133993864059448242e-01
9.333857893943786621e-01
-5.924065783619880676e-02
-1.356091797351837158e-01
-1.478551864624023438e+00
-2.321392595767974854e-01
5.995259881019592285e-01
1.177606701850891113e+00
8.844150900840759277e-01
-1.073865890502929688e-01
-1.979713439941406250e-01
-1.632957935333251953e+00
-5.035398602485656738e-01
-1.885536462068557739e-01
7.411927580833435059e-01
-2.089049965143203735e-01
7.704767584800720215e-01
-4.001270532608032227e-01
3.048325777053833008e-01
-5.736693739891052246e-01
7.508956789970397949e-01
-2.277317941188812256e-01
-7.879385352134704590e-01
-3.936975896358489990e-01
-9.268718361854553223e-01
6.391063332557678223e-01
3.852462172508239746e-01
8.048648834228515625e-01
3.306201696395874023e-01
-1.275296330451965332e+00
1.082094199955463409e-02
1.411499977111816406e-01
8.417537212371826172e-01
-1.057601213455200195e+00
1.450913071632385254e+00
3.491917252540588379e-01
-6.130047440528869629e-01
-7.837172746658325195e-01
2.865745425224304199e-01
-9.514469504356384277e-01
2.465568482875823975e-01
4.799206182360649109e-02
1.014887690544128418e+00
5.063630342483520508e-01
2.766574323177337646e-01
3.763370811939239502e-01
-4.852723777294158936e-01
-3.259593486785888672e+00
-4.065425395965576172e-01
3.598164021968841553e-01
-1.194300532341003418e+00
6.573430299758911133e-01
-1.048708409070968628e-01
-5.305098295211791992e-01
1.897131502628326416e-01
-6.985449790954589844e-01
7.304773330688476562e-01
1.804053306579589844e+00
-1.262876987457275391e+00
1.190236568450927734e+00
-1.936262249946594238e-01
-1.068045385181903839e-02
4.295315146446228027e-01
-4.100525006651878357e-02
-4.946674108505249023e-01
-1.310114145278930664e+00
1.524059027433395386e-01
1.999622583389282227e-02
-1.367669850587844849e-01
3.242158889770507812e-01
