-4.470385611057281494e-01
-1.063039898872375488e+00
2.780356705188751221e-01
2.500242888927459717e-01
-1.545793652534484863e+00
3.899602890014648438e-01
-1.138248205184936523e+00
3.468771576881408691e-01
9.840618371963500977e-01
2.272399514913558960e-01
-7.988905310630798340e-01
9.321203231811523438e-01
-2.907755970954895020e-01
1.238515615463256836e+00
5.014125108718872070e-01
4.495172202587127686e-01
2.878794372081756592e-01
-1.034927129745483398e+00
1.077018737792968750e+00
-4.104629755020141602e-01
3.656898140907287598e-01
1.358805298805236816e+00
5.910051241517066956e-02
2.346304710954427719e-03
-6.547105312347412109e-01
8.072909712791442871e-01
6.981401443481445312e-01
-2.500258982181549072e-01
-7.944228053092956543e-01
-5.561072230339050293e-01
2.992047965526580811e-01
-2.824046015739440918e-01
-1.363170146942138672e-01
1.861413359642028809e+00
-3.184483945369720459e-01
-1.350956708192825317e-01
8.177524209022521973e-01
1.063055992126464844e-01
-3.313638642430305481e-02
1.961116492748260498e-02
1.234427690505981445e+00
-1.219730004668235779e-01
2.452211678028106689e-01
9.382020831108093262e-01
4.786759614944458008e-01
1.350713074207305908e-01
-1.199223637580871582e+00
4.248901903629302979e-01
1.357810258865356445e+00
-4.024186730384826660e-01
-4.609678387641906738e-01
-3.406472504138946533e-01
-5.311030149459838867e-01
-4.086256921291351318e-01
-2.754162251949310303e-02
-2.867636680603027344e-01
7.656121253967285156e-01
6.071748137474060059e-01
-3.185770213603973389e-01
-6.996198743581771851e-02
-7.562631964683532715e-01
1.233144760131835938e+00
-8.611234426498413086e-01
2.702946424484252930e+00
-1.460902392864227295e-01
-1.704788923263549805e+00
-3.760328888893127441e-01
-6.484235078096389771e-02
5.000324174761772156e-02
-1.358401328325271606e-01
-1.841246634721755981e-01
8.521391749382019043e-01
3.557862937450408936e-01
-4.277460873126983643e-01
-1.621232271194458008e+00
8.552349358797073364e-02
-1.001257896423339844e+00
1.545111298561096191e+00
-1.080416440963745117e+00
-3.034234046936035156e-01
1.033905744552612305e+00
-1.290798783302307129e-01
9.462943673133850098e-01
4.611483588814735413e-02
-8.795049786567687988e-02
-2.414716035127639771e-01
-1.227284967899322510e-01
-5.545126199722290039e-01
-1.358011841773986816e+00
1.376869201660156250e+00
4.366873949766159058e-02
-4.352281093597412109e-01
-7.494046092033386230e-01
4.669768512248992920e-01
-1.114854335784912109e+00
1.007793545722961426e-01
-8.437314070761203766e-03
6.432443857192993164e-02
-1.329897522926330566e+00
5.855943560600280762e-01
6.321272850036621094e-01
-2.364451438188552856e-01
-3.057082295417785645e-01
-1.538414835929870605e+00
-1.152819633483886719e+00
5.018746256828308105e-01
-4.446441829204559326e-01
3.989376723766326904e-01
5.880852788686752319e-02
-8.331535756587982178e-02
1.596712350845336914e+00
-1.189222335815429688e+00
-3.212009072303771973e-01
-1.638611196540296078e-03
-9.171659946441650391e-01
-4.969366490840911865e-01
-1.486271739006042480e+00
-6.513430476188659668e-01
1.572511553764343262e+00
-3.418176770210266113e-01
-1.237794995307922363e+00
-8.520813286304473877e-02
6.950587779283523560e-02
7.166445255279541016e-01
-6.245644092559814453e-01
7.701027989387512207e-01
1.208283305168151855e+00
1.112359911203384399e-01
4.286086559295654297e-01
1.066260576248168945e+00
4.656727313995361328e-01
9.322680830955505371e-01
2.417470663785934448e-01
-8.093175888061523438e-01
7.396842241287231445e-01
1.391949057579040527e-01
-7.902913689613342285e-01
-1.089951038360595703e+00
-8.809977024793624878e-02
1.123272180557250977e+00
8.214495182037353516e-01
-9.035720676183700562e-02
-8.391041308641433716e-02
-1.337589502334594727e+00
-5.877021551132202148e-01
8.921977132558822632e-02
-1.853300094604492188e+00
1.384569168090820312e+00
1.136438727378845215e+00
1.131770253181457520e+00
-3.735492527484893799e-01
-1.050303339958190918e+00
8.488199114799499512e-01
-7.437539696693420410e-01
-6.375375390052795410e-01
-1.494756102561950684e+00
2.291761398315429688e+00
1.108913898468017578e+00
2.778727412223815918e-01
-1.729641854763031006e-01
1.524946391582489014e-01
8.766840100288391113e-01
4.154265820980072021e-01
-4.313405230641365051e-02
-4.362002313137054443e-01
1.012215971946716309e+00
5.389224886894226074e-01
1.248884558677673340e+00
-4.875720143318176270e-01
-5.478145480155944824e-01
3.646214902400970459e-01
1.427426457405090332e+00
-2.758287787437438965e-01
8.696108460426330566e-01
-4.289944171905517578e-01
5.999683141708374023e-01
1.538282752037048340e+00
5.689237713813781738e-01
-1.043311119079589844e+00
6.512911319732666016e-01
7.944255471229553223e-01
-1.837081193923950195e+00
-2.888403832912445068e-01
2.635835111141204834e-01
5.530871748924255371e-01
-6.387312412261962891e-01
8.026824146509170532e-02
-2.094750404357910156e+00
-3.747844398021697998e-01
1.216209888458251953e+00
7.895990014076232910e-01
1.043746590614318848e+00
-2.839112281799316406e-01
-3.130589723587036133e-01
6.545155644416809082e-01
1.496621727943420410e+00
3.778895437717437744e-01
-3.407089114189147949e-01
-6.441565752029418945e-01
-3.275480270385742188e-01
-1.362326025962829590e+00
6.556631624698638916e-02
6.615678668022155762e-01
3.803155720233917236e-01
1.800832629203796387e+00
6.515411734580993652e-01
-4.385647475719451904e-01
-7.536624073982238770e-01
9.034044146537780762e-01
1.788740873336791992e+00
-1.384406566619873047e+00
-5.030558705329895020e-01
-2.069928795099258423e-01
2.762295007705688477e-01
-4.396421909332275391e-01
6.547786593437194824e-01
5.381544232368469238e-01
-3.570231422781944275e-02
-8.647307753562927246e-01
2.377933263778686523e-02
3.349414095282554626e-02
3.931771814823150635e-01
2.403247803449630737e-01
-4.193469583988189697e-01
2.310398966073989868e-01
3.892788290977478027e-02
-1.070690870285034180e+00
-9.132892489433288574e-01
-1.233169529587030411e-02
-5.899567008018493652e-01
1.112973093986511230e+00
1.629471778869628906e-01
1.822783201932907104e-01
5.321895480155944824e-01
7.016007900238037109e-01
6.885838508605957031e-01
-9.000720977783203125e-01
3.221942782402038574e-01
-6.402767896652221680e-01
3.822813928127288818e-02
-8.390502929687500000e-01
-1.530832350254058838e-01
4.051331281661987305e-01
-2.005949974060058594e+00
-5.827024951577186584e-02
-3.226517140865325928e-01
-4.178058207035064697e-01
3.087424933910369873e-01
8.235665559768676758e-01
-5.446834117174148560e-02
-7.472399473190307617e-01
9.562184214591979980e-01
-1.218164190649986267e-01
-3.567400276660919189e-01
1.597974300384521484e-01
-9.896855950355529785e-01
5.117425918579101562e-01
-1.264302283525466919e-01
-4.215092658996582031e-01
-7.893881201744079590e-02
2.640583813190460205e-01
-1.086999773979187012e+00
-1.066243529319763184e+00
-1.605267882347106934e+00
-2.129314243793487549e-01
9.042950272560119629e-01
1.165727019309997559e+00
-1.658192276954650879e-01
-6.242529153823852539e-01
-9.161213636398315430e-01
-2.432850003242492676e-01
-8.619773387908935547e-01
1.227245450019836426e+00
2.833466418087482452e-02
1.161961629986763000e-01
-1.343979358673095703e+00
5.865863561630249023e-01
4.176248610019683838e-01
-6.353797912597656250e-01
-4.561128914356231689e-01
-1.006951212882995605e+00
4.709519147872924805e-01
-6.888964176177978516e-01
-1.075578927993774414e+00
-6.014355421066284180e-01
-4.619072377681732178e-01
5.826457738876342773e-01
3.533647358417510986e-01
-5.213513970375061035e-01
-5.961958169937133789e-01
2.319058775901794434e-01
-9.080950617790222168e-01
-5.558578968048095703e-01
-1.069155931472778320e+00
1.429441094398498535e+00
-2.354471683502197266e-01
-7.758296132087707520e-01
-1.472558259963989258e+00
1.167212843894958496e+00
-1.654469370841979980e+00
1.626076400279998779e-01
1.986684441566467285e+00
8.891949057579040527e-01
-1.312930434942245483e-01
1.262443900108337402e+00
-9.164770245552062988e-01
1.281427979469299316e+00
4.789002537727355957e-01
5.216844081878662109e-01
1.250019788742065430e+00
-4.434902220964431763e-02
9.980394244194030762e-01
-5.799782872200012207e-01
-8.465928435325622559e-01
1.749128460884094238e+00
-1.685745477676391602e+00
-1.212375015020370483e-01
1.839562952518463135e-01
-1.843446344137191772e-01
1.253792524337768555e+00
-6.958881616592407227e-01
7.787397503852844238e-01
-1.404962778091430664e+00
-4.005169030278921127e-03
2.990480363368988037e-01
5.268532037734985352e-01
2.537824213504791260e-01
-7.781978845596313477e-01
1.754584461450576782e-01
9.265806674957275391e-01
-1.288241863250732422e+00
2.870335280895233154e-01
6.183083653450012207e-01
2.381439507007598877e-02
6.996211409568786621e-01
6.489469408988952637e-01
-3.760883808135986328e-01
1.341867327690124512e+00
-1.374954342842102051e+00
-5.083062052726745605e-01
3.122774362564086914e-01
2.593187987804412842e-01
1.522266387939453125e+00
-2.714930176734924316e-01
-3.170263469219207764e-01
-8.684465289115905762e-01
-1.521038413047790527e+00
-7.509963512420654297e-01
-1.589813351631164551e+00
-3.723022937774658203e-01
-1.340516090393066406e+00
1.398435980081558228e-01
-3.136021494865417480e-01
2.135693579912185669e-01
-7.130519151687622070e-01
-8.057395815849304199e-01
-1.507821083068847656e+00
3.544021546840667725e-01
2.734101936221122742e-02
8.818587660789489746e-01
-4.221128225326538086e-01
-7.325386404991149902e-01
-1.204602122306823730e+00
1.153953790664672852e+00
1.835011720657348633e+00
-3.897349536418914795e-01
-8.975187689065933228e-02
5.870696622878313065e-04
-1.104208707809448242e+00
3.314459621906280518e-01
1.573898673057556152e+00
-3.054957091808319092e-01
4.943373799324035645e-01
1.309149265289306641e-01
-3.429914414882659912e-01
-6.175703927874565125e-02
1.011961817741394043e+00
2.283598333597183228e-01
8.612135052680969238e-01
6.552681922912597656e-01
6.690552830696105957e-01
-9.125489592552185059e-01
-1.448916494846343994e-01
-1.655484795570373535e+00
-4.586998224258422852e-01
-3.757428228855133057e-01
9.737535715103149414e-01
6.163173317909240723e-01
6.023833528161048889e-02
7.432978153228759766e-01
1.093274354934692383e+00
6.100327372550964355e-01
1.425206512212753296e-01
4.748165905475616455e-01
3.647964075207710266e-02
4.509620666503906250e-01
1.467449307441711426e+00
-6.169214844703674316e-01
6.396460533142089844e-01
7.129667401313781738e-01
-1.118443369865417480e+00
-2.729197263717651367e+00
-1.289085030555725098e+00
-6.681848168373107910e-01
1.390388369560241699e+00
-8.466557860374450684e-01
4.939737319946289062e-01
-1.527194738388061523e+00
-4.783473908901214600e-01
1.254515886306762695e+00
-2.193249464035034180e-01
-2.743780612945556641e-01
-9.172475934028625488e-01
1.469175577163696289e+00
-1.776756167411804199e+00
1.357698082923889160e+00
-1.032828688621520996e+00
1.537062078714370728e-01
6.178106665611267090e-01
4.713069498538970947e-01
-3.020603358745574951e-01
-1.190300509333610535e-01
-1.829575300216674805e-01
-8.706017732620239258e-01
7.947443723678588867e-01
-1.571056246757507324e+00
-1.447904203087091446e-02
-3.235997259616851807e-01
-5.223740935325622559e-01
-1.161180853843688965e+00
-1.286761045455932617e+00
1.509754657745361328e-01
3.904623389244079590e-01
1.694526195526123047e+00
-1.080025508999824524e-01
-1.080958962440490723e+00
2.237674593925476074e-01
-2.754341363906860352e-01
6.184729933738708496e-01
-2.863499820232391357e-01
6.394245475530624390e-02
7.963126897811889648e-01
1.963425725698471069e-01
1.176957860589027405e-01
-5.467687845230102539e-01
1.375495046377182007e-01
-9.282782077789306641e-01
1.910491585731506348e-01
-2.523406147956848145e-01
1.877044737339019775e-01
1.412948131561279297e+00
3.405500650405883789e-01
1.759235560894012451e-01
2.524039745330810547e-01
2.933595180511474609e-01
-9.949514269828796387e-01
3.694041669368743896e-01
-1.170647382736206055e+00
-2.173799276351928711e-01
-7.589944601058959961e-01
-1.646427512168884277e-01
-6.600777506828308105e-01
-1.784513145685195923e-02
7.786687016487121582e-01
-7.931721806526184082e-01
9.262908995151519775e-02
-4.124948680400848389e-01
1.076380252838134766e+00
-7.860730886459350586e-01
1.510116100311279297e+00
1.230849146842956543e+00
7.288517355918884277e-01
-9.531728029251098633e-01
-1.405720591545104980e+00
-2.473563849925994873e-01
3.109323978424072266e-01
3.770605623722076416e-01
1.072975248098373413e-01
-1.891925096511840820e+00
1.166186556220054626e-01
-1.763697147369384766e+00
-6.226670742034912109e-01
-4.314058423042297363e-01
-3.110166192054748535e-01
-1.351400732994079590e+00
-5.533277988433837891e-01
-6.682475805282592773e-01
1.610825777053833008e+00
9.334558844566345215e-01
7.729764580726623535e-01
-9.277312755584716797e-01
1.219876855611801147e-01
3.729443997144699097e-02
7.594130933284759521e-02
6.954608559608459473e-01
-6.600081920623779297e-01
2.827050685882568359e-01
1.234266996383666992e+00
1.004388689994812012e+00
-3.602396547794342041e-01
1.457611560821533203e+00
3.605746328830718994e-01
1.175973415374755859e+00
-1.072210550308227539e+00
1.092187523841857910e+00
7.985765337944030762e-01
-5.684945583343505859e-01
-6.344580650329589844e-01
-5.836606621742248535e-01
-1.134190797805786133e+00
-2.413232028484344482e-01
-4.270028695464134216e-02
-3.747885525226593018e-01
5.459918379783630371e-01
7.495568990707397461e-01
1.220974802970886230e+00
9.192333221435546875e-01
-3.968118429183959961e-01
2.263603657484054565e-01
7.248005867004394531e-01
1.219786882400512695e+00
-6.300100684165954590e-01
-6.475559622049331665e-02
9.521163702011108398e-01
-1.969450354576110840e+00
2.324769943952560425e-01
-2.633759677410125732e-01
-1.204838514328002930e+00
-4.891523122787475586e-01
1.023950874805450439e-01
-1.529124975204467773e+00
-5.369135141372680664e-01
-1.556698799133300781e+00
-2.165914922952651978e-01
-8.632947206497192383e-01
-2.198169231414794922e+00
2.675990760326385498e-01
-5.940290540456771851e-02
-4.669618904590606689e-01
1.547639727592468262e+00
3.036321699619293213e-01
-7.346589565277099609e-01
-1.037029981613159180e+00
-2.210029363632202148e-01
4.195781052112579346e-01
-4.454670250415802002e-01
4.343183934688568115e-01
-5.462457537651062012e-01
-6.526896953582763672e-01
1.325063705444335938e+00
-1.141363456845283508e-01
-8.998805284500122070e-01
1.270489692687988281e+00
-1.447040587663650513e-03
1.116976618766784668e+00
8.081090450286865234e-01
-2.738656401634216309e-01
-1.085320830345153809e+00
-9.457235932350158691e-01
9.646707773208618164e-01
-6.760942935943603516e-01
-2.468684434890747070e+00
1.424323797225952148e+00
-3.584658205509185791e-01
1.470291256904602051e+00
-1.016253709793090820e+00
1.285221129655838013e-01
-1.319053411483764648e+00
-2.760137319564819336e+00
-5.671863555908203125e-01
-2.755085706710815430e+00
-2.114653587341308594e+00
-1.527414083480834961e+00
8.015061020851135254e-01
-7.799652218818664551e-01
-3.231450319290161133e-01
-1.122878551483154297e+00
-3.983325660228729248e-01
1.158435940742492676e+00
-7.041183710098266602e-01
-2.368907630443572998e-01
1.219712272286415100e-01
-1.685950994491577148e+00
2.468775063753128052e-01
9.937373399734497070e-01
9.730747938156127930e-01
-1.518079340457916260e-01
-2.032602727413177490e-01
4.458813369274139404e-01
-2.756812274456024170e-01
-1.341884255409240723e+00
5.174797177314758301e-01
-1.328518271446228027e+00
-2.711688876152038574e-01
7.506818324327468872e-02
1.377514600753784180e+00
-1.291073918342590332e+00
-3.513656556606292725e-01
-1.350057244300842285e+00
9.858357310295104980e-01
-1.061971336603164673e-01
5.492374300956726074e-01
-7.139626145362854004e-01
5.106599926948547363e-01
5.825859904289245605e-01
-7.083824872970581055e-01
3.372809290885925293e-01
4.978633224964141846e-01
1.072765439748764038e-01
-3.640545904636383057e-01
-1.097486168146133423e-01
-1.020832061767578125e+00
1.096975207328796387e+00
3.067231476306915283e-01
2.735841870307922363e-01
7.741310596466064453e-01
-9.825210571289062500e-01
-1.017440780997276306e-01
-7.007086277008056641e-01
-2.857131063938140869e-01
-3.820363581180572510e-01
1.931638002395629883e+00
2.530980408191680908e-01
-6.328973770141601562e-01
9.847339987754821777e-01
3.219807744026184082e-01
-6.500492095947265625e-01
1.469222009181976318e-01
-4.420735239982604980e-01
1.645959138870239258e+00
-1.832744956016540527e+00
-3.322754204273223877e-01
8.575214743614196777e-01
2.692005038261413574e-01
-4.294129461050033569e-02
-4.340286552906036377e-01
-5.349398851394653320e-01
2.827067971229553223e-01
-5.918553099036216736e-02
-1.225924715399742126e-01
1.499150097370147705e-01
5.068251490592956543e-01
-8.046670556068420410e-01
1.560940861701965332e+00
-4.475406408309936523e-01
-7.151004672050476074e-01
7.579064965248107910e-01
-7.393220663070678711e-01
1.462958931922912598e+00
1.036178946495056152e+00
-9.229675531387329102e-01
1.322605162858963013e-01
-2.181890793144702911e-02
-2.146623134613037109e-01
-1.540783405303955078e+00
-5.748348236083984375e-01
-3.251073062419891357e-01
-1.715304404497146606e-01
-8.520472049713134766e-01
2.777595259249210358e-02
8.258365392684936523e-01
-6.498281359672546387e-01
-9.926183223724365234e-01
-2.259567737579345703e+00
-8.144483715295791626e-02
2.273488342761993408e-01
-4.834838211536407471e-01
1.152423620223999023e+00
-5.712882876396179199e-01
-1.087359189987182617e+00
-1.163414359092712402e+00
8.533768355846405029e-03
-1.733443498611450195e+00
5.631287693977355957e-01
1.198263645172119141e+00
-1.142006143927574158e-01
7.281864285469055176e-01
4.266509786248207092e-02
7.247292902320623398e-03
-8.658642321825027466e-02
6.799716353416442871e-01
1.094621896743774414e+00
2.624129652976989746e-01
1.687814354896545410e+00
-5.106831789016723633e-01
6.678668260574340820e-01
-6.380839347839355469e-01
6.170390844345092773e-01
-9.906464219093322754e-01
-6.374867558479309082e-01
-2.960777468979358673e-02
1.386215209960937500e+00
-1.114669144153594971e-01
-1.554072946310043335e-01
2.835870981216430664e-01
-2.474597468972206116e-02
1.078032135963439941e+00
1.331669330596923828e+00
6.834812760353088379e-01
7.290331721305847168e-01
-1.862084567546844482e-01
-5.070818066596984863e-01
-2.234750092029571533e-01
-4.145951867103576660e-01
5.831004977226257324e-01
1.489293694496154785e+00
2.059719085693359375e+00
-2.931306660175323486e-01
-3.843527138233184814e-01
-4.494706094264984131e-01
1.379756212234497070e+00
-2.953372895717620850e-01
1.469184458255767822e-01
1.651021361351013184e+00
7.410748396068811417e-03
4.664341807365417480e-01
1.051147580146789551e+00
-1.497993350028991699e+00
4.933307468891143799e-01
1.088862493634223938e-01
2.926999032497406006e-01
-1.485028147697448730e+00
-5.531545281410217285e-01
1.012263655662536621e+00
7.845555543899536133e-01
7.543668150901794434e-01
2.741867005825042725e-01
-3.628334999084472656e-01
-1.862277239561080933e-01
-5.457869768142700195e-01
4.248784482479095459e-01
4.258781373500823975e-01
6.869596242904663086e-01
3.765538930892944336e-01
3.854198455810546875e-01
-4.352673888206481934e-01
6.414189338684082031e-01
-5.267685055732727051e-01
1.758491992950439453e+00
-6.700865030288696289e-01
1.492057919502258301e+00
3.070698380470275879e-01
3.578267395496368408e-01
-2.481227666139602661e-01
-4.432106912136077881e-01
-2.419053554534912109e+00
6.578198075294494629e-02
4.332007765769958496e-01
-3.441048562526702881e-01
-4.017031937837600708e-02
4.096412062644958496e-01
-7.295744419097900391e-01
-2.383007854223251343e-01
-1.312307953834533691e+00
1.030729889869689941e+00
2.245249301195144653e-01
-3.021094202995300293e-01
1.264378309249877930e+00
-6.626849770545959473e-01
1.195167563855648041e-02
-1.020821034908294678e-01
-1.422222137451171875e+00
-7.590942978858947754e-01
-9.177543520927429199e-01
-1.496250331401824951e-01
2.611597776412963867e-01
-4.202955961227416992e-01
6.867113709449768066e-01
