-8.055167198181152344e-01
-1.183983922004699707e+00
7.361744046211242676e-01
1.065243124961853027e+00
-7.059887647628784180e-01
-1.380036920309066772e-01
-3.188018202781677246e-01
1.400508582592010498e-01
-3.080787062644958496e-01
8.516650795936584473e-01
-1.826461791992187500e+00
9.880760908126831055e-01
-3.196294009685516357e-01
1.117526888847351074e+00
5.902599096298217773e-01
-2.447115033864974976e-01
3.299267590045928955e-01
-2.443821728229522705e-01
4.874212145805358887e-01
4.150526970624923706e-02
7.630419135093688965e-01
1.057316422462463379e+00
3.428205549716949463e-01
9.306524991989135742e-01
-9.761795401573181152e-01
-1.325729675590991974e-02
8.294559717178344727e-01
-3.369939625263214111e-01
-8.200708627700805664e-01
-5.208951830863952637e-01
1.729649603366851807e-01
-1.639555767178535461e-02
4.562100470066070557e-01
2.021474361419677734e+00
-5.260239243507385254e-01
5.066792368888854980e-01
3.756214976310729980e-01
9.054219722747802734e-01
1.971986293792724609e-01
-7.983550429344177246e-02
1.178260564804077148e+00
4.835119545459747314e-01
-8.397042751312255859e-01
1.084195613861083984e+00
6.121869087219238281e-01
-7.177116274833679199e-01
-1.143112778663635254e+00
1.408842086791992188e+00
6.440488696098327637e-01
-9.052979946136474609e-01
-2.706038951873779297e-01
2.100175619125366211e-01
-9.401914477348327637e-01
-8.145200014114379883e-01
-7.925215959548950195e-01
-2.817786931991577148e-01
1.452948451042175293e+00
1.364482402801513672e+00
1.119834408164024353e-01
-1.243635267019271851e-01
-3.705683350563049316e-01
3.492876291275024414e-01
-1.777969747781753540e-01
2.015120506286621094e+00
-1.215121865272521973e+00
-2.227605819702148438e+00
-9.609609246253967285e-01
4.993903338909149170e-01
-8.708661049604415894e-02
-3.589038923382759094e-02
-2.001805156469345093e-01
1.149560570716857910e+00
-8.283168077468872070e-01
4.975016713142395020e-01
-7.794482707977294922e-01
1.047861456871032715e+00
-1.153269648551940918e+00
1.816165447235107422e+00
-1.558062672615051270e+00
-9.899427890777587891e-01
2.621822357177734375e-01
-3.825120031833648682e-01
1.009086489677429199e+00
-1.804126054048538208e-01
-4.441495835781097412e-01
-5.729675292968750000e-01
-1.337346732616424561e-01
-6.678586602210998535e-01
-1.374540328979492188e+00
9.544335603713989258e-01
-4.341563284397125244e-01
1.383181065320968628e-01
-6.023179888725280762e-01
-6.743592619895935059e-01
-7.516355514526367188e-01
4.542379379272460938e-01
-3.133254051208496094e-01
-4.441549181938171387e-01
-1.197639226913452148e+00
4.974021315574645996e-01
4.373579919338226318e-01
-3.179868757724761963e-01
-2.941063940525054932e-01
-1.051024079322814941e+00
-6.206176877021789551e-01
-5.465744137763977051e-01
3.943443000316619873e-01
1.046825408935546875e+00
5.692009255290031433e-02
2.228095382452011108e-01
9.685663580894470215e-01
-5.581008195877075195e-01
4.719511866569519043e-01
-1.896483302116394043e-01
-1.120749950408935547e+00
-1.344378739595413208e-01
-1.278671860694885254e+00
-3.973756730556488037e-01
1.136599421501159668e+00
-6.717498302459716797e-01
-1.089169979095458984e+00
-1.103277683258056641e+00
-3.028212785720825195e-01
3.939597606658935547e-01
-1.000359416007995605e+00
7.218131422996520996e-01
-8.674776554107666016e-01
-6.537102460861206055e-01
-4.360809326171875000e-01
1.565617680549621582e+00
-2.822389900684356689e-01
7.926953434944152832e-01
8.393815755844116211e-01
-8.047978281974792480e-01
5.886060595512390137e-01
6.396249532699584961e-01
-7.479431629180908203e-01
-1.533721685409545898e+00
4.700447022914886475e-01
1.893955588340759277e+00
3.530609980225563049e-02
3.918401598930358887e-01
-1.079272150993347168e+00
-1.061951994895935059e+00
-8.236984610557556152e-01
9.073743224143981934e-01
-1.345328211784362793e+00
1.246587872505187988e+00
4.626557826995849609e-01
9.834605455398559570e-01
-1.503390431404113770e+00
-1.003146767616271973e+00
2.702745497226715088e-01
-2.349047362804412842e-01
-2.042674459517002106e-02
-1.314499497413635254e+00
2.327544450759887695e+00
1.553260207176208496e+00
2.519376277923583984e-01
-1.158963680267333984e+00
3.926700353622436523e-01
1.416595458984375000e+00
2.548066675662994385e-01
4.483384788036346436e-01
-6.772918701171875000e-01
8.832225799560546875e-01
-5.079852938652038574e-01
7.940440773963928223e-01
-6.087520159780979156e-03
-1.001394033432006836e+00
-2.122212797403335571e-01
7.059938311576843262e-01
3.278751075267791748e-01
1.430929660797119141e+00
1.411420255899429321e-01
9.371436834335327148e-01
1.617779016494750977e+00
6.774798631668090820e-01
-1.175007820129394531e+00
1.588170647621154785e+00
6.793848276138305664e-01
-1.661850810050964355e+00
-2.175217866897583008e-01
5.357821285724639893e-02
8.456344902515411377e-02
-1.778872251510620117e+00
-8.305231332778930664e-01
-2.940051078796386719e+00
-1.218874216079711914e+00
7.718253135681152344e-01
2.673305869102478027e-01
4.950759112834930420e-01
-1.022600531578063965e-01
-7.047305107116699219e-01
1.160781979560852051e+00
1.386542201042175293e+00
9.109248518943786621e-01
-8.269764184951782227e-01
-6.870881915092468262e-01
-1.495952010154724121e-01
-5.737085938453674316e-01
3.673427700996398926e-01
1.095910429954528809e+00
-3.414329290390014648e-01
1.558593630790710449e+00
7.027900218963623047e-01
1.032596677541732788e-01
-5.620535016059875488e-01
6.743922829627990723e-01
1.022479534149169922e+00
-1.282220721244812012e+00
-6.703530251979827881e-02
1.307123303413391113e-01
-1.639327555894851685e-01
-2.960527241230010986e-01
4.994491934776306152e-01
6.813070774078369141e-01
-3.746176958084106445e-01
-8.411646485328674316e-01
3.769036829471588135e-01
-5.082907155156135559e-02
4.617233276367187500e-01
3.858215808868408203e-01
3.207622468471527100e-01
4.061517715454101562e-01
-7.980751395225524902e-01
-9.720466136932373047e-01
-8.624423146247863770e-01
-5.524578094482421875e-01
-4.529663622379302979e-01
1.717747330665588379e+00
-3.211309313774108887e-01
1.000255346298217773e+00
5.071511268615722656e-01
4.302919805049896240e-01
3.495720624923706055e-01
-1.137032270431518555e+00
-6.172301620244979858e-02
-6.592682600021362305e-01
5.759295225143432617e-01
-1.065726637840270996e+00
-1.016563057899475098e+00
2.110102772712707520e-01
-1.501945495605468750e+00
-2.755905091762542725e-01
-4.569561779499053955e-01
-2.826875746250152588e-01
2.466642707586288452e-01
4.607299864292144775e-01
-1.170044898986816406e+00
-1.168911695480346680e+00
8.336790204048156738e-01
8.736158907413482666e-02
-2.118698060512542725e-01
4.442005455493927002e-01
-5.490087270736694336e-01
9.292190074920654297e-01
3.085529208183288574e-01
-1.096160173416137695e+00
2.579401731491088867e-01
-4.119297862052917480e-01
-1.139286875724792480e+00
-1.113360166549682617e+00
-2.006218910217285156e+00
-3.819823861122131348e-01
1.090977191925048828e+00
1.045842647552490234e+00
-2.285336256027221680e-01
-6.698173284530639648e-01
-2.620025575160980225e-01
-7.015911489725112915e-02
-9.597604721784591675e-02
1.204152822494506836e+00
4.140038788318634033e-01
6.197281479835510254e-01
-1.272264719009399414e-01
5.515125989913940430e-01
-8.111201226711273193e-02
-1.219512447714805603e-01
-4.682357311248779297e-01
-2.094879597425460815e-01
1.995679736137390137e-01
-5.411757826805114746e-01
-1.011919260025024414e+00
-6.168234944343566895e-01
-3.571178317070007324e-01
2.710838615894317627e-01
3.858633637428283691e-01
-1.924888491630554199e-01
-7.839316129684448242e-02
-2.853590846061706543e-01
-1.472287476062774658e-01
-3.347608819603919983e-02
-4.901171028614044189e-01
8.717427849769592285e-01
1.449059695005416870e-01
-1.236581087112426758e+00
-9.166288971900939941e-01
1.992837488651275635e-01
-2.193780183792114258e+00
3.305931389331817627e-01
1.401004791259765625e+00
3.583421111106872559e-01
-3.101340532302856445e-01
3.241699635982513428e-01
-1.003168463706970215e+00
1.397379875183105469e+00
1.910993158817291260e-01
6.380308270454406738e-01
7.721269726753234863e-01
-3.965182304382324219e-01
1.759688705205917358e-01
-1.265837401151657104e-01
-5.981284976005554199e-01
9.525558948516845703e-01
-8.679766058921813965e-01
-1.108379065990447998e-01
2.396770268678665161e-01
-6.230509877204895020e-01
4.500711262226104736e-01
-8.981345891952514648e-01
1.745107918977737427e-01
-2.037666559219360352e+00
-4.624547064304351807e-01
1.332505464553833008e+00
-1.327580213546752930e-01
2.415548115968704224e-01
-1.015903234481811523e+00
2.338291853666305542e-01
9.429606199264526367e-01
-7.556016445159912109e-01
2.044253647327423096e-01
5.622660517692565918e-01
-4.509953316301107407e-03
-7.538239657878875732e-02
7.987453043460845947e-02
-3.153102397918701172e-01
1.577504396438598633e+00
-1.313016653060913086e+00
-7.505726814270019531e-01
1.028231739997863770e+00
7.513854503631591797e-01
1.056327819824218750e+00
1.587129235267639160e-01
-4.062354266643524170e-01
-5.546873211860656738e-01
-1.160871982574462891e+00
-5.664138793945312500e-01
-1.821199417114257812e+00
4.328002333641052246e-01
-7.528623342514038086e-01
1.015007644891738892e-01
-3.994547724723815918e-01
8.464038372039794922e-01
-3.663089871406555176e-01
-9.079773426055908203e-01
-9.347762465476989746e-01
1.621867120265960693e-01
-1.508989036083221436e-01
1.086311340332031250e+00
-4.039731919765472412e-01
-1.358992308378219604e-01
-9.407179355621337891e-01
8.192068338394165039e-01
5.231930613517761230e-01
-4.695025682449340820e-01
1.448380947113037109e+00
7.015909552574157715e-01
-1.854409426450729370e-01
-1.492762565612792969e-01
4.629838764667510986e-01
-1.991036385297775269e-01
1.134145706892013550e-01
-4.473223909735679626e-02
5.371004343032836914e-02
9.333048462867736816e-01
2.196500301361083984e-01
4.756034910678863525e-01
-7.168646156787872314e-02
1.324826925992965698e-01
1.159103035926818848e+00
-5.235539674758911133e-01
-1.403930783271789551e-01
-1.684574365615844727e+00
-4.220755696296691895e-01
-3.362101018428802490e-01
2.263699024915695190e-01
6.644727587699890137e-01
-2.285361886024475098e-01
8.299029618501663208e-02
1.649582743644714355e+00
-1.491796225309371948e-01
-6.978790042921900749e-04
9.451546072959899902e-01
6.314482688903808594e-01
-2.095438241958618164e-01
1.148005723953247070e+00
-1.341406106948852539e-01
3.219715356826782227e-01
1.552673816680908203e+00
1.872121840715408325e-01
-2.511659145355224609e+00
-9.601957798004150391e-01
-7.471082210540771484e-01
2.072568893432617188e+00
2.120223641395568848e-01
8.635257482528686523e-01
-7.838459014892578125e-01
-9.361619353294372559e-01
-3.745535910129547119e-01
-4.395508170127868652e-01
-6.961956024169921875e-01
-7.827285528182983398e-01
7.331438660621643066e-01
-1.588981986045837402e+00
1.454788208007812500e+00
-1.845737844705581665e-01
-1.215556487441062927e-01
7.569512724876403809e-01
-3.965398669242858887e-01
-3.509904444217681885e-01
2.042256593704223633e-01
-5.274174809455871582e-01
-1.122041940689086914e-01
1.387244939804077148e+00
-1.903651237487792969e+00
6.605070829391479492e-01
-4.164215922355651855e-01
-1.511614084243774414e+00
-5.795392990112304688e-01
-1.221444845199584961e+00
-4.601445049047470093e-03
1.203732863068580627e-01
1.887322306632995605e+00
2.183471769094467163e-01
-3.636210262775421143e-01
9.215144813060760498e-02
-9.568812251091003418e-01
-9.722790122032165527e-02
8.745490312576293945e-01
8.013085722923278809e-01
1.008724808692932129e+00
4.862991869449615479e-01
6.431772112846374512e-01
4.535333812236785889e-02
-2.673591077327728271e-01
-3.392877876758575439e-01
7.614182829856872559e-01
1.487384885549545288e-01
4.003664553165435791e-01
4.333832859992980957e-01
7.875899672508239746e-01
3.487609326839447021e-01
-1.055019497871398926e-01
1.762617677450180054e-01
-3.981119096279144287e-01
2.796376645565032959e-01
-1.433089733123779297e+00
-5.787490606307983398e-01
-1.537835001945495605e-01
-1.707551330327987671e-01
4.014618098735809326e-01
-2.457149773836135864e-01
2.011376380920410156e+00
-1.432314634323120117e+00
4.275874793529510498e-01
-8.332819342613220215e-01
3.918052911758422852e-01
-4.697259068489074707e-01
1.164710402488708496e+00
1.130165576934814453e+00
1.569893121719360352e+00
-4.810357987880706787e-01
-4.644501209259033203e-01
1.325429528951644897e-01
8.558806180953979492e-01
9.562397599220275879e-01
-1.685816347599029541e-01
-1.629595041275024414e+00
-1.696297675371170044e-01
-1.370071768760681152e+00
-6.923720836639404297e-01
-7.348765730857849121e-01
3.956981897354125977e-01
2.046951055526733398e-01
-1.320300579071044922e+00
2.262478321790695190e-01
6.524850726127624512e-01
1.078092336654663086e+00
-7.070931792259216309e-01
-3.608484268188476562e-01
1.615459471940994263e-01
-8.202079534530639648e-01
-6.277133524417877197e-02
6.123451590538024902e-01
-1.613445132970809937e-01
1.402589529752731323e-01
1.440998315811157227e+00
5.246053934097290039e-01
-2.765367925167083740e-01
1.350043773651123047e+00
1.384173333644866943e-01
1.544387340545654297e+00
-1.287923216819763184e+00
1.084022402763366699e+00
-2.253575623035430908e-01
-7.418748140335083008e-01
5.767523497343063354e-02
-1.873222291469573975e-01
-4.743143618106842041e-01
-7.693358063697814941e-01
3.552724123001098633e-01
-6.671777963638305664e-01
1.099694728851318359e+00
9.405494332313537598e-01
4.634323716163635254e-01
1.319170832633972168e+00
-5.504448413848876953e-01
-5.319104790687561035e-01
6.822804808616638184e-01
5.645284652709960938e-01
-1.108856439590454102e+00
-1.122564792633056641e+00
8.211861252784729004e-01
-1.522115349769592285e+00
1.536701172590255737e-01
1.063046306371688843e-01
-1.869501471519470215e-01
-4.388627707958221436e-01
9.129526093602180481e-03
-7.109402418136596680e-01
1.012125849723815918e+00
-1.052950739860534668e+00
2.857165634632110596e-01
-1.044634699821472168e+00
-1.789552211761474609e+00
4.359255135059356689e-01
-4.205796718597412109e-01
-7.842559218406677246e-01
1.036379814147949219e+00
-5.207338333129882812e-01
-2.041811347007751465e-01
-6.638106703758239746e-01
-6.367214322090148926e-01
-2.852692008018493652e-01
5.488614551723003387e-03
-2.564978599548339844e-01
-7.362126708030700684e-01
-9.865770339965820312e-01
2.303028583526611328e+00
-5.958082899451255798e-02
-1.929751634597778320e+00
7.356513738632202148e-01
1.712325453758239746e+00
9.389702677726745605e-01
4.779689311981201172e-01
3.632036447525024414e-01
-7.792272567749023438e-01
-1.524726152420043945e+00
1.017704963684082031e+00
-6.536699533462524414e-01
-1.712176084518432617e+00
1.862473368644714355e+00
-5.474674701690673828e-02
4.087090194225311279e-01
-7.183469366282224655e-03
6.071453448385000229e-03
-1.041360139846801758e+00
-2.947053194046020508e+00
3.586476296186447144e-02
-2.525311708450317383e+00
-1.283663868904113770e+00
-1.878369331359863281e+00
8.648105859756469727e-01
-8.253756165504455566e-02
-1.075938820838928223e+00
-1.746872782707214355e+00
4.089802801609039307e-01
1.044435501098632812e+00
-1.168523907661437988e+00
-1.817761734127998352e-02
-4.795662164688110352e-01
-1.462881326675415039e+00
7.810234427452087402e-01
4.080670475959777832e-01
9.013849496841430664e-01
5.584271624684333801e-02
4.716711640357971191e-01
6.438410282135009766e-01
7.860873341560363770e-01
-1.061081171035766602e+00
1.195924878120422363e+00
-1.174520254135131836e+00
6.411782652139663696e-02
-3.387852311134338379e-01
1.806375503540039062e+00
-1.013999462127685547e+00
-3.211373388767242432e-01
-7.006926536560058594e-01
8.074257969856262207e-01
-7.500584423542022705e-02
9.584110975265502930e-01
-1.015216946601867676e+00
4.290101230144500732e-01
3.168827593326568604e-01
-2.821440100669860840e-01
4.082446098327636719e-01
1.836066097021102905e-01
2.415128201246261597e-01
-7.883222699165344238e-01
4.272961616516113281e-01
-8.834779262542724609e-01
1.065454483032226562e+00
3.088928759098052979e-02
-2.029042840003967285e-01
6.320618987083435059e-01
-1.351948976516723633e+00
-9.860893338918685913e-02
-2.856284976005554199e-01
-4.636050760746002197e-02
3.467875719070434570e-01
1.577294468879699707e+00
5.563560724258422852e-01
-1.006227612495422363e+00
2.273949146270751953e+00
4.386276900768280029e-01
-3.882228955626487732e-02
5.067108571529388428e-02
6.725007295608520508e-02
1.019991755485534668e+00
-2.105943679809570312e+00
-9.226889610290527344e-01
5.537276268005371094e-01
2.410747706890106201e-01
3.271286189556121826e-01
6.421907544136047363e-01
-5.564165115356445312e-01
3.752554357051849365e-01
1.703018546104431152e-01
-5.912482142448425293e-01
1.017728149890899658e-01
8.214336633682250977e-02
-1.073802471160888672e+00
1.542662858963012695e+00
-3.049435615539550781e-01
-3.979861736297607422e-01
6.895868182182312012e-01
7.111837714910507202e-02
7.931267619132995605e-01
8.555669188499450684e-01
-1.277556829154491425e-02
8.699242025613784790e-02
3.728782534599304199e-01
8.245217031799256802e-04
-9.049642682075500488e-01
-6.152557730674743652e-01
4.485801458358764648e-01
-8.003904670476913452e-02
1.003937423229217529e-01
1.809402853250503540e-01
-3.327961862087249756e-01
-5.331443548202514648e-01
-1.307847023010253906e+00
-1.579097390174865723e+00
-3.960622847080230713e-01
2.025231719017028809e-01
1.901133954524993896e-01
1.192378878593444824e+00
-5.951293706893920898e-01
-1.084774732589721680e+00
-8.715919852256774902e-01
-9.135293960571289062e-01
-1.915866494178771973e+00
2.358960211277008057e-01
1.701597571372985840e+00
-3.238319456577301025e-01
-5.085013061761856079e-02
-1.436995863914489746e-01
-6.894647376611828804e-04
2.170524895191192627e-01
2.801060080528259277e-01
9.486430287361145020e-01
4.753584265708923340e-01
1.054465651512145996e+00
-6.048246622085571289e-01
-6.397485733032226562e-01
-1.361242055892944336e+00
5.452544093132019043e-01
-8.734748363494873047e-01
-6.374768018722534180e-01
-5.837606191635131836e-01
8.134074807167053223e-01
-4.304265677928924561e-01
3.928373157978057861e-01
8.659532070159912109e-01
-1.648647487163543701e-01
1.982552856206893921e-01
7.278773784637451172e-01
4.349955916404724121e-01
7.395557761192321777e-01
-4.731427133083343506e-01
5.000536330044269562e-03
-8.058177828788757324e-01
5.838840007781982422e-01
8.848794698715209961e-01
9.096885919570922852e-01
1.881670951843261719e+00
-4.383696913719177246e-01
6.625126600265502930e-01
-9.284101426601409912e-02
1.034320235252380371e+00
-7.074425220489501953e-01
1.358455419540405273e+00
3.650615215301513672e-01
3.108938932418823242e-01
-9.232600033283233643e-02
4.064716398715972900e-01
-1.122001528739929199e+00
7.846589684486389160e-01
3.362344205379486084e-01
1.169599518179893494e-01
-5.836225152015686035e-01
-3.968917429447174072e-01
6.576019525527954102e-01
1.180994510650634766e+00
8.489583730697631836e-01
-4.033164083957672119e-01
-9.001889228820800781e-01
-4.828250110149383545e-01
-1.027600765228271484e+00
5.521808862686157227e-01
-1.005973070859909058e-01
3.682815730571746826e-01
3.237710297107696533e-01
-3.665265142917633057e-01
-8.848425745964050293e-01
1.382025182247161865e-01
-2.086581707000732422e+00
1.091418385505676270e+00
-8.902035951614379883e-01
1.006616950035095215e+00
1.117740273475646973e+00
-2.264652997255325317e-01
-6.516248732805252075e-02
5.153299123048782349e-02
-1.336856603622436523e+00
2.518840320408344269e-02
5.596463754773139954e-02
-7.324638962745666504e-01
-1.880233883857727051e-01
5.612587928771972656e-01
-2.282388657331466675e-01
2.243125885725021362e-01
-8.576848506927490234e-01
6.737504601478576660e-01
5.830315947532653809e-01
-2.462173253297805786e-01
1.522324442863464355e+00
-3.168324530124664307e-01
-7.019534241408109665e-03
-8.492345809936523438e-01
-5.906956791877746582e-01
-1.240445375442504883e+00
-4.482566416263580322e-01
-7.756708264350891113e-01
4.943796992301940918e-01
-3.152215778827667236e-01
3.043635748326778412e-02
