3.728683292865753174e-01
-9.001532793045043945e-01
-2.668619528412818909e-02
1.624864101409912109e+00
-1.932217627763748169e-01
-8.011569827795028687e-02
-1.914255380630493164e+00
-2.285350859165191650e-01
1.639519810676574707e+00
1.052853345870971680e+00
-2.412009835243225098e-01
6.128135919570922852e-01
-7.011125087738037109e-01
1.546292185783386230e+00
1.948218643665313721e-01
-3.356527984142303467e-01
-1.201281905174255371e+00
-1.808091700077056885e-01
1.353631854057312012e+00
-9.751977324485778809e-01
5.021369457244873047e-01
-3.331708312034606934e-01
7.596322894096374512e-01
-4.770605862140655518e-01
-1.162983298301696777e+00
9.664936065673828125e-01
-2.358761616051197052e-02
2.276145219802856445e-01
-3.528572022914886475e-01
1.663715094327926636e-01
5.151494145393371582e-01
1.007142543792724609e+00
3.252666294574737549e-01
9.731548428535461426e-01
-3.485096096992492676e-01
9.472522884607315063e-03
-3.155755996704101562e-01
8.107212185859680176e-01
-8.861467838287353516e-01
7.297315448522567749e-02
-8.071120381355285645e-01
3.880774378776550293e-01
1.102967381477355957e+00
1.714801311492919922e+00
1.901789903640747070e+00
-1.258118629455566406e+00
2.062565565109252930e+00
7.371243834495544434e-01
6.447191834449768066e-01
4.966546297073364258e-01
7.133929729461669922e-01
-8.824638128280639648e-01
5.828825831413269043e-01
-1.065753698348999023e+00
4.759895205497741699e-01
-3.834830969572067261e-02
1.322321414947509766e+00
4.441646039485931396e-01
4.369222521781921387e-01
-3.762420415878295898e-01
-4.017581641674041748e-01
-2.418343573808670044e-01
6.984321773052215576e-02
1.850287437438964844e+00
8.387305736541748047e-01
-1.614557504653930664e+00
-8.986275792121887207e-01
-5.513538122177124023e-01
-1.091330885887145996e+00
-5.270714163780212402e-01
8.704696297645568848e-01
5.300530195236206055e-01
5.081922560930252075e-02
1.020924925804138184e+00
-3.520316481590270996e-01
9.471244215965270996e-01
-4.694533348083496094e-01
9.648547172546386719e-01
-1.468627095222473145e+00
-1.009799122810363770e+00
6.506991386413574219e-01
1.339201450347900391e+00
1.221688628196716309e+00
9.583042263984680176e-01
6.073948144912719727e-01
6.935989856719970703e-01
-5.798826739192008972e-02
-8.181176185607910156e-01
-1.471490144729614258e+00
1.501256823539733887e+00
3.095974624156951904e-01
-1.129583362489938736e-02
-7.448062300682067871e-02
-1.454899460077285767e-01
-5.722662210464477539e-01
1.976499199867248535e+00
-1.261157155036926270e+00
3.487441837787628174e-01
-1.203736186027526855e+00
8.722218871116638184e-01
1.414065361022949219e+00
-6.333180516958236694e-02
-5.356299281120300293e-01
-2.253201901912689209e-01
-1.576035022735595703e-01
3.854646682739257812e-01
3.781906366348266602e-01
-5.194674134254455566e-01
1.071374416351318359e-01
-9.958328008651733398e-01
1.912037730216979980e+00
-1.195717453956604004e+00
-4.424126744270324707e-01
1.230821385979652405e-01
-1.265821933746337891e+00
-1.583827018737792969e+00
-1.377506136894226074e+00
-3.812951445579528809e-01
9.291120767593383789e-01
-2.812312729656696320e-02
-1.009873207658529282e-02
-2.832995057106018066e-01
6.285576224327087402e-01
1.504073381423950195e+00
-1.015779495239257812e+00
1.509201526641845703e+00
1.044216752052307129e-01
-6.076297909021377563e-02
1.957691758871078491e-01
1.020779252052307129e+00
5.026133656501770020e-01
4.569547772407531738e-01
1.416146039962768555e+00
5.034754872322082520e-01
-1.768545061349868774e-01
4.971228241920471191e-01
6.719902157783508301e-02
-1.106846928596496582e+00
-4.342568516731262207e-01
-6.569416075944900513e-02
-1.070961833000183105e+00
8.332855701446533203e-01
-3.898842632770538330e-01
-1.011891365051269531e+00
1.614705324172973633e-01
-2.500502169132232666e-01
-1.519386768341064453e+00
5.125497579574584961e-01
1.214261770248413086e+00
1.146234393119812012e+00
-3.238863945007324219e-01
-1.175625994801521301e-01
1.183907747268676758e+00
-4.383689165115356445e-01
-9.584698677062988281e-01
-5.784311294555664062e-01
1.828010916709899902e+00
4.570223689079284668e-01
-4.052573442459106445e-02
-5.070249438285827637e-01
-4.700899720191955566e-01
3.948270678520202637e-01
3.271061927080154419e-02
6.059241890907287598e-01
-1.075188636779785156e+00
4.328805208206176758e-01
1.023351192474365234e+00
-7.544910311698913574e-01
-5.529065132141113281e-01
-9.377204179763793945e-01
-7.685434222221374512e-01
6.705754995346069336e-02
-4.046306014060974121e-01
1.821270227432250977e+00
-9.953991174697875977e-01
4.476254284381866455e-01
-5.075355768203735352e-01
-1.265465021133422852e-01
-7.541491985321044922e-01
4.855773746967315674e-01
8.007023930549621582e-01
-5.147453546524047852e-01
1.052544236183166504e+00
2.553853690624237061e-01
-2.271889001131057739e-01
-1.677703380584716797e+00
3.982617557048797607e-01
-2.434908390045166016e+00
-8.828529715538024902e-01
6.702414751052856445e-01
2.639994025230407715e-01
3.998860418796539307e-01
1.935384236276149750e-02
-3.462011814117431641e-01
-4.006194174289703369e-01
1.138737201690673828e-01
5.479883551597595215e-01
-9.644389748573303223e-01
-4.124275445938110352e-01
-1.089128851890563965e+00
-3.576757013797760010e-01
1.509082674980163574e+00
4.944233000278472900e-01
5.103087425231933594e-02
4.755624830722808838e-01
1.795046180486679077e-01
-9.775636196136474609e-01
-8.742265701293945312e-01
7.770605683326721191e-01
1.173864603042602539e+00
-1.441452503204345703e+00
-1.405766308307647705e-01
-1.269052863121032715e+00
7.955793291330337524e-02
-1.477721184492111206e-01
-7.594691962003707886e-02
9.452025890350341797e-01
-5.239251852035522461e-01
-1.505491286516189575e-01
3.441093266010284424e-01
-3.310482501983642578e-01
1.508152127265930176e+00
4.560230374336242676e-01
5.182014107704162598e-01
-5.692293047904968262e-01
9.300328493118286133e-01
-6.292771100997924805e-01
-6.720175147056579590e-01
-9.301120415329933167e-03
1.067986607551574707e+00
5.526312589645385742e-01
-5.203339084982872009e-02
-5.502465367317199707e-02
-8.130051493644714355e-01
1.558036208152770996e+00
-1.139224648475646973e+00
-1.395970225334167480e+00
4.661105200648307800e-02
-4.637181162834167480e-01
7.554414868354797363e-01
3.427889943122863770e-01
-1.341596007347106934e+00
-1.851857185363769531e+00
-1.845376372337341309e+00
-3.102726936340332031e-01
-5.355606675148010254e-01
4.743051826953887939e-01
1.236857891082763672e+00
1.591306924819946289e-01
-3.298625051975250244e-01
6.330350041389465332e-01
-4.371006414294242859e-02
9.681262969970703125e-01
-6.208118200302124023e-01
3.025023043155670166e-01
-8.186210989952087402e-01
-2.330386191606521606e-01
1.729107052087783813e-01
-1.110277175903320312e+00
4.774652123451232910e-01
2.033584751188755035e-02
-5.754758119583129883e-01
-5.559303760528564453e-01
-3.197106599807739258e+00
3.536418676376342773e-01
1.666321635246276855e+00
3.301933109760284424e-01
7.743755578994750977e-01
-1.858426928520202637e-01
-1.203839182853698730e+00
3.154877126216888428e-01
1.382765024900436401e-01
4.914902150630950928e-01
5.583819746971130371e-01
1.418868303298950195e+00
-3.395371735095977783e-01
3.635290563106536865e-01
3.655989468097686768e-01
-1.876813620328903198e-01
-1.373230695724487305e+00
-3.142521142959594727e+00
-1.520991176366806030e-01
-7.640313506126403809e-01
-5.710735917091369629e-01
-7.816681265830993652e-01
-1.575853861868381500e-02
-6.623011231422424316e-01
2.486572265625000000e-01
-2.594785206019878387e-02
-1.214947342872619629e+00
2.883257269859313965e-01
1.114072799682617188e+00
3.746917843818664551e-01
-1.557674646377563477e+00
-1.051472723484039307e-01
6.069274619221687317e-02
2.351335585117340088e-01
-1.718002080917358398e+00
1.045602634549140930e-01
-6.315091848373413086e-01
-1.046771854162216187e-01
8.599250316619873047e-01
1.272579282522201538e-01
2.213855683803558350e-01
3.930082544684410095e-02
-9.418010115623474121e-01
1.424269080162048340e+00
8.249823451042175293e-01
-5.374792590737342834e-02
3.288329541683197021e-01
8.344845771789550781e-01
3.631571829319000244e-01
-1.326576828956604004e+00
-1.234620332717895508e+00
3.997285366058349609e-01
-1.610364794731140137e+00
-1.175433993339538574e-01
-7.890054583549499512e-01
-5.319559574127197266e-01
3.283880352973937988e-01
-4.979674816131591797e-01
7.199017405509948730e-01
-6.713795065879821777e-01
-5.388381481170654297e-01
8.638645410537719727e-01
-7.632684707641601562e-01
1.041043996810913086e+00
-1.818104505538940430e+00
3.647048175334930420e-01
1.402140021324157715e+00
-3.485338091850280762e-01
2.516316473484039307e-01
2.194815635681152344e+00
1.561833322048187256e-01
-3.611453771591186523e-01
9.579013586044311523e-01
-2.816177904605865479e-01
-9.355262517929077148e-01
-1.064747810363769531e+00
1.234949111938476562e+00
2.574810385704040527e-01
-1.312110275030136108e-01
1.837057709693908691e+00
3.311720192432403564e-01
-1.073614239692687988e+00
-3.681887686252593994e-01
-8.765628337860107422e-01
-2.927750051021575928e-01
-2.868510723114013672e+00
8.869300782680511475e-02
-1.908680796623229980e-01
3.201412409543991089e-02
-7.453802824020385742e-01
-8.287208080291748047e-01
-1.264545973390340805e-02
6.860297918319702148e-01
4.758753180503845215e-01
1.962761580944061279e-01
2.213802933692932129e-01
5.564906597137451172e-01
6.545045375823974609e-01
-8.812426589429378510e-03
-1.440886735916137695e+00
8.929724693298339844e-01
6.364966034889221191e-01
-1.019669417291879654e-02
7.559121847152709961e-01
7.407740950584411621e-01
-1.826655507087707520e+00
6.538351178169250488e-01
2.109323143959045410e-01
-4.362350106239318848e-01
3.335114941000938416e-02
-2.928813546895980835e-02
1.289844274520874023e+00
2.167089462280273438e+00
1.096433401107788086e+00
-3.934605717658996582e-01
1.093679308891296387e+00
1.344504594802856445e+00
1.138390660285949707e+00
-9.723374843597412109e-01
-1.487237811088562012e-01
-1.440172195434570312e+00
-6.913369297981262207e-01
7.510066777467727661e-02
9.235290437936782837e-02
9.465698897838592529e-02
-1.387188792228698730e+00
1.209087595343589783e-01
5.485449433326721191e-01
6.121246218681335449e-01
6.101840138435363770e-01
1.947396993637084961e+00
1.546195268630981445e+00
7.421599626541137695e-01
1.134606957435607910e+00
-2.071606367826461792e-02
8.870017528533935547e-01
1.448726654052734375e+00
-4.879238009452819824e-01
-9.387511759996414185e-03
-5.142056345939636230e-01
2.819864749908447266e-01
-6.552621126174926758e-01
7.235084772109985352e-01
8.114540949463844299e-03
-1.029004216194152832e+00
2.953800000250339508e-02
1.370442748069763184e+00
-1.834270000457763672e+00
1.206887513399124146e-01
1.035330370068550110e-01
1.001537799835205078e+00
-1.994949102401733398e+00
8.212909102439880371e-01
-7.968544214963912964e-02
-6.820615530014038086e-01
-9.152908921241760254e-01
2.035822421312332153e-01
1.222405582666397095e-01
3.933926224708557129e-01
2.794746076688170433e-03
-3.871604427695274353e-02
6.764795780181884766e-01
-5.517464876174926758e-01
3.344740346074104309e-02
6.512111425399780273e-01
1.726151108741760254e-01
-3.748904466629028320e-01
-1.316639661788940430e+00
1.185317039489746094e+00
5.886076833121478558e-04
1.101933140307664871e-02
-4.689411222934722900e-01
5.813339948654174805e-01
-1.417940855026245117e-01
7.690454274415969849e-02
3.015082478523254395e-01
4.964071512222290039e-01
-9.400845766067504883e-01
4.603555426001548767e-03
5.633245706558227539e-01
-1.049615502357482910e+00
-1.472438275814056396e-01
-2.973327934741973877e-01
6.806123852729797363e-01
2.375460863113403320e-01
7.146301865577697754e-02
4.326735436916351318e-01
-1.128306388854980469e+00
2.050917744636535645e-01
8.947017788887023926e-01
1.438716650009155273e+00
6.845008134841918945e-01
4.881774187088012695e-01
9.456335008144378662e-02
-1.597322374582290649e-01
-3.301367759704589844e-01
-4.291189908981323242e-01
1.603229284286499023e+00
-1.083751469850540161e-01
1.282272696495056152e+00
2.901439666748046875e-01
1.438341379165649414e+00
8.197861909866333008e-01
1.105758473277091980e-01
8.384349346160888672e-01
-1.273616790771484375e+00
1.416740536689758301e+00
8.362690210342407227e-01
1.477752625942230225e-01
5.222444534301757812e-01
8.612552285194396973e-01
-1.332927584648132324e+00
5.674673914909362793e-01
-1.283885836601257324e-01
6.656808853149414062e-01
-1.058013916015625000e+00
-5.744879245758056641e-01
-2.232452154159545898e+00
-1.573661804199218750e+00
1.319395065307617188e+00
2.321533560752868652e-01
-1.079286411404609680e-01
1.299359053373336792e-01
-1.001063704490661621e+00
7.508046030998229980e-01
2.304936498403549194e-01
-7.144009470939636230e-01
-6.837714314460754395e-01
4.840101003646850586e-01
-5.741711258888244629e-01
-4.085200428962707520e-01
3.547058403491973877e-01
-1.495288133621215820e+00
2.089716792106628418e-01
1.171268820762634277e+00
6.657013297080993652e-01
-6.586809754371643066e-01
8.606401681900024414e-01
1.200847625732421875e+00
-1.339849084615707397e-01
-1.011521458625793457e+00
-1.746145635843276978e-01
-2.174182534217834473e-01
-7.703825235366821289e-01
-4.820397496223449707e-01
3.733448386192321777e-01
-1.266850233078002930e+00
-9.239026308059692383e-01
-1.347725391387939453e+00
2.656879723072052002e-01
-5.583310723304748535e-01
4.556369483470916748e-01
1.021713256835937500e+00
3.456548452377319336e-01
-4.994049072265625000e-01
-2.013468742370605469e-01
6.084018349647521973e-01
-5.803932994604110718e-02
-1.188412666320800781e+00
-2.747259140014648438e-01
-7.880897521972656250e-01
-1.406810283660888672e+00
2.133215665817260742e-01
-3.580209910869598389e-01
-1.263663053512573242e+00
5.243930816650390625e-01
-1.414109915494918823e-01
-1.399526000022888184e+00
6.401942968368530273e-01
-2.798148393630981445e-01
1.493499986827373505e-02
-3.709660768508911133e-01
-2.011177062988281250e+00
-1.209384918212890625e+00
1.345407366752624512e-01
-4.678979814052581787e-01
1.199391722679138184e+00
7.912884950637817383e-01
-1.564238220453262329e-01
-8.243734836578369141e-01
-4.085057079792022705e-01
-9.232052564620971680e-01
-8.050429821014404297e-01
-5.692056417465209961e-01
-8.459008932113647461e-01
-1.030741572380065918e+00
-1.597644761204719543e-02
6.685249209403991699e-01
-3.693316578865051270e-01
-3.868946433067321777e-01
-8.384475857019424438e-02
7.802187800407409668e-01
1.416103005409240723e+00
-1.119126677513122559e+00
-1.600053071975708008e+00
-9.490796327590942383e-01
1.408070921897888184e+00
-4.945069253444671631e-01
-1.521421074867248535e+00
1.282744407653808594e+00
-1.575339883565902710e-01
7.306868433952331543e-01
5.533640384674072266e-01
8.962444663047790527e-01
-1.292779922485351562e+00
-2.399122238159179688e+00
-9.246689677238464355e-01
-2.539464831352233887e-01
-1.351423382759094238e+00
-6.136930584907531738e-01
1.246485352516174316e+00
5.022950172424316406e-01
-3.894299864768981934e-01
-1.342075705528259277e+00
-1.812517285346984863e+00
3.634287714958190918e-01
-6.560916900634765625e-01
-9.468612670898437500e-01
-4.743543863296508789e-01
-9.496787190437316895e-01
-1.387869954109191895e+00
1.157658815383911133e+00
1.532538682222366333e-01
1.330778717994689941e+00
-2.229386717081069946e-01
3.100687265396118164e-02
6.742530036717653275e-03
-1.544106960296630859e+00
1.896926015615463257e-01
5.679858326911926270e-01
-8.276675939559936523e-01
-2.157052278518676758e+00
3.391667306423187256e-01
-1.193045616149902344e+00
-4.679935872554779053e-01
-1.412273883819580078e+00
9.648250341415405273e-01
4.124209657311439514e-02
-5.885985866189002991e-02
8.584284186363220215e-01
2.285214364528656006e-01
-2.937986329197883606e-02
-1.006245136260986328e+00
-6.193189620971679688e-01
1.419870406389236450e-01
1.315329313278198242e+00
1.434059720486402512e-02
-1.286373138427734375e-01
-2.716437540948390961e-02
7.194448113441467285e-01
9.864015132188796997e-02
-3.677913844585418701e-01
-3.049236536026000977e-01
7.977455854415893555e-02
7.309594750404357910e-01
-7.760238647460937500e-02
7.175485491752624512e-01
2.385010272264480591e-01
1.243224859237670898e+00
3.499948978424072266e-01
1.905674338340759277e-01
8.577791452407836914e-01
1.969064399600028992e-02
1.329930901527404785e+00
-6.192287802696228027e-01
4.080390632152557373e-01
1.639185667037963867e+00
-1.146500229835510254e+00
-7.604184150695800781e-01
7.538408041000366211e-01
5.193845033645629883e-01
-1.590150147676467896e-01
-1.363638997077941895e+00
-2.058582007884979248e-01
1.904950737953186035e-01
3.203482329845428467e-01
-4.206909835338592529e-01
3.497493565082550049e-01
-1.941902935504913330e-01
-8.406736254692077637e-01
1.772175908088684082e+00
-5.157001689076423645e-02
1.404209733009338379e-01
9.292110055685043335e-02
-1.568994283676147461e+00
-6.184054613113403320e-01
1.203019022941589355e+00
-1.888576388359069824e+00
-5.205690264701843262e-01
-9.757730364799499512e-01
-2.630506455898284912e-01
-1.465408921241760254e+00
4.456664621829986572e-02
1.717811822891235352e-01
-2.723945677280426025e-01
-9.217540174722671509e-02
-3.852076530456542969e-01
-3.268322721123695374e-02
-1.282325267791748047e+00
-7.821502685546875000e-01
-3.452066659927368164e+00
-1.717491388320922852e+00
-7.272241711616516113e-01
-1.220772713422775269e-01
-3.531722426414489746e-01
-7.349758148193359375e-01
-8.897046446800231934e-01
-8.843926191329956055e-01
-8.632381558418273926e-01
-8.353301286697387695e-01
1.551034450531005859e-01
1.795430183410644531e+00
1.248895898461341858e-01
2.952322363853454590e-01
9.554720520973205566e-01
-4.833111539483070374e-02
5.154148340225219727e-01
1.791434437036514282e-01
1.329199433326721191e+00
-3.891851902008056641e-01
5.553479790687561035e-01
-5.718844532966613770e-01
3.063537776470184326e-01
-2.545304596424102783e-01
1.454475641250610352e+00
3.425885736942291260e-01
-8.865016102790832520e-01
-7.649188041687011719e-01
-2.528719305992126465e-01
-4.951575994491577148e-01
-1.029296994209289551e+00
9.895164370536804199e-01
-3.080285713076591492e-02
6.491393446922302246e-01
2.019599914550781250e+00
-1.090505599975585938e+00
9.724046587944030762e-01
6.398278474807739258e-01
5.348017215728759766e-01
-7.894389629364013672e-01
-2.296284437179565430e-01
1.031855940818786621e+00
9.509661197662353516e-01
4.473265111446380615e-01
8.876740932464599609e-02
1.511018276214599609e-01
-4.744151607155799866e-02
-7.316442728042602539e-01
-1.631295979022979736e-01
1.495964288711547852e+00
-4.200536608695983887e-01
7.089639306068420410e-01
-1.753318309783935547e-01
4.943645298480987549e-01
-4.080342948436737061e-01
1.277196884155273438e+00
-1.175669580698013306e-01
-1.723805785179138184e+00
-3.410778045654296875e-01
-5.999851822853088379e-01
-3.631710708141326904e-01
1.209905743598937988e+00
8.336598873138427734e-01
2.110896408557891846e-01
-9.993471503257751465e-01
4.663541913032531738e-01
2.046695165336132050e-02
4.787088930606842041e-01
-8.113469481468200684e-01
1.185684561729431152e+00
-8.101741969585418701e-02
1.088861599564552307e-01
-7.753140926361083984e-01
5.011724233627319336e-01
4.931967854499816895e-01
5.206561088562011719e-01
-1.301537394523620605e+00
9.194005131721496582e-01
-1.315737605094909668e+00
-2.912840843200683594e-01
-2.151445746421813965e-01
-2.703441977500915527e-01
-2.625163078308105469e+00
4.960463382303714752e-03
2.011835426092147827e-01
-6.355300545692443848e-01
3.346162736415863037e-01
3.880594968795776367e-01
-2.897860109806060791e-01
-5.186625123023986816e-01
2.808353900909423828e-01
1.141115427017211914e+00
8.380671739578247070e-01
-8.126623630523681641e-01
1.069638609886169434e+00
6.005147695541381836e-01
1.497526932507753372e-02
2.849813401699066162e-01
4.088337421417236328e-01
-1.946932673454284668e+00
-1.090077042579650879e+00
2.025437802076339722e-01
-5.490544438362121582e-01
6.617476940155029297e-01
1.007652640342712402e+00
