-4.847694039344787598e-01
-1.119316697120666504e+00
1.010340809822082520e+00
9.925809502601623535e-01
-1.061296105384826660e+00
4.186226725578308105e-01
-7.061606049537658691e-01
3.142088884487748146e-03
7.029278874397277832e-01
1.006094098091125488e+00
-9.639075398445129395e-01
1.719207644462585449e+00
-6.500311493873596191e-01
1.644673109054565430e+00
5.676698684692382812e-01
6.399814486503601074e-01
3.324224948883056641e-01
-8.626019954681396484e-01
9.344296455383300781e-01
-3.389790281653404236e-02
6.369810700416564941e-01
7.319985628128051758e-01
2.947875857353210449e-02
3.041276931762695312e-01
-3.782706558704376221e-01
4.517205953598022461e-01
1.190461993217468262e+00
3.716041147708892822e-02
-4.515747129917144775e-01
6.010059267282485962e-02
5.496599674224853516e-01
8.636157959699630737e-02
3.163211643695831299e-01
1.808210968971252441e+00
-6.432107686996459961e-01
3.425556421279907227e-01
-1.608619093894958496e-01
5.088524222373962402e-01
-1.010067537426948547e-01
-2.984216809272766113e-02
9.045166373252868652e-01
-3.417383432388305664e-01
9.288614988327026367e-01
8.282676339149475098e-01
6.779296398162841797e-01
-8.126522898674011230e-01
-9.496751427650451660e-01
9.132485985755920410e-01
8.592714071273803711e-01
-5.815836191177368164e-01
-5.339448451995849609e-01
1.232032328844070435e-01
-6.206903457641601562e-01
5.671679228544235229e-02
1.716180145740509033e-01
-2.616804242134094238e-01
9.099090099334716797e-01
1.347081303596496582e+00
1.043776869773864746e-01
2.687312066555023193e-01
-3.628513216972351074e-01
1.131908178329467773e+00
-7.034716010093688965e-01
2.778999090194702148e+00
-7.705377936363220215e-01
-1.780197620391845703e+00
-7.482833415269851685e-02
3.442157506942749023e-01
4.920908808708190918e-01
-6.362599134445190430e-01
-3.767370283603668213e-01
7.962864041328430176e-01
6.679321080446243286e-02
4.774976372718811035e-01
-1.062510848045349121e+00
6.663793325424194336e-01
-1.645412564277648926e+00
1.481025695800781250e+00
-8.098926544189453125e-01
-8.060954213142395020e-01
4.298030138015747070e-01
-2.778363525867462158e-01
4.117977023124694824e-01
2.513951957225799561e-01
-3.172123730182647705e-01
-2.890088558197021484e-01
-1.326062828302383423e-01
-1.132650375366210938e+00
-1.886402606964111328e+00
8.623726367950439453e-01
4.852563738822937012e-01
-5.192703008651733398e-01
-4.568826556205749512e-01
-3.661828935146331787e-01
-3.586714565753936768e-01
2.422410100698471069e-01
7.087137550115585327e-02
-5.567480921745300293e-01
-1.332023739814758301e+00
1.741543263196945190e-01
7.813704013824462891e-01
-2.504884600639343262e-01
2.912890911102294922e-02
-1.077155947685241699e+00
-8.815132975578308105e-01
2.017658203840255737e-01
-5.654394030570983887e-01
8.107823729515075684e-01
4.751822948455810547e-01
-9.189340285956859589e-03
8.616344332695007324e-01
-7.284350395202636719e-01
2.581908702850341797e-01
1.023261845111846924e-01
-1.021709799766540527e+00
-1.041368246078491211e+00
-1.136114716529846191e+00
2.672670185565948486e-01
9.316534399986267090e-01
-1.327882707118988037e-01
-1.857209444046020508e+00
-3.270702958106994629e-01
5.276863574981689453e-01
9.414771199226379395e-01
-5.164773464202880859e-01
1.222147822380065918e+00
3.157962262630462646e-01
2.382451593875885010e-01
5.207430124282836914e-01
1.019752740859985352e+00
6.864439845085144043e-01
8.892531394958496094e-01
4.802079871296882629e-02
-5.502875447273254395e-01
3.153766691684722900e-02
4.164021611213684082e-01
-4.341536462306976318e-01
-1.279845356941223145e+00
7.419054508209228516e-01
1.285957694053649902e+00
1.032014638185501099e-01
-2.030645906925201416e-01
2.154637277126312256e-01
-6.212114691734313965e-01
-6.151266694068908691e-01
-4.285695552825927734e-01
-1.335076451301574707e+00
7.877485752105712891e-01
1.305048346519470215e+00
4.224313199520111084e-01
-1.667902022600173950e-01
-8.140512108802795410e-01
4.913198649883270264e-01
-3.188275396823883057e-01
1.109592095017433167e-01
-1.104928135871887207e+00
1.864875912666320801e+00
1.617484211921691895e+00
-2.977368533611297607e-01
8.734831213951110840e-02
7.396402359008789062e-01
6.658435463905334473e-01
5.912691354751586914e-02
1.928369700908660889e-01
-1.052551507949829102e+00
7.876887321472167969e-01
3.840970993041992188e-01
1.279481887817382812e+00
-8.736894726753234863e-01
-3.688873648643493652e-01
-1.036622002720832825e-01
1.610870718955993652e+00
4.643500745296478271e-01
1.122403264045715332e+00
1.912551075220108032e-01
-1.785353273153305054e-01
1.660421013832092285e+00
5.078347325325012207e-01
-1.151762366294860840e+00
1.486882209777832031e+00
1.546298742294311523e+00
-2.241208076477050781e+00
-5.715531110763549805e-01
5.079194903373718262e-02
3.473865091800689697e-01
-8.401493430137634277e-01
-9.905152320861816406e-01
-2.164092779159545898e+00
-1.005117297172546387e+00
5.778408050537109375e-01
-3.019253313541412354e-01
3.922133445739746094e-01
-7.538595050573348999e-02
-5.049367547035217285e-01
1.169068694114685059e+00
1.019518733024597168e+00
-3.293836861848831177e-02
-8.726986050605773926e-01
-5.060539245605468750e-01
1.076039224863052368e-01
-1.399712324142456055e+00
7.206758856773376465e-01
8.632283806800842285e-01
4.400736689567565918e-01
1.443181991577148438e+00
1.413188576698303223e-01
2.087906002998352051e-01
-8.865664005279541016e-01
9.424921870231628418e-01
1.470035195350646973e+00
-1.828276038169860840e+00
-7.032143324613571167e-02
2.832883596420288086e-01
7.466982603073120117e-01
-2.681044042110443115e-01
9.063925147056579590e-01
-3.910250589251518250e-02
-4.287576079368591309e-01
-7.770186066627502441e-01
-1.371644157916307449e-02
6.067754626274108887e-01
7.163174748420715332e-01
6.883888244628906250e-01
-2.136123627424240112e-01
3.436504304409027100e-02
4.995147511363029480e-02
-1.681138038635253906e+00
-7.700071930885314941e-01
-3.104905784130096436e-01
-5.736688375473022461e-01
9.129733443260192871e-01
-3.719029426574707031e-01
9.107725620269775391e-01
6.842818693257868290e-04
5.131660699844360352e-01
4.876994788646697998e-01
-1.575908303260803223e+00
5.077735707163810730e-02
-5.811526179313659668e-01
3.184127509593963623e-01
-2.271555811166763306e-01
-1.272680163383483887e+00
-5.021575093269348145e-01
-1.740528225898742676e+00
1.114399060606956482e-01
-2.824430763721466064e-01
-2.103205919265747070e-01
2.341687679290771484e-01
3.681542277336120605e-01
-2.253525555133819580e-01
-8.314397931098937988e-01
7.922279834747314453e-01
-5.187288299202919006e-02
4.118682816624641418e-02
4.481225833296775818e-02
-5.846955180168151855e-01
3.010648488998413086e-01
-1.296930909156799316e-01
-3.473302125930786133e-01
-8.619067072868347168e-01
-3.991172909736633301e-01
-1.453907132148742676e+00
-6.897968649864196777e-01
-1.875779747962951660e+00
-5.329170729964971542e-03
1.185343623161315918e+00
1.786441087722778320e+00
-2.634309530258178711e-01
-4.882021844387054443e-01
-7.637379765510559082e-01
-1.636159867048263550e-01
-1.325381636619567871e+00
1.079813241958618164e+00
1.929758191108703613e-01
4.856991767883300781e-01
-1.328804969787597656e+00
8.250905871391296387e-01
5.946838762611150742e-03
-6.801606416702270508e-01
-4.202061593532562256e-01
-9.756595492362976074e-01
2.092252969741821289e-01
-1.089758157730102539e+00
-1.225868105888366699e+00
-5.489993095397949219e-01
-4.523155987262725830e-01
2.964728325605392456e-02
2.977829873561859131e-01
-4.338981211185455322e-01
-4.692213237285614014e-01
1.678485572338104248e-01
-9.788305163383483887e-01
-1.549319624900817871e-01
-1.026405334472656250e+00
1.049922585487365723e+00
3.443474471569061279e-01
-4.152894616127014160e-01
-1.487681984901428223e+00
3.045685589313507080e-01
-2.241384267807006836e+00
1.112596273422241211e+00
1.642068624496459961e+00
1.530083417892456055e+00
-7.594879269599914551e-01
1.103271961212158203e+00
-6.318970918655395508e-01
1.307481765747070312e+00
1.522893548011779785e+00
1.094924926757812500e+00
2.626475989818572998e-01
-3.524450585246086121e-02
1.104102656245231628e-01
-3.452538549900054932e-01
-1.244287610054016113e+00
1.406218647956848145e+00
-1.483631253242492676e+00
-1.145601570606231689e-01
2.323388606309890747e-01
-1.436803936958312988e-01
1.393955588340759277e+00
-8.807073235511779785e-01
8.991438150405883789e-01
-2.036631822586059570e+00
-5.043137669563293457e-01
8.393731713294982910e-01
1.272976249456405640e-01
-2.649539709091186523e-01
-1.317402958869934082e+00
1.458022445440292358e-01
1.030766010284423828e+00
-6.240949630737304688e-01
8.357821106910705566e-01
4.661892652511596680e-01
1.807854026556015015e-01
2.311883121728897095e-01
7.744229435920715332e-01
-2.711110375821590424e-02
8.986636400222778320e-01
-1.996708631515502930e+00
-3.700457513332366943e-01
8.420737460255622864e-03
-2.836907505989074707e-01
1.557691335678100586e+00
-2.156596928834915161e-01
-1.327620744705200195e-01
-7.607938647270202637e-01
-1.928330421447753906e+00
-6.244288682937622070e-01
-1.700230956077575684e+00
5.877698063850402832e-01
-8.859404921531677246e-01
2.399876900017261505e-02
-8.415899276733398438e-01
5.059312582015991211e-01
-2.135064452886581421e-03
-1.560474485158920288e-01
-1.499714374542236328e+00
1.107533574104309082e+00
1.625793054699897766e-02
1.027022123336791992e+00
-7.222790122032165527e-01
-3.302742242813110352e-01
-1.380862355232238770e+00
9.279203414916992188e-01
1.456869006156921387e+00
-7.439647912979125977e-01
-3.541887551546096802e-02
5.020073056221008301e-01
-7.188596725463867188e-01
4.186166077852249146e-02
1.070730090141296387e+00
-1.759153306484222412e-01
4.904182627797126770e-02
-2.565712034702301025e-01
-3.122476041316986084e-01
3.731320798397064209e-01
8.615992069244384766e-01
1.575561910867691040e-01
2.766341567039489746e-01
6.549410820007324219e-01
7.185172438621520996e-01
-6.488407254219055176e-01
-1.440249532461166382e-01
-1.464786887168884277e+00
-8.377851843833923340e-01
-1.784011423587799072e-01
1.069867610931396484e+00
4.598768949508666992e-01
-4.521286487579345703e-01
1.355700045824050903e-01
1.349888682365417480e+00
7.450645565986633301e-01
3.173239231109619141e-01
4.316079020500183105e-01
6.879196166992187500e-01
1.203394904732704163e-01
1.713418364524841309e+00
2.372716218233108521e-01
5.915024876594543457e-01
7.122734189033508301e-01
-1.006908655166625977e+00
-2.115064144134521484e+00
-4.807692468166351318e-01
-6.920233368873596191e-01
1.916057944297790527e+00
-5.057649612426757812e-01
4.196000993251800537e-01
-1.425034761428833008e+00
-9.824050068855285645e-01
1.199024438858032227e+00
-3.838134109973907471e-01
-8.672662377357482910e-01
-3.472898006439208984e-01
1.672913789749145508e+00
-2.065593719482421875e+00
1.571597933769226074e+00
-2.217802047729492188e+00
1.382046341896057129e-01
5.342383980751037598e-01
5.240846276283264160e-01
-1.648319065570831299e-01
-1.366942971944808960e-01
-1.440526992082595825e-01
-9.433081150054931641e-01
9.537827372550964355e-01
-1.256785511970520020e+00
3.089221417903900146e-01
-3.477246686816215515e-02
2.397224754095077515e-01
-2.997878789901733398e-01
-9.103186130523681641e-01
-9.009133279323577881e-02
7.086051702499389648e-01
1.646644592285156250e+00
-4.599991440773010254e-01
-6.723338365554809570e-01
4.020107686519622803e-01
1.655619144439697266e-01
4.147230982780456543e-01
-1.150164976716041565e-01
-5.314288139343261719e-01
3.247916698455810547e-01
-2.498286776244640350e-03
5.797317624092102051e-01
5.700269713997840881e-02
-1.041135862469673157e-01
-1.244130492210388184e+00
8.385261893272399902e-01
-2.747485339641571045e-01
3.657613098621368408e-01
3.437099456787109375e-01
6.271042823791503906e-01
3.226667642593383789e-01
5.123798847198486328e-01
4.684398174285888672e-01
-2.972792387008666992e-01
-1.476558595895767212e-01
-1.646275162696838379e+00
-6.700629740953445435e-02
-8.043293356895446777e-01
-2.243206948041915894e-01
-3.482237458229064941e-01
-3.581347167491912842e-01
8.762934803962707520e-01
-1.111058115959167480e+00
2.143656462430953979e-01
-6.300649642944335938e-01
8.218177556991577148e-01
-1.267621517181396484e+00
1.478754878044128418e+00
3.989443182945251465e-01
1.289543390274047852e+00
-7.138116955757141113e-01
-7.871203422546386719e-01
-6.205287575721740723e-01
8.519451022148132324e-01
8.571133017539978027e-01
-1.125835329294204712e-01
-1.019302368164062500e+00
-4.067687094211578369e-01
-1.547215223312377930e+00
-6.216505169868469238e-01
-2.749581336975097656e-01
1.068670302629470825e-01
-1.080300092697143555e+00
-6.133647561073303223e-01
-2.290341109037399292e-01
9.865775108337402344e-01
9.691709876060485840e-01
1.188336312770843506e-02
-9.272750020027160645e-01
-1.954912990331649780e-01
-8.027309179306030273e-01
3.922534584999084473e-01
8.118519783020019531e-01
-1.326506733894348145e+00
4.084803462028503418e-01
1.261108875274658203e+00
1.085062742233276367e+00
-3.577939867973327637e-01
1.329562544822692871e+00
1.082661271095275879e+00
7.272883057594299316e-01
-1.418159961700439453e+00
9.908580183982849121e-01
1.038267314434051514e-01
-6.544561982154846191e-01
-1.134144887328147888e-01
-4.365455508232116699e-01
-1.295259475708007812e+00
-1.210389375686645508e+00
-1.128378883004188538e-01
-1.994747482240200043e-02
1.288794636726379395e+00
5.212301015853881836e-01
9.372953772544860840e-01
1.131149649620056152e+00
-6.671652793884277344e-01
-1.323365420103073120e-01
8.002783656120300293e-01
5.121596455574035645e-01
-4.501889646053314209e-01
-3.552025854587554932e-01
1.226349592208862305e+00
-2.277107477188110352e+00
2.619124352931976318e-01
-4.669372141361236572e-01
-5.553684234619140625e-01
-4.387380480766296387e-01
3.287623524665832520e-01
-1.356603384017944336e+00
1.574964225292205811e-01
-1.353217124938964844e+00
-5.769713521003723145e-01
-8.629640340805053711e-01
-8.543648719787597656e-01
2.130514979362487793e-01
-3.300994336605072021e-01
-3.040274977684020996e-01
1.234163284301757812e+00
2.320568859577178955e-01
-1.717883199453353882e-01
-1.494069337844848633e+00
-4.351241886615753174e-01
3.595806062221527100e-01
-2.314465343952178955e-01
-1.055177673697471619e-01
-3.360561430454254150e-01
-2.591990232467651367e-01
1.696892499923706055e+00
2.904491126537322998e-01
-9.360340237617492676e-01
1.095974206924438477e+00
-1.696429103612899780e-01
1.311577200889587402e+00
4.099192023277282715e-01
-1.431445181369781494e-01
-1.173512816429138184e+00
-9.148723483085632324e-01
1.025444269180297852e+00
-7.830263376235961914e-01
-1.684110164642333984e+00
1.766446590423583984e+00
2.028537541627883911e-01
1.007198333740234375e+00
-3.036992847919464111e-01
5.204283595085144043e-01
-9.275268018245697021e-02
-2.866625070571899414e+00
-9.096899032592773438e-01
-2.306924581527709961e+00
-1.596247315406799316e+00
-1.703370928764343262e+00
1.319611907005310059e+00
-5.621865987777709961e-01
-6.540616750717163086e-01
-1.425105452537536621e+00
4.489557147026062012e-01
1.387286305427551270e+00
-1.127501487731933594e+00
-5.073596835136413574e-01
-9.499190747737884521e-02
-1.709563255310058594e+00
1.305093020200729370e-01
9.861485362052917480e-01
7.087432742118835449e-01
-1.106677502393722534e-01
1.002423763275146484e-01
4.310137629508972168e-01
6.060525774955749512e-03
-5.046534538269042969e-01
6.213709712028503418e-01
-5.524570941925048828e-01
8.373721241950988770e-01
-3.695366978645324707e-01
1.961251497268676758e+00
-6.052078604698181152e-01
-2.326469719409942627e-01
-1.313495635986328125e+00
1.144486904144287109e+00
-4.174590706825256348e-01
4.610267579555511475e-01
-8.371265530586242676e-01
7.942451238632202148e-01
2.956965863704681396e-01
-3.501272499561309814e-01
2.460779398679733276e-01
4.068122804164886475e-01
8.489159941673278809e-01
-9.361362457275390625e-01
-1.461242437362670898e-01
-6.446275711059570312e-01
1.164942502975463867e+00
5.595076084136962891e-01
2.709006071090698242e-01
1.054153323173522949e+00
-1.119245052337646484e+00
-5.035343766212463379e-01
-7.756175994873046875e-01
-3.907598257064819336e-01
-4.483601152896881104e-01
1.767736792564392090e+00
-1.417592465877532959e-01
-7.259460091590881348e-01
1.945859313011169434e+00
6.383337378501892090e-01
-5.218549370765686035e-01
-4.047509431838989258e-01
-6.378693580627441406e-01
2.125399589538574219e+00
-1.586065649986267090e+00
-1.111329913139343262e+00
5.490953326225280762e-01
-2.531663775444030762e-01
8.702854812145233154e-02
-4.727913737297058105e-01
-7.571689486503601074e-01
-1.969237327575683594e-01
3.132350146770477295e-01
-4.740713536739349365e-01
6.521426439285278320e-01
-4.851980805397033691e-01
-8.298010826110839844e-01
1.889336585998535156e+00
-2.129505127668380737e-01
-7.098913937807083130e-02
5.657196976244449615e-03
-1.300799965858459473e+00
1.279662609100341797e+00
-1.096781194210052490e-01
-1.598506689071655273e+00
3.336932957172393799e-01
9.206200838088989258e-01
3.693622350692749023e-01
-1.446248292922973633e+00
-2.951153516769409180e-01
-3.152255713939666748e-01
-2.994232997298240662e-02
-4.639425873756408691e-01
-3.316738083958625793e-02
3.814946413040161133e-01
-5.697306394577026367e-01
-9.602522850036621094e-01
-1.676381826400756836e+00
-2.898900210857391357e-01
7.866184413433074951e-02
2.277130819857120514e-02
1.249577879905700684e+00
-2.876611351966857910e-01
-1.335965991020202637e+00
-1.709333062171936035e-01
-5.113314986228942871e-01
-1.396950840950012207e+00
7.935609221458435059e-01
1.977538466453552246e+00
-3.769426345825195312e-01
1.021328210830688477e+00
-1.677303016185760498e-02
-6.424109451472759247e-03
-3.349552750587463379e-01
1.334504783153533936e-01
1.821502447128295898e+00
1.099573075771331787e-01
1.355044007301330566e+00
-9.434736371040344238e-01
1.482656896114349365e-01
-1.328890204429626465e+00
6.490998268127441406e-01
-1.253378272056579590e+00
-5.907585620880126953e-01
-4.885871410369873047e-01
9.235945343971252441e-01
5.100462958216667175e-02
-1.647186093032360077e-02
7.707685232162475586e-01
-4.118672013282775879e-01
8.532975316047668457e-01
1.107121467590332031e+00
2.476598173379898071e-01
6.363282203674316406e-01
-3.486092686653137207e-01
2.119198292493820190e-01
-1.406417250633239746e+00
-9.061455726623535156e-01
-1.204806007444858551e-02
6.817465424537658691e-01
2.141573905944824219e+00
-5.303772091865539551e-01
-7.938015460968017578e-01
1.356042176485061646e-01
7.074714303016662598e-01
-1.565330028533935547e-01
8.628078699111938477e-01
1.589019298553466797e+00
-2.094426602125167847e-01
2.002798169851303101e-01
7.567396759986877441e-01
-1.101834416389465332e+00
4.726563096046447754e-01
-2.293257415294647217e-01
3.692116737365722656e-01
-7.521378397941589355e-01
-1.091047644615173340e+00
1.270571589469909668e+00
6.353815197944641113e-01
9.390245676040649414e-01
2.281993031501770020e-01
-1.430122971534729004e+00
-1.324907541275024414e-01
-6.145685911178588867e-01
6.035102605819702148e-01
6.123353913426399231e-02
1.689863502979278564e-01
-3.666630387306213379e-01
4.447118341922760010e-01
-1.680752992630004883e+00
7.550152540206909180e-01
-8.724534511566162109e-01
1.222755193710327148e+00
-1.096228003501892090e+00
1.135325431823730469e+00
1.204924225807189941e+00
-6.401884555816650391e-01
-3.302752375602722168e-01
-4.534303247928619385e-01
-2.482316493988037109e+00
-6.441123038530349731e-02
1.216125264763832092e-01
-2.501394450664520264e-01
-9.157140552997589111e-02
4.102805852890014648e-01
-7.419845461845397949e-01
-4.843380153179168701e-01
-1.029150605201721191e+00
6.836885958909988403e-02
-1.544858813285827637e-01
-8.081350326538085938e-01
1.646690845489501953e+00
-6.730370521545410156e-01
1.931649632751941681e-03
2.264941930770874023e-01
-1.008043766021728516e+00
-4.957687556743621826e-01
-6.165481805801391602e-01
-7.757195234298706055e-01
8.494781702756881714e-02
-4.313056468963623047e-01
6.048976182937622070e-01
