3.809546828269958496e-01
-1.675721764564514160e+00
7.277989387512207031e-01
-9.400177597999572754e-01
-1.178347095847129822e-01
1.454199671745300293e+00
-2.994522750377655029e-01
-1.145535334944725037e-01
-1.372318625450134277e+00
-3.540961742401123047e-01
5.502158403396606445e-01
8.271025121212005615e-02
-2.540180981159210205e-01
1.942358255386352539e+00
1.031999513506889343e-01
5.469844937324523926e-01
3.130594193935394287e-01
1.005511164665222168e+00
3.612186387181282043e-02
-2.055886030197143555e+00
8.950766324996948242e-01
1.595289260149002075e-01
-3.019388616085052490e-01
-6.801810264587402344e-01
-8.350077867507934570e-01
3.789606690406799316e-02
1.772832572460174561e-01
-3.860509395599365234e-01
2.047301381826400757e-01
5.431227684020996094e-01
2.476839065551757812e+00
-3.853319287300109863e-01
5.878153443336486816e-02
-1.775350570678710938e-01
7.703735232353210449e-01
-2.548494338989257812e-01
2.321525849401950836e-02
3.048603236675262451e-01
-2.489892244338989258e+00
1.265499830245971680e+00
1.157317876815795898e+00
-2.604600787162780762e-01
-8.843674659729003906e-01
6.737317889928817749e-02
-7.243409156799316406e-01
1.309502243995666504e+00
-3.855580687522888184e-01
-3.833638504147529602e-02
-2.964187860488891602e-01
-1.453263401985168457e+00
1.279571771621704102e+00
3.892920538783073425e-02
-1.597516089677810669e-01
1.001336097717285156e+00
6.660376191139221191e-01
4.901316463947296143e-01
1.365051627159118652e+00
-9.887597560882568359e-01
5.428823232650756836e-01
-1.315942406654357910e-02
-8.848769664764404297e-01
9.172672033309936523e-02
-6.753395199775695801e-01
7.244581580162048340e-01
-1.042189002037048340e+00
-5.901803970336914062e-01
-3.923865854740142822e-01
-1.296022981405258179e-01
-3.073127865791320801e-01
7.398558855056762695e-01
2.106870859861373901e-01
5.187646150588989258e-01
7.126228213310241699e-01
-2.368485450744628906e+00
-8.377862572669982910e-01
-6.322052478790283203e-01
-2.888426184654235840e-01
5.708671808242797852e-01
-4.885887727141380310e-02
-1.048249125480651855e+00
1.463123798370361328e+00
1.141788601875305176e+00
-8.959426283836364746e-01
-2.805151343345642090e-01
1.409820616245269775e-01
-4.603342413902282715e-01
8.521823585033416748e-02
1.153382778167724609e+00
-8.551890961825847626e-03
9.979208000004291534e-03
-7.126529216766357422e-01
-1.424327850341796875e+00
8.765112161636352539e-01
8.865568041801452637e-01
-3.063660562038421631e-01
-8.646529167890548706e-02
2.906857430934906006e-01
8.826707601547241211e-01
-2.006293058395385742e+00
-4.726590812206268311e-01
-1.820935122668743134e-02
-8.911682367324829102e-01
-3.404488414525985718e-02
-7.189871072769165039e-01
-1.655764341354370117e+00
-4.835887551307678223e-01
5.000762343406677246e-01
1.762416005134582520e+00
-1.532699465751647949e+00
-1.007426008582115173e-01
-6.461456418037414551e-01
5.519961118698120117e-01
-2.288325317203998566e-02
2.927308082580566406e+00
-2.910616397857666016e-01
-9.003636240959167480e-01
-8.197895884513854980e-01
-1.040729880332946777e+00
4.415912032127380371e-01
2.004496008157730103e-01
8.278291225433349609e-01
2.684882164001464844e+00
3.995041251182556152e-01
-5.908240079879760742e-01
-2.117747068405151367e-01
1.251818418502807617e+00
-9.945504665374755859e-01
1.092098116874694824e+00
1.110503554344177246e+00
-5.784666910767555237e-02
3.007333576679229736e-01
5.848506689071655273e-01
-2.336774468421936035e-01
9.835136532783508301e-01
1.681831330060958862e-01
8.452010750770568848e-01
7.497053146362304688e-01
-9.237973093986511230e-01
-2.332814931869506836e+00
-1.213765859603881836e+00
1.460811853408813477e+00
-9.982014298439025879e-01
-7.990822196006774902e-01
8.668333292007446289e-01
1.239606618881225586e+00
5.832446739077568054e-02
-1.419817686080932617e+00
-5.396341681480407715e-01
1.321652531623840332e+00
1.171905994415283203e+00
-4.566349685192108154e-01
1.294577240943908691e+00
1.276762008666992188e+00
-6.871418356895446777e-01
-1.378411054611206055e+00
6.385924816131591797e-01
-8.320754170417785645e-01
-4.841876327991485596e-01
-1.201199293136596680e+00
-5.957242250442504883e-01
-1.482786059379577637e+00
-1.425120830535888672e+00
3.818944096565246582e-01
-1.327746868133544922e+00
-7.465670108795166016e-01
5.458044409751892090e-01
-1.131463408470153809e+00
-1.191911846399307251e-01
6.679599285125732422e-01
7.321180701255798340e-01
-1.741172075271606445e-01
1.465205311775207520e+00
5.309163928031921387e-01
-5.258427858352661133e-01
6.012226343154907227e-01
5.690792798995971680e-01
7.200465351343154907e-02
5.795801877975463867e-01
-6.280453801155090332e-01
7.997972369194030762e-01
-7.967144250869750977e-01
-1.544858813285827637e+00
-1.093229204416275024e-01
-1.408996880054473877e-01
-5.264632105827331543e-01
1.078557610511779785e+00
-1.765183210372924805e+00
-1.724986553192138672e+00
-3.424544632434844971e-01
-6.323130428791046143e-02
1.255550384521484375e+00
1.748348951339721680e+00
-2.642574608325958252e-01
-5.248181223869323730e-01
1.637588888406753540e-01
-2.439040541648864746e-01
-6.925580501556396484e-01
-1.135794043540954590e+00
5.340608358383178711e-01
-3.217055201530456543e-01
-6.711756587028503418e-01
-1.444282770156860352e+00
8.988770246505737305e-01
-5.797170400619506836e-01
2.200394123792648315e-01
-1.705110192298889160e+00
7.159606814384460449e-01
7.393774986267089844e-01
1.654235571622848511e-01
6.911708116531372070e-01
3.307426273822784424e-01
-2.224882990121841431e-01
-3.739953935146331787e-01
6.247828006744384766e-01
3.809913098812103271e-01
8.177216053009033203e-01
-1.983003258705139160e+00
6.376114487648010254e-02
-9.818534255027770996e-01
-7.347589135169982910e-01
-4.504652619361877441e-01
4.338234066963195801e-01
1.046609044075012207e+00
7.384061813354492188e-01
2.903841733932495117e-01
-3.741009831428527832e-01
-5.333434343338012695e-01
-2.467001438140869141e+00
-3.029675409197807312e-02
-8.743557333946228027e-01
-3.342952132225036621e-01
-3.996937274932861328e-01
-2.272580415010452271e-01
8.586730360984802246e-01
-9.424973279237747192e-02
-2.165134996175765991e-01
-6.811470985412597656e-01
-5.374629497528076172e-01
-1.486307978630065918e+00
6.620898842811584473e-01
3.566269576549530029e-01
9.090590476989746094e-01
-9.065771102905273438e-01
-1.935461521148681641e+00
2.166725546121597290e-01
2.303847223520278931e-01
1.762535810470581055e+00
8.286610990762710571e-02
-1.890012145042419434e+00
-1.096014261245727539e+00
5.292500369250774384e-03
1.075499653816223145e-01
-1.402026176452636719e+00
6.857784986495971680e-01
6.115530729293823242e-01
-1.566852211952209473e+00
-8.665907979011535645e-01
4.829912781715393066e-01
1.834437400102615356e-01
2.669122815132141113e-01
7.329900264739990234e-01
-8.814117312431335449e-01
3.962471708655357361e-02
-6.982865333557128906e-01
-1.331063508987426758e+00
2.245130538940429688e-01
1.312931656837463379e+00
1.402515172958374023e-01
2.207274138927459717e-01
-4.349175989627838135e-01
-1.072966098785400391e+00
-2.270421385765075684e-01
1.139260455965995789e-01
2.519055604934692383e-01
-4.479706287384033203e-01
2.250278711318969727e+00
7.445600628852844238e-01
9.383930265903472900e-02
1.627306491136550903e-01
1.113017797470092773e+00
1.438227295875549316e+00
-5.375949740409851074e-01
-6.104934811592102051e-01
-9.795325994491577148e-01
-6.302572786808013916e-02
-6.053174734115600586e-01
1.474620103836059570e+00
1.103252530097961426e+00
-1.652766317129135132e-01
-5.668927431106567383e-01
-5.355347394943237305e-01
8.286198377609252930e-01
5.257538557052612305e-01
-4.676097333431243896e-01
9.105288237333297729e-02
5.638026595115661621e-01
3.963801264762878418e-01
1.628848761320114136e-01
6.178015470504760742e-01
-2.560553550720214844e+00
9.272121787071228027e-01
3.826294243335723877e-01
8.398883938789367676e-01
6.131728291511535645e-01
1.520108222961425781e+00
7.516188919544219971e-02
7.882952690124511719e-01
-1.125533971935510635e-02
1.339635133743286133e+00
-1.292352557182312012e+00
-1.238165378570556641e+00
-1.689223013818264008e-02
6.468503475189208984e-01
-1.478945970535278320e+00
1.520940184593200684e+00
3.277779817581176758e-01
-1.503159850835800171e-01
1.620907485485076904e-01
-1.538489013910293579e-01
-1.212240457534790039e+00
-1.014816403388977051e+00
1.806933999061584473e+00
-5.552332401275634766e-01
1.312778711318969727e+00
-1.173722147941589355e+00
1.726592302322387695e+00
1.375437080860137939e-01
1.590794801712036133e+00
6.862426996231079102e-01
1.114708542823791504e+00
4.024769365787506104e-01
3.230317234992980957e-01
2.736175775527954102e+00
4.801811575889587402e-01
7.915599942207336426e-01
-3.069608807563781738e-01
-4.276074767112731934e-01
8.821026682853698730e-01
7.354907989501953125e-01
1.652423888444900513e-01
-4.679058492183685303e-01
-2.122298479080200195e+00
-2.401208400726318359e+00
5.706254839897155762e-01
-5.388109683990478516e-01
-4.126588702201843262e-01
1.328916549682617188e-01
-6.668456196784973145e-01
-6.932231783866882324e-01
-4.683490991592407227e-01
-8.519328832626342773e-01
-2.694923281669616699e-01
-1.271672487258911133e+00
1.346413850784301758e+00
3.280720412731170654e-01
-1.586286425590515137e+00
-2.694913387298583984e+00
-7.409105300903320312e-01
-6.289396882057189941e-01
-7.182909250259399414e-01
1.586409062147140503e-01
-8.090704083442687988e-01
-1.019172787666320801e+00
2.354492902755737305e+00
1.089633479714393616e-01
-1.019142031669616699e+00
5.587522983551025391e-01
1.387817740440368652e+00
1.600356847047805786e-01
-2.402393668889999390e-01
6.768059730529785156e-01
-1.619968056678771973e+00
8.172520995140075684e-02
1.539441794157028198e-01
-1.083343625068664551e+00
3.963266611099243164e-01
-7.766715884208679199e-01
5.911547541618347168e-01
5.811322331428527832e-01
2.473147362470626831e-01
-1.685595363378524780e-01
5.966159328818321228e-02
-1.666617989540100098e-01
-1.143228769302368164e+00
-9.341792762279510498e-02
-2.143285237252712250e-02
-1.426416873931884766e+00
1.325086474418640137e+00
1.411754965782165527e+00
9.782906770706176758e-01
-8.801099658012390137e-01
4.566385746002197266e-01
-7.480941414833068848e-01
-2.218373119831085205e-01
1.634691953659057617e-01
5.932999849319458008e-01
6.461955308914184570e-01
-9.021676182746887207e-01
-1.242178320884704590e+00
7.913977503776550293e-01
1.603689312934875488e+00
9.598059207201004028e-02
-6.320894956588745117e-01
9.070786088705062866e-02
2.869903482496738434e-02
8.113443851470947266e-01
-8.991168737411499023e-01
-1.009535193443298340e+00
1.207173541188240051e-01
1.122054696083068848e+00
8.513925671577453613e-01
-5.365410447120666504e-01
5.998231768608093262e-01
-6.823646426200866699e-01
-1.607934474945068359e+00
4.456641972064971924e-01
-1.091729402542114258e+00
-1.401116967201232910e+00
1.122532844543457031e+00
-1.005938529968261719e+00
6.026740670204162598e-01
1.146472766995429993e-01
-7.051134705543518066e-01
2.170767039060592651e-01
-1.855809986591339111e-01
-8.148907423019409180e-01
1.823768019676208496e-01
-2.879369072616100311e-02
1.418292999267578125e+00
7.706797122955322266e-01
3.831738531589508057e-01
5.162851810455322266e-01
1.352857112884521484e+00
3.479520976543426514e-02
-2.622235380113124847e-02
-3.334277272224426270e-01
-9.498145580291748047e-01
1.172741688787937164e-02
5.889570713043212891e-01
-2.151873260736465454e-01
-2.449292421340942383e+00
1.540792435407638550e-01
2.305611371994018555e-01
-6.928970217704772949e-01
-5.507169961929321289e-01
9.438620209693908691e-01
-1.125296831130981445e+00
5.784323215484619141e-01
6.852810084819793701e-02
-5.053511261940002441e-02
4.658222794532775879e-01
3.924638926982879639e-01
-1.027526259422302246e+00
-8.442592024803161621e-01
6.958720088005065918e-01
2.229023426771163940e-01
1.108427047729492188e+00
-8.599640130996704102e-01
-8.731452226638793945e-01
2.166893184185028076e-01
-1.370622873306274414e+00
-9.342537522315979004e-01
1.503278255462646484e+00
-4.486052989959716797e-01
-8.637366890907287598e-01
-3.728241026401519775e-01
-7.426611185073852539e-01
-2.110563404858112335e-02
-3.121807098388671875e+00
1.560872912406921387e+00
-1.234242081642150879e+00
4.172657430171966553e-01
-2.604152560234069824e-01
1.263283967971801758e+00
6.087246909737586975e-02
1.219788864254951477e-01
-1.669970154762268066e-01
-1.124803900718688965e+00
-1.507051289081573486e-01
-3.611652255058288574e-01
1.580667614936828613e+00
-3.361750245094299316e-01
9.671234488487243652e-01
1.069868206977844238e+00
1.488628268241882324e+00
-9.303278056904673576e-04
-7.572689652442932129e-01
-6.671976447105407715e-01
1.132060647010803223e+00
4.305721521377563477e-01
1.166769042611122131e-01
-1.471520900726318359e+00
-1.753240972757339478e-01
-1.434469670057296753e-01
-7.690199017524719238e-01
1.795558810234069824e+00
2.611224055290222168e-01
-2.729556756094098091e-03
-9.334352612495422363e-01
-4.882672056555747986e-02
7.419989109039306641e-01
1.701523303985595703e+00
-3.578281402587890625e-02
-1.224466443061828613e+00
-2.095745503902435303e-01
-4.824407398700714111e-01
5.829408019781112671e-02
-2.833192944526672363e-01
1.497159838676452637e+00
-2.343323528766632080e-01
8.579726219177246094e-01
5.001532435417175293e-01
4.684961140155792236e-01
-6.229180693626403809e-01
-4.536657035350799561e-01
-8.019676059484481812e-02
1.407434344291687012e-01
-8.094048500061035156e-01
3.679133653640747070e-01
-5.112405419349670410e-01
1.150111436843872070e+00
7.762370109558105469e-01
3.366512656211853027e-01
-2.663432061672210693e-01
-1.045605778694152832e+00
1.972760707139968872e-01
1.069494009017944336e+00
1.091325998306274414e+00
7.597712278366088867e-01
5.300196409225463867e-01
3.594995737075805664e-01
5.735716223716735840e-02
-3.628084957599639893e-01
1.391439437866210938e-01
-4.868192374706268311e-01
-1.712988853454589844e+00
-1.594766139984130859e+00
-4.585191309452056885e-01
3.383696377277374268e-01
5.096021294593811035e-01
4.892238378524780273e-01
4.099657237529754639e-01
2.053173631429672241e-01
8.900931477546691895e-01
-1.981013298034667969e+00
1.341297388076782227e+00
-1.267371296882629395e+00
1.294432401657104492e+00
4.165221154689788818e-01
1.817490756511688232e-01
-9.005256891250610352e-01
-1.125754594802856445e+00
1.303306221961975098e+00
-3.330422043800354004e-01
6.111571192741394043e-01
5.874907374382019043e-01
3.478015586733818054e-02
3.108958713710308075e-02
2.333812415599822998e-01
-3.925916552543640137e-02
5.462971329689025879e-01
1.229019641876220703e+00
-2.027254104614257812e+00
-9.181057214736938477e-01
2.679201364517211914e-01
2.452977299690246582e-01
-8.689429759979248047e-01
-3.447472155094146729e-01
-1.522248387336730957e+00
1.167245060205459595e-01
-6.128244400024414062e-01
-4.651945233345031738e-01
1.338116377592086792e-01
7.787440419197082520e-01
-1.048590838909149170e-01
7.267040610313415527e-01
-2.668002843856811523e+00
-2.762084268033504486e-02
-8.671146631240844727e-01
-3.374268412590026855e-01
-8.080551028251647949e-01
-4.152301847934722900e-01
1.956278204917907715e+00
8.826163411140441895e-01
1.259391903877258301e+00
1.427446722984313965e+00
-9.351611733436584473e-01
4.480604827404022217e-01
-7.693899869918823242e-01
3.460392057895660400e-01
5.800616368651390076e-02
2.570238411426544189e-01
-9.421582818031311035e-01
-9.000076055526733398e-01
1.668583042919635773e-02
-6.040017008781433105e-01
1.254318594932556152e+00
-8.698211610317230225e-02
-8.227952122688293457e-01
2.555876076221466064e-01
2.448361068964004517e-01
-3.194208443164825439e-01
1.021120190620422363e+00
-1.239706993103027344e+00
2.677590847015380859e-01
-1.016688466072082520e+00
2.237397670745849609e+00
1.744691967964172363e+00
-4.095598757266998291e-01
7.579503059387207031e-01
-2.463688254356384277e-01
-5.264587998390197754e-01
9.343181252479553223e-01
1.592602610588073730e+00
7.840832471847534180e-01
9.969168305397033691e-01
-4.086931943893432617e-01
2.223836630582809448e-01
3.970879912376403809e-01
-3.416141867637634277e-01
1.631203293800354004e-01
1.062554959207773209e-02
-1.062681317329406738e+00
-7.903171181678771973e-01
2.098756656050682068e-02
1.540657997131347656e+00
1.683475822210311890e-01
-2.528471708297729492e+00
1.343133807182312012e+00
7.059597969055175781e-01
6.967355012893676758e-01
-8.537933826446533203e-01
1.053266406059265137e+00
3.695817291736602783e-01
1.062346458435058594e+00
7.737783193588256836e-01
7.601014375686645508e-01
3.765070140361785889e-01
1.535127758979797363e-01
-9.530398249626159668e-01
-3.100492060184478760e-01
-2.959747016429901123e-01
-9.810025095939636230e-01
-4.332836568355560303e-01
1.478491187095642090e+00
1.426828801631927490e-01
-5.336194857954978943e-02
4.104891717433929443e-01
5.574060082435607910e-01
2.093336917459964752e-02
-1.844634890556335449e+00
3.650514483451843262e-01
7.718614935874938965e-01
4.204417765140533447e-01
-1.416778087615966797e+00
4.337117075920104980e-01
-1.289136290550231934e+00
-4.232189655303955078e-01
-4.381431937217712402e-01
-1.092132687568664551e+00
5.818555131554603577e-02
-1.817185990512371063e-02
5.907769203186035156e-01
-6.821717023849487305e-01
-1.099452450871467590e-01
-1.080987334251403809e+00
-1.038485646247863770e+00
4.808604419231414795e-01
-3.759772777557373047e-01
-1.339348107576370239e-01
-9.986402988433837891e-01
-4.744501709938049316e-01
1.047661080956459045e-01
4.411329329013824463e-01
-9.684836864471435547e-01
-1.136667490005493164e+00
-1.392844766378402710e-01
2.811093032360076904e-01
-6.596276164054870605e-02
-2.890761137008666992e+00
-8.385069370269775391e-01
5.019593238830566406e-01
9.014431834220886230e-01
1.060907617211341858e-01
2.227080762386322021e-01
7.910450696945190430e-01
-1.193494677543640137e+00
6.972850114107131958e-02
-1.267019987106323242e+00
1.262903809547424316e-01
-6.341523528099060059e-01
6.056333184242248535e-01
5.402787327766418457e-01
4.842909872531890869e-01
-5.718842744827270508e-01
-3.968181610107421875e-01
-6.153683662414550781e-01
1.650287508964538574e+00
-3.448228836059570312e-01
7.894082665443420410e-01
-9.205414652824401855e-01
-4.559236764907836914e-01
-8.274871706962585449e-01
5.891624689102172852e-01
6.848502904176712036e-02
-1.134738400578498840e-01
1.171494722366333008e+00
3.513031303882598877e-01
2.066050052642822266e+00
-1.580420017242431641e+00
-2.211269855499267578e+00
-1.856388151645660400e-01
-4.111748039722442627e-01
6.099139899015426636e-02
-6.143267750740051270e-01
-1.222880721092224121e+00
-5.138414502143859863e-01
9.877700209617614746e-01
8.067795634269714355e-01
-1.317880600690841675e-01
-1.565616130828857422e-01
-9.514917135238647461e-01
-1.874280214309692383e+00
-8.179502487182617188e-01
4.562540724873542786e-02
6.143617630004882812e-01
1.272825598716735840e-01
-5.368724465370178223e-01
-6.326550245285034180e-01
-2.963165938854217529e-01
-1.461956501007080078e+00
-1.445194482803344727e+00
2.062256336212158203e+00
2.621031045913696289e+00
-2.459849417209625244e-01
6.680503487586975098e-01
1.079435706138610840e+00
-7.802980542182922363e-01
-1.644027791917324066e-02
6.152239814400672913e-02
7.029922604560852051e-01
1.064845800399780273e+00
1.713179111480712891e+00
8.810869455337524414e-01
4.185360074043273926e-01
1.709439396858215332e+00
2.959468662738800049e-01
-5.235197022557258606e-02
4.752485454082489014e-01
-6.751022934913635254e-01
1.340742707252502441e+00
-4.923030138015747070e-01
1.588443636894226074e+00
-6.871508359909057617e-01
1.506374955177307129e+00
-3.970158100128173828e-01
-8.972890973091125488e-01
6.520132720470428467e-02
-3.312054574489593506e-01
1.480004787445068359e-01
2.299869954586029053e-01
-7.085531949996948242e-01
1.658194363117218018e-01
-1.448921561241149902e+00
3.467620611190795898e-01
1.125582098960876465e+00
5.479126120917499065e-04
9.378331899642944336e-01
