-6.988708674907684326e-02
-4.578417539596557617e-01
8.939469456672668457e-01
-1.450899243354797363e+00
-3.086240030825138092e-02
1.169316768646240234e+00
-6.817643642425537109e-01
-3.246110081672668457e-01
-9.978754818439483643e-02
1.454803049564361572e-01
3.715789318084716797e-02
1.794788688421249390e-01
-6.258494853973388672e-01
1.439087510108947754e+00
1.092650413513183594e+00
2.532747387886047363e-01
9.101073145866394043e-01
8.658034205436706543e-01
1.298072099685668945e+00
-9.771760702133178711e-01
7.974157333374023438e-01
6.302767395973205566e-01
5.047602206468582153e-02
-9.239270091056823730e-01
-1.003778100013732910e+00
1.869541704654693604e-01
-9.936085939407348633e-01
1.333160758018493652e+00
1.449287384748458862e-01
1.904589831829071045e-01
2.051783084869384766e+00
6.042323112487792969e-01
2.572661042213439941e-01
2.343816459178924561e-01
-7.804794311523437500e-01
-2.261846698820590973e-02
-3.140715062618255615e-01
4.931395053863525391e-01
-1.525828719139099121e+00
8.350999951362609863e-01
2.152668714523315430e+00
-5.783637166023254395e-01
-1.948773980140686035e+00
-2.667593657970428467e-01
-1.596883833408355713e-01
1.192565083503723145e+00
1.119439840316772461e+00
-1.071932435035705566e+00
-1.556487530469894409e-01
-3.344104290008544922e-01
5.051437020301818848e-01
7.784402966499328613e-01
1.063448429107666016e+00
1.000231504440307617e+00
4.452639818191528320e-02
-3.428850471973419189e-01
7.175086736679077148e-01
3.812455236911773682e-01
4.713355004787445068e-01
1.258882284164428711e+00
1.044744178652763367e-01
-1.022197529673576355e-01
-6.063189506530761719e-01
-4.195056259632110596e-01
-1.455060958862304688e+00
-7.156423330307006836e-01
-3.823403120040893555e-01
-9.444757699966430664e-01
-3.794883489608764648e-01
-2.347145043313503265e-02
5.761957764625549316e-01
4.317912161350250244e-01
7.649024128913879395e-01
-6.149138212203979492e-01
5.041953921318054199e-01
-7.984282970428466797e-01
-1.162915349006652832e+00
-4.895162284374237061e-01
-7.194761633872985840e-01
-2.565953433513641357e-01
1.302332162857055664e+00
6.739471554756164551e-01
-1.258425593376159668e+00
4.302300214767456055e-01
1.627455055713653564e-01
8.947126567363739014e-02
-8.542113751173019409e-02
1.812509894371032715e+00
-1.063976883888244629e+00
7.875593900680541992e-01
-3.903379440307617188e-01
-1.496707081794738770e+00
-1.066556945443153381e-01
-2.317193299531936646e-01
2.158806174993515015e-01
6.003134846687316895e-01
-3.594143390655517578e-01
4.400283694267272949e-01
-8.818874955177307129e-01
2.227243483066558838e-01
-4.951167106628417969e-01
1.667141765356063843e-01
4.489743113517761230e-01
-1.340436577796936035e+00
-4.662611186504364014e-01
5.217101573944091797e-01
1.557846546173095703e+00
2.064227104187011719e+00
-5.004485845565795898e-01
6.958634853363037109e-01
-1.920972615480422974e-01
-4.913121163845062256e-01
-6.189413741230964661e-02
1.439678430557250977e+00
-1.461578130722045898e+00
-9.604327678680419922e-01
-1.198607608675956726e-01
3.188086450099945068e-01
7.098269462585449219e-02
9.452577680349349976e-02
3.369875550270080566e-01
1.217121601104736328e+00
1.039001107215881348e+00
8.371368050575256348e-01
-6.820690631866455078e-02
1.899367332458496094e+00
3.936892151832580566e-01
1.544083356857299805e+00
4.067556858062744141e-01
-3.426519036293029785e-01
5.705042481422424316e-01
5.184184908866882324e-01
-2.335243374109268188e-01
-5.502331852912902832e-01
-9.403827716596424580e-04
5.049692988395690918e-01
9.638851284980773926e-01
-1.821027040481567383e+00
-1.704020023345947266e+00
-9.824866652488708496e-01
1.646078228950500488e+00
-2.517823576927185059e-01
-9.212999790906906128e-02
1.049453377723693848e+00
9.843644499778747559e-02
1.326296292245388031e-02
-1.827032923698425293e+00
-1.821741461753845215e+00
1.426436901092529297e+00
3.833405375480651855e-01
7.480417490005493164e-01
-1.833722740411758423e-01
3.196495473384857178e-01
-8.116895556449890137e-01
-1.620884656906127930e+00
4.646159708499908447e-01
-1.482287168502807617e+00
5.484565496444702148e-01
-2.300091028213500977e+00
-1.091182947158813477e+00
-2.051407337188720703e+00
-3.865271434187889099e-02
1.024841427803039551e+00
-1.102640151977539062e+00
3.736575245857238770e-01
3.587084114551544189e-01
-5.534412860870361328e-01
-5.322305560111999512e-01
1.198309421539306641e+00
2.527989819645881653e-02
-7.215228676795959473e-01
9.115567207336425781e-01
8.665444254875183105e-01
-4.892200231552124023e-01
-1.257062852382659912e-01
-4.462402313947677612e-03
-6.419348716735839844e-01
3.308332264423370361e-01
3.207908570766448975e-01
1.401045799255371094e+00
-1.555645942687988281e+00
-1.222612142562866211e+00
2.271948605775833130e-01
-2.906670868396759033e-01
-8.596598505973815918e-01
3.882664740085601807e-01
-9.040308184921741486e-03
-2.592581987380981445e+00
1.085581034421920776e-01
3.790721595287322998e-01
1.901023089885711670e-02
2.262441873550415039e+00
-6.650386452674865723e-01
-2.789591848850250244e-01
1.693701595067977905e-01
1.875296980142593384e-01
-6.914368271827697754e-01
-1.102158308029174805e+00
1.058302640914916992e+00
5.115262866020202637e-01
-1.392230033874511719e+00
-1.031153202056884766e+00
9.552763700485229492e-01
-2.746604681015014648e-01
6.165800690650939941e-01
-9.171079397201538086e-01
1.044952630996704102e+00
9.913150966167449951e-02
-4.696995317935943604e-01
7.217893600463867188e-01
1.352196335792541504e-01
-2.372496426105499268e-01
1.339118331670761108e-01
6.425197124481201172e-01
-3.420527279376983643e-01
5.197516679763793945e-01
-6.010545492172241211e-01
-7.471354603767395020e-01
1.204715132713317871e+00
2.013447731733322144e-01
-2.805387079715728760e-01
1.366980433464050293e+00
7.614093422889709473e-01
1.696624159812927246e+00
-2.446389347314834595e-01
1.467688679695129395e-01
-7.647343873977661133e-01
-1.219072818756103516e+00
-1.305019617080688477e+00
-7.269294261932373047e-01
2.221181392669677734e-01
5.973341464996337891e-01
1.332572937011718750e+00
2.001657962799072266e+00
-1.693775653839111328e-01
-6.347142457962036133e-01
-1.180809378623962402e+00
1.359247863292694092e-01
-9.212681055068969727e-01
-4.836549162864685059e-01
1.237869024276733398e+00
1.924205869436264038e-01
-5.431975722312927246e-01
-2.394590854644775391e+00
-1.110033154487609863e+00
-1.737591326236724854e-01
1.000596880912780762e+00
8.111731708049774170e-02
-5.247867703437805176e-01
-7.394241541624069214e-02
-1.720058172941207886e-02
3.499002754688262939e-01
-1.040455818176269531e+00
6.800938844680786133e-01
9.606763720512390137e-01
-5.928832292556762695e-01
1.041612252593040466e-01
1.209175586700439453e+00
1.592554003000259399e-01
-8.897849321365356445e-01
6.419858336448669434e-01
-5.225977897644042969e-01
-5.302776694297790527e-01
-2.099683046340942383e+00
-6.663941144943237305e-01
-6.751042008399963379e-01
9.154603481292724609e-01
-4.712861478328704834e-01
-1.421351790428161621e+00
-3.659802377223968506e-01
-9.652717709541320801e-01
1.580583304166793823e-01
3.570537269115447998e-01
-3.272007107734680176e-01
-7.245523333549499512e-01
1.419520616531372070e+00
7.537918686866760254e-01
-2.904420495033264160e-01
-1.909925639629364014e-01
-6.616307497024536133e-01
1.163992434740066528e-01
-1.985472887754440308e-01
-1.716089963912963867e+00
-1.175135135650634766e+00
-3.360930383205413818e-01
-2.714795172214508057e-01
4.978760778903961182e-01
-4.371123015880584717e-02
-2.901644259691238403e-02
-3.038246557116508484e-02
-9.034311771392822266e-01
3.809944391250610352e-01
5.336210131645202637e-01
-6.636632084846496582e-01
-9.451232105493545532e-02
-7.517330050468444824e-01
-1.023107290267944336e+00
3.862076206132769585e-03
-2.504357397556304932e-01
-8.143795132637023926e-01
2.947529852390289307e-01
9.011934399604797363e-01
2.253184556961059570e+00
1.717077493667602539e-01
-5.524765253067016602e-01
-9.299130439758300781e-01
1.558935761451721191e+00
8.743284940719604492e-01
-4.398978054523468018e-01
-7.219319939613342285e-01
-3.504863977432250977e-01
-7.317018508911132812e-02
2.805347144603729248e-01
-2.185302972793579102e+00
1.156467914581298828e+00
-1.357971969991922379e-02
-1.137270107865333557e-01
6.400919556617736816e-01
1.644356012344360352e+00
-1.882060170173645020e-01
-1.160046339035034180e+00
8.235837221145629883e-01
-1.174170896410942078e-01
6.434395909309387207e-01
5.121641755104064941e-01
6.214482784271240234e-01
-7.510395050048828125e-01
7.915878891944885254e-01
-9.770523756742477417e-02
1.492344498634338379e+00
6.967689990997314453e-01
2.799297869205474854e-01
5.714392289519309998e-02
-1.710528731346130371e+00
-1.766557246446609497e-02
-1.330578327178955078e-01
-2.190550267696380615e-01
6.119160652160644531e-01
-1.325037717819213867e+00
1.000062584877014160e+00
4.040312469005584717e-01
-2.188501834869384766e+00
-9.642796516418457031e-01
2.283076792955398560e-01
-4.349074959754943848e-01
-7.433297634124755859e-01
4.738990962505340576e-02
-2.082910239696502686e-01
7.426999807357788086e-01
-1.703579545021057129e+00
-2.894452810287475586e-01
-2.048797607421875000e-01
-8.273630142211914062e-01
4.726172983646392822e-01
6.288073062896728516e-01
-8.778848052024841309e-01
-2.477232933044433594e+00
-6.356263160705566406e-01
-4.554018676280975342e-01
-8.017225265502929688e-01
3.698518574237823486e-01
-1.718214303255081177e-01
-2.375416994094848633e+00
2.145275354385375977e+00
-6.102689728140830994e-02
-7.391520738601684570e-01
2.651723325252532959e-01
7.822571992874145508e-01
-4.050879180431365967e-01
-1.089630126953125000e+00
7.929024696350097656e-01
-1.231631517410278320e+00
-2.796546518802642822e-01
-2.914136052131652832e-01
-4.325596392154693604e-01
-3.509938716888427734e-01
1.731051057577133179e-01
-4.102880954742431641e-01
8.325608968734741211e-01
5.954414010047912598e-01
-1.787190586328506470e-01
1.675444990396499634e-01
-1.418928354978561401e-01
-8.448668122291564941e-01
-1.060608148574829102e+00
-5.017377734184265137e-01
-5.652464032173156738e-01
7.730569839477539062e-01
-1.532402932643890381e-01
1.067165732383728027e+00
7.984758913516998291e-02
-5.809637904167175293e-01
-2.277948111295700073e-01
4.910366237163543701e-02
1.118399262428283691e+00
-2.684476673603057861e-01
1.447794198989868164e+00
-7.173439860343933105e-01
6.301485896110534668e-01
-2.275319248437881470e-01
1.233200073242187500e+00
2.448460161685943604e-01
-9.512042254209518433e-02
-1.358069330453872681e-01
9.081217646598815918e-01
5.005788803100585938e-01
-2.712157070636749268e-01
3.173799514770507812e-01
1.023543238639831543e+00
1.647300124168395996e+00
-9.894265532493591309e-01
-7.797483205795288086e-01
-1.133790493011474609e+00
7.121370434761047363e-01
-1.116328001022338867e+00
4.865569472312927246e-01
-2.998658657073974609e+00
-1.189003825187683105e+00
-9.125528931617736816e-01
-1.048034906387329102e+00
-5.499543547630310059e-01
-5.389195680618286133e-01
2.591332793235778809e-01
3.857708573341369629e-01
3.277862071990966797e-01
-9.701284170150756836e-01
1.530146837234497070e+00
-1.486932188272476196e-01
1.655347108840942383e+00
8.027462959289550781e-01
-4.218305349349975586e-01
4.192705750465393066e-01
6.531214714050292969e-01
3.110741376876831055e-01
5.916900634765625000e-01
-9.583784937858581543e-01
-4.411301016807556152e-01
-2.572864294052124023e-01
3.811617195606231689e-01
-4.739565402269363403e-02
-7.738246321678161621e-01
3.340235054492950439e-01
1.561731994152069092e-01
-8.373707532882690430e-01
-5.735921263694763184e-01
2.338504642248153687e-01
-1.255070567131042480e+00
1.166711330413818359e+00
7.299917340278625488e-01
-2.375013381242752075e-01
1.079490303993225098e+00
1.219847872853279114e-01
-1.052379727363586426e+00
-6.846432089805603027e-01
1.855027556419372559e+00
4.202776253223419189e-01
-7.867081463336944580e-02
-1.075321435928344727e+00
8.998057991266250610e-02
2.014259248971939087e-02
2.217789590358734131e-01
-5.656979084014892578e-01
1.074889898300170898e+00
1.558782577514648438e+00
-1.613938689231872559e+00
-3.394961655139923096e-01
-2.977070808410644531e-01
4.938592016696929932e-01
-1.381093382835388184e+00
7.259854078292846680e-01
-1.212289452552795410e+00
-6.152386665344238281e-01
-9.114755988121032715e-01
-1.643277704715728760e-01
1.485666036605834961e-01
4.259105622768402100e-01
-8.682776242494583130e-02
4.668496176600456238e-02
-6.800261735916137695e-01
-4.060800075531005859e-01
1.004491686820983887e+00
-9.240620136260986328e-01
1.975506186485290527e+00
1.127053141593933105e+00
3.843108415603637695e-01
6.114578247070312500e-01
-1.404699325561523438e+00
-8.215228915214538574e-01
8.847099542617797852e-01
5.597162246704101562e-02
1.090342044830322266e+00
-6.567633748054504395e-01
6.543397903442382812e-01
-4.029751718044281006e-01
-2.526380419731140137e-01
2.284749150276184082e-01
-3.601079806685447693e-02
-2.268011569976806641e-01
-4.501346051692962646e-01
-4.326891899108886719e-01
3.505470454692840576e-01
4.698742032051086426e-01
1.052308320999145508e+00
-6.805669665336608887e-01
4.590487182140350342e-01
-8.792266249656677246e-02
-4.177392646670341492e-02
-9.628928899765014648e-01
1.081660762429237366e-01
-1.052041292190551758e+00
2.501503825187683105e-01
-4.083513915538787842e-01
-2.653028070926666260e-01
-1.086738258600234985e-01
-3.777579069137573242e-01
-2.944115400314331055e-01
5.712804794311523438e-01
3.836795091629028320e-01
-1.822083890438079834e-01
-1.381782442331314087e-02
7.714362740516662598e-01
2.860518097877502441e-01
1.364216566085815430e+00
-9.942336678504943848e-01
-5.271636247634887695e-01
5.244522094726562500e-01
5.706394314765930176e-01
4.746171087026596069e-02
1.425802469253540039e+00
1.104605317115783691e+00
1.530724316835403442e-01
1.307314783334732056e-01
-1.540227055549621582e+00
-1.576936095952987671e-01
8.354163765907287598e-01
-3.403081655502319336e+00
-1.846660226583480835e-01
-1.794504970312118530e-01
-3.246789872646331787e-01
-8.227226883172988892e-02
1.488680720329284668e+00
-5.479054450988769531e-01
1.088347882032394409e-01
8.145928382873535156e-02
-1.512748837471008301e+00
-1.018575131893157959e-01
-1.289055198431015015e-01
4.645693004131317139e-01
8.886826783418655396e-02
-1.216148853302001953e+00
-1.914985537528991699e+00
-6.574510335922241211e-01
3.158941864967346191e-01
1.393192052841186523e+00
3.605777025222778320e-02
2.100924216210842133e-02
-8.068677783012390137e-01
-2.893156409263610840e-01
3.781794905662536621e-01
2.341130971908569336e-01
5.602518916130065918e-01
4.499553143978118896e-01
-9.301199913024902344e-01
-1.021375879645347595e-01
5.305410027503967285e-01
1.042448520660400391e+00
-4.519716501235961914e-01
2.154176533222198486e-01
-1.623325586318969727e+00
2.729850411415100098e-01
-8.148784637451171875e-01
5.244542285799980164e-02
4.280088841915130615e-01
5.581611990928649902e-01
-4.771394133567810059e-01
2.793667018413543701e-01
-2.545865774154663086e+00
-9.670302867889404297e-01
-4.144158363342285156e-01
3.141264989972114563e-02
-1.641516089439392090e+00
-4.963729083538055420e-01
7.000595331192016602e-01
-7.856324911117553711e-01
1.005846500396728516e+00
5.060241818428039551e-01
1.091063693165779114e-01
6.594770550727844238e-01
-7.052240371704101562e-01
6.098202466964721680e-01
-9.023049473762512207e-01
-1.921122223138809204e-01
-7.792205810546875000e-01
-1.017232060432434082e+00
1.331570029258728027e+00
-7.306606769561767578e-01
4.385406970977783203e-01
2.362136691808700562e-01
-6.853536963462829590e-01
6.196730136871337891e-01
-2.582054436206817627e-01
1.010215841233730316e-02
1.184494018554687500e+00
-3.328908085823059082e-01
1.810376942157745361e-01
-5.158110260963439941e-01
1.029977440834045410e+00
1.471242785453796387e+00
-2.654528021812438965e-01
-1.126991629600524902e+00
6.147200614213943481e-02
-4.592879712581634521e-01
4.879687428474426270e-01
2.115030288696289062e-01
2.328655272722244263e-01
7.767638564109802246e-02
-4.431685507297515869e-01
8.823401480913162231e-02
-2.230955213308334351e-01
-7.848475575447082520e-01
6.535794138908386230e-01
-1.286493062973022461e+00
-1.801903918385505676e-02
-2.711267769336700439e-01
6.507089734077453613e-01
1.140813827514648438e+00
-2.892436981201171875e-01
-1.966301321983337402e+00
1.165156841278076172e+00
2.054136395454406738e-01
-7.645853757858276367e-01
-1.663990855216979980e+00
6.371545791625976562e-01
-1.071381196379661560e-01
5.709987878799438477e-02
9.371256828308105469e-02
-8.719285130500793457e-01
2.193154543638229370e-01
4.254909753799438477e-01
-4.844471514225006104e-01
5.746716260910034180e-01
4.108034670352935791e-01
-1.029843211174011230e+00
-1.215213164687156677e-01
9.907556772232055664e-01
1.369811177253723145e+00
3.314873278141021729e-01
2.803600132465362549e-01
3.491611182689666748e-01
-1.777287274599075317e-01
-1.718419790267944336e+00
1.198299646377563477e+00
-1.073917388916015625e+00
-4.370535537600517273e-02
-8.514022827148437500e-01
-3.080907762050628662e-01
-7.535061240196228027e-01
-5.132050067186355591e-02
-8.304440975189208984e-01
-1.425132870674133301e+00
3.163163661956787109e-01
-5.761590003967285156e-01
-1.355039328336715698e-01
1.958051800727844238e+00
-6.710014343261718750e-01
-4.962755441665649414e-01
-7.224683165550231934e-01
6.745947599411010742e-01
4.061920642852783203e-01
4.075717031955718994e-01
-1.612154841423034668e+00
7.655716501176357269e-03
9.608553051948547363e-01
1.114190578460693359e+00
-5.541396141052246094e-02
-5.708873867988586426e-01
1.562984585762023926e-01
-1.131983101367950439e-01
1.997418515384197235e-02
-1.567100763320922852e+00
4.872243702411651611e-01
-1.951268166303634644e-01
9.244716167449951172e-01
6.046156287193298340e-01
-3.560117483139038086e-01
1.637023210525512695e+00
-1.040223717689514160e+00
-4.472150206565856934e-01
-1.469004899263381958e-01
-2.050824314355850220e-01
-8.582262992858886719e-01
3.775410950183868408e-01
9.594027400016784668e-01
1.165377020835876465e+00
-5.143276453018188477e-01
-6.204632520675659180e-01
-1.698112487792968750e-01
1.056961894035339355e+00
4.435971975326538086e-01
3.887079656124114990e-01
-5.662459731101989746e-01
-1.825026154518127441e+00
2.304184585809707642e-01
1.743491441011428833e-01
1.040921568870544434e+00
-3.186835646629333496e-01
1.747367829084396362e-01
2.607072591781616211e-01
7.715592384338378906e-01
-4.373862147331237793e-01
-1.607894301414489746e+00
3.541713953018188477e-01
-7.655679583549499512e-01
-8.783493041992187500e-01
-8.223985135555267334e-02
-2.798278816044330597e-03
-4.396687746047973633e-01
1.065359950065612793e+00
5.489310622215270996e-01
3.370908796787261963e-01
-7.225908637046813965e-01
2.300827950239181519e-02
-9.848399758338928223e-01
-1.335336640477180481e-02
1.047201395034790039e+00
4.176220595836639404e-01
-1.312801837921142578e-01
-8.040701150894165039e-01
2.346465438604354858e-01
-4.709923267364501953e-01
-9.519434571266174316e-01
-1.091239571571350098e+00
1.568704366683959961e+00
7.132022976875305176e-01
3.123540198430418968e-03
-1.599982827901840210e-01
1.365789413452148438e+00
-1.338031608611345291e-02
-9.285233169794082642e-02
-1.058527350425720215e+00
1.586328864097595215e+00
1.584044337272644043e+00
1.792465806007385254e+00
2.043872833251953125e+00
-2.944788336753845215e-01
1.117064714431762695e+00
5.057069659233093262e-01
3.408499658107757568e-01
-6.035852432250976562e-01
-1.270353317260742188e+00
2.314216375350952148e+00
3.329670429229736328e-01
4.579810500144958496e-01
-2.171005681157112122e-02
1.209791541099548340e+00
-1.069939017295837402e+00
5.466184616088867188e-01
3.972300589084625244e-01
-3.214927613735198975e-01
1.023597922176122665e-02
6.420818567276000977e-01
9.279820322990417480e-02
-1.419997066259384155e-01
3.939671516418457031e-01
-4.937795698642730713e-01
-3.523343503475189209e-01
2.154224961996078491e-01
1.463647961616516113e+00
