-9.559165835380554199e-01
1.866017282009124756e-01
6.093803644180297852e-01
-5.915202200412750244e-02
-7.181086540222167969e-01
1.739549189805984497e-01
-1.345885396003723145e+00
-3.238546252250671387e-01
-9.669800400733947754e-01
7.748556733131408691e-01
-4.656798243522644043e-01
-1.030134409666061401e-01
-7.612648606300354004e-01
1.686204671859741211e+00
1.612510085105895996e-01
1.267968118190765381e-01
1.014760851860046387e+00
3.685575127601623535e-01
3.487626910209655762e-01
-1.986912824213504791e-02
9.521720409393310547e-01
1.213332414627075195e+00
2.071648091077804565e-01
-1.712965369224548340e+00
-2.539480924606323242e+00
-4.082668423652648926e-01
-5.043551921844482422e-01
1.040973663330078125e+00
-1.853273063898086548e-01
-1.867765486240386963e-01
1.517923116683959961e+00
1.151781201362609863e+00
-1.895602494478225708e-01
-4.623296260833740234e-01
-9.882315993309020996e-01
6.695668213069438934e-03
7.937661409378051758e-01
3.490133285522460938e-01
-1.103122949600219727e+00
6.002078652381896973e-01
1.691884756088256836e+00
-3.345709741115570068e-01
-1.588291287422180176e+00
-1.207107976078987122e-01
-3.897642716765403748e-02
6.073285937309265137e-01
1.555089950561523438e+00
-1.570831179618835449e+00
-1.173981949687004089e-01
-1.007480740547180176e+00
1.475346386432647705e-01
7.070056200027465820e-01
4.851085841655731201e-01
2.370535582304000854e-01
-4.447405934333801270e-01
-1.042831897735595703e+00
1.577452421188354492e+00
-7.192296981811523438e-01
-5.704067349433898926e-01
2.475607991218566895e-01
-3.229772150516510010e-01
-3.155314326286315918e-01
-5.093398690223693848e-01
8.521584272384643555e-01
-4.278747439384460449e-01
-1.268251299858093262e+00
-9.335101246833801270e-01
-4.711880087852478027e-01
-1.273508816957473755e-01
1.698570698499679565e-01
5.521702766418457031e-02
5.475657582283020020e-01
1.264016985893249512e+00
7.180633395910263062e-02
-5.138688683509826660e-01
-9.003437757492065430e-01
-1.223364949226379395e+00
-9.291610121726989746e-02
-4.639568924903869629e-01
-6.704518198966979980e-01
1.960808634757995605e+00
7.500457763671875000e-01
-8.860024213790893555e-01
2.519149184226989746e-01
9.431530833244323730e-01
-1.919781789183616638e-02
-1.394978016614913940e-01
1.339829444885253906e+00
-1.557876110076904297e+00
7.512502074241638184e-01
-4.602178037166595459e-01
-4.321444630622863770e-01
-1.978008300065994263e-01
-1.428454071283340454e-01
-3.638666868209838867e-01
1.733818799257278442e-01
-4.592337012290954590e-01
4.047755599021911621e-01
-2.137167215347290039e+00
4.967459142208099365e-01
-2.432551681995391846e-01
-4.063832759857177734e-02
9.768823981285095215e-01
-1.728183984756469727e+00
-1.057179808616638184e+00
8.520915508270263672e-01
1.318364381790161133e+00
1.610720157623291016e+00
-4.639544188976287842e-01
8.209383487701416016e-01
5.896999835968017578e-01
-1.619988083839416504e-01
1.180489286780357361e-01
1.694565653800964355e+00
-8.675547242164611816e-01
-1.098388314247131348e+00
-2.776441574096679688e-01
-6.798849701881408691e-01
-2.593424320220947266e-01
-2.389208525419235229e-01
1.987923830747604370e-01
8.559383153915405273e-01
4.592594206333160400e-01
5.646310448646545410e-01
-2.836207151412963867e-01
1.893467664718627930e+00
1.192617893218994141e+00
1.347607851028442383e+00
3.559208810329437256e-01
-9.624028801918029785e-01
8.982438445091247559e-01
6.740534305572509766e-01
-2.241159826517105103e-01
-4.157537817955017090e-01
1.053407907485961914e+00
8.794430643320083618e-02
4.259141683578491211e-01
-5.827882885932922363e-01
-1.451610088348388672e+00
-4.546294510364532471e-01
1.813790678977966309e+00
-3.594290316104888916e-01
-4.252621438354253769e-03
1.209430575370788574e+00
-2.114013880491256714e-01
-4.048682749271392822e-01
-1.514958977699279785e+00
-1.847470641136169434e+00
1.765681147575378418e+00
1.227769136428833008e+00
1.998588591814041138e-01
-5.645526647567749023e-01
1.211002916097640991e-01
-9.269575476646423340e-01
-1.463962316513061523e+00
-1.925785467028617859e-02
-6.781970858573913574e-01
4.913052022457122803e-01
-1.494499921798706055e+00
-8.895052075386047363e-01
-1.545544266700744629e+00
2.289588600397109985e-01
7.151811122894287109e-01
-1.472890973091125488e+00
4.954083561897277832e-01
1.991670206189155579e-02
-1.444331109523773193e-01
-5.356522202491760254e-01
6.021147370338439941e-01
9.544082880020141602e-01
-2.096527665853500366e-01
6.341993212699890137e-01
2.872321009635925293e-01
-3.428995609283447266e-01
4.452003538608551025e-01
2.271352857351303101e-01
9.556967765092849731e-02
9.235402345657348633e-01
-1.543838530778884888e-01
7.398955821990966797e-01
-1.354797363281250000e+00
-1.260320305824279785e+00
-6.670773625373840332e-01
-7.987399585545063019e-03
-5.940713286399841309e-01
1.125156641006469727e+00
-1.063721895217895508e+00
-2.505334854125976562e+00
6.627382636070251465e-01
3.083522431552410126e-02
4.776920080184936523e-01
1.638245820999145508e+00
-6.612868905067443848e-01
-2.227565506473183632e-03
6.123326420783996582e-01
7.694782018661499023e-01
2.088724523782730103e-01
-5.359038710594177246e-01
8.578085899353027344e-01
1.112257957458496094e+00
-9.983934164047241211e-01
-3.412423431873321533e-01
1.059924721717834473e+00
-4.664296507835388184e-01
2.433204650878906250e-01
-5.963420867919921875e-01
2.684004604816436768e-01
6.429873704910278320e-01
-7.402964234352111816e-01
1.956595778465270996e+00
8.764178752899169922e-01
-1.269012689590454102e+00
-5.555651187896728516e-01
4.577829837799072266e-01
-1.342729330062866211e-01
4.913708269596099854e-01
-1.358842730522155762e+00
-6.590775847434997559e-01
2.997102439403533936e-01
-7.723773121833801270e-01
-1.398814767599105835e-01
1.138912320137023926e+00
6.243275403976440430e-01
1.215477228164672852e+00
8.911905288696289062e-01
1.251085758209228516e+00
-8.898140192031860352e-01
-9.650308489799499512e-01
-1.067078948020935059e+00
-1.323143988847732544e-01
4.729030728340148926e-01
7.372370362281799316e-01
4.047441184520721436e-01
1.651525020599365234e+00
4.016017913818359375e-01
-1.120450973510742188e+00
9.881221503019332886e-02
-5.539799928665161133e-01
-6.283361911773681641e-01
-3.448292016983032227e-01
2.106726616621017456e-01
-1.980440020561218262e-01
7.923175096511840820e-01
-2.251622438430786133e+00
-1.118726015090942383e+00
-8.597115427255630493e-02
1.294964313507080078e+00
1.761684119701385498e-01
-2.192326188087463379e-01
2.946395576000213623e-01
-2.745949923992156982e-01
1.167469739913940430e+00
-5.201669335365295410e-01
8.889052271842956543e-01
6.340575814247131348e-01
-7.416461706161499023e-01
5.042493939399719238e-01
2.140086442232131958e-01
4.765847325325012207e-01
-4.113658666610717773e-01
1.223406314849853516e+00
-7.940306067466735840e-01
-5.325512886047363281e-01
-8.461323380470275879e-01
-3.778830170631408691e-01
-6.743099689483642578e-01
5.901089310646057129e-01
-5.175396203994750977e-01
-7.766796946525573730e-01
-5.996300578117370605e-01
-7.815774679183959961e-01
-4.506523609161376953e-01
3.883437812328338623e-01
-3.751080930233001709e-01
-1.243074536323547363e+00
1.551721572875976562e+00
1.379115581512451172e-01
-1.383410394191741943e-01
-4.119357168674468994e-01
-2.371849715709686279e-01
2.122318595647811890e-01
-5.373913794755935669e-02
-5.464308857917785645e-01
-1.892305254936218262e+00
-1.152297854423522949e+00
-1.037485241889953613e+00
1.092638134956359863e+00
7.628720998764038086e-01
1.190024241805076599e-01
1.961155384778976440e-01
-4.097430408000946045e-01
9.448560476303100586e-01
6.903662681579589844e-01
-1.351026147603988647e-01
1.235445022583007812e+00
-2.010411471128463745e-01
-1.003648996353149414e+00
7.332072257995605469e-01
-3.711093068122863770e-01
-5.880613923072814941e-01
-4.815596938133239746e-01
9.849379062652587891e-01
2.194463253021240234e+00
-1.260395497083663940e-01
1.910310834646224976e-01
-1.243411779403686523e+00
9.508236646652221680e-01
4.063064754009246826e-01
-6.498377323150634766e-01
-1.109219193458557129e+00
-5.957794189453125000e-01
4.018129408359527588e-01
1.086659207940101624e-01
-1.519295334815979004e+00
9.258657097816467285e-01
-1.040235519409179688e+00
-1.093158721923828125e-01
1.001232504844665527e+00
8.515596389770507812e-01
-4.346489906311035156e-01
-8.960337638854980469e-01
5.905933380126953125e-01
3.083848059177398682e-01
2.879736125469207764e-01
1.061298012733459473e+00
2.034260988235473633e+00
-5.734292864799499512e-01
1.140283465385437012e+00
-8.072283864021301270e-02
1.529722929000854492e+00
8.107969164848327637e-01
5.597045421600341797e-01
1.502626895904541016e+00
-1.537032246589660645e+00
-3.661249876022338867e-01
2.858397364616394043e-02
8.734733611345291138e-02
6.883162260055541992e-01
-1.293368101119995117e+00
-3.631620407104492188e-01
-6.299980878829956055e-01
-7.680591940879821777e-01
1.946556419134140015e-01
3.493447899818420410e-01
1.705545634031295776e-01
-8.647725582122802734e-01
2.220358252525329590e-01
-6.858300566673278809e-01
8.265942335128784180e-02
-1.894062399864196777e+00
-9.390813112258911133e-01
-5.820552110671997070e-01
-9.049472808837890625e-01
1.215460181236267090e+00
4.050915539264678955e-01
-9.624558091163635254e-01
-2.006473064422607422e+00
9.507282823324203491e-02
3.263030350208282471e-01
-2.384610474109649658e-01
-4.302911758422851562e-01
-6.741537898778915405e-02
-1.856388092041015625e+00
5.587792396545410156e-02
-6.760486960411071777e-01
-9.740977883338928223e-01
7.338150739669799805e-01
2.703128159046173096e-01
-2.818754315376281738e-01
-1.648952484130859375e+00
1.156992077827453613e+00
-1.013887286186218262e+00
8.147039413452148438e-01
-4.783154129981994629e-01
-5.849575400352478027e-01
9.319659322500228882e-02
-4.032008051872253418e-01
-2.225999534130096436e-01
1.216892361640930176e+00
-7.053188234567642212e-02
2.772023677825927734e-01
2.764680087566375732e-01
-1.410064101219177246e-01
-4.033187031745910645e-01
2.359187155961990356e-01
1.355617791414260864e-01
-1.226879000663757324e+00
1.226655125617980957e+00
5.266914367675781250e-01
6.517683863639831543e-01
-6.924434304237365723e-01
-9.229421615600585938e-02
-1.143980979919433594e+00
8.602265119552612305e-01
-4.172825068235397339e-02
-1.639272719621658325e-01
2.051756858825683594e+00
2.526751905679702759e-02
7.534636855125427246e-01
-2.554381489753723145e-01
3.794248402118682861e-01
-6.081540584564208984e-01
9.188582003116607666e-02
-3.087998926639556885e-01
1.884902834892272949e+00
-9.948438405990600586e-01
-3.276180028915405273e-01
4.836969375610351562e-01
6.799417138099670410e-01
1.335375905036926270e+00
-5.348854660987854004e-01
-4.720921516418457031e-01
-1.356378555297851562e+00
3.044237494468688965e-01
-7.185739874839782715e-01
1.403791666030883789e+00
-1.702664375305175781e+00
-2.130338668823242188e+00
-5.367763638496398926e-01
-5.662801265716552734e-01
-5.128757357597351074e-01
-6.931157708168029785e-01
3.864959478378295898e-01
-3.613722920417785645e-01
1.834080368280410767e-01
-3.006017208099365234e-01
1.297017574310302734e+00
-3.713952302932739258e-01
2.358605116605758667e-01
2.723778784275054932e-01
-5.580917596817016602e-01
-1.465810835361480713e-01
1.818093180656433105e+00
3.305755853652954102e-01
3.455957174301147461e-01
-5.470901727676391602e-01
-1.657495647668838501e-01
4.621041715145111084e-01
-1.801224984228610992e-02
-3.347742557525634766e-02
-5.511026382446289062e-01
4.486648440361022949e-01
-3.719006478786468506e-02
-4.848556816577911377e-01
-7.861995100975036621e-01
1.236437261104583740e-01
-6.546250581741333008e-01
3.590395152568817139e-01
-2.852344214916229248e-01
-9.570076316595077515e-02
1.610399723052978516e+00
-1.066920042037963867e+00
-8.931823372840881348e-01
-7.471986413002014160e-01
1.700410366058349609e+00
2.913171947002410889e-01
-3.973174467682838440e-02
-1.268150329589843750e+00
4.065177440643310547e-01
4.546065330505371094e-01
-6.035996675491333008e-01
-6.765084266662597656e-01
1.292828083038330078e+00
1.645266771316528320e+00
-1.686906933784484863e+00
-1.009426116943359375e+00
-2.700334191322326660e-01
7.078080177307128906e-01
-1.910030364990234375e+00
9.969025850296020508e-01
-1.007288694381713867e+00
-1.660202443599700928e-01
-9.509565234184265137e-01
1.896505989134311676e-02
2.529158890247344971e-01
1.352932751178741455e-01
1.950367093086242676e-01
-2.172128856182098389e-01
-6.329442858695983887e-01
-3.088714480400085449e-01
4.380769431591033936e-01
-2.628872096538543701e-01
8.372560739517211914e-01
3.353041410446166992e-01
-3.363257944583892822e-01
1.634730845689773560e-01
-1.194460988044738770e+00
-3.922861218452453613e-01
3.025037646293640137e-01
1.961864829063415527e+00
4.497640430927276611e-01
-4.849063456058502197e-01
8.217291533946990967e-02
-2.594769001007080078e-01
4.141770899295806885e-01
4.037353694438934326e-01
2.763684391975402832e-01
1.110626906156539917e-01
-1.218349710106849670e-01
2.110669314861297607e-01
3.883906304836273193e-01
7.897226214408874512e-01
9.131324291229248047e-01
-2.463652044534683228e-01
1.257100254297256470e-01
-2.783501334488391876e-02
1.944217979907989502e-01
-5.498158335685729980e-01
-1.876249536871910095e-02
-1.092991709709167480e+00
7.557299137115478516e-01
-4.372285306453704834e-01
-5.919357389211654663e-02
8.024707436561584473e-01
-3.199279606342315674e-01
5.054386854171752930e-01
1.044588565826416016e+00
-1.594907939434051514e-01
5.477926135063171387e-02
-6.579390764236450195e-01
1.067862987518310547e+00
2.546076774597167969e-01
1.456487655639648438e+00
5.560413002967834473e-01
-2.941159605979919434e-01
-1.392345726490020752e-01
9.397174715995788574e-01
-1.138363599777221680e+00
4.245993196964263916e-01
1.549149036407470703e+00
9.826297760009765625e-01
-2.004176937043666840e-02
-1.574360966682434082e+00
-3.852159380912780762e-01
1.903507411479949951e-01
-3.047279596328735352e+00
4.464782774448394775e-01
-2.020656317472457886e-01
3.921792805194854736e-01
3.050363250076770782e-02
1.467768907546997070e+00
-6.830862760543823242e-01
-7.087876200675964355e-01
-4.584256708621978760e-01
-1.199524164199829102e+00
1.099525332450866699e+00
-4.568158090114593506e-01
3.774951994419097900e-01
5.821526050567626953e-01
-5.595062971115112305e-01
-1.995737433433532715e+00
-4.614571332931518555e-01
3.076493740081787109e-01
1.192142486572265625e+00
5.024155974388122559e-01
6.222215294837951660e-01
-2.564625740051269531e-01
-1.466726213693618774e-01
-5.309196710586547852e-01
1.048182129859924316e+00
2.104096561670303345e-01
8.649713397026062012e-01
-1.834073305130004883e+00
5.538018941879272461e-01
5.895046591758728027e-01
8.665135502815246582e-01
-4.868265390396118164e-01
1.844883859157562256e-01
-1.640945553779602051e+00
-4.439911246299743652e-01
-8.197090625762939453e-01
-1.144882202148437500e+00
7.100869417190551758e-01
7.936993241310119629e-01
4.845649376511573792e-02
2.798494510352611542e-02
-2.361734390258789062e+00
-1.770370155572891235e-01
-3.750961720943450928e-01
5.060699954628944397e-02
-1.902190089225769043e+00
1.240600869059562683e-01
6.437007188796997070e-01
-1.969614624977111816e-01
2.722369134426116943e-01
2.941299974918365479e-01
6.576709747314453125e-01
1.699047237634658813e-01
9.991599619388580322e-02
2.219324856996536255e-01
-1.065888762474060059e+00
-6.116709485650062561e-02
-1.409092187881469727e+00
-6.972647309303283691e-01
1.612976193428039551e+00
-5.890110135078430176e-01
-7.883166670799255371e-01
-5.914374589920043945e-01
-9.481237530708312988e-01
2.234974205493927002e-01
-4.443594515323638916e-01
-4.995814263820648193e-01
4.142035841941833496e-01
3.268066048622131348e-01
5.606333613395690918e-01
-7.772157192230224609e-01
1.743967056274414062e+00
1.303591966629028320e+00
-1.309169411659240723e+00
-1.075621962547302246e+00
4.761401116847991943e-01
-5.374376177787780762e-01
3.267638087272644043e-01
6.918828487396240234e-01
1.711029559373855591e-01
3.306132555007934570e-01
-1.262184858322143555e+00
2.485753893852233887e-01
5.983571410179138184e-01
-7.627304196357727051e-01
2.903534173965454102e-01
-6.158429980278015137e-01
-2.093237042427062988e-01
-1.024630784988403320e+00
2.800809442996978760e-01
6.309964656829833984e-01
-4.551279246807098389e-01
-1.378646373748779297e+00
1.012118577957153320e+00
4.798981547355651855e-01
-3.339166045188903809e-01
-1.328469872474670410e+00
9.145552515983581543e-01
-3.516196012496948242e-01
3.031583502888679504e-02
-1.217853665351867676e+00
-4.010975658893585205e-01
2.214912325143814087e-01
9.274072647094726562e-01
-5.661298036575317383e-01
3.591015189886093140e-02
8.864601850509643555e-01
-7.153310179710388184e-01
3.253395259380340576e-01
8.171506524085998535e-01
1.107039451599121094e-01
2.655126452445983887e-01
-4.627609252929687500e-01
2.790746390819549561e-01
-1.030406057834625244e-01
-2.080796003341674805e+00
1.119774699211120605e+00
-6.288778781890869141e-01
-4.301493056118488312e-03
-1.478168249130249023e+00
4.412885010242462158e-01
-5.702699422836303711e-01
1.591058969497680664e-01
-6.899889707565307617e-01
-1.059944748878479004e+00
1.477313488721847534e-01
-3.000767529010772705e-01
2.053250819444656372e-01
8.299706578254699707e-01
-9.602251052856445312e-01
-4.571989774703979492e-01
1.208357606083154678e-02
1.088049530982971191e+00
3.264199495315551758e-01
5.103659629821777344e-01
-1.375103831291198730e+00
2.313944101333618164e-01
9.063241481781005859e-01
1.605607569217681885e-01
-1.506169289350509644e-01
-1.059673070907592773e+00
-1.511975675821304321e-01
1.506687104701995850e-01
-3.815126139670610428e-03
-9.765342473983764648e-01
2.866445183753967285e-01
-3.837764263153076172e-01
5.417542457580566406e-01
1.310399174690246582e+00
8.129614591598510742e-01
2.042737483978271484e+00
-9.298082590103149414e-01
-3.671085834503173828e-01
-1.431782484054565430e+00
-2.605250477790832520e-01
-7.229097485542297363e-01
1.109843492507934570e+00
-2.403931170701980591e-01
1.826654672622680664e+00
-1.744351685047149658e-01
4.166744947433471680e-01
-4.085240066051483154e-01
1.980684399604797363e-01
4.492932558059692383e-01
8.055126070976257324e-01
-1.128484487533569336e+00
-5.142568349838256836e-01
-2.778951525688171387e-01
-6.848719716072082520e-01
6.722659468650817871e-01
-2.969224937260150909e-02
4.394231438636779785e-01
5.913579463958740234e-01
1.384305477142333984e+00
3.238658010959625244e-01
-1.306658387184143066e+00
-4.673428833484649658e-01
-9.060112833976745605e-01
-3.324552774429321289e-01
-3.167100250720977783e-02
4.828882962465286255e-02
-3.385404944419860840e-01
9.603806734085083008e-01
-3.093234300613403320e-01
8.678361773490905762e-01
-2.229142636060714722e-01
-4.013728797435760498e-01
-2.093046903610229492e+00
-1.983142346143722534e-01
1.026216864585876465e+00
7.592590451240539551e-01
-2.946081161499023438e-01
-1.067797064781188965e+00
1.082689046859741211e+00
-2.029724866151809692e-01
-1.267660021781921387e+00
-4.465206563472747803e-01
1.118995547294616699e+00
8.750627040863037109e-01
-1.178538650274276733e-01
-5.278341844677925110e-02
9.238808751106262207e-01
-3.256381750106811523e-01
1.790363788604736328e-01
-3.411101102828979492e-01
1.075571417808532715e+00
9.914383888244628906e-01
1.086353778839111328e+00
1.518660426139831543e+00
-1.080394744873046875e+00
1.455513358116149902e+00
7.021007537841796875e-01
2.849156856536865234e-01
-1.215066481381654739e-02
-1.755920946598052979e-01
1.579086780548095703e+00
3.042725920677185059e-01
4.124180078506469727e-01
-5.973950400948524475e-02
8.269922733306884766e-01
-4.676208794116973877e-01
-1.340502500534057617e-01
-2.483033090829849243e-01
-8.074576854705810547e-01
-2.028772421181201935e-02
1.116235971450805664e+00
-1.262771129608154297e+00
-1.321932077407836914e-01
-3.730676770210266113e-01
-1.068957686424255371e+00
-5.190345644950866699e-01
-2.207159399986267090e-01
1.516189932823181152e+00
