3.598486483097076416e-01
-1.107188701629638672e+00
-3.190074265003204346e-01
-7.300593852996826172e-01
-2.246576845645904541e-01
4.180517494678497314e-01
2.897134125232696533e-01
-6.809482574462890625e-01
-1.387493491172790527e+00
3.660396337509155273e-01
1.336442947387695312e+00
-1.587790489196777344e+00
-2.266431093215942383e+00
8.161525726318359375e-01
2.456757426261901855e-01
5.260699987411499023e-01
6.496605873107910156e-01
-1.086741089820861816e+00
1.052324533462524414e+00
-1.534408569335937500e+00
4.150402843952178955e-01
6.448873877525329590e-02
-2.918562889099121094e-01
3.075765073299407959e-01
5.735664963722229004e-01
-2.112141370773315430e+00
-3.943143784999847412e-01
-5.517229437828063965e-01
-1.444290727376937866e-01
-9.371389150619506836e-01
-2.607574462890625000e-01
1.703223466873168945e+00
5.043114423751831055e-01
5.744552612304687500e-01
2.814644873142242432e-01
-4.757184088230133057e-01
1.130197271704673767e-01
-1.785553574562072754e+00
-3.546699881553649902e-02
-1.111656785011291504e+00
-1.028554320335388184e+00
-5.221115350723266602e-01
-3.104782581329345703e+00
2.483561515808105469e+00
-1.781367301940917969e+00
-6.414359211921691895e-01
2.358409017324447632e-01
-1.328565955162048340e+00
6.093266010284423828e-01
7.379265427589416504e-01
1.830514818429946899e-01
1.511468291282653809e-01
5.011225938796997070e-01
-2.462818026542663574e-01
-3.910045027732849121e-01
5.630488991737365723e-01
1.807234048843383789e+00
-9.876176714897155762e-01
4.198035299777984619e-01
-4.480427205562591553e-01
1.547787487506866455e-01
-2.982115373015403748e-02
-1.362112283706665039e+00
-5.847423672676086426e-01
-2.219954729080200195e+00
2.032496184110641479e-01
4.577987194061279297e-01
-4.952355623245239258e-01
-1.165350526571273804e-01
-1.637015491724014282e-01
5.677062273025512695e-01
1.331570506095886230e+00
1.563039869070053101e-01
9.000101089477539062e-01
7.906399667263031006e-02
-2.181028127670288086e+00
-1.595963239669799805e+00
8.732094615697860718e-02
-1.964654326438903809e+00
4.216692149639129639e-01
-8.799437284469604492e-01
1.226037263870239258e+00
-6.361794471740722656e-01
-4.164831936359405518e-01
2.447957843542098999e-01
1.124673128128051758e+00
1.739095151424407959e-01
-4.073221385478973389e-01
-1.573388099670410156e+00
-1.346291661262512207e+00
8.768393099308013916e-02
5.291126295924186707e-02
1.649312376976013184e-01
-1.002699851989746094e+00
6.749425530433654785e-01
-1.828926652669906616e-01
1.193288117647171021e-01
1.191104173660278320e+00
7.141023129224777222e-02
-9.640443921089172363e-01
6.560758352279663086e-01
1.857765018939971924e-01
-1.936274886131286621e+00
1.114871382713317871e+00
9.513883590698242188e-01
-2.834016922861337662e-03
6.735864281654357910e-01
7.073961496353149414e-01
-2.207470685243606567e-01
1.084979057312011719e+00
1.352286338806152344e+00
-5.387589707970619202e-02
1.765873879194259644e-01
-6.792113780975341797e-01
2.710732519626617432e-01
-9.428768157958984375e-01
5.946143269538879395e-01
6.570243239402770996e-01
5.200242400169372559e-01
7.484318017959594727e-01
3.582792878150939941e-01
2.000372171401977539e+00
1.358880877494812012e+00
8.960493206977844238e-01
1.418892621994018555e+00
4.204962551593780518e-01
-1.065545797348022461e+00
4.838329255580902100e-01
8.250752836465835571e-02
1.461088061332702637e-01
-1.067619562149047852e+00
1.579716205596923828e+00
-8.361900597810745239e-02
4.432671070098876953e-01
-6.723721623420715332e-01
-4.154314994812011719e-01
-5.435280501842498779e-02
-7.007359266281127930e-01
1.179225564002990723e+00
-1.250213384628295898e+00
9.021902829408645630e-02
6.086545810103416443e-02
2.635130882263183594e+00
7.346178889274597168e-01
1.238535046577453613e+00
-4.830272793769836426e-01
-4.888170659542083740e-01
-2.719616413116455078e+00
2.759228348731994629e-01
-1.442361027002334595e-01
1.101105332374572754e+00
-7.319089174270629883e-01
1.153619170188903809e+00
-2.970277070999145508e-01
-5.626716017723083496e-01
-4.052565693855285645e-01
-1.217591539025306702e-01
1.439355373382568359e+00
-1.272046446800231934e+00
6.535669565200805664e-01
2.547477483749389648e-01
-9.064242839813232422e-01
-7.683779001235961914e-01
-2.031423091888427734e+00
2.069278717041015625e+00
2.345761358737945557e-01
1.417963027954101562e+00
-1.249419569969177246e+00
8.729167580604553223e-01
-7.337827682495117188e-01
6.450934410095214844e-01
4.577659666538238525e-01
-6.944229006767272949e-01
-5.136301517486572266e-01
-1.422551155090332031e+00
-7.916644960641860962e-02
1.087243184447288513e-01
-5.240559577941894531e-01
1.555997729301452637e+00
1.505799531936645508e+00
-5.162781476974487305e-01
-1.708165258169174194e-01
-1.255078554153442383e+00
7.363138347864151001e-02
-1.074010729789733887e+00
9.537665247917175293e-01
5.857067704200744629e-01
-1.410090029239654541e-01
-1.686544060707092285e+00
4.327196478843688965e-01
-6.702128052711486816e-01
-9.858212471008300781e-01
5.449166297912597656e-01
-1.370799779891967773e+00
1.703924983739852905e-01
-2.044682055711746216e-01
-9.317622184753417969e-01
-3.041218221187591553e-01
-4.463141262531280518e-01
3.533799648284912109e-01
8.808276057243347168e-01
-3.888156116008758545e-01
2.603910565376281738e-01
7.431623935699462891e-01
4.285010993480682373e-01
8.173412084579467773e-02
1.928649842739105225e-01
-1.746043115854263306e-01
-9.725609421730041504e-01
3.207784593105316162e-01
-1.922630548477172852e+00
-1.697209596633911133e+00
-2.243501842021942139e-01
-1.128065109252929688e+00
1.652716845273971558e-01
-1.338576078414916992e-01
1.146969199180603027e+00
-9.213889241218566895e-01
-8.305593729019165039e-01
3.894942998886108398e-01
3.924505114555358887e-01
-1.037314414978027344e+00
5.112114548683166504e-01
1.575618982315063477e+00
7.773293554782867432e-02
-1.187212824821472168e+00
2.863962389528751373e-02
-6.732173562049865723e-01
3.408149778842926025e-01
-1.457193642854690552e-01
4.490814730525016785e-02
-6.156476736068725586e-01
-8.523505181074142456e-02
-5.986942648887634277e-01
3.381468951702117920e-01
2.202350944280624390e-01
2.866691537201404572e-02
2.045635692775249481e-02
-2.459297031164169312e-01
5.208709836006164551e-01
6.241428256034851074e-01
-7.967683076858520508e-01
6.208441257476806641e-01
-1.156956031918525696e-01
-1.452479362487792969e+00
-3.143091201782226562e-01
-4.169115722179412842e-01
-6.050997376441955566e-01
-1.591754913330078125e+00
-6.623349338769912720e-02
1.172436356544494629e+00
-5.841588377952575684e-01
-3.732111677527427673e-02
-1.006444096565246582e+00
-3.804762065410614014e-01
-4.314396083354949951e-01
-1.059845805168151855e+00
3.572853803634643555e-01
1.018883466720581055e+00
3.264540433883666992e-01
-2.787756323814392090e-01
-7.401107549667358398e-01
-1.642240136861801147e-01
-3.034564256668090820e+00
1.897887587547302246e-01
1.370434999465942383e+00
7.868900895118713379e-01
1.216591358184814453e+00
-1.943296790122985840e-01
-1.103334307670593262e+00
-8.362391591072082520e-01
1.452184796333312988e+00
1.006652116775512695e+00
1.505891561508178711e+00
-9.530323147773742676e-01
-2.397291064262390137e-01
6.733331680297851562e-01
-5.283171534538269043e-01
9.026620388031005859e-01
-1.267690420150756836e+00
1.591621637344360352e+00
2.420352548360824585e-01
2.571337521076202393e-01
-1.034772634506225586e+00
8.228890895843505859e-01
9.012398719787597656e-01
3.180528283119201660e-01
1.531521677970886230e-01
-1.330350875854492188e+00
1.435680150985717773e+00
-1.911700516939163208e-01
8.530938625335693359e-01
1.477095365524291992e+00
-1.574722677469253540e-02
-1.304434418678283691e+00
-1.346847712993621826e-01
1.448167860507965088e-01
2.282863855361938477e-02
5.455407500267028809e-01
7.456699013710021973e-01
1.530296951532363892e-01
7.858917117118835449e-01
2.145617008209228516e+00
1.342701911926269531e+00
-1.903158545494079590e+00
-2.118029296398162842e-01
7.717692852020263672e-01
8.438680768013000488e-01
3.851172327995300293e-01
-6.404532492160797119e-02
8.932001143693923950e-02
-1.243705600500106812e-01
-1.174296379089355469e+00
-4.618492126464843750e-01
1.792028307914733887e+00
4.704143106937408447e-01
-1.608197540044784546e-01
1.048347473144531250e+00
9.403159022331237793e-01
1.920003741979598999e-01
-4.909358024597167969e-01
-3.249333500862121582e-01
5.207130312919616699e-02
-1.341322183609008789e+00
1.350806206464767456e-01
-4.303683340549468994e-01
-1.202578693628311157e-01
1.668405771255493164e+00
-1.210123151540756226e-01
1.445557713508605957e+00
-3.480234146118164062e-01
-1.358963176608085632e-02
7.096514105796813965e-01
8.716816902160644531e-01
1.531041264533996582e+00
-2.141835242509841919e-01
-4.107172489166259766e-01
-1.959425024688243866e-02
-1.081120252609252930e+00
5.055308341979980469e-01
2.479959279298782349e-01
-1.998135447502136230e+00
8.768342137336730957e-01
5.002282261848449707e-01
-1.824808359146118164e+00
-3.455172479152679443e-01
1.493103623390197754e+00
1.184696182608604431e-01
-1.152550458908081055e+00
-8.128905296325683594e-01
6.286602020263671875e-01
-3.811501860618591309e-01
-1.174601316452026367e+00
7.997375726699829102e-01
-8.446043133735656738e-01
3.054330945014953613e-01
-4.594856798648834229e-01
-1.682147741317749023e+00
3.142040669918060303e-01
9.466907978057861328e-01
3.993465304374694824e-01
-1.257133841514587402e+00
1.472868323326110840e-01
1.753924131393432617e+00
-1.421432942152023315e-01
-4.948015213012695312e-01
-3.234982192516326904e-01
-9.473981261253356934e-01
1.749232053756713867e+00
-2.295528799295425415e-01
2.420011013746261597e-01
3.154297471046447754e-01
1.159789443016052246e+00
5.865018963813781738e-01
4.383198916912078857e-01
5.349157452583312988e-01
1.160140395164489746e+00
3.816303610801696777e-01
5.183575749397277832e-01
6.609809994697570801e-01
3.007522225379943848e-02
-2.959879934787750244e-01
-1.738311201333999634e-01
1.160839319229125977e+00
-6.507232785224914551e-01
2.274022847414016724e-01
-1.773717761039733887e+00
-3.165457546710968018e-01
-7.983909845352172852e-01
-1.246146410703659058e-01
-9.486168622970581055e-01
9.792728424072265625e-01
1.787994980812072754e+00
9.541520476341247559e-02
-8.196968436241149902e-01
9.527384638786315918e-01
-1.345454216003417969e+00
5.198516845703125000e-01
1.494914054870605469e+00
-7.724207043647766113e-01
1.447198629379272461e+00
4.541218876838684082e-01
-5.169098973274230957e-01
-5.968346595764160156e-01
4.207962155342102051e-01
4.492712616920471191e-01
2.003385573625564575e-01
-7.779047489166259766e-01
-1.047469750046730042e-01
-3.896107897162437439e-02
9.926704168319702148e-01
-1.105124473571777344e+00
-6.380593180656433105e-01
-7.837331891059875488e-01
-1.635408282279968262e+00
1.568745493888854980e+00
-2.438682794570922852e+00
-9.058649539947509766e-01
-2.707160115242004395e-01
-5.352777242660522461e-01
1.692984104156494141e-01
3.971657156944274902e-01
2.223895862698554993e-02
-3.401901125907897949e-01
-2.498725652694702148e-01
1.614523768424987793e+00
4.772264659404754639e-01
6.344521045684814453e-01
-3.389433920383453369e-01
-2.955524921417236328e-01
-6.259516477584838867e-01
-3.055568933486938477e-01
-7.344075441360473633e-01
-6.376521587371826172e-01
4.574486911296844482e-01
-1.872068643569946289e-01
1.302859783172607422e+00
-1.207530498504638672e+00
-3.420431017875671387e-01
-1.909368634223937988e+00
-6.538401246070861816e-01
5.941877365112304688e-01
1.184371590614318848e+00
4.683711826801300049e-01
-1.510576903820037842e-02
-2.654006481170654297e-01
-1.138522386550903320e+00
6.949672847986221313e-02
1.662956029176712036e-01
7.740288972854614258e-01
4.367273151874542236e-01
-4.790038168430328369e-01
-1.578423231840133667e-01
-9.597336053848266602e-01
-1.330544054508209229e-01
-2.095392718911170959e-02
-6.813229322433471680e-01
-2.309179753065109253e-01
2.227086067199707031e+00
-1.865702494978904724e-02
2.942192554473876953e-01
8.395578712224960327e-02
7.534427642822265625e-01
-6.767582893371582031e-01
-4.571341276168823242e-01
-1.737596988677978516e+00
6.191480159759521484e-01
7.606790661811828613e-01
-1.067903161048889160e+00
3.990970134735107422e+00
9.384289383888244629e-01
9.871926903724670410e-01
-1.095605373382568359e+00
3.430007994174957275e-01
-1.195438385009765625e+00
-7.920292019844055176e-02
-2.727139294147491455e-01
-1.537763595581054688e+00
8.205931782722473145e-01
-1.710651516914367676e+00
4.562264978885650635e-01
-5.072837471961975098e-01
7.150456309318542480e-01
1.407786130905151367e+00
-1.293085575103759766e+00
-7.527338862419128418e-01
-7.187072038650512695e-01
-2.204911410808563232e-01
2.548095464706420898e+00
9.461824297904968262e-01
-3.385012224316596985e-02
-1.378791570663452148e+00
-4.810371994972229004e-01
9.623876214027404785e-01
7.203075885772705078e-01
-7.072170972824096680e-01
6.502814888954162598e-01
-3.986662030220031738e-01
-5.611934661865234375e-01
-3.683954775333404541e-01
7.010381221771240234e-01
2.216217517852783203e+00
1.960563361644744873e-01
1.993081808090209961e+00
3.786048591136932373e-01
7.504560351371765137e-01
-5.045212507247924805e-01
-4.923607409000396729e-01
1.555537223815917969e+00
1.289550781250000000e+00
6.351836025714874268e-02
-9.226132631301879883e-01
-7.703371047973632812e-01
-2.169755458831787109e+00
4.127974510192871094e-01
6.137714982032775879e-01
7.661987543106079102e-01
-2.333783954381942749e-01
-4.856828153133392334e-01
-1.319492459297180176e+00
-4.029459059238433838e-01
-1.561676740646362305e+00
3.200326487421989441e-02
1.738164186477661133e+00
-2.332624793052673340e-01
-5.197970271110534668e-01
9.634017348289489746e-01
-2.099170923233032227e+00
1.286211252212524414e+00
-6.734813451766967773e-01
-2.029300212860107422e+00
-4.797401130199432373e-01
-1.976337313652038574e+00
2.305550575256347656e-01
5.857329964637756348e-01
5.447757840156555176e-01
-7.749031782150268555e-01
-6.469051837921142578e-01
-3.048489570617675781e+00
-1.714642643928527832e-01
1.190004467964172363e+00
-1.021222352981567383e+00
-1.125378251075744629e+00
9.221743345260620117e-01
-9.852726459503173828e-01
-5.796883106231689453e-01
4.871534556150436401e-02
-5.464488863945007324e-01
-1.675677657127380371e+00
1.103443861007690430e+00
-1.135099977254867554e-01
-1.000014185905456543e+00
1.090822517871856689e-01
2.234344720840454102e+00
-2.833736240863800049e-01
1.064736723899841309e+00
-3.253102004528045654e-01
-2.674002170562744141e+00
7.123497724533081055e-01
1.128946185111999512e+00
-1.298536539077758789e+00
-1.389817237854003906e+00
-1.786455810070037842e-01
-9.379929900169372559e-01
4.672233462333679199e-01
-3.875038623809814453e-01
2.196254730224609375e-01
-2.481815665960311890e-01
1.257054924964904785e+00
-7.020017504692077637e-01
-7.226459681987762451e-02
-2.246640920639038086e+00
-2.394496202468872070e-01
7.467732429504394531e-01
-5.490925163030624390e-02
8.786600232124328613e-01
1.022253632545471191e+00
1.593677878379821777e+00
4.098025560379028320e-01
8.831666707992553711e-01
8.271706104278564453e-01
6.757210493087768555e-01
1.108216285705566406e+00
-3.408770263195037842e-01
9.200678020715713501e-02
1.758454084396362305e+00
1.137015342712402344e+00
2.184004068374633789e+00
1.031821608543395996e+00
-1.252747654914855957e+00
5.220404267311096191e-01
1.421286463737487793e+00
1.936898082494735718e-01
5.014656186103820801e-01
-6.877755522727966309e-01
-8.094164133071899414e-01
6.260406970977783203e-01
8.170730471611022949e-01
3.773795664310455322e-01
2.487274073064327240e-02
-4.855458438396453857e-01
2.789314985275268555e-01
-1.218710899353027344e+00
-2.729746699333190918e-01
-2.783690690994262695e-01
-5.002084970474243164e-01
7.739412784576416016e-01
2.179069668054580688e-01
3.981250524520874023e-01
-9.796701073646545410e-01
2.025923430919647217e-01
-2.629993259906768799e-01
-6.610432267189025879e-01
4.601058065891265869e-01
-1.255211979150772095e-01
6.972980499267578125e-01
-1.170984864234924316e+00
4.905235469341278076e-01
-8.913923501968383789e-01
1.422461122274398804e-02
2.579757869243621826e-01
-1.354958891868591309e+00
1.123344421386718750e+00
-1.691265583038330078e+00
-2.490772753953933716e-01
6.495690941810607910e-01
4.047031104564666748e-01
-1.679011702537536621e+00
-5.489805247634649277e-03
-3.825073540210723877e-01
6.853127479553222656e-01
6.500809788703918457e-01
1.740605831146240234e+00
-1.379315614700317383e+00
4.523861408233642578e-02
-1.006457805633544922e-01
-1.127594113349914551e+00
-3.203019499778747559e-01
5.285742878913879395e-01
3.320316374301910400e-01
5.497360825538635254e-01
-1.248465418815612793e+00
3.483606576919555664e-01
1.175121188163757324e+00
-2.200591325759887695e+00
1.061922788619995117e+00
-6.566805243492126465e-01
2.825588941574096680e+00
1.390455245971679688e+00
-5.287982225418090820e-01
-1.826216459274291992e+00
1.451032638549804688e+00
-9.394004344940185547e-01
4.270239472389221191e-01
2.346536330878734589e-02
-1.085014700889587402e+00
-5.393468737602233887e-01
8.518390059471130371e-01
6.923280358314514160e-01
-2.358760535717010498e-01
-8.433297276496887207e-01
-8.033222556114196777e-01
1.356553316116333008e+00
1.358991622924804688e+00
-1.741872906684875488e+00
-7.138307690620422363e-01
7.624098658561706543e-02
1.996592044830322266e+00
6.099644303321838379e-01
-8.105225116014480591e-02
3.085048794746398926e-01
-2.989263236522674561e-01
-1.509040832519531250e+00
-4.023477435111999512e-01
1.335100084543228149e-01
-5.448891967535018921e-02
-3.752068579196929932e-01
4.189600944519042969e-01
-1.197873502969741821e-01
5.225606560707092285e-01
1.918692469596862793e+00
-2.956244647502899170e-01
5.114532113075256348e-01
2.015615999698638916e-01
7.462668418884277344e-01
-1.260254979133605957e+00
-1.124400138854980469e+00
-4.245609641075134277e-01
-1.011541724205017090e+00
1.600694060325622559e-01
-6.817390322685241699e-01
7.156852483749389648e-01
1.772428900003433228e-01
2.429261803627014160e-01
5.076402798295021057e-02
5.260268971323966980e-02
5.351684689521789551e-01
-6.198368668556213379e-01
-2.362216711044311523e-01
2.490330636501312256e-01
-9.629204273223876953e-01
-1.586503148078918457e+00
2.846598625183105469e-01
-6.305806040763854980e-01
-7.928680777549743652e-01
6.696851849555969238e-01
1.138689041137695312e+00
-8.548863530158996582e-01
-4.833589494228363037e-01
1.054268121719360352e+00
4.530234932899475098e-01
-1.516742825508117676e+00
1.923026740550994873e-01
-1.201868534088134766e+00
-1.735785752534866333e-01
7.589911222457885742e-01
-7.587524652481079102e-01
7.866450548171997070e-01
-6.460915803909301758e-01
-8.780625462532043457e-01
5.341675281524658203e-01
-8.320259451866149902e-01
1.755350977182388306e-01
-6.944841146469116211e-01
4.128152504563331604e-02
1.525651961565017700e-01
-8.000559806823730469e-01
4.967589303851127625e-02
5.623502731323242188e-01
-7.661446928977966309e-01
1.822860240936279297e+00
-1.667137593030929565e-01
-3.867497146129608154e-01
-8.040352463722229004e-01
-1.636968702077865601e-01
-1.042494058609008789e+00
-5.967084169387817383e-01
1.635402202606201172e+00
4.989281296730041504e-03
-1.873534768819808960e-01
7.595667839050292969e-01
-1.706925988197326660e+00
1.375560045242309570e+00
-1.162067279219627380e-01
8.308966159820556641e-01
-2.797814011573791504e-01
2.094234973192214966e-01
5.607593655586242676e-01
-3.279065787792205811e-01
3.073307871818542480e-01
3.452866673469543457e-01
-1.156866773962974548e-01
-5.499542951583862305e-01
-3.496378064155578613e-01
-1.230005770921707153e-01
-5.317904353141784668e-01
-1.556723713874816895e-01
5.754734873771667480e-01
-2.905216932296752930e+00
1.707128584384918213e-01
6.456537842750549316e-01
8.836081027984619141e-01
5.863339304924011230e-01
3.054422140121459961e-01
-5.434198379516601562e-01
1.014958843588829041e-01
-1.844920367002487183e-01
4.092737138271331787e-01
