-9.189521074295043945e-01
5.064115300774574280e-02
8.427150249481201172e-01
-6.729488074779510498e-02
-1.056980133056640625e+00
5.215911865234375000e-01
-1.860952377319335938e+00
4.447102174162864685e-02
-6.294537186622619629e-01
5.064405798912048340e-01
2.546740174293518066e-01
2.453124849125742912e-03
-5.232291221618652344e-01
1.231485128402709961e+00
-7.475561499595642090e-01
-2.194573581218719482e-01
1.003218293190002441e+00
4.669552743434906006e-01
5.338569283485412598e-01
-2.513968944549560547e-01
6.714466214179992676e-01
5.979051589965820312e-01
1.256162673234939575e-01
-1.704257488250732422e+00
-1.493986248970031738e+00
3.389136493206024170e-01
-6.489758491516113281e-01
1.637354731559753418e+00
4.974896088242530823e-02
-2.447165399789810181e-01
1.642130970954895020e+00
1.044882893562316895e+00
-1.691094040870666504e-01
2.372851449763402343e-04
-7.975418567657470703e-01
1.308001130819320679e-01
7.246578335762023926e-01
5.796158909797668457e-01
-1.818932175636291504e+00
6.061339378356933594e-01
2.092196226119995117e+00
7.988190650939941406e-01
-1.848667860031127930e+00
-1.584125459194183350e-01
-3.429118394851684570e-01
3.410218358039855957e-01
1.307919502258300781e+00
-1.169290900230407715e+00
-3.656456172466278076e-01
-1.360688209533691406e+00
-3.573111444711685181e-02
1.111300826072692871e+00
5.225369334220886230e-01
2.280138731002807617e-01
5.775162577629089355e-01
-6.066787242889404297e-01
1.080137729644775391e+00
-5.696155503392219543e-02
3.249210715293884277e-01
4.363046213984489441e-02
-4.639499783515930176e-01
-8.073744773864746094e-01
-1.033778429031372070e+00
8.179452419281005859e-01
-1.503292620182037354e-01
-1.075003623962402344e+00
-1.981817185878753662e-01
1.513958424329757690e-01
-3.537330627441406250e-01
8.050341159105300903e-02
2.136393338441848755e-01
5.437433123588562012e-01
1.131220102310180664e+00
-5.827103853225708008e-01
-6.258105635643005371e-01
3.079966604709625244e-01
-7.190372347831726074e-01
1.640102714300155640e-01
-5.155466794967651367e-01
-9.085413813591003418e-01
1.898952126502990723e+00
8.361576199531555176e-01
-5.658426284790039062e-01
1.209201455116271973e+00
4.682371616363525391e-01
2.614715695381164551e-01
-7.129538059234619141e-02
7.288900613784790039e-01
-8.484157919883728027e-01
5.247860550880432129e-01
-1.074931979179382324e+00
-3.135537803173065186e-01
1.899282485246658325e-01
4.104775488376617432e-01
-2.180169373750686646e-01
6.256577968597412109e-01
-3.422872722148895264e-01
4.872101545333862305e-01
-1.780961036682128906e+00
7.429706454277038574e-01
-3.545499444007873535e-01
9.992028027772903442e-02
1.114816904067993164e+00
-1.525287628173828125e+00
-1.152493953704833984e+00
1.054126501083374023e+00
1.898151755332946777e+00
1.497067809104919434e+00
-6.172242164611816406e-01
7.926809787750244141e-02
4.713663458824157715e-01
-5.805649757385253906e-01
-5.032855272293090820e-01
1.933405518531799316e+00
-1.033354163169860840e+00
-6.305072903633117676e-01
-2.225640565156936646e-01
-1.528878360986709595e-01
1.068829223513603210e-01
-7.892782986164093018e-02
6.004091501235961914e-01
1.055039167404174805e+00
2.686367630958557129e-01
-1.270915567874908447e-01
-1.936976611614227295e-01
1.716114163398742676e+00
9.995231628417968750e-01
1.716332077980041504e+00
9.352345466613769531e-01
-7.192545533180236816e-01
1.107581615447998047e+00
5.484455823898315430e-01
-8.337833881378173828e-01
5.671163275837898254e-02
6.912971138954162598e-01
-3.432223200798034668e-01
7.172844409942626953e-01
-8.268563151359558105e-01
-1.718201637268066406e+00
2.840198874473571777e-01
1.706099510192871094e+00
-5.344450473785400391e-01
-2.121588438749313354e-01
8.111779689788818359e-01
-1.642433553934097290e-01
5.355117470026016235e-02
-1.392484068870544434e+00
-1.153251171112060547e+00
1.714255332946777344e+00
1.482365727424621582e+00
7.288328409194946289e-01
-8.053862452507019043e-01
4.488588776439428329e-03
-9.687802791595458984e-01
-1.281576871871948242e+00
-1.360563874244689941e+00
-4.895631968975067139e-01
1.053330779075622559e+00
-1.056206345558166504e+00
-5.670135617256164551e-01
-9.603883624076843262e-01
-3.606986999511718750e-01
9.547316431999206543e-01
-1.596175432205200195e+00
1.277844071388244629e+00
2.489630319178104401e-02
-2.956402003765106201e-01
-7.153647541999816895e-01
5.561041086912155151e-02
5.708582401275634766e-01
-5.550518631935119629e-01
8.316649794578552246e-01
1.825141534209251404e-02
-1.312768310308456421e-01
8.325061798095703125e-01
7.639889419078826904e-02
-2.960316091775894165e-02
7.909590005874633789e-01
8.948420733213424683e-02
5.861606001853942871e-01
-8.644700050354003906e-01
-1.132685780525207520e+00
-7.479583024978637695e-01
-6.356006860733032227e-01
-9.491423517465591431e-02
1.515155553817749023e+00
-6.505721211433410645e-01
-1.996600866317749023e+00
1.041174173355102539e+00
-1.916914582252502441e-01
6.747555136680603027e-01
1.567896246910095215e+00
-4.948484599590301514e-01
-2.402101755142211914e-01
2.460273355245590210e-01
9.684385657310485840e-01
1.005146801471710205e-01
-8.895794749259948730e-01
6.821235418319702148e-01
1.407441616058349609e+00
-8.586656451225280762e-01
-7.019885182380676270e-01
1.262457370758056641e+00
-3.425403535366058350e-01
2.342712730169296265e-01
-1.146922588348388672e+00
8.632872998714447021e-02
3.900009691715240479e-01
-3.997924923896789551e-01
1.339979529380798340e+00
1.500360727310180664e+00
-1.471497058868408203e+00
-8.074607253074645996e-01
5.497846603393554688e-01
-6.131829321384429932e-02
9.688340425491333008e-01
-1.740057229995727539e+00
-1.490575969219207764e-01
-3.633518517017364502e-01
-5.565093159675598145e-01
-4.801082015037536621e-01
1.004456996917724609e+00
5.307275652885437012e-01
1.078639388084411621e+00
1.043462991714477539e+00
7.730295062065124512e-01
-1.377400398254394531e+00
-7.227379679679870605e-01
-6.947786211967468262e-01
-4.405218064785003662e-01
4.621869027614593506e-01
1.960533857345581055e-02
1.357586622238159180e+00
2.411078691482543945e+00
4.021272957324981689e-01
-1.040867447853088379e+00
-3.052119910717010498e-01
-5.776731371879577637e-01
-8.810114264488220215e-01
-6.199313998222351074e-01
1.923461854457855225e-01
1.821716576814651489e-01
5.424017906188964844e-01
-2.164639949798583984e+00
-1.470779061317443848e+00
3.130326271057128906e-01
1.059247851371765137e+00
7.786685228347778320e-01
-1.266549706459045410e+00
4.389548599720001221e-01
3.355373144149780273e-01
2.779439091682434082e-01
-6.390405446290969849e-02
4.194054305553436279e-01
1.189560532569885254e+00
-8.928140401840209961e-01
6.246898770332336426e-01
-7.595633864402770996e-01
2.068285644054412842e-01
-5.081349611282348633e-01
1.156852960586547852e+00
-7.899963259696960449e-01
-4.743108153343200684e-01
-1.004370808601379395e+00
-3.472574055194854736e-01
-6.087929606437683105e-01
5.925856828689575195e-01
-6.619840860366821289e-01
-6.524345278739929199e-01
-2.232166677713394165e-01
-1.594716124236583710e-02
-5.397496819496154785e-01
4.600539207458496094e-01
-5.780233740806579590e-01
-1.518466234207153320e+00
1.741190433502197266e+00
2.164774835109710693e-01
1.365139186382293701e-01
-4.357339143753051758e-01
-1.620085835456848145e-01
6.224156618118286133e-01
-2.128119617700576782e-01
-7.082535624504089355e-01
-2.118273735046386719e+00
-1.381372570991516113e+00
-1.148868322372436523e+00
6.904846429824829102e-01
1.415319442749023438e+00
3.211690187454223633e-01
2.540847063064575195e-01
-4.811525940895080566e-01
3.303022086620330811e-01
7.206465005874633789e-01
-8.461238145828247070e-01
1.062887787818908691e+00
3.632464408874511719e-01
-1.477801203727722168e-01
3.319910168647766113e-01
-6.680513620376586914e-01
-1.138164997100830078e+00
5.730637907981872559e-01
1.875852942466735840e+00
1.560278296470642090e+00
-6.459566950798034668e-01
1.276959627866744995e-01
-3.292747139930725098e-01
4.339381158351898193e-01
1.498227864503860474e-01
-1.054946064949035645e+00
-9.162283539772033691e-01
-6.684564352035522461e-01
1.387073695659637451e-01
-2.553259432315826416e-01
-1.673244714736938477e+00
9.310973882675170898e-01
-1.175510644912719727e+00
-1.246898621320724487e-01
1.063591122627258301e+00
1.116074681282043457e+00
-1.349382877349853516e+00
-1.287658929824829102e+00
1.216637156903743744e-02
-4.942226707935333252e-01
7.318149805068969727e-01
2.696004807949066162e-01
1.984108924865722656e+00
4.791037440299987793e-01
1.412531733512878418e+00
9.709168225526809692e-02
1.421497821807861328e+00
2.854760885238647461e-01
-2.396654784679412842e-01
1.497382760047912598e+00
-1.364276170730590820e+00
-7.223569154739379883e-01
-1.622280776500701904e-01
3.797625899314880371e-01
4.140085577964782715e-01
-7.699613571166992188e-01
-2.344508469104766846e-01
-2.748911678791046143e-01
-4.615805149078369141e-01
-3.455051779747009277e-01
4.217191338539123535e-01
1.041207462549209595e-01
-6.099594831466674805e-01
4.172640740871429443e-01
-9.504964351654052734e-01
-4.630259871482849121e-01
-1.453607797622680664e+00
-7.515921592712402344e-01
-2.933025918900966644e-02
-1.265811920166015625e+00
1.162406206130981445e+00
3.642961978912353516e-01
-1.164034008979797363e+00
-2.140404462814331055e+00
2.722534909844398499e-02
1.280791219323873520e-02
-6.612603068351745605e-01
-2.408681064844131470e-01
6.624878942966461182e-02
-2.428809642791748047e+00
1.078995943069458008e+00
7.026720046997070312e-02
-1.102235674858093262e+00
7.587466239929199219e-01
1.782930940389633179e-01
-5.414954423904418945e-01
-1.556641101837158203e+00
1.361229062080383301e+00
-1.104862213134765625e+00
1.034160852432250977e+00
-1.820765435695648193e-01
-8.892862200736999512e-01
-5.652622580528259277e-01
-5.353991389274597168e-01
-3.301132917404174805e-01
1.008081912994384766e+00
-2.302452363073825836e-02
4.516800045967102051e-01
3.106943964958190918e-01
-1.478271335363388062e-01
-6.853150725364685059e-01
4.181735217571258545e-01
-2.411676049232482910e-01
-6.805303096771240234e-01
1.393253326416015625e+00
1.014072895050048828e+00
5.177771449089050293e-01
-1.230891227722167969e+00
-3.988068103790283203e-01
-9.201561212539672852e-01
1.480332463979721069e-01
-6.268332153558731079e-02
-8.751596808433532715e-01
1.960922360420227051e+00
-6.087163686752319336e-01
5.273213982582092285e-01
-9.539359062910079956e-02
-3.879672288894653320e-01
-3.524478971958160400e-01
-1.920923143625259399e-01
-1.526744067668914795e-01
1.656251549720764160e+00
-4.471826851367950439e-01
-5.922688543796539307e-02
1.749896407127380371e-01
1.006646394729614258e+00
1.288926839828491211e+00
-6.685845851898193359e-01
-1.571998119354248047e+00
-1.031709074974060059e+00
-7.032812237739562988e-01
-7.531166076660156250e-01
1.757379770278930664e+00
-2.697072029113769531e+00
-2.381362199783325195e+00
-1.564089357852935791e-01
-6.675677895545959473e-01
-8.114832043647766113e-01
-4.020836055278778076e-01
2.383588254451751709e-02
-3.402562141418457031e-01
1.475497148931026459e-02
-2.537621855735778809e-01
1.328897595405578613e+00
-1.084450244903564453e+00
3.818804919719696045e-01
-2.049556225538253784e-01
1.123353987932205200e-01
2.193527668714523315e-01
1.811097502708435059e+00
3.826768696308135986e-01
2.697842717170715332e-01
-6.484765410423278809e-01
9.322138130664825439e-02
7.031535506248474121e-01
-2.036811783909797668e-03
-2.098394744098186493e-02
-5.784761309623718262e-01
4.936510920524597168e-01
-1.068001389503479004e-01
2.571088075637817383e-01
-7.443305253982543945e-01
1.009183153510093689e-01
-1.606493115425109863e+00
-6.782267242670059204e-02
-6.189809441566467285e-01
-1.468062251806259155e-01
1.375575423240661621e+00
-9.580573439598083496e-01
-6.922481060028076172e-01
-7.609033584594726562e-01
2.195117235183715820e+00
3.808076977729797363e-01
-2.032786160707473755e-01
-1.315508365631103516e+00
2.133088186383247375e-02
6.775618791580200195e-01
-7.579164505004882812e-01
-1.536335706710815430e+00
1.224421024322509766e+00
1.504562854766845703e+00
-7.474737763404846191e-01
-4.805768132209777832e-01
-3.036302030086517334e-01
1.189433336257934570e+00
-2.169107913970947266e+00
7.765478491783142090e-01
-1.592392206192016602e+00
-7.375366091728210449e-01
-8.950039148330688477e-01
-1.231189131736755371e+00
5.968648195266723633e-01
7.275215536355972290e-02
-6.214083731174468994e-02
-3.532316684722900391e-01
-5.231624841690063477e-01
-4.872918725013732910e-01
-9.717965126037597656e-02
-8.281930088996887207e-01
7.150394916534423828e-01
5.411309003829956055e-01
-1.103622198104858398e+00
2.410050630569458008e-01
-1.641941666603088379e+00
-5.524047613143920898e-01
5.727347731590270996e-01
1.841382980346679688e+00
8.758165240287780762e-01
-2.916147112846374512e-01
7.629647850990295410e-01
-1.717429757118225098e-01
4.083957672119140625e-01
3.844815194606781006e-01
2.103037238121032715e-01
-1.384128630161285400e-01
1.363195776939392090e-01
-9.696607291698455811e-02
1.863298565149307251e-01
3.955795168876647949e-01
1.166501522064208984e+00
-7.072565704584121704e-02
-1.789756417274475098e-01
4.202129319310188293e-02
-5.175359547138214111e-02
-4.107494056224822998e-01
-4.278215765953063965e-02
-1.338176488876342773e+00
1.133005380630493164e+00
-5.065422132611274719e-02
-2.734542191028594971e-01
-3.736498057842254639e-01
-2.574166059494018555e-01
7.338547110557556152e-01
9.661985635757446289e-01
-1.218419596552848816e-01
5.430774688720703125e-01
-1.245858192443847656e+00
8.903385400772094727e-01
4.076765477657318115e-01
1.476864576339721680e+00
5.246924161911010742e-01
-7.806653976440429688e-01
-6.302322447299957275e-02
6.382594108581542969e-01
-3.055008053779602051e-01
-7.773060351610183716e-02
1.630469799041748047e+00
9.509049057960510254e-01
-2.822565436363220215e-01
-1.065791487693786621e+00
-1.888404369354248047e+00
4.974877834320068359e-01
-2.639802217483520508e+00
-5.300410464406013489e-02
-3.860685527324676514e-01
3.952392041683197021e-01
-4.250520467758178711e-01
9.646916985511779785e-01
-7.570731043815612793e-01
-2.747090458869934082e-01
-5.273777991533279419e-02
-6.172981262207031250e-01
6.378324031829833984e-01
-7.376968860626220703e-02
-1.073846071958541870e-01
7.983130216598510742e-01
4.584474861621856689e-01
-1.851945042610168457e+00
-8.847837448120117188e-01
9.630662798881530762e-01
1.486326098442077637e+00
6.681783795356750488e-01
9.279537796974182129e-01
4.735373258590698242e-01
1.871224492788314819e-02
-4.731468558311462402e-01
8.920537829399108887e-01
9.562884271144866943e-02
2.136262506246566772e-01
-2.054674625396728516e+00
-1.820394247770309448e-01
9.612746238708496094e-01
5.577807426452636719e-01
-6.856615543365478516e-01
6.362408995628356934e-01
-1.435881972312927246e+00
-3.413448929786682129e-01
-8.307250142097473145e-01
-9.119862914085388184e-01
1.874860674142837524e-01
8.608310222625732422e-01
5.156197026371955872e-02
1.654296666383743286e-01
-1.878614544868469238e+00
-5.390704050660133362e-02
-3.405039012432098389e-01
5.089546367526054382e-02
-1.965473532676696777e+00
-3.216624259948730469e-01
5.706397294998168945e-01
-4.613784328103065491e-02
3.721978664398193359e-01
6.603767871856689453e-01
5.937660932540893555e-01
4.790920019149780273e-01
-2.426808625459671021e-01
-3.162266314029693604e-01
-7.522314786911010742e-01
7.142531275749206543e-01
-1.547976732254028320e+00
-5.214275121688842773e-01
1.871564626693725586e+00
-6.483256220817565918e-01
-3.291867673397064209e-01
3.142810761928558350e-01
-1.158208012580871582e+00
2.387581616640090942e-01
-3.802973628044128418e-01
-3.922959268093109131e-01
-8.271913975477218628e-02
-1.341621577739715576e-01
4.857971966266632080e-01
-1.535006046295166016e+00
1.462097764015197754e+00
1.465578317642211914e+00
-1.205439493060112000e-01
-7.608360052108764648e-01
2.449613660573959351e-01
-4.318666830658912659e-02
2.867717146873474121e-01
1.120815992355346680e+00
3.668647706508636475e-01
3.321202397346496582e-01
-1.391436576843261719e+00
3.361482918262481689e-01
3.926779702305793762e-02
-4.453972578048706055e-01
6.058576703071594238e-01
-1.489413261413574219e+00
-1.729624578729271889e-03
-1.563260436058044434e+00
-4.217356815934181213e-02
9.069775342941284180e-01
-2.964446544647216797e-01
-1.633575201034545898e+00
1.489822387695312500e+00
8.118104934692382812e-01
-7.090654969215393066e-01
-1.298600196838378906e+00
1.042508482933044434e+00
-3.338871598243713379e-01
-2.461464256048202515e-01
-1.361272335052490234e+00
-6.957854628562927246e-01
1.616972833871841431e-01
9.816552996635437012e-01
-6.420577764511108398e-01
4.815028011798858643e-01
6.328855156898498535e-01
-9.276310801506042480e-01
3.741490840911865234e-01
8.706677556037902832e-01
-6.576840281486511230e-01
-5.721699562855064869e-04
-2.726705670356750488e-01
4.204237163066864014e-01
-4.361195266246795654e-01
-2.855434656143188477e+00
1.269842863082885742e+00
-1.773092746734619141e-01
-4.028723835945129395e-01
-1.246186733245849609e+00
3.217572569847106934e-01
-1.045528888702392578e+00
3.767177164554595947e-01
-1.061347603797912598e+00
-1.811483860015869141e+00
-7.277575880289077759e-02
-1.000277474522590637e-01
-1.445865351706743240e-02
6.509817838668823242e-01
-6.380438804626464844e-01
1.244707629084587097e-01
-4.512989223003387451e-01
1.253751873970031738e+00
5.504512414336204529e-02
6.885746717453002930e-01
-1.342535138130187988e+00
1.177584052085876465e+00
8.053636550903320312e-01
-1.560409553349018097e-02
1.337190717458724976e-01
-1.283465147018432617e+00
-4.070765078067779541e-01
6.959313154220581055e-01
4.056587349623441696e-03
-1.369383215904235840e+00
1.571195125579833984e-01
-1.736476272344589233e-01
9.538965225219726562e-01
9.700474143028259277e-01
5.769093632698059082e-01
1.856691956520080566e+00
-9.544187188148498535e-01
6.208549812436103821e-02
-1.244029521942138672e+00
-4.091768860816955566e-01
-1.174633383750915527e+00
6.449464559555053711e-01
-9.385932981967926025e-02
1.507380485534667969e+00
-2.342233657836914062e-01
9.260038733482360840e-01
-4.894113540649414062e-01
8.371576666831970215e-02
6.746858358383178711e-01
5.136804580688476562e-01
-1.451613783836364746e+00
-6.179261207580566406e-01
-3.766649961471557617e-01
-1.681924611330032349e-01
4.910590052604675293e-01
1.625637114048004150e-01
4.263191223144531250e-01
6.884108781814575195e-01
1.745289683341979980e+00
-1.855514049530029297e-01
-1.066342830657958984e+00
-6.496714949607849121e-01
-1.328035354614257812e+00
-2.321890145540237427e-01
-5.826201289892196655e-02
2.171343713998794556e-01
1.586010679602622986e-02
9.802683591842651367e-01
4.631649702787399292e-02
8.001076579093933105e-01
1.696578264236450195e-01
-4.708365201950073242e-01
-1.744340777397155762e+00
-2.508448362350463867e-01
1.543195009231567383e+00
1.226765155792236328e+00
-7.079218626022338867e-01
1.962509602308273315e-01
5.238159894943237305e-01
-5.326505303382873535e-01
-7.295831441879272461e-01
6.181106343865394592e-02
1.743183016777038574e+00
5.033259987831115723e-01
-1.854879558086395264e-01
-3.440535441040992737e-02
5.453315973281860352e-01
-1.269413232803344727e-01
1.647367030382156372e-01
-1.814700514078140259e-01
1.294669389724731445e+00
1.134172916412353516e+00
6.817160248756408691e-01
1.930188179016113281e+00
-6.887547373771667480e-01
1.683634638786315918e+00
5.305940508842468262e-01
1.135000824928283691e+00
-1.074296310544013977e-01
-4.400991201400756836e-01
9.450969099998474121e-01
-1.749932467937469482e-01
6.849603652954101562e-01
-5.845783352851867676e-01
1.089008331298828125e+00
-4.902425408363342285e-01
3.292556703090667725e-01
-6.386337429285049438e-02
-1.107684731483459473e+00
2.545712515711784363e-02
8.648292422294616699e-01
-1.116166353225708008e+00
2.526850104331970215e-01
1.671076267957687378e-01
-8.564321994781494141e-01
1.907819211483001709e-01
1.418430358171463013e-01
1.453284740447998047e+00
