-9.027324318885803223e-01
-2.170904576778411865e-01
4.236017763614654541e-01
7.299093604087829590e-01
-1.966334223747253418e+00
4.785304665565490723e-01
-7.532012462615966797e-01
3.975820839405059814e-01
-1.359493732452392578e+00
2.717716395854949951e-01
9.185978706227615476e-05
2.579594850540161133e-01
-6.504410505294799805e-02
7.725628614425659180e-01
2.602529525756835938e-01
-1.227382183074951172e+00
8.947962895035743713e-03
3.658888339996337891e-01
-5.864504352211952209e-02
5.222326517105102539e-01
7.251977920532226562e-01
9.226285815238952637e-01
6.798747926950454712e-02
-4.415186643600463867e-01
-2.440449893474578857e-01
9.224920719861984253e-02
-1.264206528663635254e+00
4.631637930870056152e-01
5.975423455238342285e-01
-2.062252908945083618e-01
1.276677131652832031e+00
4.189026653766632080e-01
6.643986701965332031e-01
3.062441013753414154e-02
5.897710919380187988e-01
7.733228802680969238e-01
1.711661338806152344e+00
1.792278766632080078e+00
-1.722532868385314941e+00
-3.091323934495449066e-02
2.570213377475738525e-01
1.517012119293212891e-01
-2.047357320785522461e+00
4.433323144912719727e-01
-6.328646540641784668e-01
-7.374446392059326172e-01
3.297877311706542969e-01
-1.785122156143188477e-01
1.916268318891525269e-01
-7.250797003507614136e-02
7.484532594680786133e-01
1.445686668157577515e-01
-5.661215782165527344e-01
-1.938770294189453125e+00
1.015124678611755371e+00
2.687168121337890625e-01
2.566826581954956055e+00
-6.596213579177856445e-01
6.857253909111022949e-01
-9.683730006217956543e-01
4.093623906373977661e-02
-6.956778764724731445e-01
-1.902718782424926758e+00
8.791247606277465820e-01
-1.131461858749389648e+00
-6.469709873199462891e-01
-1.346093058586120605e+00
2.222693413496017456e-01
-2.437398284673690796e-01
8.885680437088012695e-01
6.091240644454956055e-01
1.674812287092208862e-01
2.242468833923339844e+00
1.293291330337524414e+00
-4.763034582138061523e-01
2.253217995166778564e-01
-1.618451952934265137e+00
3.482584357261657715e-01
-1.407835841178894043e+00
-5.439112707972526550e-02
1.960322618484497070e+00
7.424242496490478516e-01
4.634933173656463623e-01
1.339498639106750488e+00
-4.424474835395812988e-01
4.260252416133880615e-01
-5.233007296919822693e-02
-1.155064404010772705e-01
-2.199186563491821289e+00
-2.114454954862594604e-01
3.729513883590698242e-01
5.125887989997863770e-01
-4.349545836448669434e-01
1.116951465606689453e+00
-4.103215932846069336e-01
2.283428162336349487e-01
-7.771571278572082520e-01
1.114661335945129395e+00
-1.648015379905700684e+00
-4.253641068935394287e-01
-6.571933627128601074e-01
9.920216798782348633e-01
9.899765849113464355e-01
-1.016536951065063477e+00
1.735724657773971558e-01
1.801552295684814453e+00
2.781479060649871826e-01
5.668577551841735840e-01
2.879570126533508301e-01
-1.388769268989562988e+00
1.078233003616333008e+00
-1.849286556243896484e-01
5.535867214202880859e-01
1.403794527053833008e+00
-5.133464336395263672e-01
-7.249251008033752441e-01
-6.289374232292175293e-01
-7.396298050880432129e-01
9.109709262847900391e-01
1.316333293914794922e+00
-2.452751249074935913e-01
-1.643530011177062988e+00
-1.336794048547744751e-01
5.050793886184692383e-01
9.956163763999938965e-01
1.928073465824127197e-01
-1.086576938629150391e+00
2.966168224811553955e-01
-4.335715994238853455e-02
-1.224897131323814392e-01
8.282881379127502441e-01
5.748454332351684570e-01
-1.348606199026107788e-01
-1.061535477638244629e+00
-1.282326936721801758e+00
2.548804283142089844e-01
-1.387438535690307617e+00
-1.626383423805236816e+00
-1.433826923370361328e+00
-1.267295002937316895e+00
1.150663256645202637e+00
6.259465217590332031e-01
1.825921177864074707e+00
-4.381187260150909424e-01
9.514974802732467651e-02
1.087330102920532227e+00
-1.220897555351257324e+00
3.125895857810974121e-01
1.193274497985839844e+00
-6.686574220657348633e-01
1.831668972969055176e+00
2.458208501338958740e-01
3.603019714355468750e-01
-1.106609106063842773e+00
-1.541753053665161133e+00
-1.153544306755065918e+00
1.746490120887756348e+00
3.308658599853515625e-01
4.304447472095489502e-01
4.643052518367767334e-01
-1.490411758422851562e+00
-8.492467999458312988e-01
2.865721583366394043e-01
-1.819741129875183105e+00
2.113172531127929688e+00
8.600207567214965820e-01
5.785335302352905273e-01
-7.373217344284057617e-01
-1.112467870116233826e-01
8.254594802856445312e-01
-9.370084851980209351e-02
8.860976696014404297e-01
5.770511031150817871e-01
-3.995333611965179443e-01
8.019991517066955566e-01
1.280985116958618164e+00
-4.955179691314697266e-01
1.027546897530555725e-01
2.297796487808227539e+00
1.498452186584472656e+00
-4.259208738803863525e-01
-7.248342633247375488e-01
-2.008088976144790649e-01
-5.429926514625549316e-01
-9.093375802040100098e-01
7.051326036453247070e-01
-1.264123439788818359e+00
-1.996317505836486816e+00
-7.940275669097900391e-01
-1.556643247604370117e-01
-7.314517498016357422e-01
5.926713943481445312e-01
2.327905744314193726e-01
-5.568683743476867676e-01
9.076380729675292969e-01
-2.554810941219329834e-01
4.056286532431840897e-03
-1.240845918655395508e+00
-3.160600736737251282e-02
2.084915399551391602e+00
-3.319973349571228027e-01
1.338165521621704102e+00
1.880383014678955078e+00
5.777265876531600952e-02
3.051928281784057617e-01
-5.073437690734863281e-01
-2.115949988365173340e-01
7.527751922607421875e-01
1.000687405467033386e-01
1.536435604095458984e+00
-2.349217832088470459e-01
-1.335774540901184082e+00
7.162335515022277832e-01
5.661476850509643555e-01
-5.911421775817871094e-01
3.601877093315124512e-01
5.681545138359069824e-01
-3.450678884983062744e-01
-8.153608441352844238e-02
5.854608416557312012e-01
-8.836112618446350098e-01
8.973108530044555664e-01
-3.438723832368850708e-02
-6.562415957450866699e-01
8.816019892692565918e-01
5.054575204849243164e-01
-1.014611244201660156e+00
1.047713030129671097e-02
-2.491803765296936035e-01
-5.728184580802917480e-01
-6.679667532444000244e-02
-2.290116995573043823e-01
1.492731571197509766e-01
1.431455373764038086e+00
4.126993119716644287e-01
-2.624613642692565918e-01
-2.123439311981201172e+00
3.193542063236236572e-01
-2.269280254840850830e-01
-9.068969488143920898e-01
1.046456217765808105e+00
-6.874429434537887573e-02
4.836164787411689758e-02
-2.408841848373413086e+00
7.462553977966308594e-01
2.308646142482757568e-01
-7.548160552978515625e-01
3.964578211307525635e-01
-1.848882555961608887e+00
7.250719666481018066e-01
-3.336101770401000977e-01
1.134562253952026367e+00
-4.469441771507263184e-01
-1.355736702680587769e-01
4.052213430404663086e-01
-1.263512223958969116e-01
-5.000815987586975098e-01
-1.606100350618362427e-01
6.063418695703148842e-04
-8.613163828849792480e-01
2.043794542551040649e-01
-1.114527344703674316e+00
-1.036418914794921875e+00
-2.828420639038085938e+00
4.258500784635543823e-02
7.859665751457214355e-01
5.978012084960937500e-01
4.731719195842742920e-01
-1.061060428619384766e+00
-3.638114631175994873e-01
2.241546064615249634e-01
9.066449850797653198e-02
1.212111234664916992e+00
3.093430995941162109e-01
8.579086512327194214e-02
6.232986450195312500e-01
1.160637378692626953e+00
2.810074388980865479e-01
-7.265797853469848633e-01
-1.375898241996765137e+00
1.035875320434570312e+00
2.224878519773483276e-01
-5.944724678993225098e-01
-6.819675564765930176e-01
2.648287117481231689e-01
1.021440982818603516e+00
-1.376465708017349243e-02
-1.773352473974227905e-01
5.870107412338256836e-01
6.866011619567871094e-01
-9.411812573671340942e-02
-4.263831377029418945e-01
1.816715955734252930e+00
-9.858964681625366211e-01
6.194522380828857422e-01
-5.816268920898437500e-01
-7.239432334899902344e-01
-1.686946392059326172e+00
-6.323201656341552734e-01
-1.236221790313720703e-01
-5.426035076379776001e-02
2.061706304550170898e+00
7.472879886627197266e-01
-2.585623264312744141e-01
1.379272580146789551e+00
-7.116532325744628906e-01
-5.957512557506561279e-02
-2.308798551559448242e+00
3.456528186798095703e-01
3.947945237159729004e-01
3.182429969310760498e-01
5.253124833106994629e-01
-1.502999544143676758e+00
-1.446894168853759766e+00
1.270352125167846680e+00
-1.368265271186828613e+00
-1.177476420998573303e-01
1.741605877876281738e+00
1.690093576908111572e-01
-7.931075692176818848e-01
-8.559094667434692383e-01
3.267072439193725586e-01
-3.680160641670227051e-02
-1.187735319137573242e+00
-1.516602277755737305e+00
8.788010478019714355e-01
3.309798538684844971e-01
-2.955145239830017090e-01
-4.088015556335449219e-01
9.788582921028137207e-01
-8.771736025810241699e-01
-1.962898373603820801e+00
9.223576188087463379e-01
-1.294047236442565918e+00
-7.648797333240509033e-02
3.586900532245635986e-01
8.682944462634623051e-04
1.529291272163391113e+00
-6.404416561126708984e-01
-4.731296896934509277e-01
-3.652928173542022705e-01
-6.406031250953674316e-01
1.123313903808593750e+00
4.648599624633789062e-01
-6.961426734924316406e-01
-1.254492163658142090e+00
2.124315798282623291e-01
1.065877795219421387e+00
-2.436064958572387695e+00
-1.237644791603088379e+00
-7.491234689950942993e-02
-3.273735940456390381e-01
-4.439776837825775146e-01
5.423941016197204590e-01
4.179572165012359619e-01
-4.517539963126182556e-02
-1.131126046180725098e+00
8.651689291000366211e-01
-4.349741041660308838e-01
5.463046431541442871e-01
1.644478440284729004e-01
-1.294812560081481934e-01
9.433977603912353516e-01
2.588704109191894531e+00
9.120247364044189453e-01
-5.793598890304565430e-01
-1.442951709032058716e-02
7.012272477149963379e-01
-1.611673533916473389e-01
-6.643992662429809570e-01
-1.077275648713111877e-01
-5.494990199804306030e-02
-6.680905818939208984e-01
1.038866996765136719e+00
-5.463982820510864258e-01
6.474225521087646484e-01
9.547599554061889648e-01
-2.098386436700820923e-01
-1.921195089817047119e-01
1.549741029739379883e+00
-3.909741342067718506e-01
5.402444861829280853e-03
-1.483103781938552856e-01
6.328604817390441895e-01
-5.758325755596160889e-02
-1.002168878912925720e-01
-1.099354267120361328e+00
-2.419957518577575684e-01
-3.207977414131164551e-01
-5.880771875381469727e-01
-8.574257045984268188e-02
-5.288076996803283691e-01
-1.674894213676452637e+00
8.921779394149780273e-01
1.002310514450073242e+00
1.465331297367811203e-02
4.843229651451110840e-01
5.017519593238830566e-01
-6.179929971694946289e-01
1.374350309371948242e+00
1.124338746070861816e+00
1.465073347091674805e+00
-1.281910896301269531e+00
-2.009463071823120117e+00
7.620933651924133301e-01
7.875967025756835938e-01
-7.376439869403839111e-02
-4.695871472358703613e-01
5.731261372566223145e-01
-9.559923410415649414e-01
-1.781113892793655396e-01
1.213343381881713867e+00
-8.393504023551940918e-01
1.098549723625183105e+00
-8.972121477127075195e-01
9.604642540216445923e-02
-4.091463983058929443e-01
1.078585758805274963e-01
-1.378654718399047852e+00
-5.134387016296386719e-01
-3.115805089473724365e-01
1.691650599241256714e-01
1.284950375556945801e+00
8.586548566818237305e-01
-4.792109131813049316e-01
4.806478619575500488e-01
-9.410662055015563965e-01
8.781926333904266357e-02
-9.745445251464843750e-01
4.516992270946502686e-01
-1.569875836372375488e+00
-5.817448720335960388e-02
-9.334862828254699707e-01
2.080927789211273193e-01
-8.043999671936035156e-01
-3.609286546707153320e-01
-2.412951588630676270e-01
-7.555176019668579102e-01
3.559165894985198975e-01
-5.988290905952453613e-01
-5.886290669441223145e-01
3.793352246284484863e-01
5.322787165641784668e-01
5.685498937964439392e-02
-9.631538391113281250e-01
-2.444471567869186401e-01
6.822946071624755859e-01
5.802053213119506836e-01
-5.259620547294616699e-01
4.242444634437561035e-01
4.972395896911621094e-01
-2.505348324775695801e-01
-2.113865017890930176e-01
-3.782480061054229736e-01
5.979433655738830566e-01
1.073115706443786621e+00
-1.411614775657653809e+00
-1.377401351928710938e+00
5.073599815368652344e-01
3.271437808871269226e-02
-2.693571746349334717e-01
-1.198786020278930664e+00
9.356067180633544922e-01
3.973992764949798584e-01
5.006358958780765533e-03
-2.779504060745239258e-01
6.902260780334472656e-01
5.405519604682922363e-01
-2.299647480249404907e-01
6.199309825897216797e-01
1.314953327178955078e+00
-5.513243675231933594e-01
1.823763549327850342e-01
-1.110080242156982422e+00
1.611326187849044800e-01
-6.004175543785095215e-01
1.005120396614074707e+00
-4.483614563941955566e-01
-3.363205492496490479e-01
-1.130851864814758301e+00
1.713636964559555054e-01
-1.647557973861694336e+00
2.896844148635864258e-01
8.012608885765075684e-01
5.334298014640808105e-01
-1.027809262275695801e+00
-1.441959500312805176e+00
1.070454567670822144e-01
6.974015235900878906e-01
-2.148356676101684570e+00
-4.863273799419403076e-01
-2.478237152099609375e-01
-1.027667403221130371e+00
3.671000301837921143e-01
-4.979484081268310547e-01
1.690470576286315918e-01
6.540030837059020996e-01
3.026595711708068848e-01
6.611662507057189941e-01
-4.147652387619018555e-01
1.362461090087890625e+00
2.042264938354492188e+00
6.596223711967468262e-01
1.381766915321350098e+00
8.937946707010269165e-02
1.396005511283874512e+00
-2.432558685541152954e-01
5.763628482818603516e-01
-3.378472030162811279e-01
5.211628675460815430e-01
-4.796086847782135010e-01
-8.299756050109863281e-01
2.909997999668121338e-01
-1.705479323863983154e-01
6.565784215927124023e-01
1.774711459875106812e-01
5.722754597663879395e-01
4.794275462627410889e-01
2.266770303249359131e-01
-4.670471847057342529e-01
1.475436240434646606e-02
-6.678834557533264160e-01
3.828756511211395264e-01
1.570890069007873535e+00
-8.229468017816543579e-02
-5.435478687286376953e-01
4.733478724956512451e-01
-1.890898823738098145e+00
1.523127913475036621e+00
1.195374369621276855e+00
-9.127582311630249023e-01
-3.147485852241516113e-02
-1.472500681877136230e+00
-5.173337459564208984e-01
-2.946814298629760742e-01
-3.353236615657806396e-01
-4.357134997844696045e-01
9.170415401458740234e-01
-1.060325264930725098e+00
2.643277943134307861e-01
9.405725598335266113e-01
-1.417142987251281738e+00
7.344343662261962891e-01
-1.736238598823547363e-01
-8.887146115303039551e-01
-5.619474649429321289e-01
1.216536089777946472e-01
7.623863816261291504e-01
-5.647135972976684570e-01
-1.645301133394241333e-01
-2.809103131294250488e-01
-2.806855142116546631e-01
4.499798715114593506e-01
2.300618171691894531e+00
4.634165465831756592e-01
-1.138488769531250000e+00
-3.788373768329620361e-01
-1.865761399269104004e+00
1.597021222114562988e-01
1.202905178070068359e+00
-6.824076771736145020e-01
-1.280897498130798340e+00
4.405944347381591797e-01
-4.434936344623565674e-01
-5.346469283103942871e-01
-7.565792649984359741e-02
-1.207589149475097656e+00
1.365220844745635986e-01
-8.122797608375549316e-01
-1.648503065109252930e+00
-3.696743249893188477e-01
1.181838810443878174e-01
-6.875687837600708008e-01
-1.172944232821464539e-01
2.483003735542297363e-01
2.105482369661331177e-01
-6.056751012802124023e-01
-4.944768249988555908e-01
2.329000085592269897e-01
1.373233079910278320e+00
-1.064199209213256836e-01
1.451744586229324341e-01
9.500952959060668945e-01
1.623168706893920898e+00
4.997621476650238037e-01
2.435377389192581177e-01
4.460557699203491211e-01
4.433834552764892578e-01
-1.387033145874738693e-02
-1.590734958648681641e+00
1.702667325735092163e-01
5.234669446945190430e-01
-1.141387581825256348e+00
-1.978346519172191620e-02
-1.346422076225280762e+00
7.553363442420959473e-01
-1.339455127716064453e+00
-7.444059252738952637e-01
5.675840973854064941e-01
-3.462136983871459961e-01
2.640251815319061279e-01
-1.310743927955627441e+00
-8.303628563880920410e-01
-2.170571088790893555e-01
-5.392352938652038574e-01
3.840220272541046143e-01
8.046823740005493164e-01
6.083731055259704590e-01
-4.204179942607879639e-01
-2.329552918672561646e-01
8.964701741933822632e-02
-4.837602972984313965e-01
-7.402194738388061523e-01
-2.198590934276580811e-01
-1.296496629714965820e+00
1.209941506385803223e-01
-1.238972663879394531e+00
8.386482596397399902e-01
8.234653621912002563e-02
-4.013942778110504150e-01
5.942549705505371094e-01
-3.859275579452514648e-02
-7.853563427925109863e-01
-4.613439142704010010e-01
1.528290510177612305e-01
4.736450314521789551e-01
-3.612960278987884521e-01
-1.402462601661682129e+00
1.626049160957336426e+00
-1.378671675920486450e-01
1.056720912456512451e-01
4.991248250007629395e-01
1.279790163040161133e+00
9.004536271095275879e-01
2.655871212482452393e-01
-1.070200443267822266e+00
-9.262068867683410645e-01
2.741700224578380585e-02
3.709099292755126953e-01
-7.231689095497131348e-01
1.723878741264343262e+00
-3.599069118499755859e-01
-8.740381002426147461e-01
-9.097626209259033203e-01
-2.926226139068603516e+00
5.261564850807189941e-01
-2.876643538475036621e-01
2.511812448501586914e-01
-1.520943641662597656e-01
7.743986845016479492e-01
-4.299571812152862549e-01
-2.114695161581039429e-01
-3.139320909976959229e-01
-4.928775429725646973e-01
1.635361611843109131e-01
5.200811624526977539e-01
-6.707121133804321289e-01
-9.470204710960388184e-01
-1.436550498008728027e+00
-1.261745095252990723e+00
6.516109406948089600e-02
-3.798638582229614258e-01
7.408747673034667969e-01
-4.430635571479797363e-01
-1.273590475320816040e-01
8.777943253517150879e-02
-3.437933027744293213e-01
4.640731811523437500e-01
1.468456268310546875e+00
-1.669640302658081055e+00
-9.800300002098083496e-01
-6.170722246170043945e-01
-6.370033025741577148e-01
-9.504898190498352051e-01
-3.376715779304504395e-01
-2.956511974334716797e-01
-5.060930252075195312e-01
4.867529571056365967e-01
-4.292895272374153137e-02
-1.397190809249877930e+00
6.282391548156738281e-01
-1.186871886253356934e+00
5.665966868400573730e-01
1.811215162277221680e+00
1.103086709976196289e+00
-9.476987123489379883e-01
-7.757609486579895020e-01
-4.045773148536682129e-01
-1.013037681579589844e+00
-6.875901222229003906e-01
2.135963290929794312e-01
1.208231568336486816e+00
-1.908381842076778412e-02
7.362621426582336426e-01
2.207400649785995483e-01
7.184999529272317886e-03
1.538983821868896484e+00
7.301421165466308594e-01
4.145644232630729675e-02
1.335671544075012207e-01
-1.527452945709228516e+00
-4.027726352214813232e-01
-5.435147881507873535e-01
-2.393128164112567902e-02
-1.108267903327941895e-02
1.670862913131713867e+00
2.076337784528732300e-01
1.046623229980468750e+00
4.727231264114379883e-01
-6.994004845619201660e-01
-5.858572721481323242e-01
-9.734188765287399292e-02
9.128620624542236328e-01
1.128486871719360352e+00
-4.273333549499511719e-01
7.603291273117065430e-01
1.212451830506324768e-01
1.548282951116561890e-01
5.152244567871093750e-01
3.499068617820739746e-01
6.533243060111999512e-01
4.904991090297698975e-01
1.450504809617996216e-01
1.220521807670593262e+00
7.790384292602539062e-01
-2.034437507390975952e-01
-3.076387345790863037e-01
-6.492731571197509766e-01
6.481324434280395508e-01
-1.525780200958251953e+00
-1.034116864204406738e+00
5.164176225662231445e-01
1.136406779289245605e+00
5.101392269134521484e-01
3.659653011709451675e-03
-1.695658922195434570e+00
-2.317615598440170288e-01
4.959960654377937317e-02
3.565645813941955566e-01
-1.845461368560791016e+00
1.985355138778686523e+00
1.097837835550308228e-01
-3.022944368422031403e-02
8.018950223922729492e-01
6.922268867492675781e-01
-8.224123120307922363e-01
5.871141552925109863e-01
-1.041593402624130249e-02
3.100791573524475098e-01
1.446067452430725098e+00
4.222815632820129395e-01
-1.948372721672058105e+00
5.840278267860412598e-01
-9.128701686859130859e-01
6.566561460494995117e-01
-1.803689599037170410e-01
8.059337139129638672e-01
1.251325607299804688e+00
-9.047047793865203857e-02
1.147160865366458893e-02
1.412679851055145264e-01
3.466282784938812256e-01
-4.322215020656585693e-01
-1.232102155685424805e+00
8.374385833740234375e-01
-1.228732585906982422e+00
-1.631421744823455811e-01
1.018835306167602539e+00
