-4.589168131351470947e-01
1.030623763799667358e-01
-1.158030256628990173e-01
-2.674335837364196777e-01
-1.642393946647644043e+00
-2.997722923755645752e-01
-8.123953938484191895e-01
2.766412496566772461e-01
-7.837733626365661621e-01
7.414313554763793945e-01
-2.407875806093215942e-01
2.386357188224792480e-01
1.207442045211791992e+00
2.266182005405426025e-02
1.481327772140502930e+00
4.316650032997131348e-01
1.005666255950927734e+00
-1.141643285751342773e+00
7.755718231201171875e-01
-1.492856293916702271e-01
3.005039393901824951e-01
8.301300406455993652e-01
2.665566839277744293e-02
-7.651404738426208496e-01
2.556743323802947998e-01
2.401971817016601562e-01
-4.848434627056121826e-01
5.227205902338027954e-02
-9.159206598997116089e-02
-1.184338256716728210e-01
1.171499729156494141e+00
3.720789849758148193e-01
9.391632080078125000e-01
1.335318922996520996e+00
-1.862047314643859863e-01
1.738480478525161743e-01
2.778925001621246338e-01
1.128064274787902832e+00
-1.109759688377380371e+00
-6.627966761589050293e-01
5.898138880729675293e-01
-4.537938833236694336e-01
-8.086626529693603516e-01
-1.171232014894485474e-01
-3.349716663360595703e-01
-8.818921446800231934e-01
-8.329859972000122070e-01
1.880517452955245972e-01
3.236725926399230957e-01
6.053832173347473145e-01
3.456735014915466309e-01
3.096335232257843018e-01
2.958519160747528076e-01
-1.129597425460815430e+00
-4.950999915599822998e-01
-3.744029104709625244e-01
2.184928178787231445e+00
4.463537335395812988e-01
1.133153676986694336e+00
4.659248888492584229e-01
7.437362521886825562e-02
4.139451682567596436e-01
1.719750463962554932e-02
9.374145865440368652e-01
-1.833425760269165039e+00
-2.007923126220703125e+00
-9.124204516410827637e-01
6.995303630828857422e-01
-2.961784005165100098e-01
3.844416514039039612e-02
3.298640549182891846e-01
1.086201190948486328e+00
2.027285575866699219e+00
5.472282767295837402e-01
-2.923395335674285889e-01
-8.138999342918395996e-02
-1.784950733184814453e+00
1.019523382186889648e+00
8.081981912255287170e-03
-3.468192815780639648e-01
1.642788052558898926e+00
-5.137576460838317871e-01
4.499655961990356445e-01
1.888008952140808105e+00
-1.900042593479156494e-01
6.365684270858764648e-01
-1.327240765094757080e-01
1.871804296970367432e-01
-1.656085491180419922e+00
2.212853729724884033e-01
5.763788819313049316e-01
-1.099330857396125793e-01
-3.714733719825744629e-01
-2.520949840545654297e-01
-3.532262146472930908e-01
6.689026355743408203e-01
-1.497107744216918945e+00
-9.524667263031005859e-02
-1.823341012001037598e+00
3.491937518119812012e-01
-7.800478935241699219e-01
-4.653860628604888916e-01
9.980664253234863281e-01
-1.078200459480285645e+00
4.551341533660888672e-01
5.501508116722106934e-01
3.942972719669342041e-01
3.469128012657165527e-01
3.764474764466285706e-02
-4.960476458072662354e-01
1.442170500755310059e+00
-2.847068384289741516e-02
6.198803782463073730e-01
5.505739450454711914e-01
-5.023648142814636230e-01
-1.162017583847045898e+00
4.541151821613311768e-01
7.924090325832366943e-02
9.032708406448364258e-01
3.716501593589782715e-01
-1.448593854904174805e+00
-1.703997135162353516e+00
2.501918077468872070e-01
1.002214431762695312e+00
-6.306084990501403809e-01
6.232500672340393066e-01
-4.877810478210449219e-01
2.724538147449493408e-01
4.175626039505004883e-01
-7.228181958198547363e-01
-5.119528174400329590e-01
4.109048843383789062e-01
-1.064821183681488037e-01
-1.197638392448425293e+00
-1.418066859245300293e+00
9.825239777565002441e-01
-9.349623918533325195e-01
-1.228902935981750488e+00
-7.949273586273193359e-01
8.515309095382690430e-01
1.151024177670478821e-01
-2.150882631540298462e-01
8.457525372505187988e-01
2.245265096426010132e-01
-1.121123909950256348e+00
3.346340954303741455e-01
-1.222079753875732422e+00
1.228020787239074707e+00
6.580763459205627441e-01
1.715617179870605469e-01
2.112661600112915039e+00
1.606013327836990356e-01
2.109095752239227295e-01
-8.880953788757324219e-01
-3.986684679985046387e-01
-2.404582262039184570e+00
1.691033363342285156e+00
-2.314414232969284058e-01
3.697563111782073975e-01
3.303857147693634033e-01
-1.079718708992004395e+00
6.653856039047241211e-01
-4.252660870552062988e-01
-1.437883853912353516e+00
6.527545452117919922e-01
1.011389374732971191e+00
9.194986820220947266e-01
8.007497787475585938e-01
-7.019934654235839844e-01
7.100390195846557617e-01
2.703942656517028809e-01
6.053563952445983887e-01
-1.855476796627044678e-01
-2.966639399528503418e-01
8.189039826393127441e-01
8.747938275337219238e-02
-1.079325750470161438e-01
5.514912009239196777e-01
1.613812446594238281e+00
4.371123313903808594e-01
7.813896536827087402e-01
-3.838777840137481689e-01
-5.043191909790039062e-01
-2.809084057807922363e-01
-4.823795855045318604e-01
8.462114334106445312e-01
-1.623149156570434570e+00
-2.365184068679809570e+00
-8.091255426406860352e-01
2.606161832809448242e-01
-3.967418372631072998e-01
1.238523364067077637e+00
5.258583426475524902e-01
-5.671107172966003418e-01
4.613240361213684082e-01
-1.485914140939712524e-01
1.225564837455749512e+00
-3.386338353157043457e-01
2.656214870512485504e-02
2.548265755176544189e-01
5.724487826228141785e-02
-4.351355135440826416e-03
1.884041666984558105e+00
-4.570522531867027283e-02
9.989731311798095703e-01
-3.061408400535583496e-01
-8.680428862571716309e-01
6.882888674736022949e-01
-5.042768120765686035e-01
1.968595743179321289e+00
7.000091671943664551e-02
-1.562325954437255859e+00
1.144531443715095520e-01
1.080213189125061035e+00
-1.084357857704162598e+00
-3.949612677097320557e-01
3.379078805446624756e-01
-7.402925193309783936e-02
-1.078247070312500000e+00
-6.320416927337646484e-02
1.231157407164573669e-02
-5.092907547950744629e-01
3.728548288345336914e-01
-4.661740958690643311e-01
3.671639859676361084e-01
5.083761811256408691e-01
-1.197004795074462891e+00
1.622443646192550659e-01
-1.157964110374450684e+00
-6.964241266250610352e-01
6.189509630203247070e-01
1.274015903472900391e-01
-6.406921744346618652e-01
8.701875209808349609e-01
2.396501600742340088e-01
-2.884593047201633453e-02
-1.727705478668212891e+00
6.603313684463500977e-01
1.382736116647720337e-01
-6.220916509628295898e-01
2.292319297790527344e+00
-1.359565556049346924e-02
6.834026575088500977e-01
-2.352196931838989258e+00
5.696844458580017090e-01
-4.618575274944305420e-01
-8.508892655372619629e-01
-3.426892459392547607e-01
-4.994072616100311279e-01
7.554251551628112793e-01
-1.431017927825450897e-02
8.567373156547546387e-01
7.609160616993904114e-03
-1.254723221063613892e-01
3.636261522769927979e-01
-6.677225828170776367e-01
-3.894735276699066162e-01
5.545067191123962402e-01
-6.136716008186340332e-01
-1.097794890403747559e+00
-1.775609701871871948e-01
-1.769479155540466309e+00
-9.022209644317626953e-01
-1.351456165313720703e+00
5.162948966026306152e-01
-1.706605702638626099e-01
9.658374786376953125e-01
-5.036914944648742676e-01
-9.558345079421997070e-01
-2.577340900897979736e-01
5.915875434875488281e-01
-3.327687084674835205e-01
2.401489496231079102e+00
-3.191008269786834717e-01
3.973121345043182373e-01
-1.566396951675415039e+00
8.577241897583007812e-01
6.213439106941223145e-01
-1.543651700019836426e+00
-7.555460929870605469e-01
7.663716673851013184e-01
4.871179163455963135e-01
-1.707912832498550415e-01
-5.968564748764038086e-01
-4.047399163246154785e-01
-1.732085049152374268e-01
-2.855990231037139893e-01
-5.856012105941772461e-01
9.057934880256652832e-01
-7.619427442550659180e-01
4.559895396232604980e-01
-6.904051899909973145e-01
1.054912447929382324e+00
-6.700339913368225098e-01
3.720853626728057861e-01
1.801368296146392822e-01
-1.202346324920654297e+00
-1.698222160339355469e+00
6.923948526382446289e-01
-6.883419156074523926e-01
1.309652775526046753e-01
1.382775306701660156e+00
4.091065749526023865e-02
-1.930365681648254395e+00
2.187103986740112305e+00
-2.624394893646240234e-01
-2.477052211761474609e-01
-4.859823882579803467e-01
9.820957183837890625e-01
7.227929830551147461e-01
1.693187803030014038e-01
-2.988464571535587311e-02
-1.622764110565185547e+00
-4.805476367473602295e-01
1.115741252899169922e+00
-6.545704603195190430e-02
-1.083069369196891785e-01
5.276291370391845703e-01
-2.120250761508941650e-01
-2.033366918563842773e+00
-4.817947745323181152e-01
1.704030513763427734e+00
-1.417198896408081055e+00
-1.101262807846069336e+00
-1.889154314994812012e-01
8.320150971412658691e-01
1.388396471738815308e-01
-1.225665211677551270e+00
-1.027622073888778687e-01
3.039882779121398926e-01
-2.694547474384307861e-01
-6.866337060928344727e-01
1.431470870971679688e+00
3.527434468269348145e-01
5.100539326667785645e-01
3.667499423027038574e-01
-2.044592611491680145e-02
1.748701930046081543e+00
8.424732089042663574e-01
-1.232760846614837646e-01
-1.386651247739791870e-01
-7.717242836952209473e-01
4.543629586696624756e-01
1.336474623531103134e-02
2.342334836721420288e-01
-1.123240113258361816e+00
-6.851819753646850586e-01
9.848151355981826782e-02
-2.497699737548828125e+00
-1.751534789800643921e-01
-7.629759609699249268e-02
-3.479230701923370361e-01
-6.857112050056457520e-01
-1.035627126693725586e-01
-2.271855920553207397e-01
-2.771600782871246338e-01
-1.647678732872009277e+00
5.475468039512634277e-01
1.104979664087295532e-01
7.109099626541137695e-01
-9.884040057659149170e-02
-1.551374197006225586e-01
3.547942638397216797e-01
1.882997035980224609e+00
1.047770142555236816e+00
5.513063669204711914e-01
-1.024058461189270020e+00
9.635925889015197754e-01
-6.009595394134521484e-01
-1.853640824556350708e-01
3.587203025817871094e-01
1.270324885845184326e-01
-8.463950753211975098e-01
7.278504967689514160e-01
-4.301007091999053955e-01
1.023294448852539062e+00
1.002337694168090820e+00
6.546794436872005463e-03
3.838774561882019043e-01
2.123211383819580078e+00
-2.547658383846282959e-01
2.023361474275588989e-01
-1.407007724046707153e-01
-1.626549363136291504e-01
8.532182127237319946e-02
3.223744928836822510e-01
-7.514454126358032227e-01
1.088404297828674316e+00
5.810414552688598633e-01
-3.037444055080413818e-01
4.810074865818023682e-01
-3.475205302238464355e-01
-5.497601032257080078e-01
-1.147174611687660217e-01
1.074118971824645996e+00
3.042065799236297607e-01
8.118367195129394531e-01
2.170230075716972351e-02
-1.874029934406280518e-01
-1.076299622654914856e-01
1.442144215106964111e-01
-6.959540247917175293e-01
-1.293756365776062012e+00
-1.420570492744445801e+00
9.330486655235290527e-01
3.615708053112030029e-01
-3.120455741882324219e-01
-2.252871990203857422e-01
-1.150773540139198303e-01
-2.432623133063316345e-02
-1.163233399391174316e+00
-6.313298940658569336e-01
-7.414540648460388184e-01
7.631793022155761719e-01
-7.113424539566040039e-01
4.846268296241760254e-01
-7.904742360115051270e-01
1.625900864601135254e-01
-6.345278620719909668e-01
3.282500505447387695e-01
1.154483854770660400e-01
-1.043459296226501465e+00
1.297164916992187500e+00
3.550086617469787598e-01
-2.460855431854724884e-02
-6.834414601325988770e-01
-6.662368178367614746e-01
1.037695780396461487e-01
-2.666145324707031250e+00
-5.457046031951904297e-01
-1.258149147033691406e+00
4.355533421039581299e-01
1.232007220387458801e-01
3.700199723243713379e-01
-1.018739223480224609e+00
-1.564291477203369141e+00
1.508297920227050781e-01
-5.111671090126037598e-01
3.533782064914703369e-01
-7.331253886222839355e-01
5.944001674652099609e-01
-1.175194457173347473e-01
6.350912451744079590e-01
7.334749698638916016e-01
-2.662681639194488525e-01
-2.685049735009670258e-02
4.078486561775207520e-01
1.643626332283020020e+00
-7.557573914527893066e-01
5.788873434066772461e-01
9.665470570325851440e-02
-3.521865904331207275e-01
-1.172991916537284851e-01
9.491943120956420898e-01
4.943066835403442383e-01
1.053874492645263672e+00
-1.286632537841796875e+00
-7.935702204704284668e-01
-3.220898509025573730e-01
-2.833770215511322021e-01
-7.766112685203552246e-01
-1.676830649375915527e+00
-3.982889652252197266e-01
-3.725841045379638672e-01
-3.103780150413513184e-01
-2.932719886302947998e-01
1.127469420433044434e+00
7.179983705282211304e-02
-1.241095289587974548e-01
-5.854212641716003418e-01
-1.056153792887926102e-02
-4.254064261913299561e-01
9.309880435466766357e-02
8.739802241325378418e-01
-4.677792191505432129e-01
-5.473732948303222656e-01
1.408586055040359497e-01
-5.547168254852294922e-01
-8.627704381942749023e-01
-3.785995543003082275e-01
-7.155135869979858398e-01
-2.121701478958129883e+00
2.049799263477325439e-01
-1.724977195262908936e-01
7.066527605056762695e-01
-1.030263662338256836e+00
-1.139142751693725586e+00
5.696809291839599609e-01
-1.384194016456604004e+00
-9.431299567222595215e-02
-8.174358606338500977e-01
-2.231463342905044556e-01
-6.824389696121215820e-01
1.079769492149353027e+00
3.777122199535369873e-01
-6.025878340005874634e-02
5.609174966812133789e-01
3.577292263507843018e-01
4.184176027774810791e-01
-1.445362810045480728e-02
1.443484783172607422e+00
8.875424265861511230e-01
4.789747893810272217e-01
2.435110360383987427e-01
6.867876052856445312e-01
3.996365070343017578e-01
5.228960514068603516e-01
-4.332425594329833984e-01
-4.090838134288787842e-01
9.444050490856170654e-02
-3.342064023017883301e-01
-5.517073869705200195e-01
-3.049359917640686035e-01
-7.149042189121246338e-02
6.272855997085571289e-01
-4.798363745212554932e-01
1.210200071334838867e+00
-1.059003025293350220e-01
9.576759934425354004e-01
-1.385010838508605957e+00
1.015583395957946777e+00
-1.494937092065811157e-01
4.854063391685485840e-01
2.337554931640625000e+00
-1.157026529312133789e+00
4.847425520420074463e-01
9.481747150421142578e-01
-1.740897536277770996e+00
6.543065905570983887e-01
1.352698445320129395e+00
-5.616734549403190613e-02
4.123143255710601807e-01
-1.041836619377136230e+00
-8.713510036468505859e-01
-1.570917367935180664e-01
-1.700987339019775391e+00
1.067120134830474854e-01
8.623251914978027344e-01
-6.835956126451492310e-02
5.059089660644531250e-01
5.231631398200988770e-01
-2.236717700958251953e+00
-3.920063003897666931e-02
8.634071797132492065e-03
8.821138739585876465e-02
-1.028304576873779297e+00
1.742165163159370422e-02
-3.383977115154266357e-01
-2.961095571517944336e-01
3.208145797252655029e-01
-2.436351627111434937e-01
-9.128395318984985352e-01
1.107011198997497559e+00
1.292656302452087402e+00
4.688961207866668701e-01
7.100854068994522095e-02
-4.941216409206390381e-01
-1.087033629417419434e+00
1.989372260868549347e-02
2.811532020568847656e-01
-8.762909173965454102e-01
-1.159997224807739258e+00
1.970928072929382324e+00
-3.941974043846130371e-01
-1.677543967962265015e-01
-4.853400886058807373e-01
-8.201872110366821289e-01
-2.414464950561523438e-01
-1.568067908287048340e+00
-1.403661519289016724e-01
-8.269605636596679688e-01
-1.885893493890762329e-01
-1.784406974911689758e-02
-5.983058735728263855e-02
-2.928020358085632324e-01
-2.921283543109893799e-01
-1.298904567956924438e-01
-7.379873991012573242e-01
3.359322249889373779e-01
2.303570508956909180e-01
-2.070031911134719849e-01
2.096154689788818359e-01
8.420299291610717773e-01
1.333534240722656250e+00
4.521547853946685791e-01
9.245716333389282227e-01
7.733322679996490479e-02
-3.600662350654602051e-01
6.933818459510803223e-01
-9.710898995399475098e-01
-4.105651080608367920e-01
4.722357094287872314e-01
-1.223908662796020508e+00
4.239037334918975830e-01
3.410407155752182007e-02
1.358243227005004883e-01
-1.042306542396545410e+00
-4.831143915653228760e-01
-1.413957178592681885e-01
1.516444087028503418e-01
-2.376720458269119263e-01
-4.567638933658599854e-01
-9.840697050094604492e-02
1.293306112289428711e+00
6.153705716133117676e-01
-5.447216033935546875e-01
1.281526803970336914e+00
7.515469789505004883e-01
-3.550454676151275635e-01
-1.967798024415969849e-01
4.203847646713256836e-01
-2.056261710822582245e-02
8.497096896171569824e-01
4.657941460609436035e-01
-8.238231539726257324e-01
1.628333330154418945e-01
-2.174642086029052734e+00
7.309727668762207031e-01
-4.898524284362792969e-01
-9.049795269966125488e-01
6.854606866836547852e-01
-6.497538089752197266e-02
-8.296183347702026367e-01
-1.538826704025268555e+00
-6.067090630531311035e-01
9.616462588310241699e-01
1.916335225105285645e-01
-6.259427666664123535e-01
1.022419571876525879e+00
5.274413228034973145e-01
-8.331811428070068359e-01
-8.599368929862976074e-01
7.597989439964294434e-01
1.651017427444458008e+00
2.061233371496200562e-01
-1.987369894981384277e+00
-1.319225668907165527e+00
1.121395751833915710e-01
7.384466528892517090e-01
-1.528067350387573242e+00
3.019512891769409180e-01
-7.374249696731567383e-01
-4.221615195274353027e-01
-4.394998252391815186e-01
-1.148424625396728516e+00
-2.408675849437713623e-01
-9.902936965227127075e-02
-3.783380389213562012e-01
8.335353732109069824e-01
1.746389120817184448e-01
-5.186902284622192383e-01
6.938050389289855957e-01
-1.734675616025924683e-01
-1.803966760635375977e+00
5.856923460960388184e-01
-2.160062789916992188e-01
-1.213977575302124023e+00
-1.984742134809494019e-01
-4.539636671543121338e-01
-1.059145092964172363e+00
6.949127912521362305e-01
-5.558715462684631348e-01
-1.953322142362594604e-01
-1.634090542793273926e+00
1.104260206222534180e+00
-1.581401564180850983e-02
-5.911574512720108032e-02
-3.724205195903778076e-01
1.709613442420959473e+00
2.674514651298522949e-01
-6.833442449569702148e-01
6.760641466826200485e-03
-3.644237816333770752e-01
-5.103642344474792480e-01
2.458366453647613525e-01
-3.442548215389251709e-01
8.234778642654418945e-01
9.312717914581298828e-01
-5.427064746618270874e-02
-1.049839138984680176e+00
1.079651489853858948e-01
-8.852449655532836914e-01
1.847436279058456421e-01
1.601661920547485352e+00
1.556721180677413940e-01
7.682123184204101562e-01
-1.021636486053466797e+00
-8.533255457878112793e-01
-1.981658816337585449e+00
-8.810315281152725220e-03
1.564245343208312988e+00
2.668741345405578613e-01
-8.040629029273986816e-01
-2.392852008342742920e-01
2.665793001651763916e-01
2.118298113346099854e-01
1.507102131843566895e+00
4.685156941413879395e-01
-7.075595110654830933e-02
2.188611775636672974e-01
-1.126926898956298828e+00
3.623647391796112061e-01
1.059013724327087402e+00
-6.960186362266540527e-01
8.398984074592590332e-01
1.227313280105590820e+00
1.431941986083984375e+00
7.881081700325012207e-01
-6.934062838554382324e-01
-1.531991481781005859e+00
-5.980224013328552246e-01
-8.059861063957214355e-01
1.146905422210693359e+00
1.852750658988952637e+00
-4.443971216678619385e-01
1.186692595481872559e+00
8.921682238578796387e-01
5.340323224663734436e-02
-2.423916161060333252e-01
6.942082047462463379e-01
7.576342821121215820e-01
9.359873533248901367e-01
-1.525811791419982910e+00
1.005217194557189941e+00
1.020444855093955994e-01
1.016986727714538574e+00
1.455382723361253738e-02
-1.077545285224914551e-01
3.456242382526397705e-01
-7.295287251472473145e-01
-1.254593968391418457e+00
1.035156846046447754e+00
3.215721547603607178e-01
-3.351413309574127197e-01
9.877585172653198242e-01
-1.459984898567199707e+00
1.335548460483551025e-01
-5.376048684120178223e-01
3.908284306526184082e-01
-2.405497074127197266e+00
1.282546043395996094e+00
5.313361883163452148e-01
5.522893071174621582e-01
5.331563949584960938e-01
8.275663852691650391e-01
4.399058222770690918e-01
4.196830093860626221e-01
3.304154872894287109e-01
8.849009275436401367e-01
4.597059488296508789e-01
-6.584014296531677246e-01
-8.900861740112304688e-01
-7.694618105888366699e-01
-1.333722472190856934e+00
1.076726913452148438e+00
-1.014529824256896973e+00
7.953294515609741211e-01
1.193366885185241699e+00
-6.204649209976196289e-01
-2.381162904202938080e-02
1.046926975250244141e+00
-6.382437348365783691e-01
-1.059505462646484375e+00
-1.274535655975341797e+00
1.068223237991333008e+00
-3.848665952682495117e-01
1.408761832863092422e-02
1.286897063255310059e+00
