-4.680358991026878357e-02
-6.972799897193908691e-01
2.557692229747772217e-01
7.224675416946411133e-01
-4.119267165660858154e-01
7.968256622552871704e-02
-1.513478636741638184e+00
1.549933385103940964e-02
-4.948198795318603516e-01
4.451786577701568604e-01
-1.628488600254058838e-01
7.542767524719238281e-01
7.663612961769104004e-01
1.266537159681320190e-01
1.129615187644958496e+00
-4.316842555999755859e-01
1.077901601791381836e+00
-9.142197966575622559e-01
1.528945446014404297e+00
5.265952944755554199e-01
-4.719366505742073059e-02
7.569615840911865234e-01
1.468068361282348633e-01
-5.844850540161132812e-01
3.007208108901977539e-01
5.527905821800231934e-01
-6.299398541450500488e-01
6.509959101676940918e-01
-2.783805429935455322e-01
1.806588917970657349e-01
1.086182951927185059e+00
7.294306159019470215e-01
7.660641670227050781e-01
1.132103919982910156e+00
-3.251160085201263428e-01
4.059334993362426758e-01
4.201983511447906494e-01
9.478914141654968262e-01
-9.408409595489501953e-01
-4.766640365123748779e-01
4.411700665950775146e-01
9.373773820698261261e-03
6.408587098121643066e-02
3.357000052928924561e-01
3.053957037627696991e-02
-9.859812259674072266e-01
-7.666820287704467773e-01
-3.323594033718109131e-01
-4.596877694129943848e-01
1.662022024393081665e-01
2.169244140386581421e-01
3.417553007602691650e-01
1.428187787532806396e-01
-1.033574223518371582e+00
-3.165712058544158936e-01
4.577945768833160400e-01
2.483753919601440430e+00
1.765363961458206177e-01
8.725995421409606934e-01
7.069962620735168457e-01
3.953030407428741455e-01
5.915930271148681641e-01
-9.351184964179992676e-02
7.930282950401306152e-01
-1.332497954368591309e+00
-1.298212528228759766e+00
-5.887327790260314941e-01
-3.102925121784210205e-01
-7.299845218658447266e-01
5.649597644805908203e-01
6.790209412574768066e-01
1.184521436691284180e+00
2.080913305282592773e+00
4.944998323917388916e-01
2.102181464433670044e-01
2.877022512257099152e-02
-1.193427443504333496e+00
9.808732867240905762e-01
-3.742434084415435791e-01
-2.487889677286148071e-01
1.420722961425781250e+00
6.237171888351440430e-01
-1.129682213068008423e-01
1.922226190567016602e+00
2.296863310039043427e-02
-4.170099198818206787e-01
-1.707008481025695801e-01
2.262025922536849976e-01
-2.767340898513793945e+00
-4.123349189758300781e-01
-3.291941061615943909e-02
-1.173311099410057068e-01
-3.232861757278442383e-01
6.027266979217529297e-01
-1.546250730752944946e-01
5.637005567550659180e-01
-8.622921109199523926e-01
4.164427053183317184e-03
-1.167537331581115723e+00
4.466431736946105957e-01
-6.525347232818603516e-01
-1.847642660140991211e-01
1.378198027610778809e+00
-1.867149591445922852e+00
9.914408326148986816e-01
1.809267401695251465e+00
3.564086556434631348e-01
1.578967273235321045e-01
3.944415133446455002e-03
-8.802983760833740234e-01
9.525074362754821777e-01
-8.566295504570007324e-01
-8.735314756631851196e-02
1.048298239707946777e+00
-7.491111159324645996e-01
-1.586679100990295410e+00
-7.550024241209030151e-02
-1.875023692846298218e-01
1.622717380523681641e-01
9.395218491554260254e-01
-8.880919814109802246e-01
-1.067772269248962402e+00
4.455956816673278809e-01
8.643542528152465820e-01
-3.554778099060058594e-01
1.025959491729736328e+00
-3.372779786586761475e-01
2.630848586559295654e-01
1.042016819119453430e-01
-2.718919515609741211e-01
-3.201423212885856628e-02
3.314754068851470947e-01
2.232844978570938110e-01
-1.272120475769042969e+00
-1.456398963928222656e+00
9.574036598205566406e-01
-8.482076525688171387e-01
-1.266891121864318848e+00
-1.730495095252990723e+00
1.960733085870742798e-01
-3.517606481909751892e-02
-2.229038774967193604e-01
8.108549714088439941e-01
9.326674044132232666e-02
-8.322707414627075195e-01
-6.709958612918853760e-02
-9.053424596786499023e-01
2.084183692932128906e+00
8.968821763992309570e-01
4.993322491645812988e-01
1.909475922584533691e+00
6.307029724121093750e-01
4.035727679729461670e-01
-1.100984454154968262e+00
-5.689883828163146973e-01
-1.705286264419555664e+00
2.090442419052124023e+00
-3.245204687118530273e-01
2.419636845588684082e-01
1.751991659402847290e-01
-6.185649037361145020e-01
5.475314259529113770e-01
5.289340019226074219e-01
-1.306937098503112793e+00
6.563376188278198242e-01
1.069520354270935059e+00
4.447091817855834961e-01
-5.155849084258079529e-02
-2.971119284629821777e-01
7.234960794448852539e-01
-7.009962201118469238e-01
5.475258231163024902e-01
2.813673019409179688e-01
-1.826911121606826782e-01
7.391878366470336914e-01
2.039658576250076294e-01
-8.606233596801757812e-01
2.216871827840805054e-01
1.012335300445556641e+00
-3.160123229026794434e-01
5.902107357978820801e-01
1.181549876928329468e-01
-3.744204342365264893e-01
-1.116725802421569824e-01
-1.025799751281738281e+00
-2.247700393199920654e-01
-1.255842208862304688e+00
-2.913605928421020508e+00
-7.759573459625244141e-01
2.595066726207733154e-01
-8.649083375930786133e-01
1.380632996559143066e+00
1.017815470695495605e+00
-6.728606820106506348e-01
7.726094722747802734e-01
3.470865190029144287e-01
6.496567726135253906e-01
-2.720885574817657471e-01
6.566848754882812500e-01
5.331578254699707031e-01
-4.624002873897552490e-01
2.760734260082244873e-01
2.075743913650512695e+00
8.393370360136032104e-02
6.435603499412536621e-01
-9.893791377544403076e-02
-8.632231354713439941e-01
1.025081276893615723e+00
-6.645047664642333984e-02
2.049480676651000977e+00
3.494697436690330505e-02
-1.489191889762878418e+00
5.896804928779602051e-01
4.866640865802764893e-01
-1.401439070701599121e+00
-4.349672198295593262e-01
9.983604550361633301e-01
3.484232723712921143e-01
-4.591063261032104492e-01
-3.711279928684234619e-01
-6.847686767578125000e-01
1.220391318202018738e-01
6.678460836410522461e-01
-8.599054813385009766e-02
-4.118625223636627197e-01
2.896679341793060303e-01
-1.169260025024414062e+00
-1.158841699361801147e-01
-1.121026039123535156e+00
-5.209227204322814941e-01
1.368409246206283569e-01
-2.581614851951599121e-01
1.666887253522872925e-01
8.069186210632324219e-01
-4.209895431995391846e-02
-6.617318391799926758e-01
-1.198380112648010254e+00
7.807722091674804688e-01
-1.793191730976104736e-01
-2.479899525642395020e-01
1.637718081474304199e+00
-8.625595569610595703e-01
-4.360746741294860840e-01
-1.794084191322326660e+00
2.121739685535430908e-01
4.085688292980194092e-02
-8.870260119438171387e-01
3.439626693725585938e-01
-9.656234383583068848e-01
-1.141492500901222229e-01
1.014127060770988464e-01
1.360352516174316406e+00
3.173181042075157166e-02
-1.703246831893920898e-01
3.261436522006988525e-01
-8.980488777160644531e-01
-2.417498379945755005e-01
6.331428140401840210e-02
8.007716387510299683e-02
-9.813275337219238281e-01
8.455114960670471191e-01
-1.407382369041442871e+00
-7.110261321067810059e-01
-2.096849679946899414e+00
6.850436329841613770e-01
3.526771068572998047e-02
8.689021468162536621e-01
-6.444178819656372070e-01
-1.533956766128540039e+00
3.357008993625640869e-01
9.065616130828857422e-01
-9.554070234298706055e-02
1.328047513961791992e+00
-1.403578966856002808e-01
5.326787829399108887e-01
2.550254464149475098e-01
7.538813352584838867e-01
1.790372282266616821e-01
-3.418948650360107422e-01
-5.869882106781005859e-01
3.132922947406768799e-01
3.657175004482269287e-01
-5.412691831588745117e-01
-1.449093967676162720e-01
-7.592233419418334961e-01
3.266728818416595459e-01
-1.383041143417358398e-01
-3.584993481636047363e-01
6.404715776443481445e-01
-6.771022081375122070e-01
1.752857565879821777e-01
-4.095762968063354492e-01
1.122064948081970215e+00
-1.404240489006042480e+00
5.416962504386901855e-01
-5.557553768157958984e-01
-6.512850522994995117e-01
-2.049245119094848633e+00
3.249757364392280579e-02
-1.263354182243347168e+00
1.583666503429412842e-01
1.314394354820251465e+00
6.031851172447204590e-01
-9.406948089599609375e-01
2.871754646301269531e+00
-6.750896573066711426e-01
4.377107322216033936e-01
-8.824794292449951172e-01
3.048256039619445801e-01
9.652561545372009277e-01
6.793892383575439453e-01
2.997127771377563477e-01
-1.243735909461975098e+00
-9.721804261207580566e-01
1.436869740486145020e+00
-1.954672485589981079e-01
-1.054274365305900574e-01
6.430230736732482910e-01
5.418131947517395020e-01
-1.530174612998962402e+00
-8.294611573219299316e-01
8.862860202789306641e-01
-1.736625552177429199e+00
-6.956829428672790527e-01
-5.708922147750854492e-01
6.102547049522399902e-01
5.983200669288635254e-01
-1.394467234611511230e+00
-1.108382463455200195e+00
2.173358052968978882e-01
-3.544878065586090088e-01
-7.188001275062561035e-01
8.448671698570251465e-01
3.552920818328857422e-01
5.233622193336486816e-01
8.208799362182617188e-01
5.662918686866760254e-01
1.426406741142272949e+00
4.073571264743804932e-01
3.990168869495391846e-01
-2.174606174230575562e-02
1.686419546604156494e-01
1.339220404624938965e+00
-3.553321957588195801e-01
1.392058134078979492e-01
-1.098430156707763672e+00
-5.467832088470458984e-01
-1.985150873661041260e-01
-1.920875310897827148e+00
-2.135539241135120392e-02
-2.032343596220016479e-01
2.958641052246093750e-01
-3.530531823635101318e-01
7.752069085836410522e-02
3.418203890323638916e-01
-7.731840610504150391e-01
-1.157142639160156250e+00
2.350117564201354980e-01
3.386003077030181885e-01
9.565864801406860352e-01
-3.493235409259796143e-01
5.079564452171325684e-01
6.115940213203430176e-01
1.779710531234741211e+00
2.083891868591308594e+00
3.321181535720825195e-01
-6.291748881340026855e-01
5.931261777877807617e-01
-9.994214177131652832e-01
1.011180654168128967e-01
1.648522764444351196e-01
8.898389060050249100e-04
-1.482712864875793457e+00
4.864926040172576904e-01
-1.264155060052871704e-01
8.656356930732727051e-01
1.103105306625366211e+00
-2.802811563014984131e-01
9.788016676902770996e-01
1.757760643959045410e+00
-8.107653856277465820e-01
2.421394363045692444e-02
-1.424667835235595703e-01
-5.522567629814147949e-01
-6.796112060546875000e-01
3.024449050426483154e-01
-3.504361808300018311e-01
6.294469833374023438e-01
8.568013906478881836e-01
-8.975378274917602539e-01
2.599004805088043213e-01
4.563057720661163330e-01
-8.959162235260009766e-01
3.713707029819488525e-01
1.255047559738159180e+00
6.744965314865112305e-01
6.932785511016845703e-01
-5.528527498245239258e-01
1.413683295249938965e-01
5.393909215927124023e-01
4.646420776844024658e-01
3.046292960643768311e-01
-1.176252603530883789e+00
-1.394728541374206543e+00
8.369685411453247070e-01
8.727167844772338867e-01
-8.367025256156921387e-01
-3.104833066463470459e-01
5.993012785911560059e-01
9.299374371767044067e-02
-1.279144406318664551e+00
2.745894342660903931e-02
-4.031336605548858643e-01
1.648638248443603516e+00
-6.228355765342712402e-01
7.639666795730590820e-01
-3.247912824153900146e-01
-2.555941231548786163e-02
-1.277558565139770508e+00
-3.044387102127075195e-01
-1.927797496318817139e-02
-3.478184044361114502e-01
7.986178994178771973e-01
-2.531579434871673584e-01
-5.604844689369201660e-01
-1.024603605270385742e+00
-6.113718152046203613e-01
7.308357357978820801e-01
-1.706588983535766602e+00
-3.273028731346130371e-01
-7.195186614990234375e-01
5.422440171241760254e-01
4.384261071681976318e-01
4.406571090221405029e-01
-1.264920711517333984e+00
-1.124650835990905762e+00
6.446118652820587158e-02
-5.522051453590393066e-01
5.719681978225708008e-01
-7.612929344177246094e-01
1.698076575994491577e-01
-6.095236912369728088e-02
6.085891723632812500e-01
2.024922370910644531e-01
-9.044455289840698242e-01
-5.099352598190307617e-01
5.336684584617614746e-01
1.946605920791625977e+00
-3.628864884376525879e-01
1.260692596435546875e+00
-5.746507644653320312e-01
4.111454635858535767e-02
6.793311238288879395e-02
5.284072160720825195e-01
1.832372546195983887e+00
1.309229135513305664e+00
-1.245018243789672852e+00
-7.525755167007446289e-01
1.767333894968032837e-01
-7.951888442039489746e-01
-4.649563729763031006e-01
-1.433183789253234863e+00
1.278459280729293823e-01
3.143605217337608337e-02
7.859821915626525879e-01
3.042759895324707031e-01
2.740605473518371582e-01
8.477973341941833496e-01
-6.081856489181518555e-01
-3.526737987995147705e-01
-2.333664298057556152e-01
-9.776230454444885254e-01
4.333783090114593506e-01
6.644954085350036621e-01
2.479396387934684753e-02
1.129850670695304871e-01
2.387148886919021606e-02
-6.335964798927307129e-01
-5.484311580657958984e-01
-1.017206907272338867e+00
-4.783870875835418701e-01
-2.075919866561889648e+00
3.738549053668975830e-01
1.733982861042022705e-01
4.403132498264312744e-01
-1.378616571426391602e+00
-1.617167830467224121e+00
4.407776296138763428e-01
-2.123525887727737427e-01
-9.004695415496826172e-01
-4.234483838081359863e-01
7.256034761667251587e-02
-5.742977261543273926e-01
8.728396296501159668e-01
1.212956905364990234e-01
-6.498908400535583496e-01
2.911308109760284424e-01
8.811082243919372559e-01
2.881556749343872070e-01
-2.015293836593627930e-01
1.136216282844543457e+00
1.096464991569519043e+00
1.043213844299316406e+00
-3.591212332248687744e-01
9.284793138504028320e-01
5.192080140113830566e-01
1.424424946308135986e-01
-1.589804291725158691e-01
-8.985989093780517578e-01
5.946340560913085938e-01
-6.743931770324707031e-01
-6.929717659950256348e-01
2.413080930709838867e-01
-1.076970398426055908e-01
3.598656356334686279e-01
-3.474931418895721436e-01
3.591051399707794189e-01
-4.724106490612030029e-01
3.800405561923980713e-02
-3.369901776313781738e-01
1.312106847763061523e+00
-1.889493465423583984e-01
3.425623178482055664e-01
1.955404162406921387e+00
-1.057424068450927734e+00
-9.751221537590026855e-02
7.174284011125564575e-02
-1.568387150764465332e+00
2.783535420894622803e-01
5.713255405426025391e-01
-6.298395395278930664e-01
3.487686216831207275e-01
-1.309625625610351562e+00
-7.902271300554275513e-02
-4.328556358814239502e-01
-2.851662397384643555e+00
-3.101182878017425537e-01
7.821409702301025391e-01
-6.974193453788757324e-01
-6.024624034762382507e-02
8.047951757907867432e-02
-1.962799429893493652e+00
5.999411344528198242e-01
1.478583202697336674e-03
-3.227706551551818848e-01
-1.472237825393676758e+00
7.337589561939239502e-02
-6.001356840133666992e-01
-1.867405772209167480e-01
7.963399291038513184e-01
-2.218555063009262085e-01
-4.862379133701324463e-01
1.667955398559570312e+00
1.428677439689636230e+00
1.333262324333190918e-01
-2.650234103202819824e-01
-7.791620492935180664e-01
-1.412309169769287109e+00
-2.953864075243473053e-02
9.861847162246704102e-01
-4.023301303386688232e-01
-1.441189169883728027e+00
1.029151678085327148e+00
-9.430066943168640137e-01
-2.443802803754806519e-01
-4.886060357093811035e-01
-1.025090694427490234e+00
-1.769310384988784790e-01
-1.601726174354553223e+00
-1.045033097267150879e+00
-1.081646800041198730e+00
6.477975249290466309e-01
4.376083016395568848e-01
5.738800168037414551e-01
-7.269294466823339462e-03
-3.864445686340332031e-01
-1.429318666458129883e+00
-8.088048696517944336e-01
1.792638450860977173e-01
1.303050398826599121e+00
6.252866983413696289e-02
1.030632108449935913e-01
8.388799428939819336e-01
1.181992888450622559e+00
1.117374539375305176e+00
6.944440305233001709e-02
-5.541526079177856445e-01
-6.439877152442932129e-01
5.159531831741333008e-01
-1.465855956077575684e+00
-6.244277954101562500e-01
2.774095833301544189e-01
-1.321692109107971191e+00
-1.603230535984039307e-01
-1.168816328048706055e+00
3.272424638271331787e-01
-1.034029483795166016e+00
-2.038685232400894165e-01
1.091513503342866898e-02
4.656911194324493408e-01
-4.385349452495574951e-01
-4.411044716835021973e-01
4.486322999000549316e-01
1.483005881309509277e+00
1.831520348787307739e-01
-4.600890576839447021e-01
8.334218263626098633e-01
6.669226884841918945e-01
-1.304621100425720215e-01
-8.209895491600036621e-01
2.389406040310859680e-02
-9.652928262948989868e-02
9.953508526086807251e-02
8.264725804328918457e-01
-1.004089713096618652e+00
-4.780249297618865967e-01
-8.386803865432739258e-01
1.107555150985717773e+00
-9.310683608055114746e-01
-7.164523601531982422e-01
7.804490923881530762e-01
5.590488910675048828e-01
-5.514038801193237305e-01
-3.420034945011138916e-01
-6.511837989091873169e-02
9.390633702278137207e-01
-2.345424611121416092e-03
-6.446974277496337891e-01
9.081085771322250366e-02
6.315672397613525391e-01
-9.325270056724548340e-01
-5.509338378906250000e-01
8.316186666488647461e-01
1.377871990203857422e+00
-3.083349764347076416e-01
-1.311179161071777344e+00
-1.173592925071716309e+00
9.806642681360244751e-02
1.151039227843284607e-01
-1.417611479759216309e+00
-4.637621045112609863e-01
-7.212135791778564453e-01
-5.694765448570251465e-01
2.909308969974517822e-01
-5.156190395355224609e-01
-4.765123128890991211e-01
1.313947439193725586e-01
1.014627423137426376e-02
6.175092458724975586e-01
1.081868112087249756e-01
-8.390693068504333496e-01
1.462786942720413208e-01
-3.258520960807800293e-01
-1.388150334358215332e+00
3.820053637027740479e-01
-4.752108454704284668e-02
-9.616618752479553223e-01
-4.941451251506805420e-01
-1.067758917808532715e+00
-1.758525371551513672e+00
-7.542017847299575806e-02
-3.881592750549316406e-01
-5.116644874215126038e-02
-1.785161733627319336e+00
-9.665165096521377563e-02
-1.037265360355377197e-01
-2.958717346191406250e-01
3.182675838470458984e-01
1.020014643669128418e+00
1.993312388658523560e-01
-1.255242109298706055e+00
-4.062867760658264160e-01
-1.757923364639282227e-01
-5.047036707401275635e-02
7.603873610496520996e-01
-3.049970865249633789e-01
5.195747613906860352e-01
3.159962594509124756e-01
-8.962043561041355133e-03
-1.115714550018310547e+00
6.414694190025329590e-01
-1.048316136002540588e-01
3.579695224761962891e-01
1.059442639350891113e+00
3.154791593551635742e-01
1.778451167047023773e-02
-5.497215986251831055e-01
-4.920096993446350098e-01
-1.799023628234863281e+00
-5.819581747055053711e-01
8.101606965065002441e-01
9.356547594070434570e-01
-7.377521991729736328e-01
8.956263065338134766e-01
5.757207274436950684e-01
-1.437459290027618408e-01
1.113262534141540527e+00
8.050497174263000488e-01
-3.955685794353485107e-01
1.263900548219680786e-01
-5.551586747169494629e-01
-6.359319090843200684e-01
1.024935126304626465e+00
-5.217451453208923340e-01
1.394747257232666016e+00
8.482483625411987305e-01
1.103749394416809082e+00
-1.643677204847335815e-01
-5.988187789916992188e-01
-1.792451262474060059e+00
5.343432351946830750e-02
-3.264313042163848877e-01
1.149288177490234375e+00
1.670359015464782715e+00
7.592072710394859314e-03
7.265139222145080566e-01
-2.293733209371566772e-01
-3.726600110530853271e-01
3.850444555282592773e-01
4.404545128345489502e-01
5.971410274505615234e-01
5.673795938491821289e-01
-1.195022106170654297e+00
1.221344828605651855e+00
2.482801377773284912e-01
4.403419196605682373e-01
1.023464083671569824e+00
-5.767559409141540527e-01
7.419843077659606934e-01
-9.785923957824707031e-01
-1.484921574592590332e+00
7.027748823165893555e-01
2.185992598533630371e-01
-2.180908024311065674e-01
2.980447709560394287e-01
-1.168993711471557617e+00
2.501900792121887207e-01
-2.905685901641845703e-01
4.599345624446868896e-01
-2.478425025939941406e+00
1.715810060501098633e+00
-2.879926562309265137e-01
1.476642608642578125e+00
1.211804032325744629e+00
7.878526449203491211e-01
-8.271390199661254883e-01
3.186676204204559326e-01
4.835189878940582275e-01
-9.653747081756591797e-02
3.839331567287445068e-01
-6.573227643966674805e-01
-1.430408239364624023e+00
-2.157070338726043701e-01
-1.467868924140930176e+00
9.201523065567016602e-01
-5.656518936157226562e-01
7.397181540727615356e-02
1.091736793518066406e+00
-6.822859644889831543e-01
-3.540679439902305603e-02
1.409142613410949707e+00
3.961019963026046753e-02
-1.424735307693481445e+00
-2.454264014959335327e-01
9.333055019378662109e-01
-9.348828792572021484e-01
2.766843140125274658e-01
9.802029728889465332e-01
