-8.248591423034667969e-01
-3.221274316310882568e-01
3.446466326713562012e-01
2.755114436149597168e-01
-3.003341555595397949e-01
4.591837227344512939e-01
-1.797225117683410645e+00
2.569923698902130127e-01
-7.902017235755920410e-02
3.369351029396057129e-01
-1.011296749114990234e+00
6.831215620040893555e-01
1.628625541925430298e-01
3.747672438621520996e-01
7.170748114585876465e-01
-8.218404650688171387e-01
7.545289993286132812e-01
-6.117914319038391113e-01
1.298328518867492676e+00
9.093288183212280273e-01
-1.689602285623550415e-01
5.130110979080200195e-01
-4.762575626373291016e-01
-7.038308382034301758e-01
1.705455780029296875e-01
1.636554747819900513e-01
-4.731324687600135803e-02
1.359833955764770508e+00
-4.459961950778961182e-01
-1.229443475604057312e-01
1.458535075187683105e+00
6.233419179916381836e-01
7.133264541625976562e-01
8.885797262191772461e-01
-3.801115751266479492e-01
9.309700727462768555e-01
2.615071833133697510e-01
1.197390317916870117e+00
-6.791061758995056152e-01
-8.274484276771545410e-01
5.207221508026123047e-01
-3.346605002880096436e-01
-1.841570250689983368e-02
7.306801676750183105e-01
8.244071900844573975e-02
-8.962662220001220703e-01
-1.004110336303710938e+00
6.362838745117187500e-01
4.183743000030517578e-01
2.033008337020874023e-01
2.612037062644958496e-01
-4.849597811698913574e-02
-2.599265575408935547e-01
-5.688610672950744629e-02
1.925943046808242798e-02
7.525778412818908691e-01
2.121760129928588867e+00
1.134919881820678711e+00
2.388672679662704468e-01
7.384371161460876465e-01
9.145550727844238281e-01
1.341299295425415039e+00
-9.467174857854843140e-02
6.550014019012451172e-01
-1.155449390411376953e+00
-1.017290592193603516e+00
-8.537907004356384277e-01
-3.073045015335083008e-01
-8.827045559883117676e-01
2.858670949935913086e-01
-4.387209415435791016e-01
1.205415964126586914e+00
1.414123058319091797e+00
4.830890893936157227e-01
3.551902174949645996e-01
9.182181954383850098e-01
-2.327079772949218750e+00
5.037323236465454102e-01
-1.791793823242187500e+00
-2.987923622131347656e-01
1.161993861198425293e+00
8.841235041618347168e-01
7.705371826887130737e-02
1.883291482925415039e+00
8.245934844017028809e-01
-6.533344835042953491e-02
1.493886578828096390e-03
3.978835046291351318e-01
-2.797300338745117188e+00
-6.356588006019592285e-01
4.944552481174468994e-01
3.034342825412750244e-01
-1.231545090675354004e+00
1.114599823951721191e+00
8.379637598991394043e-01
7.271506190299987793e-01
3.756676614284515381e-02
5.407941341400146484e-01
-1.169333577156066895e+00
6.164758205413818359e-01
-4.539227187633514404e-01
1.207933351397514343e-01
1.110575556755065918e+00
-1.341950178146362305e+00
9.544232487678527832e-01
2.124602079391479492e+00
-8.801531195640563965e-01
-5.776353478431701660e-01
-2.422662377357482910e-01
-3.252026140689849854e-01
9.693770408630371094e-01
-8.280576467514038086e-01
1.158124729990959167e-01
6.295326948165893555e-01
-3.594399094581604004e-01
-9.511722922325134277e-01
-8.746764063835144043e-02
-3.020308017730712891e-01
-3.672306835651397705e-01
2.734614014625549316e-01
-1.271071314811706543e+00
-1.453373193740844727e+00
5.297058224678039551e-01
1.096912384033203125e+00
3.261438608169555664e-01
5.420306921005249023e-01
6.587408781051635742e-01
6.493596434593200684e-01
-4.849341511726379395e-01
9.458994120359420776e-02
-7.284916043281555176e-01
3.883389234542846680e-01
2.053981423377990723e-01
-2.054136037826538086e+00
-9.714904427528381348e-01
1.218187093734741211e+00
-3.169657588005065918e-01
-1.753060460090637207e+00
-2.284471273422241211e+00
1.008289456367492676e+00
1.164195775985717773e+00
4.793308675289154053e-01
-4.455928131937980652e-02
2.586703896522521973e-01
-2.508033215999603271e-01
-2.185460627079010010e-01
-1.145278573036193848e+00
1.378646731376647949e+00
1.045174479484558105e+00
1.343955751508474350e-02
1.210763931274414062e+00
5.134310722351074219e-01
6.230754852294921875e-01
-1.240531206130981445e+00
1.149109825491905212e-01
-1.414243817329406738e+00
1.794869899749755859e+00
1.740315854549407959e-01
-4.971637576818466187e-02
7.868959307670593262e-01
-5.238504409790039062e-01
-1.704883426427841187e-01
6.911898851394653320e-01
-3.550503253936767578e-01
1.282201290130615234e+00
9.494779706001281738e-01
1.300282835960388184e+00
-1.202262341976165771e-01
-1.477266311645507812e+00
2.564975917339324951e-01
-9.230677485466003418e-01
-1.754573360085487366e-02
1.669048517942428589e-01
-7.904357314109802246e-01
1.639957427978515625e+00
-2.334412187337875366e-01
-7.117893695831298828e-01
-8.106690831482410431e-03
1.773661136627197266e+00
8.056004047393798828e-01
-2.605002522468566895e-01
-2.857412099838256836e-01
-1.064686059951782227e+00
7.239397168159484863e-01
-6.751510500907897949e-01
-2.755678594112396240e-01
-1.040181994438171387e+00
-2.474970340728759766e+00
-5.078731775283813477e-01
3.095509111881256104e-01
-1.282216548919677734e+00
7.493590116500854492e-01
1.598895072937011719e+00
-5.295189619064331055e-01
4.429303705692291260e-01
-2.675966322422027588e-01
8.664540052413940430e-01
-1.611963868141174316e+00
-8.112159371376037598e-01
3.555627167224884033e-01
-3.231027424335479736e-01
1.810423612594604492e+00
1.323166489601135254e+00
3.520444631576538086e-01
4.019326567649841309e-01
-7.080262303352355957e-01
-8.190415799617767334e-02
5.639746189117431641e-01
-2.045373991131782532e-02
2.240415096282958984e+00
1.905711293220520020e-01
-1.424947381019592285e+00
4.103008806705474854e-01
8.496919870376586914e-01
-8.035538196563720703e-01
-4.029270261526107788e-02
-5.344825983047485352e-01
-3.025227189064025879e-01
-1.786795735359191895e+00
6.581943482160568237e-02
-3.407998085021972656e-01
1.738693267107009888e-01
2.947328090667724609e-01
-2.779820263385772705e-01
-6.225886344909667969e-01
3.654570579528808594e-01
-1.176096320152282715e+00
-2.915325462818145752e-01
-1.052684783935546875e+00
-7.151352763175964355e-01
7.059585303068161011e-02
5.946803092956542969e-01
7.469838261604309082e-01
-3.457158803939819336e-02
2.165332585573196411e-01
-2.196485847234725952e-01
-1.972838401794433594e+00
1.230108216404914856e-01
5.546993762254714966e-02
-1.829469352960586548e-01
3.262239992618560791e-01
-1.644482016563415527e+00
-1.168587803840637207e-02
-1.396695613861083984e+00
-4.263466000556945801e-01
3.956066966056823730e-01
-4.401397407054901123e-01
1.991175673902034760e-02
-8.703331351280212402e-01
-4.736942350864410400e-01
4.247655272483825684e-01
1.030100584030151367e+00
1.104611977934837341e-01
-3.160150051116943359e-01
2.792481184005737305e-01
1.432974636554718018e-01
-1.635027825832366943e-01
-2.223617434501647949e-01
-4.158481955528259277e-01
-1.245079278945922852e+00
-1.397307515144348145e-01
-8.718361258506774902e-01
-6.086154282093048096e-02
-2.944390535354614258e+00
1.414344310760498047e+00
1.122645974159240723e+00
9.058025479316711426e-02
-3.269382119178771973e-01
-1.416543960571289062e+00
-5.683179497718811035e-01
1.418234348297119141e+00
-6.057900786399841309e-01
9.493346810340881348e-01
-8.992497920989990234e-01
8.841530680656433105e-01
-9.842331409454345703e-01
6.714475750923156738e-01
7.869955301284790039e-01
4.122666418552398682e-01
-4.503870606422424316e-01
-9.188505411148071289e-01
-1.660318523645401001e-01
2.760182321071624756e-01
-3.728219270706176758e-01
-9.331384301185607910e-01
8.629300594329833984e-01
6.257854402065277100e-02
-9.924563765525817871e-02
3.560798764228820801e-01
-2.701436281204223633e-01
2.908757627010345459e-01
3.029539883136749268e-01
1.469456791877746582e+00
-4.947063699364662170e-02
5.192060470581054688e-01
-6.351097822189331055e-01
-1.129512429237365723e+00
-1.859480261802673340e+00
-1.303578615188598633e-01
-1.141451954841613770e+00
-5.036334693431854248e-02
1.352216720581054688e+00
8.748321533203125000e-01
-5.772566199302673340e-01
1.295472502708435059e+00
-7.733998894691467285e-01
6.114946007728576660e-01
-1.557577610015869141e+00
1.310115307569503784e-01
-6.942085623741149902e-01
7.560949921607971191e-01
-7.175142168998718262e-01
-1.450468063354492188e+00
-1.237149119377136230e+00
3.846792578697204590e-01
-3.430275917053222656e-01
-1.350831836462020874e-01
1.065811157226562500e+00
1.184595823287963867e+00
-1.180230021476745605e+00
-8.261992931365966797e-01
4.955682754516601562e-01
-1.218722820281982422e+00
-1.058742165565490723e+00
6.628774851560592651e-02
1.432638645172119141e+00
2.925095558166503906e-01
-1.306466579437255859e+00
-1.196878910064697266e+00
5.236663222312927246e-01
-6.864726543426513672e-01
-2.107673406600952148e+00
1.533042073249816895e+00
6.879430264234542847e-02
1.903109103441238403e-01
1.016980767250061035e+00
-2.844769358634948730e-01
1.033131361007690430e+00
1.710925102233886719e-01
1.843253374099731445e-01
9.562352299690246582e-02
9.256051182746887207e-01
1.275141835212707520e+00
1.885966509580612183e-01
3.373366594314575195e-01
-9.087719917297363281e-01
-1.389751285314559937e-01
-4.247463308274745941e-03
-2.182591438293457031e+00
-6.699352860450744629e-01
-1.597767025232315063e-01
1.970447748899459839e-01
-5.816792845726013184e-01
7.537684440612792969e-01
4.893500804901123047e-01
-1.267872154712677002e-01
-1.429562807083129883e+00
4.786137640476226807e-01
7.024550437927246094e-01
3.756175935268402100e-01
-8.310726881027221680e-01
-1.821390986442565918e-01
-7.694717645645141602e-01
2.804247617721557617e+00
2.434394598007202148e+00
8.795720338821411133e-01
-3.350656032562255859e-01
-3.001061975955963135e-01
-9.454522728919982910e-01
2.661411464214324951e-01
-7.698346972465515137e-01
1.268190979957580566e+00
-9.282917976379394531e-01
8.984062075614929199e-01
-6.558135151863098145e-01
6.851127743721008301e-01
1.541558504104614258e+00
-1.315148770809173584e-01
-2.067787647247314453e-01
1.370595335960388184e+00
5.980431288480758667e-02
5.987170934677124023e-01
-1.590201258659362793e-01
-5.759264826774597168e-01
-3.560617566108703613e-01
2.068588137626647949e-01
-1.320191979408264160e+00
1.352304935455322266e+00
5.670945048332214355e-01
-1.815129965543746948e-01
1.087503910064697266e+00
9.599046707153320312e-01
3.475537300109863281e-01
4.338682815432548523e-02
1.272218823432922363e+00
6.727766990661621094e-01
7.520233988761901855e-01
-5.527477264404296875e-01
4.227886497974395752e-01
1.392405509948730469e+00
6.154647469520568848e-01
-7.747229337692260742e-01
-2.119269371032714844e+00
-1.393331289291381836e+00
5.434073805809020996e-01
7.813410162925720215e-01
1.572368592023849487e-01
-2.246128767728805542e-01
-5.145382285118103027e-01
-5.865268111228942871e-01
-1.334982156753540039e+00
4.824179038405418396e-02
-7.071976065635681152e-01
4.064186811447143555e-01
-1.405517339706420898e+00
-1.805139482021331787e-01
-1.147618889808654785e+00
-1.112658809870481491e-02
-1.372782111167907715e+00
-1.682558804750442505e-01
-4.365164041519165039e-01
-6.800514459609985352e-01
1.031245112419128418e+00
-9.950417280197143555e-01
6.479169428348541260e-02
-5.810846090316772461e-01
-8.535585403442382812e-01
7.304238080978393555e-01
-1.922475814819335938e+00
-2.702554762363433838e-01
-1.306321859359741211e+00
5.736921429634094238e-01
3.117419779300689697e-01
-1.456602066755294800e-01
-8.289405107498168945e-01
-9.939709901809692383e-01
4.596340060234069824e-01
3.481994867324829102e-01
2.527787089347839355e-01
-1.070622324943542480e+00
3.050710856914520264e-01
-4.033821523189544678e-01
1.007691383361816406e+00
6.677988767623901367e-01
-3.476535975933074951e-01
-1.080999597907066345e-01
1.280104517936706543e+00
1.417025804519653320e+00
-1.299852728843688965e+00
4.114035069942474365e-01
-7.721815109252929688e-01
-3.916049003601074219e-02
3.643280863761901855e-01
5.598491057753562927e-02
1.860311150550842285e+00
2.000051021575927734e+00
-1.313784599304199219e+00
-1.870959043502807617e+00
-5.131137967109680176e-01
-9.883947968482971191e-01
2.112697660923004150e-01
-1.678079128265380859e+00
4.549663364887237549e-01
-2.148545235395431519e-01
1.194424033164978027e+00
-3.359337747097015381e-01
1.997725069522857666e-01
4.612010419368743896e-01
-9.049701094627380371e-01
6.046934053301811218e-02
5.236579179763793945e-01
6.144483685493469238e-01
9.095161408185958862e-02
8.264756202697753906e-02
-7.510601878166198730e-01
1.825357228517532349e-01
5.675237178802490234e-01
-9.705708920955657959e-02
-8.141172528266906738e-01
-1.568289756774902344e+00
-1.079033136367797852e+00
-2.432488203048706055e+00
1.456125732511281967e-02
-2.452222816646099091e-02
-5.552555918693542480e-01
-2.899816036224365234e-01
-1.270841717720031738e+00
4.810545146465301514e-01
5.496639013290405273e-01
-1.888260006904602051e+00
-6.954035162925720215e-01
2.616144716739654541e-01
3.316577672958374023e-01
4.390043020248413086e-01
7.811636924743652344e-01
-1.420091748237609863e+00
5.471411719918251038e-02
8.167396783828735352e-01
6.770179141312837601e-03
1.050248384475708008e+00
1.155997276306152344e+00
1.588214755058288574e+00
9.927241206169128418e-01
-1.990935355424880981e-01
8.626634478569030762e-01
6.750966906547546387e-01
2.292523859068751335e-03
3.114970028400421143e-01
-5.109243392944335938e-01
2.653753757476806641e-01
-1.383115172386169434e+00
-1.237467169761657715e+00
5.720167756080627441e-01
-1.874439567327499390e-01
7.783091068267822266e-01
-6.830074191093444824e-01
9.925217628479003906e-01
-2.278512418270111084e-01
-1.515277028083801270e-01
-4.183211028575897217e-01
1.090706348419189453e+00
-3.644297719001770020e-01
5.786923319101333618e-02
1.242653131484985352e+00
-7.123546600341796875e-01
1.178709268569946289e+00
4.516822099685668945e-01
-1.688347578048706055e+00
4.325116276741027832e-01
-1.221937909722328186e-01
5.514818429946899414e-01
1.327239274978637695e+00
-1.145635008811950684e+00
-1.101433709263801575e-01
-1.085715293884277344e+00
-1.000711083412170410e+00
-2.779981493949890137e-01
8.707901239395141602e-01
-5.512760877609252930e-01
7.518865466117858887e-01
-7.322802543640136719e-01
-1.602793097496032715e+00
1.204619169235229492e+00
2.387198954820632935e-01
1.657945662736892700e-02
-1.814931035041809082e+00
2.279099076986312866e-01
-2.459633797407150269e-01
-7.841412425041198730e-01
5.354692339897155762e-01
-2.668593227863311768e-01
-1.240694642066955566e+00
1.060255527496337891e+00
1.787705540657043457e+00
9.793010354042053223e-01
6.454654335975646973e-01
-1.009810805320739746e+00
-1.091038584709167480e+00
6.799791455268859863e-01
1.406342744827270508e+00
-7.589355707168579102e-01
-1.594664454460144043e+00
6.874155402183532715e-01
-9.883422255516052246e-01
-4.590589925646781921e-02
-6.019607186317443848e-01
-2.862534523010253906e-01
4.603161290287971497e-02
-4.746076166629791260e-01
-1.100991845130920410e+00
-2.263861894607543945e+00
9.107509255409240723e-01
1.572987735271453857e-01
6.831785440444946289e-01
1.243282034993171692e-01
-1.077110022306442261e-01
4.200704097747802734e-01
-3.981745541095733643e-01
8.295764327049255371e-01
1.164982080459594727e+00
9.441819787025451660e-01
-1.401309520006179810e-01
4.599443078041076660e-02
2.340497493743896484e+00
1.181981489062309265e-01
1.894651949405670166e-01
-2.045286148786544800e-01
-8.196416497230529785e-02
6.544746160507202148e-01
-1.751536607742309570e+00
-8.682821393013000488e-01
3.574277460575103760e-01
-1.369659900665283203e+00
-6.148562431335449219e-01
-1.664677739143371582e+00
1.065666079521179199e+00
-1.323591232299804688e+00
-4.065233170986175537e-01
1.945776492357254028e-01
1.007343903183937073e-01
-1.718451082706451416e-01
-5.365446805953979492e-01
2.039382457733154297e-01
1.673554658889770508e+00
1.291880104690790176e-02
-2.835725247859954834e-01
5.332198143005371094e-01
4.950796365737915039e-01
-5.503247976303100586e-01
-1.901064813137054443e-01
4.270116388797760010e-01
7.808704376220703125e-01
-3.768613934516906738e-01
8.476071357727050781e-01
-9.077000617980957031e-01
5.221190452575683594e-01
-1.483958601951599121e+00
1.393061161041259766e+00
-1.040054440498352051e+00
-8.717437982559204102e-01
4.142249226570129395e-01
9.698874950408935547e-01
-1.078094720840454102e+00
-1.149043917655944824e+00
1.746336579322814941e+00
1.058949232101440430e+00
1.131903171539306641e+00
1.906004399061203003e-01
1.450580060482025146e-01
6.152465343475341797e-01
-1.170846462249755859e+00
-1.103834062814712524e-01
9.874659776687622070e-01
2.109149932861328125e+00
-3.577877581119537354e-01
-3.626286089420318604e-01
-8.472529649734497070e-01
-1.411500275135040283e-01
1.506538510322570801e+00
-1.741053700447082520e+00
-8.284991979598999023e-02
-7.347671985626220703e-01
-3.027822375297546387e-01
-2.028232812881469727e-01
-1.958884239196777344e+00
-1.055911064147949219e+00
-2.284933626651763916e-01
-9.240446090698242188e-01
-1.759195029735565186e-01
1.201282620429992676e+00
-3.747479915618896484e-01
-5.495948791503906250e-01
-3.684910535812377930e-01
-1.555991411209106445e+00
2.095506191253662109e-01
-1.037677884101867676e+00
-6.958188414573669434e-01
-1.238513588905334473e+00
-8.102723360061645508e-01
-7.719651460647583008e-01
4.672148078680038452e-02
-6.453421115875244141e-01
-9.750662446022033691e-01
-2.462327718734741211e+00
6.494732201099395752e-02
-8.338647484779357910e-01
-5.567656755447387695e-01
7.313536405563354492e-01
4.681801199913024902e-01
-4.738803207874298096e-01
-6.010219082236289978e-02
-4.921211004257202148e-01
-2.362458966672420502e-02
-1.047311902046203613e+00
6.907544732093811035e-01
-6.306812167167663574e-02
5.297074913978576660e-01
-5.933429598808288574e-01
-1.028088033199310303e-01
-9.111484289169311523e-01
-4.899525046348571777e-01
2.144409269094467163e-01
5.385243892669677734e-01
9.599300026893615723e-01
3.260367810726165771e-01
5.691509842872619629e-01
-7.237514853477478027e-01
-5.712871551513671875e-01
-1.649215459823608398e+00
-6.624534726142883301e-01
2.169648930430412292e-02
4.868431091308593750e-01
1.128635033965110779e-01
2.448946684598922729e-01
9.203311800956726074e-01
4.218219220638275146e-01
1.789273977279663086e+00
1.015038132667541504e+00
7.165257632732391357e-02
1.412174850702285767e-01
-1.077835202217102051e+00
-9.578208923339843750e-01
1.985747367143630981e-01
-4.044793248176574707e-01
1.772520422935485840e+00
7.070369124412536621e-01
1.159774899482727051e+00
2.918285429477691650e-01
-9.611355066299438477e-01
-1.700480818748474121e+00
7.659393548965454102e-02
1.057077348232269287e-01
2.083422422409057617e+00
1.745723009109497070e+00
-6.829147934913635254e-01
4.183451235294342041e-01
-1.462613493204116821e-01
4.774463474750518799e-01
1.286055922508239746e+00
-4.103004634380340576e-01
7.725448608398437500e-01
5.593458414077758789e-01
-1.773758769035339355e+00
1.343807220458984375e+00
-1.566736251115798950e-01
9.356729388236999512e-01
2.168808579444885254e-01
8.190095424652099609e-02
5.162470936775207520e-01
-9.939331412315368652e-01
-9.070222377777099609e-01
5.862366557121276855e-01
1.127469658851623535e+00
-3.834201693534851074e-01
8.938469737768173218e-02
-1.088010907173156738e+00
1.286939740180969238e+00
-1.283532381057739258e-02
5.658856034278869629e-01
-2.755807876586914062e+00
8.213321566581726074e-01
-1.603939771652221680e+00
5.575386881828308105e-01
8.728410005569458008e-01
1.001960858702659607e-01
-1.409043669700622559e+00
8.384507298469543457e-01
1.565361469984054565e-01
-1.196332350373268127e-01
1.451293468475341797e+00
1.274396032094955444e-01
-1.784177422523498535e+00
2.496007680892944336e-01
-1.167146205902099609e+00
7.521210908889770508e-01
-6.758884787559509277e-01
3.091292977333068848e-01
1.525409698486328125e+00
5.130696296691894531e-01
6.867186725139617920e-02
2.026931047439575195e+00
-6.760802865028381348e-01
-1.609897494316101074e+00
-8.731754422187805176e-01
4.916471540927886963e-01
-7.129741311073303223e-01
8.612931519746780396e-02
7.248007655143737793e-01
