2.597017884254455566e-01
-8.661636710166931152e-02
6.222409605979919434e-01
-9.889024496078491211e-01
3.079510629177093506e-01
4.614838659763336182e-01
-2.357997179031372070e+00
2.769604027271270752e-01
-1.887337088584899902e+00
-8.048247694969177246e-01
-1.220469236373901367e+00
1.337303757667541504e+00
1.471798494458198547e-02
-3.271003961563110352e-01
-3.294734954833984375e-01
-7.298083305358886719e-01
2.091204166412353516e+00
4.414846301078796387e-01
8.231734633445739746e-01
-7.153836488723754883e-01
2.316557466983795166e-01
1.347247213125228882e-01
3.279822170734405518e-01
-1.175643444061279297e+00
-1.769532442092895508e+00
6.906764507293701172e-01
-9.941480755805969238e-01
7.523756027221679688e-01
-1.482680320739746094e+00
2.927712500095367432e-01
8.290776610374450684e-01
3.897773921489715576e-01
-3.643754422664642334e-01
1.124708577990531921e-01
-2.574953436851501465e-01
3.800972104072570801e-01
-5.945944190025329590e-01
1.083178639411926270e+00
-6.298884749412536621e-01
-1.218148827552795410e+00
-2.350360453128814697e-01
7.022849321365356445e-01
-9.579744338989257812e-01
1.375514626502990723e+00
1.058737993240356445e+00
1.063168525695800781e+00
3.590258359909057617e-01
1.404108047485351562e+00
3.152107587084174156e-03
-1.663716733455657959e-01
1.027476310729980469e+00
2.286290526390075684e-01
1.168954253196716309e+00
-8.697840571403503418e-01
4.231497645378112793e-01
-6.796154975891113281e-01
1.860426783561706543e+00
-7.882143259048461914e-01
4.453976154327392578e-01
8.024169802665710449e-01
1.376393139362335205e-01
7.747876644134521484e-01
-3.766132891178131104e-01
-1.311582922935485840e-01
-5.834175348281860352e-01
9.606238603591918945e-01
-5.823882818222045898e-01
-1.059646487236022949e+00
2.858507335186004639e-01
-4.340000152587890625e-01
-6.859829425811767578e-01
8.443605303764343262e-01
8.601015210151672363e-01
-6.193439364433288574e-01
3.547760248184204102e-01
-8.999758958816528320e-01
-6.403772234916687012e-01
-1.062049627304077148e+00
-3.004683554172515869e-01
-2.284063696861267090e-01
1.501195549964904785e+00
-5.900316238403320312e-01
-6.447476148605346680e-01
1.340383529663085938e+00
5.966888070106506348e-01
-5.553045868873596191e-01
-6.403855979442596436e-02
1.342756032943725586e+00
-2.086728096008300781e+00
1.768775731325149536e-01
-2.725664377212524414e-01
-9.341935515403747559e-01
-1.113590121269226074e+00
1.430379867553710938e+00
-6.297897100448608398e-01
6.297469139099121094e-01
-1.071378827095031738e+00
6.116830110549926758e-01
-8.061789274215698242e-01
-5.951197147369384766e-01
6.930119544267654419e-02
-4.765032827854156494e-01
-6.407527327537536621e-01
-2.361457347869873047e+00
-3.526348769664764404e-01
2.835077643394470215e-01
5.770642757415771484e-01
9.146141260862350464e-02
-6.604022979736328125e-01
-1.255396962165832520e+00
5.463157221674919128e-02
3.857502937316894531e-01
3.790053427219390869e-01
1.071613430976867676e+00
-8.631214499473571777e-01
-7.414364814758300781e-01
-1.259259343147277832e+00
-1.289902091026306152e+00
4.018113017082214355e-01
1.161143064498901367e+00
-1.414348371326923370e-02
5.040782094001770020e-01
-9.276896715164184570e-01
-9.293399751186370850e-02
-3.137713968753814697e-01
1.876783490180969238e+00
9.181209802627563477e-01
1.792708992958068848e+00
5.891289710998535156e-01
2.236475646495819092e-01
7.185134887695312500e-01
-4.177287593483924866e-02
3.277084827423095703e-01
5.709989070892333984e-01
1.291321992874145508e+00
-6.469630170613527298e-03
-2.978543043136596680e-01
-1.797125488519668579e-01
-1.153543710708618164e+00
1.451834559440612793e+00
6.748591065406799316e-01
9.960969686508178711e-01
-1.201844215393066406e+00
-8.582245111465454102e-01
-3.161998465657234192e-02
2.031927853822708130e-01
-4.131765365600585938e-01
2.010628461837768555e+00
6.876180171966552734e-01
1.496202945709228516e+00
1.086012363433837891e+00
-3.127346932888031006e-01
4.814503714442253113e-02
-1.036233544349670410e+00
3.850117325782775879e-01
-8.379435539245605469e-01
2.123074680566787720e-01
1.159133315086364746e+00
2.019750773906707764e-01
3.873740732669830322e-01
2.329362928867340088e-02
-4.017891585826873779e-01
-1.677730441093444824e+00
1.804445125162601471e-02
1.230757832527160645e+00
9.631888866424560547e-01
-1.753617376089096069e-01
-5.109908580780029297e-01
1.152030229568481445e+00
2.094490677118301392e-01
-1.335101366043090820e+00
3.222586810588836670e-01
7.699479907751083374e-02
-2.107016444206237793e-01
1.194166302680969238e+00
-3.500929474830627441e-01
4.448329508304595947e-01
5.300247073173522949e-01
1.403401613235473633e+00
6.242055818438529968e-02
9.807914495468139648e-01
-2.111026346683502197e-01
-1.568404436111450195e+00
-6.617257595062255859e-01
-1.860472559928894043e-01
-7.531262636184692383e-01
-4.946174919605255127e-01
-2.026080131530761719e+00
8.229297399520874023e-01
-4.677700698375701904e-01
-9.818319976329803467e-02
2.105426788330078125e+00
2.022856175899505615e-01
-1.183910369873046875e+00
-8.964983820915222168e-01
5.604461431503295898e-01
-3.032336533069610596e-01
-2.779266119003295898e+00
1.724622584879398346e-02
4.892163276672363281e-01
-2.431959211826324463e-01
7.521842420101165771e-02
7.130991816520690918e-01
-7.270695269107818604e-02
-6.504266262054443359e-01
4.442651271820068359e-01
-4.726576507091522217e-01
-1.909958869218826294e-01
1.634914278984069824e-01
-1.779612004756927490e-01
5.883848294615745544e-02
-8.145443201065063477e-01
-3.344372212886810303e-01
1.070028781890869141e+00
1.102790236473083496e-02
-7.502496242523193359e-01
-8.468502014875411987e-02
5.774453878402709961e-01
5.930621027946472168e-01
4.730957373976707458e-02
-2.559892535209655762e-01
3.176164925098419189e-01
2.557817399501800537e-01
-4.888093173503875732e-01
1.335551381111145020e+00
1.846548795700073242e+00
-6.205378174781799316e-01
-1.202041745185852051e+00
-5.340210795402526855e-01
4.497410655021667480e-01
-4.280533790588378906e-01
-4.175862669944763184e-01
2.315260410308837891e+00
2.722458839416503906e-01
-7.331252098083496094e-01
-6.840735673904418945e-01
-6.561675667762756348e-01
6.764789223670959473e-01
-8.448848128318786621e-01
-4.593546986579895020e-01
-9.391434192657470703e-01
-5.348867774009704590e-01
1.086939778178930283e-02
-2.271122694015502930e+00
1.276594877243041992e+00
-4.945499598979949951e-01
5.894035100936889648e-02
1.195168495178222656e+00
-2.304842948913574219e+00
8.390316963195800781e-01
-1.550519585609436035e+00
1.039817929267883301e-01
8.543708920478820801e-02
3.621055558323860168e-02
1.266594678163528442e-01
5.566270351409912109e-01
3.545673787593841553e-01
-9.409652352333068848e-01
-1.005494356155395508e+00
-1.513864040374755859e+00
1.059483528137207031e+00
-4.436908364295959473e-01
-1.690518021583557129e+00
-2.422323465347290039e+00
-4.807708263397216797e-01
1.703590899705886841e-01
6.375629901885986328e-01
1.418190956115722656e+00
3.353845775127410889e-01
-1.469834335148334503e-02
9.403065443038940430e-01
2.840703725814819336e-01
1.300969719886779785e+00
-5.404801964759826660e-01
-4.708265960216522217e-01
1.198330760002136230e+00
3.746553659439086914e-01
1.304552793502807617e+00
-1.197101712226867676e+00
-3.527385890483856201e-01
-1.171925902366638184e+00
-2.187478356063365936e-02
-2.217431664466857910e-01
-8.361120223999023438e-01
-2.283957749605178833e-01
5.393613129854202271e-02
-1.112544164061546326e-01
-2.805959284305572510e-01
3.563373684883117676e-01
3.591652512550354004e-01
-7.519772052764892578e-01
-7.379249334335327148e-01
1.326289623975753784e-01
-4.922378063201904297e-02
9.497262239456176758e-01
3.766059642657637596e-03
-1.318848598748445511e-02
-7.328314185142517090e-01
-7.599610090255737305e-01
-1.297717094421386719e+00
1.393854498863220215e+00
1.877364873886108398e+00
-3.075238168239593506e-01
2.032555788755416870e-01
1.323983669281005859e+00
-1.472189784049987793e+00
6.742324233055114746e-01
1.652137041091918945e+00
2.675267457962036133e-01
-1.424124557524919510e-02
8.587339520454406738e-01
3.698822259902954102e-01
4.855201840400695801e-01
-1.752703905105590820e+00
1.449870705604553223e+00
-3.912940993905067444e-02
-1.227898746728897095e-01
-9.354337453842163086e-01
1.360499620437622070e+00
-1.408042430877685547e+00
-4.870852828025817871e-01
4.637747108936309814e-01
-1.996209025382995605e+00
9.472332894802093506e-02
3.557457625865936279e-01
-1.813432127237319946e-01
1.223858952522277832e+00
-4.596530497074127197e-01
4.477493166923522949e-01
1.024145603179931641e+00
-1.851329207420349121e+00
2.408139407634735107e-02
1.553412795066833496e+00
-7.626084089279174805e-01
-8.871524035930633545e-02
5.408807396888732910e-01
-2.807967364788055420e-01
8.929432630538940430e-01
1.792840659618377686e-02
3.399763703346252441e-01
-1.823680102825164795e-01
2.189752459526062012e-01
-4.276134073734283447e-01
1.682061105966567993e-01
5.757131800055503845e-02
3.160420805215835571e-02
-3.006536960601806641e-01
1.817874237895011902e-02
-1.155642271041870117e+00
-2.537736110389232635e-02
-1.607414931058883667e-01
1.402744948863983154e-01
-2.156088501214981079e-01
1.096842885017395020e+00
5.331661105155944824e-01
-1.337751746177673340e+00
-8.216410279273986816e-01
-8.259996771812438965e-01
-8.211266398429870605e-01
1.012977242469787598e+00
-7.455235123634338379e-01
2.563562095165252686e-01
-1.509187459945678711e+00
2.184785604476928711e+00
1.263968348503112793e+00
-2.786582149565219879e-02
-5.398106575012207031e-01
1.346527814865112305e+00
-5.806990861892700195e-01
-1.598657965660095215e-01
5.193517208099365234e-01
3.133675158023834229e-01
-1.135004520416259766e+00
8.120021820068359375e-01
-4.920864999294281006e-01
4.862091839313507080e-01
1.025604367256164551e+00
-8.862780332565307617e-01
-8.837093412876129150e-02
6.728790998458862305e-01
-8.686497062444686890e-02
-1.769315302371978760e-01
-1.483202874660491943e-01
2.541413009166717529e-01
1.455839276313781738e+00
-5.361738801002502441e-02
-1.515163302421569824e+00
2.495850175619125366e-01
1.006400346755981445e+00
1.986172348260879517e-01
-2.182098664343357086e-02
1.217026039958000183e-01
-1.040331244468688965e+00
-1.284153163433074951e-01
7.538641095161437988e-01
-4.866324663162231445e-01
1.790705561637878418e+00
8.409346342086791992e-01
-2.071686536073684692e-01
-4.399197176098823547e-02
-4.799548387527465820e-01
-5.328081846237182617e-01
3.080179989337921143e-01
6.060928702354431152e-01
3.796201050281524658e-01
1.751034736633300781e+00
4.994531273841857910e-01
-6.286176443099975586e-01
-2.339289337396621704e-01
1.170218229293823242e+00
3.756576776504516602e-02
-8.819442987442016602e-01
5.134190618991851807e-02
5.927566885948181152e-01
-1.133756041526794434e+00
-6.339115649461746216e-02
1.379040956497192383e+00
3.710746467113494873e-01
-6.121213436126708984e-01
-2.428687363862991333e-01
-2.347513586282730103e-01
-1.073734521865844727e+00
3.330423533916473389e-01
9.474529027938842773e-01
-3.724146485328674316e-01
-2.370697632431983948e-02
3.976995944976806641e-01
-5.388715267181396484e-01
-6.086661219596862793e-01
-3.042920529842376709e-01
-2.309224009513854980e-01
4.413463771343231201e-01
-5.672103762626647949e-01
-3.852071762084960938e-01
-1.043888092041015625e+00
-9.825754165649414062e-01
-4.374645054340362549e-01
8.583285212516784668e-01
-1.064839586615562439e-01
-9.825281500816345215e-01
-6.268106698989868164e-01
5.230693221092224121e-01
1.293178349733352661e-01
6.800259947776794434e-01
-1.323626518249511719e+00
2.677346467971801758e-01
3.441223204135894775e-01
1.510433673858642578e+00
-6.069468706846237183e-02
6.392563581466674805e-01
1.443962931632995605e+00
-1.098000705242156982e-01
7.523344159126281738e-01
-1.184538960456848145e+00
2.583693981170654297e+00
2.087594747543334961e+00
-5.962526425719261169e-02
-4.241290688514709473e-01
7.713333368301391602e-01
6.564096808433532715e-01
1.957658290863037109e+00
-1.992328047752380371e+00
1.640371084213256836e+00
2.124758958816528320e-01
-4.208703637123107910e-01
1.513005942106246948e-01
-1.866727769374847412e-01
1.496952772140502930e+00
-6.796168088912963867e-01
-5.224380493164062500e-01
2.134664654731750488e-01
7.426937818527221680e-01
-8.213683962821960449e-01
1.418459415435791016e-01
1.011570096015930176e+00
-2.146690934896469116e-01
8.973135352134704590e-01
-1.229164749383926392e-01
-1.580370366573333740e-01
-4.806421399116516113e-01
-1.076536536216735840e+00
-1.881008625030517578e+00
2.755432128906250000e-01
1.085625812411308289e-01
-1.789759546518325806e-01
-1.272237151861190796e-01
-5.871427059173583984e-01
-1.087975725531578064e-01
1.007255077362060547e+00
3.080450594425201416e-01
-1.598944664001464844e-01
1.044469475746154785e+00
1.976591795682907104e-01
-1.080793380737304688e+00
1.950561404228210449e-01
-2.658820450305938721e-01
-2.776537537574768066e-01
2.806302905082702637e-01
-1.142129376530647278e-01
-4.973013699054718018e-01
7.224167585372924805e-01
-6.532476097345352173e-02
3.513864576816558838e-01
6.975058317184448242e-01
-1.415552049875259399e-01
3.584652543067932129e-01
-7.247951030731201172e-01
-3.804896473884582520e-01
4.727122187614440918e-01
3.821959719061851501e-02
-1.365367174148559570e+00
-4.079600274562835693e-01
5.025304555892944336e-01
-3.727455735206604004e-01
1.237993240356445312e-01
7.790054082870483398e-01
1.213007211685180664e+00
-9.592831730842590332e-01
4.037666693329811096e-02
-6.602573394775390625e-01
1.753918766975402832e+00
3.157845139503479004e-01
1.092257261276245117e+00
1.031435608863830566e+00
-1.091214895248413086e+00
-2.061618566513061523e-01
-7.428463101387023926e-01
-5.241957902908325195e-01
-8.709539175033569336e-01
1.166037321090698242e+00
-8.974825590848922729e-02
-4.961590170860290527e-01
-5.705695152282714844e-01
-5.408992171287536621e-01
-1.926417089998722076e-02
-3.743356704711914062e+00
-1.203244209289550781e+00
1.997964680194854736e-01
-2.482577413320541382e-01
-5.736917853355407715e-01
5.452915430068969727e-01
4.045802354812622070e-02
8.018237352371215820e-01
-7.163023948669433594e-01
4.544277489185333252e-01
-2.997931540012359619e-01
5.453336834907531738e-01
5.154299736022949219e-01
-9.612346440553665161e-02
3.974553942680358887e-01
-6.293930411338806152e-01
-2.326829433441162109e-01
3.400338292121887207e-01
9.211322665214538574e-01
1.060451626777648926e+00
-3.635774850845336914e-01
-3.753409981727600098e-01
-2.254571914672851562e+00
1.853322535753250122e-01
5.291792750358581543e-01
-5.110632777214050293e-01
-2.036929726600646973e-01
-5.202869176864624023e-01
-7.107736468315124512e-01
1.199770927429199219e+00
4.626248478889465332e-01
5.987678766250610352e-01
-3.405188769102096558e-02
-1.182569861412048340e+00
-9.614883661270141602e-01
-2.140030860900878906e+00
-5.613980889320373535e-01
-6.612691879272460938e-01
7.963061332702636719e-01
2.315431386232376099e-01
4.149941205978393555e-01
-1.805004715919494629e+00
-3.557849824428558350e-01
6.696481108665466309e-01
9.865123629570007324e-01
-1.255264759063720703e+00
2.664388418197631836e-01
2.782757878303527832e-01
8.077346682548522949e-01
1.943111121654510498e-01
4.971499741077423096e-01
-7.212681174278259277e-01
1.360078901052474976e-01
-9.201656579971313477e-01
1.597895473241806030e-02
-3.739262931048870087e-03
3.577069640159606934e-01
-5.946877002716064453e-01
-5.911536812782287598e-01
7.037973999977111816e-01
9.795097708702087402e-01
2.237650454044342041e-01
-9.633022360503673553e-03
5.983236432075500488e-01
-2.952859997749328613e-01
-1.590288758277893066e+00
9.343326091766357422e-01
-7.716418504714965820e-01
-6.233321130275726318e-02
4.680792093276977539e-01
-1.341673135757446289e+00
8.112735748291015625e-01
3.573501948267221451e-03
9.466123580932617188e-01
1.323661059141159058e-01
-3.815779387950897217e-01
6.575536727905273438e-02
-6.617821007966995239e-02
8.228927254676818848e-01
-4.577017724514007568e-01
-1.315953850746154785e+00
-3.617264032363891602e-01
4.362518340349197388e-02
3.184706205502152443e-03
-8.962325453758239746e-01
3.909435272216796875e-01
4.133103787899017334e-01
-7.656534910202026367e-01
1.093752533197402954e-01
-4.832523465156555176e-01
1.189814448356628418e+00
1.625355362892150879e+00
5.055062845349311829e-02
1.097851276397705078e+00
-2.379483282566070557e-01
-4.511141404509544373e-02
-2.407461881637573242e+00
6.119439601898193359e-01
2.058367729187011719e-01
-5.545620322227478027e-01
-1.335185050964355469e+00
-1.117903590202331543e+00
4.069783985614776611e-01
-4.342025220394134521e-01
-2.383220940828323364e-01
-1.249212265014648438e+00
1.146495223045349121e+00
-2.947824299335479736e-01
-1.833998441696166992e+00
1.848713040351867676e+00
-1.009104251861572266e+00
-3.177282214164733887e-02
-6.901070475578308105e-02
-7.757828235626220703e-01
3.895219862461090088e-01
-2.120716571807861328e+00
5.888448357582092285e-01
-3.302384018898010254e-01
-6.664474606513977051e-01
2.783085778355598450e-02
-8.642625212669372559e-01
-1.094371318817138672e+00
3.963780999183654785e-01
-7.385987043380737305e-01
-7.631214857101440430e-01
-4.486173391342163086e-01
2.150231152772903442e-01
4.493071734905242920e-01
6.761126518249511719e-01
-5.017009377479553223e-01
-4.280368387699127197e-01
-1.061199665069580078e+00
-8.144406456267461181e-05
-8.915427327156066895e-02
-1.551488637924194336e-01
-2.241596460342407227e+00
-4.700212776660919189e-01
-1.303911022841930389e-02
4.767080247402191162e-01
5.949582457542419434e-01
-1.291189938783645630e-01
-1.327874958515167236e-01
6.092779636383056641e-01
4.359407350420951843e-02
-1.528246521949768066e+00
1.382386326789855957e+00
6.733230352401733398e-01
6.149567365646362305e-01
-4.888649284839630127e-01
-3.629743158817291260e-01
-4.666287600994110107e-01
-1.269510030746459961e+00
1.852889955043792725e-01
-4.994953870773315430e-01
-5.215089917182922363e-01
-5.960405338555574417e-03
7.464784979820251465e-01
-3.891456723213195801e-01
3.815430775284767151e-02
2.002598345279693604e-01
1.258954703807830811e-01
9.325557388365268707e-03
5.307466983795166016e-01
-3.587110638618469238e-01
1.682836174964904785e+00
-7.423875331878662109e-01
-2.283280849456787109e+00
1.265980958938598633e+00
-1.160314559936523438e+00
5.161568522453308105e-01
2.244285307824611664e-02
1.152826666831970215e+00
-5.286734104156494141e-01
3.866636455059051514e-01
-1.883042931556701660e+00
-2.372062355279922485e-01
-2.963460087776184082e-01
-3.385464847087860107e-01
1.246012568473815918e+00
-6.463666260242462158e-02
-1.056385636329650879e+00
7.669802308082580566e-01
-1.034242868423461914e+00
-3.017174266278743744e-02
-1.925798505544662476e-01
-1.211431860923767090e+00
-3.174869120121002197e-01
-1.524154186248779297e+00
4.687206745147705078e-01
5.693283677101135254e-01
1.094762682914733887e+00
1.030534625053405762e+00
1.662783622741699219e-01
-3.221537626814097166e-04
-1.381620287895202637e+00
-3.238199651241302490e-01
1.191313266754150391e+00
7.340369224548339844e-01
6.060882806777954102e-01
5.293474793434143066e-01
-3.637262284755706787e-01
1.000111103057861328e+00
-4.641720652580261230e-01
-5.847435593605041504e-01
-1.192477941513061523e+00
1.878430396318435669e-01
2.025718688964843750e+00
1.677361488342285156e+00
4.962074756622314453e-02
-1.530037522315979004e-01
8.443816006183624268e-02
4.770030975341796875e-01
-8.103845715522766113e-01
2.730630040168762207e-01
-8.951964229345321655e-02
-7.680975198745727539e-01
-8.588297367095947266e-01
-3.438566625118255615e-01
-9.371651411056518555e-01
1.013864517211914062e+00
2.005965560674667358e-01
-2.090442776679992676e-01
4.841438531875610352e-01
1.569713354110717773e+00
3.029807098209857941e-02
5.476799607276916504e-01
-1.278335452079772949e+00
-5.701680183410644531e-01
8.078298568725585938e-01
9.683471918106079102e-01
4.027013853192329407e-02
-5.935876369476318359e-01
6.244987249374389648e-01
