-5.335600972175598145e-01
7.242884635925292969e-01
4.917016997933387756e-02
1.030953675508499146e-01
-1.381066679954528809e+00
-5.160691738128662109e-01
-1.451975584030151367e+00
-4.463680982589721680e-01
-9.697586894035339355e-01
6.647686958312988281e-01
-1.125856876373291016e+00
6.877838969230651855e-01
-8.701441287994384766e-01
1.274509549140930176e+00
1.397347599267959595e-01
3.900952935218811035e-01
2.631151199340820312e+00
1.006093740463256836e+00
1.663528323173522949e+00
2.118563354015350342e-01
4.228439629077911377e-01
2.169779501855373383e-02
1.216733455657958984e+00
-5.150222778320312500e-01
7.418991923332214355e-01
3.816299885511398315e-02
-9.181941151618957520e-01
-5.331613868474960327e-02
-1.374651551246643066e+00
-6.076955795288085938e-01
-4.064829349517822266e-01
-7.737700343132019043e-01
3.672581613063812256e-01
9.938511252403259277e-01
-2.791462540626525879e-01
-4.969973117113113403e-02
-3.134363889694213867e-01
1.024678707122802734e+00
-7.397688627243041992e-01
-1.827388763427734375e+00
7.285535335540771484e-01
1.011003971099853516e+00
-2.767172157764434814e-01
1.266854524612426758e+00
8.150314092636108398e-01
1.368961334228515625e+00
-7.600383758544921875e-01
6.772687435150146484e-01
-1.585995033383369446e-02
-5.863561630249023438e-01
-9.047819972038269043e-01
8.898385167121887207e-01
6.864584684371948242e-01
-9.247866272926330566e-01
-2.239400520920753479e-02
-1.464776396751403809e+00
2.221553325653076172e+00
-5.323500633239746094e-01
-4.865960776805877686e-02
4.647785127162933350e-01
-3.530383408069610596e-01
-2.688400447368621826e-01
-1.337994933128356934e+00
5.027809739112854004e-01
-7.824576497077941895e-01
-5.307502746582031250e-01
-2.447398304939270020e-01
-1.558719761669635773e-02
6.863250732421875000e-01
-1.128777503967285156e+00
-4.547075927257537842e-01
5.366739630699157715e-01
8.785044550895690918e-01
-2.010826319456100464e-01
-3.212168514728546143e-01
-2.069728672504425049e-01
6.089969724416732788e-02
-7.919364422559738159e-02
-3.271773159503936768e-01
-3.415638208389282227e-01
1.104814052581787109e+00
-9.034613966941833496e-01
-9.124677628278732300e-02
4.396622478961944580e-01
7.137794494628906250e-01
1.583348810672760010e-01
-1.155516207218170166e-01
7.652899026870727539e-01
-1.315285086631774902e+00
1.050625562667846680e+00
-7.454290390014648438e-01
-7.151461839675903320e-01
-1.693926751613616943e-01
9.125240445137023926e-01
3.131772577762603760e-01
7.054691314697265625e-01
-4.607489705085754395e-01
3.502351939678192139e-01
-1.443839788436889648e+00
-8.406938314437866211e-01
7.894188165664672852e-01
-8.524135351181030273e-01
5.295072793960571289e-01
-7.360953092575073242e-01
-3.089650534093379974e-02
1.193911075592041016e+00
1.122450947761535645e+00
-9.225514717400074005e-03
2.036139965057373047e-01
-1.223406419157981873e-01
9.682738780975341797e-01
-9.223608672618865967e-02
-1.036330342292785645e+00
8.751819133758544922e-01
-4.067629873752593994e-01
-1.257530212402343750e+00
4.618516564369201660e-01
2.734979093074798584e-01
5.412892699241638184e-01
-1.610828787088394165e-01
-3.537753820419311523e-01
-3.613618314266204834e-01
-8.708174526691436768e-02
5.067476630210876465e-01
4.845374077558517456e-02
5.418947935104370117e-01
1.087500452995300293e+00
1.303069114685058594e+00
3.131590783596038818e-01
1.941138952970504761e-01
-3.106906712055206299e-01
2.862593829631805420e-01
9.341629743576049805e-01
-1.839858144521713257e-01
1.007702872157096863e-01
3.347653448581695557e-01
1.770194321870803833e-01
-1.184887647628784180e+00
-2.229307889938354492e+00
6.724829077720642090e-01
-8.732292056083679199e-02
1.464757602661848068e-02
-2.019307136535644531e+00
-6.260876357555389404e-02
-4.155438840389251709e-01
-6.638851761817932129e-01
-5.986129045486450195e-01
5.474113225936889648e-01
1.949591338634490967e-01
2.044171571731567383e+00
7.693680524826049805e-01
-4.359920322895050049e-02
-6.127525493502616882e-02
-1.835916161537170410e+00
1.325015306472778320e+00
-5.464190244674682617e-01
6.964364051818847656e-01
-5.938073992729187012e-01
-6.308096051216125488e-01
-7.483565211296081543e-01
9.644721746444702148e-01
-2.071067392826080322e-01
-7.811886668205261230e-01
1.581327766180038452e-01
2.232993841171264648e+00
8.435998558998107910e-01
8.430034518241882324e-01
-9.758972525596618652e-01
5.709334015846252441e-01
2.510044574737548828e-01
-2.337108850479125977e-01
-5.405463576316833496e-01
-8.153311014175415039e-01
1.133610978722572327e-01
1.312777101993560791e-01
-1.281944274902343750e+00
3.051601648330688477e-01
1.167512416839599609e+00
-2.177152633666992188e-01
9.099958091974258423e-02
-6.854302482679486275e-04
7.699581384658813477e-01
-1.382544279098510742e+00
-3.213933110237121582e-01
2.903249859809875488e-01
9.201945364475250244e-02
-7.100059986114501953e-01
-2.617646217346191406e+00
2.650165855884552002e-01
-2.764185070991516113e-01
1.314059495925903320e+00
4.365530312061309814e-01
7.457797527313232422e-01
-8.968924880027770996e-01
1.357603166252374649e-02
4.282675683498382568e-01
4.014080762863159180e-01
-1.683471560478210449e+00
1.851015686988830566e-01
3.598995804786682129e-01
1.581083089113235474e-01
-2.025107383728027344e+00
6.816002130508422852e-01
3.247610926628112793e-01
7.656651139259338379e-01
-1.816354095935821533e-01
4.886346757411956787e-01
-9.126111268997192383e-01
3.360902667045593262e-01
1.430442184209823608e-01
-7.991318106651306152e-01
-1.246703028678894043e+00
-3.905870914459228516e-01
8.733241558074951172e-01
2.393247783184051514e-01
3.866002261638641357e-01
-1.148587346076965332e+00
6.290991902351379395e-01
1.378115296363830566e+00
1.868688166141510010e-01
7.925300002098083496e-01
5.802697539329528809e-01
9.533870220184326172e-01
3.065010532736778259e-02
8.222742676734924316e-01
1.581274867057800293e+00
-1.245109796524047852e+00
-4.509639143943786621e-01
4.080528318881988525e-01
2.730156183242797852e-01
-2.009057551622390747e-01
2.701892852783203125e-01
1.747739195823669434e+00
2.049040079116821289e+00
2.028945684432983398e+00
6.517257690429687500e-01
3.467483818531036377e-01
1.745534241199493408e-01
-1.120857372879981995e-01
-1.242731332778930664e+00
6.472527980804443359e-01
-6.825796365737915039e-01
6.563171744346618652e-01
-1.424978017807006836e+00
1.067679882049560547e+00
2.854239046573638916e-01
1.623118966817855835e-01
-7.422598004341125488e-01
-6.350041180849075317e-02
8.773211836814880371e-01
-2.335328757762908936e-01
-3.979922831058502197e-01
2.286041676998138428e-01
1.299656152725219727e+00
3.680651485919952393e-01
8.210891485214233398e-01
8.993812799453735352e-01
1.718957722187042236e-01
1.218027591705322266e+00
-3.923095762729644775e-01
-2.656179368495941162e-01
-8.199143409729003906e-01
-9.133132696151733398e-01
-9.270973205566406250e-01
-8.264741301536560059e-01
1.501303315162658691e+00
2.147864252328872681e-01
1.030278921127319336e+00
-9.340268373489379883e-01
-7.696863412857055664e-01
8.582090735435485840e-01
3.910757601261138916e-01
1.612217068672180176e+00
-5.748606920242309570e-01
-1.431885838508605957e+00
5.228286981582641602e-01
-5.313350558280944824e-01
1.674976110458374023e+00
-3.568498194217681885e-01
-1.215671658515930176e+00
-1.538674354553222656e+00
2.257609367370605469e-01
-7.296448349952697754e-01
-1.173028826713562012e+00
-2.227392196655273438e+00
-4.154831171035766602e-01
1.646144151687622070e+00
3.954279124736785889e-01
2.699323557317256927e-02
-1.771759390830993652e-01
-1.905957907438278198e-01
-1.936875432729721069e-01
4.717582464218139648e-01
-4.689179658889770508e-01
2.049123197793960571e-01
-1.094216704368591309e+00
4.062729422003030777e-03
-1.308054447174072266e+00
1.634530276060104370e-01
-1.850861310958862305e-01
1.705205678939819336e+00
2.144896984100341797e+00
-1.362070888280868530e-01
-3.233063817024230957e-01
1.410334467887878418e+00
-1.341091036796569824e+00
9.432803839445114136e-02
2.736333370208740234e+00
9.353180527687072754e-01
-8.634199500083923340e-01
-1.000586524605751038e-01
9.101673364639282227e-01
5.543215274810791016e-01
-1.305273413658142090e+00
-1.468031108379364014e-01
-1.530406594276428223e+00
-1.131655424833297729e-01
-1.584964543581008911e-01
-2.295456379652023315e-01
-1.985874533653259277e+00
6.311076283454895020e-01
-5.104316473007202148e-01
-2.012124300003051758e+00
1.207119897007942200e-01
-1.334305852651596069e-01
9.877412319183349609e-01
1.602979898452758789e-01
-2.803483009338378906e-01
-2.221378684043884277e-01
3.043797910213470459e-01
-1.002233028411865234e+00
1.046866893768310547e+00
1.672288298606872559e+00
-4.977690279483795166e-01
4.627088010311126709e-01
7.141163945198059082e-01
6.572157889604568481e-02
3.561746776103973389e-01
1.198126375675201416e-01
-7.567973434925079346e-02
7.406144142150878906e-01
-1.346507191658020020e+00
2.092460155487060547e+00
-8.857391476631164551e-01
4.387260973453521729e-02
-1.588705331087112427e-01
-6.311193704605102539e-01
-7.286828160285949707e-01
-6.240313053131103516e-01
2.428428828716278076e-02
-9.755405187606811523e-01
1.140877127647399902e+00
-9.129730612039566040e-02
1.192322894930839539e-01
2.005644887685775757e-01
9.284584224224090576e-02
-1.434142947196960449e+00
1.193461101502180099e-02
-3.745652437210083008e-01
-2.901239991188049316e-01
-6.515209078788757324e-01
-8.937978148460388184e-01
-1.544022679328918457e+00
1.904103755950927734e+00
5.521250367164611816e-01
-5.033424869179725647e-02
4.982225596904754639e-01
9.835302233695983887e-01
-1.640249252319335938e+00
-3.535205423831939697e-01
7.487966418266296387e-01
2.378198802471160889e-01
-2.677656412124633789e-01
1.160028874874114990e-01
-6.401196122169494629e-01
-9.008460044860839844e-01
1.041699528694152832e+00
-2.904131710529327393e-01
-7.230245321989059448e-02
-1.951249875128269196e-02
1.080499172210693359e+00
1.559628844261169434e-01
-1.428973227739334106e-01
-4.697479903697967529e-01
4.144676029682159424e-02
6.353513598442077637e-01
-1.696574330329895020e+00
2.374355308711528778e-02
6.843957901000976562e-01
-1.863133721053600311e-02
-5.904048308730125427e-02
2.333871126174926758e-01
-8.924016356468200684e-01
1.020862460136413574e+00
-2.061645314097404480e-02
-5.111552029848098755e-02
2.552619457244873047e+00
-5.964960455894470215e-01
1.048267960548400879e+00
-1.302763342857360840e+00
-4.815437495708465576e-01
-1.067894816398620605e+00
-1.266047477722167969e+00
3.592141568660736084e-01
1.751710288226604462e-02
-2.141437828540802002e-01
4.862285852432250977e-01
-4.354991614818572998e-01
-7.063313126564025879e-01
7.997819185256958008e-01
-1.221749410033226013e-01
-1.240834712982177734e+00
-3.057535551488399506e-02
1.208398342132568359e+00
-9.511923193931579590e-01
2.710151672363281250e-01
-1.217498660087585449e+00
-4.161823987960815430e-01
-1.820173561573028564e-01
2.881000339984893799e-01
-8.317285180091857910e-01
-6.949260830879211426e-01
9.720906019210815430e-01
1.110953807830810547e+00
6.771043539047241211e-01
-9.008120894432067871e-01
3.656080365180969238e-01
-6.174103021621704102e-01
-1.303734660148620605e+00
-1.166128963232040405e-01
6.652465462684631348e-01
4.825709462165832520e-01
1.193158477544784546e-01
4.321314394474029541e-01
-4.977155625820159912e-01
-7.060683965682983398e-01
9.743415117263793945e-01
4.162188470363616943e-01
4.479028284549713135e-01
2.065548747777938843e-01
-7.235217094421386719e-01
7.718982696533203125e-01
5.276674032211303711e-01
5.559132620692253113e-02
-8.624789118766784668e-01
-1.655306853353977203e-02
-1.633698493242263794e-01
4.326953589916229248e-01
-9.386115074157714844e-01
4.722756445407867432e-01
8.667896687984466553e-02
-1.137712955474853516e+00
4.837809503078460693e-01
-3.836543560028076172e-01
1.866065263748168945e+00
1.198581695556640625e+00
1.253777384757995605e+00
-4.853271543979644775e-01
1.572374105453491211e-01
4.967266619205474854e-01
8.588809967041015625e-01
-1.929769396781921387e+00
4.799656867980957031e-01
4.002516269683837891e-01
-1.369971990585327148e+00
1.562822908163070679e-01
-5.539161562919616699e-01
1.552286863327026367e+00
-1.672084569931030273e+00
-3.475717008113861084e-01
-7.933192700147628784e-02
2.534767985343933105e-01
-9.902937412261962891e-01
-1.422662854194641113e+00
1.152876392006874084e-01
-6.470146030187606812e-02
5.097696781158447266e-01
5.168211460113525391e-01
-4.825518429279327393e-01
5.475928187370300293e-01
-5.118812918663024902e-01
-2.280621528625488281e+00
2.612891048192977905e-02
-6.621129512786865234e-01
-1.117739319801330566e+00
4.472947865724563599e-02
-1.657867193222045898e+00
1.874047145247459412e-02
-2.260434813797473907e-02
7.804476618766784668e-01
7.547572851181030273e-01
-2.926274836063385010e-01
6.101808547973632812e-01
1.156223267316818237e-01
2.747146487236022949e-01
-2.710045874118804932e-01
-8.091028928756713867e-01
3.951492905616760254e-01
1.850577145814895630e-01
3.562945425510406494e-01
1.061295866966247559e+00
1.400694727897644043e+00
-3.110634982585906982e-01
2.057781070470809937e-02
2.333856225013732910e-01
-8.319535851478576660e-02
-1.519304871559143066e+00
-5.648260712623596191e-01
2.880131900310516357e-01
-1.242213368415832520e+00
3.601267933845520020e-01
2.390610277652740479e-01
-3.369485437870025635e-01
-4.296948015689849854e-01
5.288933515548706055e-01
6.771913170814514160e-01
9.655750393867492676e-01
5.188723802566528320e-01
1.027684092521667480e+00
-1.064360618591308594e+00
2.436908483505249023e+00
1.451382279396057129e+00
9.089391231536865234e-01
1.198930859565734863e+00
-9.627840518951416016e-01
4.816811066120862961e-03
-5.608215332031250000e-01
-9.760704636573791504e-01
-1.212407350540161133e+00
1.045203134417533875e-01
5.161107778549194336e-01
-3.894829154014587402e-01
-1.771475315093994141e+00
-2.226480722427368164e+00
1.652891784906387329e-01
-2.062301874160766602e+00
1.312307119369506836e-01
-8.920371532440185547e-02
-2.437231391668319702e-01
4.352990388870239258e-01
1.218834400177001953e+00
-5.271980762481689453e-01
-1.308129549026489258e+00
-2.103295177221298218e-01
3.067280650138854980e-01
-1.462665438652038574e+00
2.381347566843032837e-01
1.518282592296600342e-01
-5.795320868492126465e-01
-3.999756574630737305e-01
-3.558907806873321533e-01
-1.706496030092239380e-01
7.266557216644287109e-01
3.505477607250213623e-01
8.112121224403381348e-01
7.235247492790222168e-01
1.238299608230590820e+00
-3.192438185214996338e-01
-5.588375926017761230e-01
3.578175231814384460e-02
6.840695142745971680e-01
-6.995313763618469238e-01
-2.019227266311645508e+00
-8.317342400550842285e-01
1.825691580772399902e+00
8.958615660667419434e-01
1.112237215042114258e+00
-1.874732136726379395e+00
-1.978210330009460449e+00
-2.149064540863037109e-01
-1.548057436943054199e+00
-5.490002036094665527e-01
-1.654528260231018066e+00
7.821254730224609375e-01
7.024044394493103027e-01
-6.737744808197021484e-01
-1.682209491729736328e+00
6.965171545743942261e-02
-2.065703272819519043e-01
6.540314108133316040e-02
-6.009317636489868164e-01
1.286789327859878540e-01
-3.539497852325439453e-01
2.690778970718383789e-01
2.761648967862129211e-02
4.745028018951416016e-01
-9.212208390235900879e-01
3.958486616611480713e-01
4.795444011688232422e-01
-6.840435862541198730e-01
-5.268434882164001465e-01
-9.076202511787414551e-01
-3.678433299064636230e-01
-2.537156045436859131e-01
1.295318007469177246e+00
1.462441205978393555e+00
1.097100019454956055e+00
-1.103681996464729309e-01
-7.711779475212097168e-01
6.579323206096887589e-03
-1.224159240722656250e+00
3.539301753044128418e-01
-8.709294795989990234e-01
-3.487599790096282959e-01
-2.894892394542694092e-01
-1.377602219581604004e+00
4.082108736038208008e-01
-2.507345676422119141e-01
6.491828560829162598e-01
4.727117121219635010e-01
-2.112082690000534058e-01
4.927252233028411865e-01
-5.379323363304138184e-01
1.255985260009765625e+00
2.236119657754898071e-01
-6.789374947547912598e-01
-1.419851422309875488e+00
-3.435846418142318726e-02
-1.128735303878784180e+00
-4.973040819168090820e-01
6.244403123855590820e-01
6.086324453353881836e-01
2.242088317871093750e-01
-1.763474792242050171e-01
-3.435637056827545166e-01
1.293614506721496582e+00
1.505188584327697754e+00
4.018677175045013428e-01
3.230482339859008789e-01
1.139348268508911133e+00
-6.168431043624877930e-01
-2.268848896026611328e+00
1.825894713401794434e+00
-6.752545237541198730e-01
-8.774105310440063477e-01
-3.882383555173873901e-02
-1.005152463912963867e+00
3.334931135177612305e-01
-3.536162376403808594e-01
-1.134326219558715820e+00
1.107019424438476562e+00
1.008652687072753906e+00
4.745016098022460938e-01
-6.281785964965820312e-01
7.419098615646362305e-01
-4.237681031227111816e-01
1.686564534902572632e-01
7.870243191719055176e-01
-6.896017193794250488e-01
7.600097060203552246e-01
-1.792049407958984375e+00
-5.907523632049560547e-01
-6.839599609375000000e-01
-4.188656210899353027e-01
-1.460851073265075684e+00
-4.195825457572937012e-01
-1.014274716377258301e+00
1.496576189994812012e+00
-1.131139621138572693e-01
-7.444096207618713379e-01
2.763933539390563965e-01
3.135540783405303955e-01
-6.352541446685791016e-01
-3.136776387691497803e-01
-2.172248065471649170e-01
2.124864794313907623e-02
-8.306220769882202148e-01
1.219811737537384033e-01
2.241977155208587646e-01
5.040246844291687012e-01
-1.049070477485656738e+00
1.770409792661666870e-01
-1.480545520782470703e+00
1.455594301223754883e-01
3.838636279106140137e-01
-8.045368790626525879e-01
1.284722834825515747e-01
-4.214634299278259277e-01
-2.685502544045448303e-02
-4.115942716598510742e-01
1.431195020675659180e+00
-8.772768378257751465e-01
7.500230520963668823e-02
-2.181667387485504150e-01
-7.097793817520141602e-01
-6.098182406276464462e-03
-4.909698367118835449e-01
4.759863391518592834e-02
-7.488529682159423828e-01
-1.329804211854934692e-01
2.315480262041091919e-01
9.253726005554199219e-01
-9.546463936567306519e-02
-4.245334863662719727e-01
2.623111903667449951e-01
9.391567111015319824e-01
3.494144082069396973e-01
4.560323059558868408e-01
-2.980470955371856689e-01
9.658886194229125977e-01
6.824902892112731934e-01
-1.475238800048828125e+00
1.088426709175109863e+00
-1.046470999717712402e+00
7.584738135337829590e-01
-1.577944308519363403e-02
1.187843441963195801e+00
-2.044545710086822510e-01
4.695987105369567871e-01
-1.262229323387145996e+00
6.871973723173141479e-02
-6.824929118156433105e-01
-6.703226566314697266e-01
3.099035620689392090e-01
-2.030845135450363159e-01
-1.214497834444046021e-01
5.812263488769531250e-01
-1.894434913992881775e-02
3.833522796630859375e-01
-4.464808106422424316e-01
-1.289352893829345703e+00
-2.761610448360443115e-01
-2.216906785964965820e+00
6.331137418746948242e-01
9.097900390625000000e-01
1.899021863937377930e-01
3.764710128307342529e-01
-6.225597262382507324e-01
7.818863987922668457e-01
7.798091173171997070e-01
-9.282747507095336914e-01
7.777261734008789062e-01
-6.501640081405639648e-01
-1.678536534309387207e-01
1.033950686454772949e+00
-1.036460280418395996e+00
1.221560120582580566e+00
-3.459293544292449951e-01
1.850032508373260498e-01
-1.085525825619697571e-01
3.635634183883666992e-01
-1.004339903593063354e-01
3.816903531551361084e-01
-1.271899603307247162e-02
-1.458843708038330078e+00
-1.150088429450988770e+00
8.186941593885421753e-02
8.805436491966247559e-01
8.267034888267517090e-01
1.292613267898559570e+00
-1.258512735366821289e+00
-5.050640702247619629e-01
-4.060061573982238770e-01
-1.346674799919128418e+00
3.005876839160919189e-01
-4.220745265483856201e-01
2.686059772968292236e-01
-7.082538604736328125e-01
1.564652919769287109e+00
1.038199639879167080e-03
1.113613843917846680e+00
-1.857293605804443359e+00
-1.755886793136596680e+00
6.043339967727661133e-01
-3.562307059764862061e-01
4.326574206352233887e-01
7.042035460472106934e-02
4.696724116802215576e-01
