-6.901814937591552734e-01
3.950216770172119141e-01
3.468568623065948486e-01
2.242715209722518921e-01
-1.290816664695739746e+00
-5.037075877189636230e-01
-1.529154300689697266e+00
-1.998819112777709961e-01
-2.880410552024841309e-01
6.980797052383422852e-01
-6.433631777763366699e-01
1.294239521026611328e+00
-2.319119572639465332e-01
1.534493684768676758e+00
1.087880507111549377e-01
4.342990219593048096e-01
2.333497285842895508e+00
9.678222537040710449e-01
1.233275055885314941e+00
-2.156112045049667358e-01
6.912642717361450195e-01
-2.162345498800277710e-01
5.096011161804199219e-01
-7.320309281349182129e-01
-7.464279532432556152e-01
-1.486981511116027832e-01
-4.856471121311187744e-01
6.166986227035522461e-01
-1.574060559272766113e+00
-4.493257403373718262e-01
-1.901709586381912231e-01
-2.179641127586364746e-01
6.289761066436767578e-01
8.896323442459106445e-01
-1.028523445129394531e+00
1.496081799268722534e-01
-6.743990629911422729e-02
8.576555848121643066e-01
-2.162907421588897705e-01
-1.497890353202819824e+00
5.189573168754577637e-01
1.268371343612670898e+00
1.142591238021850586e-01
1.663542747497558594e+00
1.295302271842956543e+00
1.845565199851989746e+00
-1.519188404083251953e+00
8.680170178413391113e-01
1.814303994178771973e-01
-2.816777825355529785e-01
-1.689864546060562134e-01
1.256386995315551758e+00
1.205962657928466797e+00
-1.208786368370056152e+00
4.861699342727661133e-01
-2.312179803848266602e+00
1.505053877830505371e+00
-6.521413922309875488e-01
3.573850691318511963e-01
6.293917894363403320e-01
1.043900847434997559e-01
-1.118486404418945312e+00
-1.745545625686645508e+00
8.600514531135559082e-01
-9.185336232185363770e-01
-8.866379857063293457e-01
-1.490255147218704224e-01
-3.701429367065429688e-01
8.115782737731933594e-01
-1.728081226348876953e+00
2.525051832199096680e-01
6.257754564285278320e-01
6.140963435173034668e-01
-5.144281778484582901e-03
-2.077479660511016846e-02
-4.520707428455352783e-01
-6.577290296554565430e-01
-5.350760817527770996e-01
-2.944348156452178955e-01
1.705899089574813843e-01
7.265330553054809570e-01
-3.742038011550903320e-01
-4.584140479564666748e-01
7.697287797927856445e-01
3.015828728675842285e-01
3.878512978553771973e-01
-1.297282427549362183e-01
9.583310484886169434e-01
-1.669657707214355469e+00
6.367432475090026855e-01
-1.009599685668945312e+00
-5.705353617668151855e-01
-6.613489985466003418e-02
4.693442881107330322e-01
2.763372659683227539e-01
1.233815073966979980e+00
-7.721113562583923340e-01
3.639006912708282471e-01
-1.230275988578796387e+00
-1.014786601066589355e+00
9.674652665853500366e-02
-5.423945784568786621e-01
-4.030500948429107666e-01
-1.007790565490722656e+00
-1.767999380826950073e-01
1.008918642997741699e+00
1.432373642921447754e+00
2.178182750940322876e-01
-2.209909260272979736e-01
-8.087554574012756348e-01
1.071924567222595215e+00
-4.131304025650024414e-01
-1.166004180908203125e+00
1.542726993560791016e+00
-4.127368927001953125e-01
-1.155437946319580078e+00
1.398524641990661621e-01
-7.645338028669357300e-02
-1.158243790268898010e-01
2.976678907871246338e-01
-1.157194003462791443e-01
2.883003056049346924e-01
-8.237169682979583740e-02
4.770915508270263672e-01
-5.457444787025451660e-01
9.828596115112304688e-01
1.464325666427612305e+00
3.743223249912261963e-01
8.857234716415405273e-01
2.079914957284927368e-01
-7.552546262741088867e-01
-4.479405879974365234e-01
7.562496066093444824e-01
-3.260056972503662109e-01
4.217676520347595215e-01
2.327231168746948242e-01
-4.713174104690551758e-01
-8.677994608879089355e-01
-2.200275182723999023e+00
5.414859056472778320e-01
3.578852713108062744e-01
-5.442425236105918884e-02
-2.366300582885742188e+00
-7.602002620697021484e-01
-3.585700094699859619e-01
-1.135271072387695312e+00
-4.955841004848480225e-01
1.080205678939819336e+00
8.112100958824157715e-01
1.871635198593139648e+00
1.494714140892028809e+00
-1.816624850034713745e-01
1.616729497909545898e-01
-1.661036491394042969e+00
1.058558464050292969e+00
-1.835664361715316772e-01
-1.282144933938980103e-01
8.189398795366287231e-02
-3.990711569786071777e-01
-1.202121376991271973e+00
2.907909452915191650e-02
-1.221240043640136719e+00
-1.716262221336364746e+00
-1.685624122619628906e-01
1.971972703933715820e+00
1.281367301940917969e+00
-3.245517436880618334e-04
-1.118058934807777405e-01
7.781642079353332520e-01
4.269962608814239502e-01
-4.189446270465850830e-01
-2.652767896652221680e-01
-6.057228446006774902e-01
-2.334727942943572998e-01
2.933540344238281250e-01
-3.232560157775878906e-01
3.699959814548492432e-01
1.294084906578063965e+00
1.346851289272308350e-01
2.874972485005855560e-02
-6.083848476409912109e-01
5.213025212287902832e-01
-1.779615163803100586e+00
-6.217944622039794922e-01
8.460680395364761353e-02
-8.348739892244338989e-02
-7.853519320487976074e-01
-2.773949861526489258e+00
1.072571516036987305e+00
-4.373012781143188477e-01
1.338279843330383301e+00
1.197105884552001953e+00
9.823716878890991211e-01
-1.301002621650695801e+00
5.563496947288513184e-01
-3.490175306797027588e-02
4.260052144527435303e-01
-1.147540092468261719e+00
-3.262465819716453552e-02
6.975243985652923584e-02
1.276537775993347168e-02
-1.955437541007995605e+00
6.343586444854736328e-01
2.724868059158325195e-02
8.737657666206359863e-01
-6.952910423278808594e-01
2.972196042537689209e-01
-9.519987106323242188e-01
4.795702993869781494e-01
-1.327906385995447636e-03
-6.068672537803649902e-01
-1.047352313995361328e+00
-5.871023535728454590e-01
1.038246631622314453e+00
1.002455577254295349e-01
-1.874247789382934570e-01
-4.254908859729766846e-01
5.407082438468933105e-01
5.420391559600830078e-01
9.837528318166732788e-02
8.564258813858032227e-01
1.321451544761657715e+00
9.188114851713180542e-02
-8.276867270469665527e-01
7.700881361961364746e-01
2.244279146194458008e+00
-1.608498215675354004e+00
4.895416498184204102e-01
2.564629018306732178e-01
4.815865159034729004e-01
3.919698297977447510e-01
3.984626531600952148e-01
1.578713059425354004e+00
1.709913730621337891e+00
3.417263627052307129e-01
2.391892969608306885e-01
1.147364228963851929e-01
3.445992767810821533e-01
-2.313828170299530029e-01
-5.198593139648437500e-01
7.899068593978881836e-01
-1.046068549156188965e+00
8.066915273666381836e-01
-1.605667114257812500e+00
7.090312242507934570e-01
-4.522887468338012695e-01
-8.682400919497013092e-03
-5.196027159690856934e-01
3.908293545246124268e-01
6.536372303962707520e-01
-1.058877825736999512e+00
-8.346310257911682129e-01
1.028475165367126465e+00
5.538777709007263184e-01
4.571626782417297363e-01
6.804820299148559570e-01
8.736873865127563477e-01
-1.946681439876556396e-01
1.006491780281066895e+00
-4.796097874641418457e-01
1.597689986228942871e-01
-9.999781250953674316e-01
-1.028139829635620117e+00
-1.487081170082092285e+00
-6.918988227844238281e-01
9.777072668075561523e-01
5.464469790458679199e-01
8.851637840270996094e-01
-1.138714432716369629e+00
-6.154763698577880859e-01
8.665885329246520996e-01
5.407788157463073730e-01
1.442287087440490723e+00
-7.143364548683166504e-01
-1.400834679603576660e+00
4.041542112827301025e-01
-4.834831058979034424e-01
1.506473898887634277e+00
-7.351217865943908691e-01
-6.236889362335205078e-01
-1.362210512161254883e+00
-5.463776364922523499e-02
-4.582896828651428223e-01
-1.821639060974121094e+00
-1.800840258598327637e+00
-4.370193183422088623e-01
1.746214389801025391e+00
6.938744187355041504e-01
-5.017805695533752441e-01
-4.574012160301208496e-01
-1.981601715087890625e-01
-4.028369188308715820e-01
5.161534529179334641e-03
-9.279135465621948242e-01
3.108491301536560059e-01
-4.499744176864624023e-01
-3.298098742961883545e-01
-5.822342634201049805e-01
4.059187173843383789e-01
-7.620608806610107422e-01
1.526233911514282227e+00
1.638507366180419922e+00
-5.111637711524963379e-01
-3.644128143787384033e-01
1.189556598663330078e+00
-8.123428821563720703e-01
-2.077622562646865845e-01
9.803923964500427246e-01
9.244909286499023438e-01
-5.284000039100646973e-01
-3.002939932048320770e-02
8.186530470848083496e-01
7.505333423614501953e-01
-7.964937090873718262e-01
1.720383167266845703e-01
-1.298990964889526367e+00
-1.169665232300758362e-01
6.766293048858642578e-01
4.902620315551757812e-01
-2.331044912338256836e+00
-2.637621760368347168e-01
-1.391397714614868164e+00
-1.987116336822509766e+00
4.522183537483215332e-01
1.299714744091033936e-01
2.272050231695175171e-01
-2.293724752962589264e-02
-7.795947045087814331e-02
2.886809110641479492e-01
1.072377800941467285e+00
-8.718013167381286621e-01
8.100941777229309082e-01
2.032009124755859375e+00
-5.213191732764244080e-02
5.258474946022033691e-01
1.212884932756423950e-01
-2.260881289839744568e-02
2.405925840139389038e-01
-4.845238029956817627e-01
-4.202690720558166504e-01
2.456511110067367554e-01
-2.792530953884124756e-01
1.415478467941284180e+00
-1.238733530044555664e+00
7.692199945449829102e-02
8.364078998565673828e-01
-1.036339402198791504e+00
-6.077101826667785645e-02
-3.232756555080413818e-01
2.194803208112716675e-01
-6.886032819747924805e-01
8.028016090393066406e-01
2.188685983419418335e-01
6.881105154752731323e-02
4.329553544521331787e-01
-1.024189710617065430e+00
-1.558586239814758301e+00
-5.338619947433471680e-01
-5.978330969810485840e-01
-1.766719073057174683e-01
-1.097490549087524414e+00
-1.149876713752746582e+00
-1.311395049095153809e+00
8.349534869194030762e-01
1.026006221771240234e+00
-1.079014897346496582e+00
5.131142735481262207e-01
1.340665221214294434e+00
-1.677243113517761230e+00
-3.856212198734283447e-01
5.582408308982849121e-01
-7.667244970798492432e-02
-6.240299344062805176e-01
1.178446054458618164e+00
-4.172412753105163574e-01
-8.827120661735534668e-01
3.700999021530151367e-01
-6.528401374816894531e-01
1.303141117095947266e-01
1.517378985881805420e-01
4.758014380931854248e-01
-1.351112425327301025e-01
-1.446855217218399048e-01
-2.424054145812988281e-01
1.365697383880615234e-01
6.013845801353454590e-01
-1.755574345588684082e+00
5.710480809211730957e-01
1.254827857017517090e+00
2.392501533031463623e-01
-5.235721468925476074e-01
3.296780865639448166e-03
-3.014336228370666504e-01
1.648308336734771729e-01
-1.679612696170806885e-01
-1.543500572443008423e-01
2.642340660095214844e+00
-7.368682324886322021e-02
3.238782882690429688e-01
-6.299061179161071777e-01
-1.498351812362670898e+00
-1.363430142402648926e+00
-1.253102421760559082e+00
2.954447269439697266e-02
1.207783743739128113e-01
-2.142355144023895264e-01
7.520645260810852051e-01
-1.137740314006805420e-01
-4.299927353858947754e-01
8.893924355506896973e-01
-2.440807074308395386e-01
-1.433134317398071289e+00
1.350561231374740601e-01
1.540543556213378906e+00
-1.568143725395202637e+00
5.413866639137268066e-01
-6.070929765701293945e-01
-4.261524975299835205e-01
-3.817703127861022949e-01
2.408600151538848877e-01
-4.964115917682647705e-01
-6.922165751457214355e-01
7.622233033180236816e-01
1.327488660812377930e+00
5.088711380958557129e-01
-6.295385360717773438e-01
5.750787258148193359e-01
-8.312662243843078613e-01
-9.059178829193115234e-01
-2.840450406074523926e-01
7.217842936515808105e-01
-2.346595823764801025e-01
2.627021074295043945e-01
-5.606145262718200684e-01
-4.557740688323974609e-01
-2.221298068761825562e-01
7.226963043212890625e-01
1.544367223978042603e-01
3.353207707405090332e-01
-3.117023408412933350e-01
-8.501273989677429199e-01
6.978957653045654297e-01
4.108427166938781738e-01
9.782849550247192383e-01
-8.399131298065185547e-01
6.231613755226135254e-01
-5.787842348217964172e-02
7.480624318122863770e-02
-8.506752848625183105e-01
2.629616260528564453e-01
2.174316793680191040e-01
-5.355356931686401367e-01
5.669956207275390625e-01
8.873286843299865723e-02
2.219024181365966797e+00
8.483506441116333008e-01
1.256246685981750488e+00
-1.429574191570281982e-01
1.201775074005126953e-01
9.074789285659790039e-01
8.615990281105041504e-01
-2.084500789642333984e+00
6.984648704528808594e-01
7.926791310310363770e-01
-5.636779069900512695e-01
-3.390822708606719971e-01
-5.190238356590270996e-01
1.374088644981384277e+00
-1.933117985725402832e+00
5.723548531532287598e-01
-9.817269444465637207e-02
1.282390475273132324e+00
-9.526334404945373535e-01
-1.435335397720336914e+00
5.745697617530822754e-01
-1.503263879567384720e-02
4.782156348228454590e-01
2.484679669141769409e-01
-5.009652376174926758e-01
8.815881609916687012e-01
-3.328466415405273438e-01
-1.637438774108886719e+00
-1.730934679508209229e-01
-5.929357409477233887e-01
-6.513796448707580566e-01
-7.277455329895019531e-01
-1.442133545875549316e+00
7.250868249684572220e-03
-1.912316381931304932e-01
1.317204594612121582e+00
1.295081228017807007e-01
-6.077150106430053711e-01
6.062579154968261719e-01
-6.422775983810424805e-02
8.075372576713562012e-01
-4.916355311870574951e-01
-3.299446403980255127e-01
4.868299961090087891e-01
-3.495503589510917664e-02
1.056015372276306152e+00
9.868003726005554199e-01
1.032820224761962891e+00
7.455583661794662476e-02
-1.235364004969596863e-01
3.956666588783264160e-01
-7.985993027687072754e-01
-1.225399732589721680e+00
-6.644343733787536621e-01
1.129862904548645020e+00
-1.817552745342254639e-01
4.133923053741455078e-01
7.160128653049468994e-02
7.021343708038330078e-02
-6.259046196937561035e-01
3.138706982135772705e-01
1.174983978271484375e+00
8.352815508842468262e-01
3.664838150143623352e-02
1.090117931365966797e+00
-1.391681313514709473e+00
1.956662058830261230e+00
6.097974777221679688e-01
1.487961769104003906e+00
8.952551484107971191e-01
-1.085675716400146484e+00
-3.785351514816284180e-01
-2.179099917411804199e-01
-7.145537734031677246e-01
-1.328981518745422363e+00
3.022963404655456543e-01
4.546697735786437988e-01
1.049326965585350990e-03
-1.501516580581665039e+00
-2.290374040603637695e+00
3.823082149028778076e-01
-2.799019813537597656e+00
3.056025505065917969e-01
7.921441644430160522e-02
-3.877366781234741211e-01
1.332556009292602539e-01
9.281398653984069824e-01
-1.784563064575195312e-01
-1.658164337277412415e-02
1.862911693751811981e-02
7.137719392776489258e-01
-1.074556589126586914e+00
1.659776717424392700e-01
2.136342078447341919e-01
-1.682229787111282349e-01
-2.672232687473297119e-01
1.255312934517860413e-02
-3.280834257602691650e-01
4.369079470634460449e-01
9.882034063339233398e-01
1.271194696426391602e+00
4.573897123336791992e-01
1.025091886520385742e+00
-7.980446219444274902e-01
-3.963137269020080566e-01
-1.602510362863540649e-02
5.625337958335876465e-01
-4.896574616432189941e-01
-2.625165224075317383e+00
-6.349232196807861328e-01
1.301541090011596680e+00
5.858287811279296875e-01
1.022390484809875488e+00
-8.347470760345458984e-01
-1.054653406143188477e+00
-5.977420806884765625e-01
-1.928841710090637207e+00
-5.971376299858093262e-01
-9.087572097778320312e-01
1.046657562255859375e+00
5.939060449600219727e-01
-3.401143252849578857e-01
-1.480737209320068359e+00
-8.719080686569213867e-02
-4.472319483757019043e-01
3.395701944828033447e-01
-8.738756179809570312e-02
-1.651353016495704651e-02
-1.081102043390274048e-01
1.587817966938018799e-01
-5.341394543647766113e-01
7.897609472274780273e-01
-8.068693876266479492e-01
1.461158245801925659e-01
2.824265360832214355e-01
3.482773005962371826e-01
-1.069197773933410645e+00
-8.953059911727905273e-01
-6.069457530975341797e-01
-5.162330865859985352e-01
1.776799321174621582e+00
5.511171221733093262e-01
1.308120012283325195e+00
4.448277056217193604e-01
2.177123576402664185e-01
7.273282855749130249e-02
-8.374910950660705566e-01
-1.711680889129638672e-01
-8.473588824272155762e-01
-2.995243966579437256e-01
1.184191107749938965e-01
-1.619177103042602539e+00
7.488224506378173828e-01
2.004245221614837646e-01
6.547823548316955566e-01
3.697036206722259521e-01
-3.791338503360748291e-01
3.641566634178161621e-01
-1.049363017082214355e+00
7.415435314178466797e-01
5.034985542297363281e-01
-3.865378201007843018e-01
-9.354294538497924805e-01
2.964311838150024414e-01
-4.223518669605255127e-01
-5.045312047004699707e-01
9.166806936264038086e-01
3.499057292938232422e-01
-5.815771874040365219e-03
-7.942999005317687988e-01
-3.212604224681854248e-01
1.377379775047302246e+00
1.190833568572998047e+00
1.578668951988220215e-01
3.446504771709442139e-01
1.517259120941162109e+00
-6.626448035240173340e-01
-1.739586234092712402e+00
1.709697246551513672e+00
-1.358620077371597290e-01
-1.826062500476837158e-01
-9.272311925888061523e-01
-1.340939760208129883e+00
1.235703229904174805e-01
1.761292815208435059e-01
-5.628990530967712402e-01
5.065404176712036133e-01
1.208556056022644043e+00
3.904457092285156250e-01
-3.821343779563903809e-01
1.089613080024719238e+00
-1.462603688240051270e+00
-3.414922952651977539e-02
8.929122686386108398e-01
-3.196105062961578369e-01
-1.184930652379989624e-01
-1.768593907356262207e+00
3.871515393257141113e-01
-1.720088869333267212e-01
-5.649369359016418457e-01
-1.589936137199401855e+00
-1.766482442617416382e-01
-1.193369746208190918e+00
3.918539285659790039e-01
-2.242400646209716797e-01
-2.576220035552978516e-01
1.076721251010894775e-01
6.170808672904968262e-01
-2.618982195854187012e-01
-5.017670989036560059e-02
6.227798461914062500e-01
-2.418432682752609253e-01
-1.620822668075561523e+00
-1.782318204641342163e-01
3.159212470054626465e-01
1.495566010475158691e+00
-1.412414193153381348e+00
1.087564677000045776e-01
-6.990566849708557129e-01
5.729511976242065430e-01
-5.626947879791259766e-01
-6.495383977890014648e-01
8.753059664741158485e-04
4.989730194211006165e-02
1.227011624723672867e-02
-7.319928407669067383e-01
8.697934746742248535e-01
-2.171888947486877441e-01
6.134081482887268066e-01
-5.575972199440002441e-01
-6.983895301818847656e-01
8.215098828077316284e-02
-7.105191349983215332e-01
-3.463574647903442383e-01
-1.408520698547363281e+00
-3.093030154705047607e-01
6.050885915756225586e-01
4.581535756587982178e-01
-2.490478456020355225e-01
3.374556601047515869e-01
-8.426684141159057617e-02
1.115111351013183594e+00
2.053088992834091187e-01
7.817823439836502075e-02
1.706934273242950439e-01
1.462529897689819336e+00
7.289753556251525879e-01
-7.084031105041503906e-01
9.675136208534240723e-01
-4.526755511760711670e-01
8.185753822326660156e-01
8.326423354446887970e-03
1.415495634078979492e+00
2.973574697971343994e-01
4.607798159122467041e-01
-1.428450584411621094e+00
-6.743816733360290527e-01
-6.656958460807800293e-01
-7.202678322792053223e-01
-2.464970387518405914e-02
-1.049346327781677246e-01
-3.308937251567840576e-01
2.771309316158294678e-01
-4.246719777584075928e-01
5.552250146865844727e-01
-6.609733104705810547e-01
-1.036551952362060547e+00
-4.107139110565185547e-01
-1.978077650070190430e+00
5.080906748771667480e-01
9.161106944084167480e-01
9.483572840690612793e-01
5.472138151526451111e-02
-1.644219905138015747e-01
9.641010314226150513e-02
-8.479039669036865234e-01
-5.256242752075195312e-01
1.008614778518676758e+00
-3.167979717254638672e-01
8.397184312343597412e-03
1.156597256660461426e+00
-1.885485351085662842e-01
7.923170328140258789e-01
-8.188470602035522461e-01
-3.280901610851287842e-01
-3.008835613727569580e-01
4.328649938106536865e-01
6.540667414665222168e-01
1.197366952896118164e+00
1.795345842838287354e-01
-6.657778620719909668e-01
-1.303142189979553223e+00
1.217129603028297424e-01
7.595711350440979004e-01
1.402830183506011963e-01
1.197519779205322266e+00
-6.035457849502563477e-01
-1.174158751964569092e-01
-6.529192924499511719e-01
-1.086858034133911133e+00
1.554455608129501343e-01
-1.271746456623077393e-01
2.919418811798095703e-01
-8.644172549247741699e-01
9.023724198341369629e-01
1.040948554873466492e-02
1.783264279365539551e+00
-1.534631252288818359e+00
-2.054969310760498047e+00
1.470032930374145508e-01
-2.584038078784942627e-01
7.220888733863830566e-01
-2.116092145442962646e-01
1.319110155105590820e+00
