7.371757626533508301e-01
-1.040277719497680664e+00
7.396173477172851562e-02
7.757347822189331055e-01
-8.501522243022918701e-02
-6.383410692214965820e-01
-1.266842007637023926e+00
-1.382206797599792480e+00
3.249331712722778320e-01
6.621476262807846069e-02
-1.013562321662902832e+00
-1.756349056959152222e-01
-2.587088346481323242e+00
8.631201386451721191e-01
4.741385877132415771e-01
4.664522036910057068e-02
1.593418717384338379e+00
9.960184097290039062e-01
8.820419907569885254e-01
4.809238389134407043e-02
6.469030380249023438e-01
4.164647683501243591e-02
4.335583001375198364e-02
-1.198983073234558105e+00
9.312072396278381348e-01
-7.009424567222595215e-01
-4.357514530420303345e-02
-1.041867494583129883e+00
-5.575301647186279297e-01
-3.480134308338165283e-01
3.213624358177185059e-01
-1.640352249145507812e+00
9.429409503936767578e-01
-6.316538155078887939e-02
-3.108817040920257568e-01
2.325653582811355591e-01
4.183062911033630371e-01
5.410842895507812500e-01
-7.152170538902282715e-01
-1.034381389617919922e+00
-1.071128398180007935e-01
2.922438085079193115e-01
9.278042316436767578e-01
1.828490495681762695e+00
2.066160202026367188e+00
1.074836730957031250e+00
5.220237374305725098e-01
4.737386107444763184e-01
7.129435986280441284e-02
1.081263780593872070e+00
-6.785399317741394043e-01
3.197030723094940186e-01
1.265021681785583496e+00
-1.644209027290344238e+00
-2.272965908050537109e-01
-1.131248235702514648e+00
1.803716540336608887e+00
-5.271353125572204590e-01
-5.462163686752319336e-01
1.208784461021423340e+00
3.650789558887481689e-01
-5.126895904541015625e-01
-1.583993315696716309e+00
-2.929181158542633057e-01
1.384856700897216797e-01
-6.727854013442993164e-01
-8.329476118087768555e-01
-6.001501083374023438e-01
8.398603200912475586e-01
-8.542905449867248535e-01
-4.051822721958160400e-01
5.247270464897155762e-01
-1.097239777445793152e-01
6.997666954994201660e-01
-2.124530375003814697e-01
2.724866271018981934e-01
-8.917573094367980957e-02
-4.864478111267089844e-01
-1.175873398780822754e+00
-1.326718032360076904e-01
5.590540766716003418e-01
-1.780857563018798828e+00
4.354474693536758423e-02
5.105051994323730469e-01
-1.482418775558471680e-01
2.131910622119903564e-01
-1.456022448837757111e-02
9.336409568786621094e-01
-4.158946573734283447e-01
4.193365871906280518e-01
9.438898414373397827e-02
1.779913529753684998e-02
-6.100487112998962402e-01
1.336367130279541016e+00
-8.371197581291198730e-01
5.082639455795288086e-01
-1.227403163909912109e+00
1.783943921327590942e-01
4.077276587486267090e-01
-6.629907488822937012e-01
-9.363755583763122559e-01
-3.128873705863952637e-01
-9.222517609596252441e-01
-4.111062735319137573e-02
1.537143439054489136e-01
4.913244247436523438e-01
1.960167407989501953e+00
4.753284454345703125e-01
3.042483627796173096e-01
-3.424744904041290283e-01
5.184578299522399902e-01
-5.288299918174743652e-01
-6.636543869972229004e-01
1.198033094406127930e-01
1.041346192359924316e-01
-9.372486472129821777e-01
-5.033203363418579102e-01
-4.439362511038780212e-02
-5.220651626586914062e-01
3.032826483249664307e-01
3.379392027854919434e-01
2.371178269386291504e-01
-1.167148113250732422e+00
4.985889196395874023e-01
-3.925538063049316406e-01
-2.359997630119323730e-01
1.097429633140563965e+00
1.109421551227569580e-01
-2.129240930080413818e-01
3.834461569786071777e-01
3.097536265850067139e-01
-2.877554893493652344e-01
1.893908500671386719e+00
-4.411354064941406250e-01
-2.110060006380081177e-01
-5.714080929756164551e-01
-3.889625966548919678e-01
-5.843447446823120117e-01
-3.625903129577636719e+00
1.102512121200561523e+00
-7.574433684349060059e-01
1.909706592559814453e-01
-1.248668551445007324e+00
-5.485771894454956055e-01
4.761350750923156738e-01
-8.215165138244628906e-01
-1.302333354949951172e+00
1.571597456932067871e+00
-3.058407902717590332e-01
1.494207739830017090e+00
5.313225984573364258e-01
1.680317640304565430e+00
6.506644487380981445e-01
-1.281943917274475098e+00
-7.568822503089904785e-01
-3.719951510429382324e-01
-7.215292751789093018e-02
-4.215243756771087646e-01
-6.327630281448364258e-01
-4.815515577793121338e-01
3.772424161434173584e-02
-3.133070170879364014e-01
-1.186172366142272949e+00
-1.412463426589965820e+00
-1.389491796493530273e+00
5.496501326560974121e-01
-2.141512781381607056e-01
1.276044547557830811e-01
1.091505765914916992e+00
2.167014777660369873e-01
-7.788406610488891602e-01
-1.738702297210693359e+00
-1.140094518661499023e+00
9.203979372978210449e-01
7.021544575691223145e-01
1.178158223628997803e-01
-4.562338888645172119e-01
3.313953280448913574e-01
1.052805781364440918e-01
-3.983813822269439697e-01
-8.153824210166931152e-01
7.028745412826538086e-01
-1.300074815750122070e+00
-6.482874155044555664e-01
2.445346862077713013e-01
-1.404935598373413086e+00
-4.197232723236083984e-01
-2.096697568893432617e+00
5.783789753913879395e-01
-3.543145656585693359e-01
6.199607849121093750e-01
5.465455055236816406e-01
7.097027897834777832e-01
-4.104642271995544434e-01
3.882084190845489502e-01
-4.718974530696868896e-01
-2.474901080131530762e-01
-1.923281908035278320e+00
4.460236132144927979e-01
1.087817788124084473e+00
7.357072830200195312e-02
-1.929756522178649902e+00
2.117922008037567139e-01
8.093428611755371094e-01
3.498151898384094238e-01
-9.104595780372619629e-01
1.662115007638931274e-01
-1.469016909599304199e+00
2.044767700135707855e-02
-4.404289722442626953e-01
-6.727616786956787109e-01
-6.915131807327270508e-01
-5.037366151809692383e-01
-1.975520253181457520e-01
-2.183249033987522125e-02
-1.359908282756805420e-01
-5.140962600708007812e-01
2.207893282175064087e-01
3.394849300384521484e-01
4.953055381774902344e-01
6.086832880973815918e-01
8.118276000022888184e-01
-1.426753103733062744e-01
-6.504043936729431152e-01
8.317621946334838867e-01
3.656805753707885742e-01
-9.861634373664855957e-01
-3.560040593147277832e-01
1.315369725227355957e+00
8.555341958999633789e-01
-3.140473067760467529e-01
4.536800384521484375e-01
1.401232182979583740e-01
1.395508766174316406e+00
1.410295605659484863e+00
1.610218763351440430e+00
-2.628176510334014893e-01
6.796250939369201660e-01
-1.143770337104797363e+00
1.880827397108078003e-01
1.565554380416870117e+00
-5.042603611946105957e-01
1.218294054269790649e-01
-5.936344265937805176e-01
4.768164455890655518e-01
7.187059521675109863e-01
8.113389015197753906e-01
4.495108723640441895e-01
2.142080962657928467e-01
-1.077336668968200684e+00
2.140855640172958374e-01
-1.050350308418273926e+00
-9.313646554946899414e-01
1.398359894752502441e+00
2.234199523925781250e+00
1.566020965576171875e+00
2.994815707206726074e-01
-8.230631798505783081e-02
1.324237108230590820e+00
4.547091573476791382e-02
-4.922097027301788330e-01
7.355598211288452148e-01
4.596001505851745605e-01
-2.825291872024536133e+00
-2.253721281886100769e-02
1.892113208770751953e+00
4.753028228878974915e-02
1.115843772888183594e+00
-7.124812006950378418e-01
-9.989598989486694336e-01
-5.194253325462341309e-01
1.918764829635620117e+00
4.539465010166168213e-01
7.181349396705627441e-02
4.274295866489410400e-01
1.070183277130126953e+00
-2.620806097984313965e-01
2.023542642593383789e+00
1.431556940078735352e+00
5.952109694480895996e-01
-2.118746995925903320e+00
1.313980817794799805e-01
-1.969977915287017822e-01
-1.352892756462097168e+00
-7.907558679580688477e-01
3.890813291072845459e-01
6.478372812271118164e-01
4.812427163124084473e-01
1.479319483041763306e-01
-4.880848526954650879e-01
-2.475802600383758545e-01
-5.673936009407043457e-02
3.401570320129394531e-01
-1.496128559112548828e+00
-2.430442124605178833e-01
-6.950950622558593750e-01
7.037097811698913574e-01
-1.302545189857482910e+00
8.376520872116088867e-01
3.411424458026885986e-01
1.080706357955932617e+00
1.396357417106628418e+00
-3.786271810531616211e-01
1.470206975936889648e-01
5.286002159118652344e-01
-6.807056069374084473e-01
3.979237005114555359e-02
1.482411384582519531e+00
9.671619534492492676e-01
-1.269767165184020996e+00
1.152251005172729492e+00
4.649483561515808105e-01
-1.331204026937484741e-01
-1.735939741134643555e+00
3.893046975135803223e-01
-7.929360270500183105e-01
-1.315428465604782104e-01
-1.091531872749328613e+00
1.859238445758819580e-01
-2.067649364471435547e+00
7.316668629646301270e-01
8.160854689776897430e-03
-1.363816112279891968e-01
1.911639928817749023e+00
2.662087082862854004e-01
8.613277673721313477e-01
5.230947136878967285e-01
7.116718292236328125e-01
3.321867883205413818e-01
1.036868453025817871e+00
-1.514114022254943848e+00
1.780690550804138184e-01
9.992262125015258789e-01
-7.253967523574829102e-01
-9.063313901424407959e-02
-5.163368582725524902e-01
2.802306413650512695e-01
9.739590883255004883e-01
9.447397589683532715e-01
2.624633014202117920e-01
4.288546368479728699e-02
9.410126805305480957e-01
2.230329990386962891e+00
1.969363689422607422e-01
-9.796527624130249023e-01
-7.443461418151855469e-01
1.608878076076507568e-01
-6.935544013977050781e-01
-8.264194726943969727e-01
1.455895543098449707e+00
3.395527601242065430e-01
9.298251271247863770e-01
5.852338075637817383e-01
-2.006268352270126343e-01
4.342103004455566406e-01
-3.631071746349334717e-01
-1.083288073539733887e+00
-3.527032434940338135e-01
2.101394236087799072e-01
-2.723207175731658936e-01
-1.847015470266342163e-01
-3.080481588840484619e-01
-2.014430522918701172e+00
1.100872516632080078e+00
2.282843440771102905e-01
-1.265865862369537354e-01
3.788910210132598877e-01
8.619987964630126953e-01
-1.149525284767150879e+00
-4.801753163337707520e-01
8.553448915481567383e-01
-6.229558587074279785e-01
3.348307609558105469e-01
1.056428551673889160e+00
-5.364195108413696289e-01
5.911223292350769043e-01
1.477800846099853516e+00
-1.706668138504028320e-01
2.548158764839172363e-01
-1.491718739271163940e-01
8.786053657531738281e-01
-9.622263312339782715e-01
-1.512898206710815430e-01
-1.573626875877380371e+00
-3.803946077823638916e-01
8.851002454757690430e-01
-1.634503126144409180e+00
-5.390774458646774292e-02
-3.352063149213790894e-02
-1.131211161613464355e+00
3.934884667396545410e-01
4.928675293922424316e-01
-6.652339696884155273e-01
9.135697484016418457e-01
6.389068961143493652e-01
-1.806124001741409302e-01
3.037494897842407227e+00
-7.157561182975769043e-02
1.933282464742660522e-01
2.803673446178436279e-01
-1.299116730690002441e+00
-1.209905982017517090e+00
-1.053056716918945312e+00
-3.655354976654052734e-01
-4.721948802471160889e-01
-6.641293168067932129e-01
-4.496068656444549561e-01
4.323789477348327637e-01
-6.883577108383178711e-01
2.373357862234115601e-01
9.902575612068176270e-01
-9.685198068618774414e-01
4.778183400630950928e-01
-2.247951030731201172e-01
-1.304055213928222656e+00
-2.385541647672653198e-01
1.272876977920532227e+00
7.624093294143676758e-01
4.765040278434753418e-01
-1.726060986518859863e+00
-6.657026410102844238e-01
4.396723806858062744e-01
1.139345407485961914e+00
5.681598186492919922e-01
5.103183984756469727e-01
-2.352663576602935791e-01
9.968673586845397949e-01
-5.922736525535583496e-01
-2.478855371475219727e+00
-9.821292161941528320e-01
9.260613918304443359e-01
1.912558913230895996e+00
-7.252338528633117676e-01
-1.541695117950439453e+00
-5.785834193229675293e-01
-2.075766772031784058e-01
-3.547818660736083984e-01
9.965766072273254395e-01
-2.138936221599578857e-01
6.840229034423828125e-01
-1.112251162528991699e+00
-5.053386092185974121e-01
3.494202196598052979e-01
2.890080809593200684e-01
-8.907895684242248535e-01
4.675942659378051758e-02
-1.447006583213806152e+00
-1.310298442840576172e+00
-4.236881136894226074e-01
3.362554013729095459e-01
-1.080856800079345703e+00
-1.504946649074554443e-01
-3.748403489589691162e-01
-5.918720737099647522e-02
2.670222282409667969e+00
8.745487332344055176e-01
-1.831090264022350311e-02
6.032841652631759644e-02
-7.841956615447998047e-02
6.970635652542114258e-01
1.094847679138183594e+00
-1.228860497474670410e+00
4.434486478567123413e-02
1.717709779739379883e+00
7.785578072071075439e-02
-3.573617339134216309e-01
-9.430572986602783203e-01
5.164117217063903809e-01
-2.431743144989013672e-01
-4.613680392503738403e-02
2.616954445838928223e-01
1.115388393402099609e+00
-5.835448503494262695e-01
-1.334085226058959961e+00
2.209493815898895264e-01
-9.314482659101486206e-02
1.205337882041931152e+00
-6.797961592674255371e-01
2.560836076736450195e-01
1.420325517654418945e+00
-3.506007790565490723e-01
-2.247648715972900391e+00
5.540546178817749023e-01
-8.972182869911193848e-02
-9.443873167037963867e-02
-1.406787276268005371e+00
-1.606388807296752930e+00
9.684990048408508301e-01
-3.147526085376739502e-01
1.185755580663681030e-01
9.039713740348815918e-01
6.173151079565286636e-03
7.224688529968261719e-01
-2.768488526344299316e-01
6.902252435684204102e-01
1.196454763412475586e+00
6.367637515068054199e-01
8.978384137153625488e-01
-6.135785579681396484e-01
4.865174889564514160e-01
7.043285369873046875e-01
2.640296220779418945e+00
-2.356574535369873047e-01
1.180957555770874023e+00
2.737840712070465088e-01
-1.534994482994079590e+00
-1.802490353584289551e+00
-4.390289485454559326e-01
6.438077688217163086e-01
1.995912343263626099e-01
7.885810136795043945e-01
1.197021961212158203e+00
1.622916907072067261e-01
-2.440338134765625000e-01
1.375106692314147949e+00
-3.400186598300933838e-01
7.725849151611328125e-01
5.280646681785583496e-01
-5.278255417943000793e-02
-1.418125033378601074e+00
-1.478652358055114746e-01
8.695744872093200684e-01
3.740111887454986572e-01
-4.301135540008544922e-01
-5.453122258186340332e-01
6.481637358665466309e-01
-7.565281391143798828e-01
-3.921837806701660156e-01
-1.538490056991577148e+00
-2.193109840154647827e-01
4.040717482566833496e-01
4.250116646289825439e-01
-6.126192212104797363e-01
-1.367309093475341797e+00
4.055269658565521240e-01
-2.424541950225830078e+00
-4.849636256694793701e-01
-1.287044405937194824e+00
-1.233084797859191895e+00
3.012310713529586792e-02
1.486223191022872925e-01
1.094466924667358398e+00
2.438292056322097778e-01
7.493132948875427246e-01
8.650870919227600098e-01
-3.528812900185585022e-02
2.504823207855224609e-01
1.259061694145202637e+00
-1.190417528152465820e+00
-1.588964104652404785e+00
5.174847841262817383e-01
2.336914837360382080e-01
1.699478328227996826e-01
-7.579001188278198242e-01
1.267495393753051758e+00
1.500249266624450684e+00
4.927443340420722961e-02
-1.317346096038818359e-01
2.208294123411178589e-01
4.276163876056671143e-01
5.406669378280639648e-01
-8.706700205802917480e-01
-2.032013654708862305e+00
-1.463798999786376953e+00
2.005512475967407227e+00
6.578933447599411011e-02
-6.493334174156188965e-01
-4.803698062896728516e-01
-1.041964530944824219e+00
-1.114504113793373108e-01
-1.180640935897827148e+00
-3.507040441036224365e-01
-1.020121335983276367e+00
2.447628527879714966e-01
6.037489771842956543e-01
-2.981239557266235352e-01
-9.627897739410400391e-01
-3.463358581066131592e-01
6.087899208068847656e-01
8.571515679359436035e-01
4.196947813034057617e-02
-1.006659746170043945e+00
-9.813080430030822754e-01
-2.246291875839233398e+00
-1.134484887123107910e+00
9.667647480964660645e-01
-6.582534313201904297e-01
1.102985620498657227e+00
9.679666161537170410e-02
-2.622981071472167969e-01
-2.899426817893981934e-01
-1.651651859283447266e+00
9.348616003990173340e-01
-1.502408981323242188e+00
-1.043756306171417236e-01
-2.536101341247558594e-01
2.300819873809814453e+00
3.015985786914825439e-01
-1.081009864807128906e+00
7.766277194023132324e-01
-8.721465468406677246e-01
5.048747062683105469e-01
-3.350350260734558105e-02
-1.379439473152160645e+00
-7.224543094635009766e-01
-3.742417395114898682e-01
-6.823718547821044922e-01
-9.553129673004150391e-01
-1.157276406884193420e-01
3.716860115528106689e-01
-1.327657997608184814e-01
-1.634054630994796753e-02
-7.593823671340942383e-01
9.900187849998474121e-01
-1.209024861454963684e-01
-7.182011008262634277e-01
-1.189435005187988281e+00
7.604474425315856934e-01
1.087842106819152832e+00
3.123996779322624207e-02
3.086801990866661072e-02
-4.898267239332199097e-02
6.220663189888000488e-01
-1.482801795005798340e+00
-1.523365676403045654e-01
1.056294083595275879e+00
1.640443682670593262e+00
-4.514379203319549561e-01
1.267554283142089844e+00
6.354534626007080078e-01
1.108165159821510315e-01
-4.953052997589111328e-01
8.879736065864562988e-01
3.693687021732330322e-01
-5.887160897254943848e-01
8.963970541954040527e-01
8.615902662277221680e-01
5.332287549972534180e-01
3.570405766367912292e-02
-1.626656800508499146e-01
3.576067090034484863e-01
1.444349586963653564e-01
6.406421959400177002e-02
-1.425828099250793457e+00
4.306923449039459229e-01
-2.968995869159698486e-01
-1.834912002086639404e-01
5.459766387939453125e-01
-5.352554917335510254e-01
6.733584403991699219e-01
-3.958068788051605225e-01
-1.544950962066650391e+00
-8.676149845123291016e-01
-1.333329975605010986e-01
-2.421149969100952148e+00
1.405144035816192627e-01
-4.096304774284362793e-01
-2.980592548847198486e-01
9.389287829399108887e-01
-5.359865725040435791e-02
-8.263689875602722168e-01
1.904177963733673096e-01
-7.060652971267700195e-01
5.543897151947021484e-01
-7.224918007850646973e-01
-3.420261144638061523e-01
-9.596766233444213867e-01
-7.657087408006191254e-03
7.132725119590759277e-01
1.039537668228149414e+00
-1.276271939277648926e+00
-6.225171685218811035e-01
-8.918817639350891113e-01
1.013981699943542480e+00
2.337535768747329712e-01
-4.663055241107940674e-01
-5.266461372375488281e-01
3.046346455812454224e-02
-4.418805241584777832e-02
2.157247513532638550e-01
1.454709053039550781e+00
-8.066274523735046387e-01
1.163382768630981445e+00
-2.627336025238037109e+00
-8.974236249923706055e-01
3.591713905334472656e-01
2.856910228729248047e-01
8.125635385513305664e-01
-4.132736921310424805e-01
6.865850090980529785e-02
2.269143462181091309e-01
-1.051477971486747265e-03
-5.414768457412719727e-01
-1.395617008209228516e+00
6.048540025949478149e-02
1.066038131713867188e+00
2.523654699325561523e-01
5.726380348205566406e-01
1.768102049827575684e-01
4.806691408157348633e-01
-3.297223150730133057e-01
-3.200883269309997559e-01
-4.943214356899261475e-01
-1.098702311515808105e+00
6.490674018859863281e-01
3.194271326065063477e-01
1.096959829330444336e+00
3.279824554920196533e-01
3.184919953346252441e-01
-2.818590402603149414e+00
-1.218961834907531738e+00
-3.327921926975250244e-01
-6.677127480506896973e-01
9.055666327476501465e-01
1.962599903345108032e-01
-1.081304669380187988e+00
-9.838997572660446167e-02
5.308488607406616211e-01
1.025414943695068359e+00
-6.712606549263000488e-01
-1.620656371116638184e+00
7.308313846588134766e-01
-3.542916774749755859e-01
1.123763322830200195e+00
1.185563683509826660e+00
1.640338540077209473e+00
1.333710402250289917e-01
-2.058717250823974609e+00
-2.271532863378524780e-01
1.514432877302169800e-01
-8.622205853462219238e-01
6.094705462455749512e-01
1.084458589553833008e+00
2.418471686542034149e-02
-1.348353624343872070e-01
-1.071604251861572266e+00
1.352718472480773926e+00
-8.957279324531555176e-01
-4.631879627704620361e-01
6.265079975128173828e-01
-5.128238201141357422e-01
-1.027368187904357910e+00
1.018845915794372559e+00
-4.602269530296325684e-01
-7.042146921157836914e-01
-1.157992005348205566e+00
4.967971891164779663e-02
1.106171131134033203e+00
-3.781679272651672363e-02
1.128939509391784668e+00
-4.037418961524963379e-01
8.214816451072692871e-02
3.113562166690826416e-01
-1.426530927419662476e-01
-2.065848261117935181e-01
2.099998742341995239e-01
-1.961855292320251465e-01
-9.481133222579956055e-01
3.196889400482177734e+00
5.455133318901062012e-02
2.562476396560668945e+00
-1.174369335174560547e+00
-9.699688553810119629e-01
7.712028622627258301e-01
-4.434925317764282227e-01
8.980960845947265625e-01
-3.925979137420654297e-02
-1.569840610027313232e-01
