3.773436761162773934e+01
6.812323295239127674e+01
4.250734684684683629e+01
6.457757858058454303e+01
3.773436761162778907e+01
6.812323295239124832e+01
4.250734684684683629e+01
6.457757858058452882e+01
2.233207989011731343e+00
2.920241383668237489e+00
2.431418918918920369e+00
3.198649551354957765e+00
2.233207989011730010e+00
2.920241383668233937e+00
2.431418918918920369e+00
3.198649551354958209e+00
5.342467361805754988e-01
4.710172714735403332e-01
5.041676778240845591e-01
4.321621692641076096e-01
5.342467361805752768e-01
4.710172714735403887e-01
5.041676778240847812e-01
4.321621692641076651e-01
4.514199965700627093e-02
4.158394356602166525e-02
4.365835061709996689e-02
4.057943413387225806e-02
4.514199965700625011e-02
4.158394356602165137e-02
4.365835061709996689e-02
4.057943413387227888e-02
9.955934813670811456e-01
9.920359139173779983e-01
9.950287993898211392e-01
9.924555811495403557e-01
9.955934813670813677e-01
9.920359139173779983e-01
9.950287993898213612e-01
9.924555811495396895e-01
2.037800133033154139e-03
1.729224362502074491e-03
1.906051578605632776e-03
1.646690474625277147e-03
2.037800133033152404e-03
1.729224362502073406e-03
1.906051578605632776e-03
1.646690474625278665e-03
