8.471050367401458914e+01
2.043273123787683971e+02
1.010015133689840496e+02
1.278358588835425422e+02
8.471050367401460335e+01
2.043273123787684256e+02
1.010015133689840212e+02
1.278358588835425564e+02
5.021974615898461280e+00
7.702340509896806964e+00
5.470219251336900790e+00
6.329359253265892882e+00
5.021974615898457728e+00
7.702340509896802523e+00
5.470219251336899902e+00
6.329359253265889329e+00
2.961533014505471351e-01
2.259234283026298196e-01
2.846799616153457557e-01
2.423434880661489155e-01
2.961533014505474126e-01
2.259234283026297363e-01
2.846799616153459223e-01
2.423434880661490265e-01
2.496048454717858869e-02
2.141890655884070432e-02
2.444595657397138563e-02
2.198240475245243422e-02
2.496048454717858175e-02
2.141890655884070085e-02
2.444595657397138563e-02
2.198240475245243769e-02
9.795115793806672411e-01
9.506351805308144165e-01
9.755945836822578210e-01
9.691128103879036448e-01
9.795115793806669080e-01
9.506351805308145275e-01
9.755945836822580430e-01
9.691128103879040889e-01
6.230257888299410704e-04
4.587695581763493098e-04
5.976047928164948068e-04
4.832261187006432930e-04
6.230257888299407451e-04
4.587695581763492556e-04
5.976047928164948068e-04
4.832261187006434556e-04
