1.871753907815630669e+01
3.601089553857218561e+01
1.893683366733466045e+01
3.232515532066137354e+01
1.871753907815631734e+01
3.601089553857215009e+01
1.893683366733467466e+01
3.232515532066136643e+01
2.146533066132265244e+00
2.977004108417238282e+00
2.155414829659318077e+00
2.766575234637612013e+00
2.146533066132264356e+00
2.977004108417235617e+00
2.155414829659317633e+00
2.766575234637611569e+00
4.628503418057113850e-01
3.755265553240879628e-01
4.630078478247934282e-01
3.995197082926594812e-01
4.628503418057111629e-01
3.755265553240876297e-01
4.630078478247935392e-01
3.995197082926593701e-01
4.293927365200955054e-02
3.718317384837119960e-02
4.297907143626731458e-02
3.823612523404284341e-02
4.293927365200956442e-02
3.718317384837119266e-02
4.297907143626730070e-02
3.823612523404280872e-02
9.924000179782489495e-01
9.853924867869096049e-01
9.923122450801133976e-01
9.868806880681032512e-01
9.924000179782489495e-01
9.853924867869088278e-01
9.923122450801132866e-01
9.868806880681036953e-01
1.843781221762161434e-03
1.382588417438196122e-03
1.847200581523768823e-03
1.462001272913407684e-03
1.843781221762162735e-03
1.382588417438195254e-03
1.847200581523767522e-03
1.462001272913405299e-03
