3.184589856431713528e+01
4.347804430936966469e+01
2.986452183646569836e+01
5.650650650650661788e+01
3.184589856431713173e+01
4.347804430936963627e+01
2.986452183646571612e+01
5.650650650650662499e+01
7.772647476132069633e-01
9.033008912526991896e-01
7.637376855813715615e-01
1.045346551370649468e+00
7.772647476132075184e-01
9.033008912526995227e-01
7.637376855813723386e-01
1.045346551370649690e+00
9.549578018712092664e-01
9.543685659933492937e-01
9.557722247829515405e-01
9.529091396294976368e-01
9.549578018712098215e-01
9.543685659933489607e-01
9.557722247829509854e-01
9.529091396294967486e-01
9.434508496220284091e-01
9.424504745580289944e-01
9.438876296689271417e-01
9.422631892229236250e-01
9.434508496220286311e-01
9.424504745580291054e-01
9.438876296689270307e-01
9.422631892229229589e-01
9.446267232733275288e-01
9.246220007929071283e-01
9.481221094821526973e-01
9.020345217585931108e-01
9.446267232733275288e-01
9.246220007929056850e-01
9.481221094821519202e-01
9.020345217585936659e-01
8.900995056525272675e-01
8.882128969946541108e-01
8.909238574420258461e-01
8.878599177645550844e-01
8.900995056525277116e-01
8.882128969946542218e-01
8.909238574420255130e-01
8.878599177645538632e-01
