2.266334802939211457e+01
3.765920075445009019e+01
2.245559893048128686e+01
4.407704178410296691e+01
2.266334802939210746e+01
3.765920075445006177e+01
2.245559893048129751e+01
4.407704178410298823e+01
1.790936539746158962e+00
2.918425085465047530e+00
2.462807486631016562e+00
3.048074759143957646e+00
1.790936539746160072e+00
2.918425085465047530e+00
2.462807486631016118e+00
3.048074759143957202e+00
5.433710594700520424e-01
3.773964085296757087e-01
4.180066350991139545e-01
3.782858659849288041e-01
5.433710594700522645e-01
3.773964085296757087e-01
4.180066350991140101e-01
3.782858659849286376e-01
5.483539134136213022e-02
4.219178639480616888e-02
4.638953134588303523e-02
4.207727510495647139e-02
5.483539134136213716e-02
4.219178639480617582e-02
4.638953134588304217e-02
4.207727510495647832e-02
9.849257002177491671e-01
9.749628265849817899e-01
9.850611510438442853e-01
9.706939863279874237e-01
9.849257002177486120e-01
9.749628265849824560e-01
9.850611510438432861e-01
9.706939863279869796e-01
3.006920143560333058e-03
1.780146839184950725e-03
2.151988618490665011e-03
1.770497080258189851e-03
3.006920143560333492e-03
1.780146839184951375e-03
2.151988618490665445e-03
1.770497080258190284e-03
