9.468634256464746102e+01
1.490318158976558038e+02
9.163947432024168904e+01
1.325084973572519402e+02
9.468634256464744681e+01
1.490318158976558607e+02
9.163947432024167483e+01
1.325084973572518265e+02
3.316397855952872398e+00
4.254672486967881362e+00
3.244972809667673985e+00
3.888405209209953028e+00
3.316397855952874174e+00
4.254672486967884915e+00
3.244972809667673097e+00
3.888405209209951252e+00
5.413406597462407932e-01
4.626472650165360245e-01
5.233454338094886138e-01
4.703111721355848762e-01
5.413406597462412373e-01
4.626472650165362466e-01
5.233454338094891689e-01
4.703111721355848207e-01
5.219770402844798457e-02
4.476406495424238574e-02
5.017696997361226902e-02
4.534285291073179847e-02
5.219770402844797069e-02
4.476406495424239268e-02
5.017696997361225514e-02
4.534285291073180540e-02
9.054930434374449666e-01
8.512729379458386925e-01
9.085631222473141699e-01
8.677581245292744772e-01
9.054930434374447445e-01
8.512729379458401358e-01
9.085631222473133928e-01
8.677581245292744772e-01
2.724600305841454791e-03
2.003821511227631223e-03
2.517728315732787464e-03
2.055974310084259394e-03
2.724600305841453490e-03
2.003821511227632090e-03
2.517728315732786163e-03
2.055974310084259828e-03
