1.143393987975949813e+02
1.896966874926322646e+02
1.297990481283422071e+02
1.887909723189693807e+02
1.143393987975951092e+02
1.896966874926323214e+02
1.297990481283423492e+02
1.887909723189694091e+02
6.018928523714084378e+00
8.066464479761659589e+00
6.323411764705883620e+00
7.864209702828111048e+00
6.018928523714085266e+00
8.066464479761664919e+00
6.323411764705885396e+00
7.864209702828114601e+00
2.485250571019102517e-01
1.855164812653785911e-01
2.355440491052005481e-01
1.981126755941974571e-01
2.485250571019105570e-01
1.855164812653788131e-01
2.355440491052003815e-01
1.981126755941974293e-01
2.446443782659115523e-02
2.037817431062995815e-02
2.358556134576761387e-02
2.129091773342189908e-02
2.446443782659115870e-02
2.037817431062995122e-02
2.358556134576761387e-02
2.129091773342189561e-02
9.543560906189237913e-01
9.243042801153620314e-01
9.481950844072460916e-01
9.246662802794773928e-01
9.543560906189231252e-01
9.243042801153611432e-01
9.481950844072449813e-01
9.246662802794765046e-01
5.985087181711441729e-04
4.152699882344187878e-04
5.562787039949673587e-04
4.533031779313391571e-04
5.985087181711443898e-04
4.152699882344185168e-04
5.562787039949674672e-04
4.533031779313389945e-04
