1.157660648600407285e+03
1.274992046499252410e+03
1.048868990994036039e+03
1.785614723956067337e+03
1.157660648600406603e+03
1.274992046499252410e+03
1.048868990994036949e+03
1.785614723956068929e+03
1.836044478213153752e+01
1.900105845067018961e+01
1.742506700147281862e+01
2.286590942081582511e+01
1.836044478213153397e+01
1.900105845067017540e+01
1.742506700147283283e+01
2.286590942081583577e+01
1.961498410268600334e-01
1.686799863995281923e-01
1.951887387936167562e-01
1.678407100518635175e-01
1.961498410268602832e-01
1.686799863995280813e-01
1.951887387936168117e-01
1.678407100518634620e-01
1.656958290264929842e-02
1.529977933955317670e-02
1.640914898302317515e-02
1.510754978427871452e-02
1.656958290264930189e-02
1.529977933955317324e-02
1.640914898302317862e-02
1.510754978427871972e-02
7.545052056147429909e-01
7.292165349627129922e-01
7.772734074259877168e-01
6.207830538198445547e-01
7.545052056147419917e-01
7.292165349627122151e-01
7.772734074259871617e-01
6.207830538198446657e-01
2.745510775677679582e-04
2.340832478390182441e-04
2.692601703470505459e-04
2.282380604844598266e-04
2.745510775677681209e-04
2.340832478390181357e-04
2.692601703470506001e-04
2.282380604844600164e-04
