3.800238279021380094e+01
9.864212716788948399e+01
6.951132992241467434e+01
9.742060420452764902e+01
3.800238279021375831e+01
9.864212716788939872e+01
6.951132992241473119e+01
9.742060420452760638e+01
2.480518172970433532e+00
4.223514168405464453e+00
3.460188533491565632e+00
4.197880909111304071e+00
2.480518172970432644e+00
4.223514168405467117e+00
3.460188533491565632e+00
4.197880909111306735e+00
4.852870478597012815e-01
3.695821843927266648e-01
4.313611769761018788e-01
3.700117072730910173e-01
4.852870478597007819e-01
3.695821843927269423e-01
4.313611769761020454e-01
3.700117072730912948e-01
4.091499169500523170e-02
3.296099075552376412e-02
3.658385953697766702e-02
3.304938187795408017e-02
4.091499169500522476e-02
3.296099075552376412e-02
3.658385953697768089e-02
3.304938187795406629e-02
9.932564992650275704e-01
9.824935818560924794e-01
9.876715371271993504e-01
9.827122602835745013e-01
9.932564992650284585e-01
9.824935818560931455e-01
9.876715371271987953e-01
9.827122602835725029e-01
1.674036545402347040e-03
1.086426911585722851e-03
1.338378778621312050e-03
1.092261642514839480e-03
1.674036545402346607e-03
1.086426911585723068e-03
1.338378778621312701e-03
1.092261642514838829e-03
