2.405808980155420684e+01
3.218288701022577669e+01
1.504597851164514388e+01
3.514596621781237928e+01
2.405808980155421395e+01
3.218288701022576959e+01
1.504597851164513322e+01
3.514596621781238639e+01
2.137518627971002783e+00
2.641241436333568338e+00
1.933181489028476863e+00
2.682718268030101161e+00
2.137518627971001450e+00
2.641241436333567005e+00
1.933181489028476863e+00
2.682718268030101161e+00
4.553041118959503253e-01
3.784430976947317782e-01
4.550274418120228703e-01
3.790583572091698050e-01
4.553041118959506584e-01
3.784430976947313341e-01
4.550274418120230924e-01
3.790583572091695830e-01
7.933596885058372128e-02
7.018562684037527033e-02
7.920985220885852496e-02
7.025796952787423388e-02
7.933596885058373516e-02
7.018562684037522870e-02
7.920985220885851108e-02
7.025796952787423388e-02
9.600576011710785229e-01
9.466590417873192997e-01
9.750158874638463757e-01
9.417478378883276102e-01
9.600576011710777458e-01
9.466590417873197438e-01
9.750158874638468198e-01
9.417478378883272772e-01
6.294195953460790180e-03
4.926022214976405120e-03
6.274200686949209065e-03
4.936182282179703978e-03
6.294195953460792782e-03
4.926022214976399916e-03
6.274200686949207330e-03
4.936182282179704846e-03
