2.856218396793586862e+02
4.434169661969232834e+02
2.677729939879758945e+02
4.230258593338987225e+02
2.856218396793582883e+02
4.434169661969228855e+02
2.677729939879759513e+02
4.230258593338986657e+02
9.980236472945893667e+00
1.268541893406052878e+01
9.468072144288569802e+00
1.246893787575151080e+01
9.980236472945890114e+00
1.268541893406049859e+01
9.468072144288575132e+00
1.246893787575151968e+01
1.805202136733579932e-01
1.473382719991342960e-01
1.908725763858840907e-01
1.495105322700026051e-01
1.805202136733579099e-01
1.473382719991342404e-01
1.908725763858842017e-01
1.495105322700026329e-01
2.069661552469706164e-02
1.868851804093433697e-02
2.072837319132435699e-02
1.874926596423699340e-02
2.069661552469706164e-02
1.868851804093432656e-02
2.072837319132435699e-02
1.874926596423701422e-02
9.717988861153419311e-01
9.562112285525855571e-01
9.735375622585960009e-01
9.582249570976743014e-01
9.717988861153414870e-01
9.562112285525856681e-01
9.735375622585954458e-01
9.582249570976746345e-01
4.283498941771313878e-04
3.492607065663282323e-04
4.296654551588142577e-04
3.515349741976957383e-04
4.283498941771313878e-04
3.492607065663277444e-04
4.296654551588143661e-04
3.515349741976964973e-04
