6.824519361303262599e+01
1.245139534732893196e+02
9.572655663430407458e+01
1.317800066151720273e+02
6.824519361303264020e+01
1.245139534732894617e+02
9.572655663430391826e+01
1.317800066151717431e+02
4.378789837740002966e+00
6.048686369502750182e+00
5.059760517799348101e+00
6.206568476759338537e+00
4.378789837740000301e+00
6.048686369502750182e+00
5.059760517799340995e+00
6.206568476759334985e+00
2.841591260392544727e-01
2.169849152547577709e-01
2.596151461604717103e-01
2.117599247752061653e-01
2.841591260392539731e-01
2.169849152547579929e-01
2.596151461604714328e-01
2.117599247752060543e-01
2.858985188662116136e-02
2.510699579168068629e-02
2.800965321123194754e-02
2.475827029978976829e-02
2.858985188662114749e-02
2.510699579168067241e-02
2.800965321123193366e-02
2.475827029978974747e-02
9.699291703129909736e-01
9.449895472972016375e-01
9.576961417641369767e-01
9.417792768935274728e-01
9.699291703129898634e-01
9.449895472972005273e-01
9.576961417641340901e-01
9.417792768935285830e-01
8.173796308989355469e-04
6.303612376834716096e-04
7.845406730134762410e-04
6.129719482374521239e-04
8.173796308989347880e-04
6.303612376834710675e-04
7.845406730134753736e-04
6.129719482374511481e-04
