6.271197598817536090e+01
1.079362307381203152e+02
6.266850340136061703e+01
1.221681276384970403e+02
6.271197598817538932e+01
1.079362307381202868e+02
6.266850340136057440e+01
1.221681276384969408e+02
4.448090751639021789e+00
5.810255431497920675e+00
4.377519274376414415e+00
6.288713481384540671e+00
4.448090751639023566e+00
5.810255431497916234e+00
4.377519274376417080e+00
6.288713481384541559e+00
2.818393838213637537e-01
2.368550457056133041e-01
3.056457106739183249e-01
2.192000276136374937e-01
2.818393838213639757e-01
2.368550457056130265e-01
3.056457106739184360e-01
2.192000276136373549e-01
1.864497935603139089e-02
1.653653424951050110e-02
1.945376094875595277e-02
1.599213060957591429e-02
1.864497935603139783e-02
1.653653424951048376e-02
1.945376094875595277e-02
1.599213060957590388e-02
9.928567068636604542e-01
9.877164970857591486e-01
9.928666478275224305e-01
9.860963279469326936e-01
9.928567068636608983e-01
9.877164970857605919e-01
9.928666478275217644e-01
9.860963279469299181e-01
3.476352551868367238e-04
2.734569649852338019e-04
3.784488150513421519e-04
2.557482414337348530e-04
3.476352551868369949e-04
2.734569649852332056e-04
3.784488150513421519e-04
2.557482414337345820e-04
