4.739278557114231916e+01
7.457629917816083776e+01
3.934929641693810964e+01
6.930168480283043664e+01
4.739278557114232626e+01
7.457629917816092302e+01
3.934929641693810964e+01
6.930168480283040822e+01
2.106550763865392639e+00
2.738134248953934868e+00
2.085022801302930606e+00
2.723264117812172813e+00
2.106550763865394860e+00
2.738134248953933536e+00
2.085022801302932383e+00
2.723264117812169705e+00
6.901687373125368063e-01
6.376287659194634916e-01
6.956609217737016460e-01
6.302611476749963026e-01
6.901687373125370284e-01
6.376287659194638247e-01
6.956609217737015349e-01
6.302611476749953034e-01
6.527722265753689579e-02
5.936348475987114626e-02
6.654225245684403101e-02
5.912259800164129664e-02
6.527722265753692354e-02
5.936348475987116013e-02
6.654225245684401713e-02
5.912259800164126194e-02
9.724547462085434413e-01
9.566482591571068284e-01
9.771493463359526288e-01
9.597347041443562432e-01
9.724547462085437743e-01
9.566482591571078276e-01
9.771493463359522957e-01
9.597347041443552440e-01
4.261115797881648119e-03
3.524023322835453508e-03
4.427871362030364778e-03
3.495481594463679172e-03
4.261115797881652456e-03
3.524023322835455243e-03
4.427871362030363044e-03
3.495481594463675703e-03
