3.884035929000859255e+00
6.546322495737746827e+00
4.456029850746264565e+00
8.305685998863397757e+00
3.884035929000859699e+00
6.546322495737745051e+00
4.456029850746269005e+00
8.305685998863392427e+00
9.394443649203160218e-01
1.293404719887535803e+00
1.073988059701492581e+00
1.453821074985792716e+00
9.394443649203163549e-01
1.293404719887535803e+00
1.073988059701492803e+00
1.453821074985792494e+00
6.861391642957561654e-01
6.025675210343934829e-01
6.487505518206742039e-01
5.809912024668053565e-01
6.861391642957566095e-01
6.025675210343943711e-01
6.487505518206745370e-01
5.809912024668045794e-01
9.846890102487812491e-02
8.634190046585225875e-02
9.397004153306040553e-02
8.343978424969335228e-02
9.846890102487809715e-02
8.634190046585228651e-02
9.397004153306043328e-02
8.343978424969335228e-02
9.881173150845804498e-01
9.799373416503550649e-01
9.863492686163138901e-01
9.745349956761975019e-01
9.881173150845811159e-01
9.799373416503557310e-01
9.863492686163137790e-01
9.745349956761977239e-01
9.696124469047244163e-03
7.454923776055139006e-03
8.830368705725096315e-03
6.962197595635374187e-03
9.696124469047238958e-03
7.454923776055144211e-03
8.830368705725103254e-03
6.962197595635375054e-03
