6.789547890106452144e+01
9.764195294503603861e+01
4.236175088967966929e+01
9.452901532602575685e+01
6.789547890106446459e+01
9.764195294503598177e+01
4.236175088967971902e+01
9.452901532602570001e+01
2.769354311459795159e+00
3.797523873369516245e+00
2.428868327402135652e+00
3.512591018335599724e+00
2.769354311459797380e+00
3.797523873369513581e+00
2.428868327402136096e+00
3.512591018335604165e+00
6.122306046496249765e-01
5.400718381415251512e-01
5.941776605159734270e-01
5.501258876730504843e-01
6.122306046496251986e-01
5.400718381415252622e-01
5.941776605159738711e-01
5.501258876730505953e-01
3.175329456313984444e-01
3.124301070005294778e-01
3.162197726954439347e-01
3.130149870464478123e-01
3.175329456313985554e-01
3.124301070005295888e-01
3.162197726954441013e-01
3.130149870464477013e-01
9.899970110426035141e-01
9.856379510733906946e-01
9.937671117293767065e-01
9.860955599804376304e-01
9.899970110426037362e-01
9.856379510733895843e-01
9.937671117293771506e-01
9.860955599804377414e-01
1.008271715613526381e-01
9.761257176036229610e-02
9.999494464355823675e-02
9.797838211568789257e-02
1.008271715613527214e-01
9.761257176036237937e-02
9.999494464355834777e-02
9.797838211568780931e-02
