1.435230220440877247e+02
2.098257436717121038e+02
1.061376673346690325e+02
2.225460821442482597e+02
1.435230220440878384e+02
2.098257436717122744e+02
1.061376673346690609e+02
2.225460821442486008e+02
5.490845691382745919e+00
6.662406978285223325e+00
4.858156312625242279e+00
6.906385918128844281e+00
5.490845691382748583e+00
6.662406978285225989e+00
4.858156312625231621e+00
6.906385918128843393e+00
2.907256128532288431e-01
2.402919329001835247e-01
2.974169751286491192e-01
2.391891912628855421e-01
2.907256128532289541e-01
2.402919329001838022e-01
2.974169751286488417e-01
2.391891912628857086e-01
3.471174165053683702e-02
3.102255925390890595e-02
3.481218016729837467e-02
3.084053893536247912e-02
3.471174165053682314e-02
3.102255925390891983e-02
3.481218016729837467e-02
3.084053893536251034e-02
9.768987242488581524e-01
9.662330361973497928e-01
9.829272239042734505e-01
9.641838820906742935e-01
9.768987242488573752e-01
9.662330361973492376e-01
9.829272239042732284e-01
9.641838820906734053e-01
1.204905008413614028e-03
9.623991826622890072e-04
1.211887888000442092e-03
9.511388418236090036e-04
1.204905008413612727e-03
9.623991826622898746e-04
1.211887888000442309e-03
9.511388418236110635e-04
