3.252080855614971711e+02
5.021600098592907102e+02
2.927287802271204669e+02
4.324227385251785449e+02
3.252080855614972279e+02
5.021600098592908239e+02
2.927287802271204669e+02
4.324227385251783744e+02
8.031989304812826802e+00
1.035691704264143098e+01
7.631011356045417138e+00
9.475957262117811197e+00
8.031989304812828578e+00
1.035691704264142388e+01
7.631011356045413585e+00
9.475957262117805868e+00
2.888820646991347996e-01
2.384177947076303872e-01
3.099570495946374904e-01
2.481703412456813529e-01
2.888820646991347441e-01
2.384177947076303317e-01
3.099570495946374904e-01
2.481703412456814639e-01
1.950816797955993651e-02
1.741982444166486135e-02
2.047789175738323059e-02
1.777669620678647491e-02
1.950816797955993304e-02
1.741982444166487523e-02
2.047789175738323059e-02
1.777669620678648185e-02
9.497635485777005115e-01
9.222979468326718555e-01
9.547160082714605256e-01
9.330886877019617387e-01
9.497635485777009556e-01
9.222979468326701902e-01
9.547160082714596374e-01
9.330886877019621828e-01
3.805686179187275984e-04
3.034502835784244992e-04
4.193440508271040158e-04
3.160109280283766712e-04
3.805686179187274358e-04
3.034502835784250413e-04
4.193440508271040158e-04
3.160109280283768338e-04
