9.847176639344267812e+01
1.284986078714807149e+02
6.860639889185317486e+01
1.233931223101942010e+02
9.847176639344274918e+01
1.284986078714807149e+02
6.860639889185327434e+01
1.233931223101941299e+02
3.446889344262299204e+00
4.165811130457634626e+00
3.097245615976325972e+00
4.095346430566052298e+00
3.446889344262297872e+00
4.165811130457635514e+00
3.097245615976330857e+00
4.095346430566049634e+00
5.013994745939097664e-01
4.197158145279994979e-01
4.865362163918578453e-01
4.234211126637062450e-01
5.013994745939098774e-01
4.197158145279995534e-01
4.865362163918581229e-01
4.234211126637064115e-01
3.900458174631610264e-02
3.350104450317827054e-02
3.745794896613781344e-02
3.367921126401515058e-02
3.900458174631608183e-02
3.350104450317829136e-02
3.745794896613783426e-02
3.367921126401513671e-02
9.851059088172903211e-01
9.805904965575698018e-01
9.896299332734020959e-01
9.813563214109196631e-01
9.851059088172905431e-01
9.805904965575695797e-01
9.896299332734013188e-01
9.813563214109194410e-01
1.521357397205055396e-03
1.122319982803931214e-03
1.403097940749784781e-03
1.134289271366164913e-03
1.521357397205053879e-03
1.122319982803932298e-03
1.403097940749786299e-03
1.134289271366164262e-03
