3.344193080168777215e+02
4.202472286344844861e+02
2.666841767746022356e+02
4.127958321706707920e+02
3.344193080168773804e+02
4.202472286344842587e+02
2.666841767746019514e+02
4.127958321706708489e+02
7.786337552742619295e+00
8.876132010857160637e+00
6.975943465879129946e+00
8.968878685641328730e+00
7.786337552742616630e+00
8.876132010857169519e+00
6.975943465879128169e+00
8.968878685641323401e+00
5.151761483350956183e-01
4.689803482996847128e-01
5.102476232547273893e-01
4.646181162372275408e-01
5.151761483350966175e-01
4.689803482996851014e-01
5.102476232547280555e-01
4.646181162372270412e-01
1.054450647574866201e-01
9.286796769125238438e-02
1.029002821677819091e-01
9.226896148948666998e-02
1.054450647574866756e-01
9.286796769125245377e-02
1.029002821677818813e-01
9.226896148948672549e-02
8.589348123353999220e-01
8.230009517548781961e-01
8.874915038948305579e-01
8.261390884171923021e-01
8.589348123354012543e-01
8.230009517548790843e-01
8.874915038948307799e-01
8.261390884171924132e-01
1.111866168171054756e-02
8.624459423103497668e-03
1.058846807020913557e-02
8.513561254348375046e-03
1.111866168171055970e-02
8.624459423103509811e-03
1.058846807020913036e-02
8.513561254348383719e-03
