7.646910243714589228e+01
1.135925833919871764e+02
8.398739747536308187e+01
1.032658468927254205e+02
7.646910243714592070e+01
1.135925833919871195e+02
8.398739747536306766e+01
1.032658468927254916e+02
4.003321505198882413e+00
5.218330366138085097e+00
4.357498502158951403e+00
4.919140479443539604e+00
4.003321505198880637e+00
5.218330366138093090e+00
4.357498502158953180e+00
4.919140479443538716e+00
4.889867072948100857e-01
3.902719453631812718e-01
4.275943005476101066e-01
3.953598996805075538e-01
4.889867072948102522e-01
3.902719453631816604e-01
4.275943005476102177e-01
3.953598996805074428e-01
6.993916991653731374e-02
5.611893434628953403e-02
6.064793015644348584e-02
5.674961938688450475e-02
6.993916991653728599e-02
5.611893434628955485e-02
6.064793015644348584e-02
5.674961938688450475e-02
9.085916379719545244e-01
8.645828142358985557e-01
8.997427859552800111e-01
8.768946900661994670e-01
9.085916379719547464e-01
8.645828142358992219e-01
8.997427859552801221e-01
8.768946900661993560e-01
4.891487488614277429e-03
3.149334792163155112e-03
3.678171432260846953e-03
3.220519300556257646e-03
4.891487488614273960e-03
3.149334792163157714e-03
3.678171432260847386e-03
3.220519300556257646e-03
