6.282446394290087710e+02
9.500959449018514533e+02
6.515718674698790664e+02
9.367734625878257475e+02
6.282446394290087710e+02
9.500959449018509986e+02
6.515718674698789528e+02
9.367734625878252928e+02
1.769229148988668499e+01
2.162672936233913035e+01
1.789278313253010921e+01
2.151981070574884214e+01
1.769229148988669564e+01
2.162672936233913390e+01
1.789278313253009500e+01
2.151981070574883503e+01
8.358863094529665749e-02
7.108928750269126462e-02
8.417098067735820366e-02
6.970341913291688840e-02
8.358863094529667137e-02
7.108928750269132013e-02
8.417098067735807876e-02
6.970341913291697167e-02
1.012839344400396323e-02
9.373526742704280101e-03
1.014060320481609961e-02
9.354924315218048417e-03
1.012839344400396496e-02
9.373526742704280101e-03
1.014060320481608921e-02
9.354924315218048417e-03
9.381331268915185095e-01
9.061829732459922848e-01
9.355945459340450077e-01
9.075113689795508698e-01
9.381331268915193977e-01
9.061829732459912856e-01
9.355945459340441195e-01
9.075113689795498706e-01
1.025843537565424707e-04
8.786300359619232268e-05
1.028318333575265598e-04
8.751460894345787609e-05
1.025843537565424842e-04
8.786300359619232268e-05
1.028318333575263294e-04
8.751460894345786253e-05
