1.210072920961539609e+02
2.635302115021410714e+02
2.000351654676259159e+02
2.484689282642022761e+02
1.210072920961540319e+02
2.635302115021410714e+02
2.000351654676258590e+02
2.484689282642023329e+02
6.367006740754236560e+00
9.749210651518875892e+00
8.259424460431654680e+00
9.429073975288705611e+00
6.367006740754235672e+00
9.749210651518875892e+00
8.259424460431651127e+00
9.429073975288716269e+00
2.615156984728502776e-01
1.856799482486516939e-01
2.223989520126973263e-01
1.890728865122721092e-01
2.615156984728502776e-01
1.856799482486517217e-01
2.223989520126973818e-01
1.890728865122723035e-01
2.089027540399509414e-02
1.679541362612363420e-02
1.865829861653599958e-02
1.699376336250782091e-02
2.089027540399509067e-02
1.679541362612363073e-02
1.865829861653599611e-02
1.699376336250783825e-02
9.678018766342120216e-01
9.299146189801488216e-01
9.467889431436358194e-01
9.339166020587866823e-01
9.678018766342124657e-01
9.299146189801491547e-01
9.467889431436360415e-01
9.339166020587873485e-01
4.364036064547623605e-04
2.820859188725794863e-04
3.481321072638292411e-04
2.887879932209131057e-04
4.364036064547623063e-04
2.820859188725792694e-04
3.481321072638290785e-04
2.887879932209137020e-04
