4.104963206412817271e+02
6.745482194335195345e+02
4.433126096256684718e+02
7.814168390256457997e+02
4.104963206412819545e+02
6.745482194335203303e+02
4.433126096256686424e+02
7.814168390256446628e+02
1.287528657314626734e+01
1.678602124034165399e+01
1.333517647058823918e+01
1.776995166804195847e+01
1.287528657314626912e+01
1.678602124034164689e+01
1.333517647058824807e+01
1.776995166804196202e+01
1.346935167790175580e-01
1.040835384236653144e-01
1.286870440519214953e-01
1.030224372631439317e-01
1.346935167790174470e-01
1.040835384236654115e-01
1.286870440519215508e-01
1.030224372631438623e-01
1.665009169076944393e-02
1.440785746931650887e-02
1.616432920414331842e-02
1.455544307894905340e-02
1.665009169076945433e-02
1.440785746931652275e-02
1.616432920414331842e-02
1.455544307894906034e-02
9.117681434577119548e-01
8.549509196916551534e-01
9.046820113260947149e-01
8.319654030590845073e-01
9.117681434577129540e-01
8.549509196916549314e-01
9.046820113260952700e-01
8.319654030590840632e-01
2.772255533110296738e-04
2.075863568561395016e-04
2.612855386199205727e-04
2.118609232245259025e-04
2.772255533110299991e-04
2.075863568561399353e-04
2.612855386199205185e-04
2.118609232245261193e-04
