1.637200166097959197e+02
2.060134666924211331e+02
9.888241566265054416e+01
2.465071287152620698e+02
1.637200166097960619e+02
2.060134666924210762e+02
9.888241566265050153e+01
2.465071287152620698e+02
6.239650472115392255e+00
7.613135910374967175e+00
5.281331325301206192e+00
8.118749547287348989e+00
6.239650472115400248e+00
7.613135910374964510e+00
5.281331325301204416e+00
8.118749547287348989e+00
3.276753725525279881e-01
2.245417705455311497e-01
2.715642962721118714e-01
2.217468078614897586e-01
3.276753725525282657e-01
2.245417705455313717e-01
2.715642962721116493e-01
2.217468078614900362e-01
2.708444497092559605e-02
2.091177840202808336e-02
2.368642831539913632e-02
2.075751802392837228e-02
2.708444497092561340e-02
2.091177840202809723e-02
2.368642831539915020e-02
2.075751802392838269e-02
9.649878302470313862e-01
9.559220068761935529e-01
9.788221783462045522e-01
9.472465303604281628e-01
9.649878302470323854e-01
9.559220068761925537e-01
9.788221783462049963e-01
9.472465303604270526e-01
7.335671593830967461e-04
4.373024759355282742e-04
5.610468863405420259e-04
4.308745545137112969e-04
7.335671593830977218e-04
4.373024759355288705e-04
5.610468863405426764e-04
4.308745545137117306e-04
