1.149265969498910636e+02
1.745781584956407357e+02
1.059280909645378017e+02
1.782183713832894796e+02
1.149265969498910209e+02
1.745781584956405936e+02
1.059280909645377875e+02
1.782183713832894512e+02
3.223137254901961679e+00
4.084884365681256568e+00
3.223621155354186918e+00
4.307490798590647429e+00
3.223137254901960791e+00
4.084884365681253016e+00
3.223621155354183809e+00
4.307490798590645653e+00
6.324862129959545332e-01
5.612986459642042014e-01
6.083407267283387210e-01
5.703205981634426047e-01
6.324862129959542001e-01
5.612986459642042014e-01
6.083407267283388320e-01
5.703205981634426047e-01
5.862881774099092808e-02
5.082051573286851948e-02
5.520979054418829329e-02
5.181263468300037478e-02
5.862881774099095583e-02
5.082051573286853335e-02
5.520979054418829329e-02
5.181263468300035396e-02
9.918592692031494851e-01
9.876399146084200442e-01
9.924987281075460244e-01
9.873858243966193715e-01
9.918592692031495961e-01
9.876399146084205993e-01
9.924987281075460244e-01
9.873858243966185944e-01
3.437338269706332206e-03
2.582724819354736620e-03
3.048120971933142992e-03
2.684549112794053227e-03
3.437338269706335676e-03
2.582724819354737921e-03
3.048120971933143426e-03
2.684549112794051059e-03
