4.725999732798931774e+01
9.435152122426670473e+01
6.247964171122996646e+01
9.270426950156995360e+01
4.725999732798931063e+01
9.435152122426667631e+01
6.247964171122995225e+01
9.270426950156989676e+01
3.195291917167668583e+00
4.445527418473312231e+00
3.579363636363638967e+00
4.555662126391819555e+00
3.195291917167669471e+00
4.445527418473307790e+00
3.579363636363637191e+00
4.555662126391816003e+00
3.805258716834003518e-01
2.921369979033749953e-01
3.401608473652168452e-01
2.881207687907699766e-01
3.805258716834001853e-01
2.921369979033749398e-01
3.401608473652164011e-01
2.881207687907698101e-01
3.689072247304707453e-02
3.069476278802604763e-02
3.325498919539228437e-02
3.029442639234735182e-02
3.689072247304707453e-02
3.069476278802604416e-02
3.325498919539226356e-02
3.029442639234734835e-02
9.910632362023514830e-01
9.821907783463468267e-01
9.881965346460674926e-01
9.824985682969359368e-01
9.910632362023502617e-01
9.821907783463471597e-01
9.881965346460676036e-01
9.824985682969353817e-01
1.360925404583380495e-03
9.421684626131885971e-04
1.105894306385657574e-03
9.177522704413516906e-04
1.360925404583380495e-03
9.421684626131883802e-04
1.105894306385656273e-03
9.177522704413514738e-04
