5.706732306292988142e+02
7.642331042513351349e+02
5.583319899817847727e+02
8.363958057445547638e+02
5.706732306292990415e+02
7.642331042513358170e+02
5.583319899817850001e+02
8.363958057445557870e+02
1.660278551532032054e+01
1.933555185168270185e+01
1.659025500910748008e+01
2.026822001004611806e+01
1.660278551532033831e+01
1.933555185168274804e+01
1.659025500910747297e+01
2.026822001004614648e+01
8.408736358027565916e-02
7.133705188141871434e-02
8.489266118957124185e-02
6.717416909049579721e-02
8.408736358027567304e-02
7.133705188141878373e-02
8.489266118957131124e-02
6.717416909049593599e-02
1.085415760826150856e-02
1.017117841334135714e-02
1.076770356058707849e-02
9.990756116835617512e-03
1.085415760826150856e-02
1.017117841334136581e-02
1.076770356058707502e-02
9.990756116835629655e-03
8.874100223296897960e-01
8.494562386077133542e-01
8.899010439215281343e-01
8.352463714528726157e-01
8.874100223296906842e-01
8.494562386077119109e-01
8.899010439215279122e-01
8.352463714528728378e-01
1.178127373849811762e-04
1.034528703160212212e-04
1.159434399686796639e-04
9.981520778608829502e-05
1.178127373849811762e-04
1.034528703160213703e-04
1.159434399686795554e-04
9.981520778608853897e-05
