3.645512883690877715e+01
8.470682186290393645e+01
5.656218082191778507e+01
7.765776484475800601e+01
3.645512883690877715e+01
8.470682186290392224e+01
5.656218082191782770e+01
7.765776484475796337e+01
2.604465762125344863e+00
4.804496664562005748e+00
4.131517808219175691e+00
4.528437697312429400e+00
2.604465762125339978e+00
4.804496664562001307e+00
4.131517808219180132e+00
4.528437697312432064e+00
4.461222623631195261e-01
2.958630283983741394e-01
3.274292212525634627e-01
3.040864120824427475e-01
4.461222623631198592e-01
2.958630283983742504e-01
3.274292212525635737e-01
3.040864120824425254e-01
3.578783232569120870e-02
2.657162670072611005e-02
2.821289356806261708e-02
2.688516888887675788e-02
3.578783232569118788e-02
2.657162670072606495e-02
2.821289356806262402e-02
2.688516888887677522e-02
9.946651513640604181e-01
9.876241206363672864e-01
9.917261845572343804e-01
9.886441616541129518e-01
9.946651513640606401e-01
9.876241206363685077e-01
9.917261845572338252e-01
9.886441616541129518e-01
1.280768942571788470e-03
7.060513455227407018e-04
7.959673634828289771e-04
7.228123061834267884e-04
1.280768942571787385e-03
7.060513455227383165e-04
7.959673634828293024e-04
7.228123061834276558e-04
