1.147039946559787182e+02
1.482836796587827735e+02
7.342842245989299954e+01
1.533522070879726300e+02
1.147039946559786756e+02
1.482836796587826882e+02
7.342842245989302796e+01
1.533522070879727153e+02
4.994207080828317658e+00
6.079474456935260562e+00
4.450593582887702127e+00
6.102316933331903392e+00
4.994207080828320322e+00
6.079474456935261450e+00
4.450593582887698574e+00
6.102316933331898952e+00
2.983864478443066792e-01
2.404813850835502143e-01
2.943173257383329133e-01
2.387886210401889420e-01
2.983864478443069568e-01
2.404813850835502698e-01
2.943173257383325248e-01
2.387886210401888309e-01
2.461441452842507566e-02
2.162546951751288804e-02
2.396924831696486263e-02
2.141662092864951572e-02
2.461441452842507219e-02
2.162546951751288804e-02
2.396924831696486957e-02
2.141662092864951225e-02
9.732216891794925884e-01
9.653699244798182866e-01
9.828517822500708601e-01
9.641744883149079293e-01
9.732216891794928104e-01
9.653699244798203960e-01
9.828517822500715262e-01
9.641744883149085954e-01
6.058694025771433700e-04
4.676609318528790449e-04
5.745248648803228265e-04
4.586716520014685080e-04
6.058694025771432616e-04
4.676609318528791534e-04
5.745248648803231517e-04
4.586716520014683454e-04
