1.383202137608550970e+02
2.020915628047539485e+02
1.480440481283421548e+02
2.019726726179632408e+02
1.383202137608550117e+02
2.020915628047537496e+02
1.480440481283422685e+02
2.019726726179630418e+02
4.583310621242472571e+00
5.961838114732135985e+00
4.907310160427810430e+00
6.047549644744028896e+00
4.583310621242472571e+00
5.961838114732131544e+00
4.907310160427814871e+00
6.047549644744028896e+00
4.416131178949347924e-01
3.409136082325172623e-01
3.955867869013957594e-01
3.409083031186055934e-01
4.416131178949349589e-01
3.409136082325169848e-01
3.955867869013964810e-01
3.409083031186055934e-01
3.825861266867888050e-02
3.094426044486007360e-02
3.453850942587094464e-02
3.090485853034996566e-02
3.825861266867890825e-02
3.094426044486004584e-02
3.453850942587095851e-02
3.090485853034994485e-02
9.411415527428904637e-01
9.140268635719533963e-01
9.369409842006225508e-01
9.140712494072501526e-01
9.411415527428896866e-01
9.140268635719519530e-01
9.369409842006214406e-01
9.140712494072501526e-01
1.463721443331996190e-03
9.575472544793317033e-04
1.192908633360976198e-03
9.551102807809450524e-04
1.463721443331998141e-03
9.575472544793300770e-04
1.192908633360977282e-03
9.551102807809438598e-04
