2.710472732130924214e+03
3.617668883220985663e+03
2.808995090909092141e+03
3.926321069947377964e+03
2.710472732130924669e+03
3.617668883220987482e+03
2.808995090909090322e+03
3.926321069947379328e+03
3.763684168336666147e+01
4.393972436852314445e+01
3.767212834224598339e+01
4.567779409085547115e+01
3.763684168336668989e+01
4.393972436852305918e+01
3.767212834224598339e+01
4.567779409085544273e+01
5.152188478446430298e-02
4.379223634380614849e-02
5.311471858537340773e-02
4.415277131240245845e-02
5.152188478446434461e-02
4.379223634380616237e-02
5.311471858537339386e-02
4.415277131240241681e-02
9.621588074952242692e-03
9.342665220458255815e-03
1.000177856012953760e-02
9.308632544024222216e-03
9.621588074952242692e-03
9.342665220458250611e-03
1.000177856012953413e-02
9.308632544024222216e-03
6.864730183082815573e-01
5.818934864465596934e-01
6.752074586488812091e-01
5.462213436080812778e-01
6.864730183082818904e-01
5.818934864465595824e-01
6.752074586488810981e-01
5.462213436080808338e-01
9.257495708406321855e-05
8.728539342156031917e-05
1.000355743658668797e-04
8.665063983966686425e-05
9.257495708406319145e-05
8.728539342156021075e-05
1.000355743658668119e-04
8.665063983966686425e-05
