1.389860000000001605e+02
2.617607214428856537e+02
1.337675850454025408e+02
1.826798647294587852e+02
1.389860000000000184e+02
2.617607214428857105e+02
1.337675850454025976e+02
1.826798647294588136e+02
7.090850000000007647e+00
9.840430861723447720e+00
6.949090200350830138e+00
8.061437875751495952e+00
7.090850000000005871e+00
9.840430861723451272e+00
6.949090200350825697e+00
8.061437875751499504e+00
2.198046865601947786e-01
1.707617343976815527e-01
2.286704056893573700e-01
1.990831981227283165e-01
2.198046865601946120e-01
1.707617343976817470e-01
2.286704056893575088e-01
1.990831981227282887e-01
1.960551963096109074e-02
1.745920749661718924e-02
2.033190402426632987e-02
1.896887274617310021e-02
1.960551963096108380e-02
1.745920749661719965e-02
2.033190402426633681e-02
1.896887274617310715e-02
9.728649108370316378e-01
9.488469156192789189e-01
9.738700926019392412e-01
9.642905184185983636e-01
9.728649108370319709e-01
9.488469156192778087e-01
9.738700926019390192e-01
9.642905184185992518e-01
3.843764000000007537e-04
3.048239264099338107e-04
4.133863212519774013e-04
3.598181332605086694e-04
3.843764000000004285e-04
3.048239264099342444e-04
4.133863212519776182e-04
3.598181332605088862e-04
