1.300689061154178319e+02
2.455564007824388568e+02
1.839466263302901723e+02
3.178036296457292451e+02
1.300689061154177182e+02
2.455564007824385726e+02
1.839466263302901154e+02
3.178036296457293020e+02
7.139319552110245048e+00
9.988806781134544011e+00
8.545621522338080922e+00
1.120745490110845743e+01
7.139319552110247713e+00
9.988806781134538681e+00
8.545621522338079146e+00
1.120745490110845743e+01
1.938812266549118091e-01
1.500396045440083592e-01
1.774135732081566497e-01
1.338381515252390352e-01
1.938812266549117258e-01
1.500396045440084147e-01
1.774135732081564554e-01
1.338381515252390908e-01
2.274680621202360142e-02
2.023066326545163232e-02
2.199396036435210741e-02
1.998989385322163387e-02
2.274680621202359102e-02
2.023066326545163579e-02
2.199396036435210394e-02
1.998989385322164428e-02
9.699842513442665792e-01
9.438058271054863280e-01
9.578141509090938310e-01
9.272611097510607969e-01
9.699842513442663572e-01
9.438058271054872161e-01
9.578141509090938310e-01
9.272611097510607969e-01
5.174171928473554312e-04
4.092797361600941696e-04
4.837342925086914633e-04
3.995958562630680302e-04
5.174171928473551060e-04
4.092797361600942238e-04
4.837342925086913548e-04
3.995958562630685181e-04
