8.573193987975926689e+01
1.178641250436746191e+02
6.562796793587155264e+01
1.030943289384379966e+02
8.573193987975928110e+01
1.178641250436745480e+02
6.562796793587160948e+01
1.030943289384380677e+02
4.093959919839666561e+00
4.914273436652865534e+00
3.673803607214420452e+00
4.654740342408276277e+00
4.093959919839670114e+00
4.914273436652868199e+00
3.673803607214420897e+00
4.654740342408260290e+00
5.195334568826850408e-01
4.802042265035396107e-01
5.266348222836461090e-01
4.825765977898845427e-01
5.195334568826858179e-01
4.802042265035391666e-01
5.266348222836469972e-01
4.825765977898839876e-01
1.843289742779203044e-01
1.754226632675819075e-01
1.834893275259634193e-01
1.763762612175835132e-01
1.843289742779202212e-01
1.754226632675819630e-01
1.834893275259635026e-01
1.763762612175835687e-01
9.650445712258499675e-01
9.519875752843285355e-01
9.732396996435304093e-01
9.580041054654242494e-01
9.650445712258497455e-01
9.519875752843293126e-01
9.732396996435307424e-01
9.580041054654234722e-01
3.397717075835021000e-02
3.077311078789143201e-02
3.366833331593027667e-02
3.110858552109325645e-02
3.397717075835017531e-02
3.077311078789144935e-02
3.366833331593030443e-02
3.110858552109327727e-02
