6.698175016700058215e+00
1.990473996120584133e+01
1.240775401069518935e+01
1.647627340241981386e+01
6.698175016700057327e+00
1.990473996120581646e+01
1.240775401069516981e+01
1.647627340241981031e+01
1.408491649966599812e+00
2.695497947767193647e+00
2.120909090909091077e+00
2.332745705314373641e+00
1.408491649966600701e+00
2.695497947767190094e+00
2.120909090909087080e+00
2.332745705314370088e+00
5.675025563906934689e-01
3.990015053914771070e-01
4.538926324242454902e-01
4.320779174111729626e-01
5.675025563906935799e-01
3.990015053914763299e-01
4.538926324242448795e-01
4.320779174111728516e-01
4.653989786159763720e-02
3.423101357025819941e-02
3.826378355987807706e-02
3.749476253414297383e-02
4.653989786159765107e-02
3.423101357025817859e-02
3.826378355987804930e-02
3.749476253414295995e-02
9.972595952940279673e-01
9.918500111228111260e-01
9.949214016966010377e-01
9.932519726080556444e-01
9.972595952940277453e-01
9.918500111228113481e-01
9.949214016966007046e-01
9.932519726080557554e-01
2.165962092967940213e-03
1.171762290047201121e-03
1.464117132317195851e-03
1.405857217491771711e-03
2.165962092967941514e-03
1.171762290047199603e-03
1.464117132317193466e-03
1.405857217491770410e-03
