6.484433400133592329e+01
8.181150536366857295e+01
3.728008556149734432e+01
8.825857597548036892e+01
6.484433400133602277e+01
8.181150536366854453e+01
3.728008556149737984e+01
8.825857597548038314e+01
2.926268537074148579e+00
3.408678319205255658e+00
2.052449197860964247e+00
3.411962963359876699e+00
2.926268537074149023e+00
3.408678319205256546e+00
2.052449197860963803e+00
3.411962963359876255e+00
5.512220417546944695e-01
5.059819740937722132e-01
6.413533542873096627e-01
5.152046151776045191e-01
5.512220417546949136e-01
5.059819740937719912e-01
6.413533542873101068e-01
5.152046151776050742e-01
4.415435271515128629e-02
3.990546474485871797e-02
4.837114097879540581e-02
4.008248266534926441e-02
4.415435271515130017e-02
3.990546474485868328e-02
4.837114097879539887e-02
4.008248266534925747e-02
9.906856663405696484e-01
9.882538260954317755e-01
9.946485459218601388e-01
9.873286701120885800e-01
9.906856663405699814e-01
9.882538260954319975e-01
9.946485459218614711e-01
9.873286701120895792e-01
1.949606863693987635e-03
1.592446116503161901e-03
2.339767279590500033e-03
1.606605416618024250e-03
1.949606863693989153e-03
1.592446116503159299e-03
2.339767279590499165e-03
1.606605416618023599e-03
