4.192628883497991410e+02
6.915242273403108584e+02
5.493633665689158079e+02
7.122946890849143529e+02
4.192628883497991978e+02
6.915242273403113131e+02
5.493633665689150121e+02
7.122946890849138981e+02
1.356065347068407334e+01
1.727239229191520309e+01
1.509431085043989107e+01
1.725874035460947908e+01
1.356065347068406091e+01
1.727239229191519954e+01
1.509431085043990528e+01
1.725874035460952527e+01
1.242851489267364634e-01
1.047498208654424751e-01
1.246270197312001476e-01
1.071271195742075355e-01
1.242851489267363524e-01
1.047498208654424334e-01
1.246270197312001893e-01
1.071271195742075910e-01
1.597806033009942228e-02
1.434916647269526314e-02
1.542306776685751189e-02
1.439903804754206172e-02
1.597806033009941534e-02
1.434916647269526314e-02
1.542306776685752577e-02
1.439903804754205131e-02
9.286704608987792486e-01
8.824921294552589002e-01
9.065524100958921583e-01
8.789604987085865018e-01
9.286704608987793597e-01
8.824921294552576789e-01
9.065524100958911591e-01
8.789604987085869459e-01
2.552984119122969089e-04
2.058985784611218166e-04
2.378710193410791532e-04
2.073322966945638957e-04
2.552984119122966920e-04
2.058985784611218437e-04
2.378710193410795868e-04
2.073322966945635975e-04
