5.987035305178258682e+01
8.392051925633444398e+01
3.440811881188128751e+01
6.452663743328238866e+01
5.987035305178260103e+01
8.392051925633455767e+01
3.440811881188132304e+01
6.452663743328240287e+01
3.752022563645812880e+00
4.379337883688168453e+00
2.601366336633670784e+00
3.905563602452430505e+00
3.752022563645812880e+00
4.379337883688172006e+00
2.601366336633671228e+00
3.905563602452431837e+00
4.470148644819750827e-01
4.124535065941375422e-01
5.372883709256163209e-01
4.169219425036456150e-01
4.470148644819745276e-01
4.124535065941373202e-01
5.372883709256164320e-01
4.169219425036457261e-01
6.513629404602123973e-02
6.014894878659553246e-02
6.700766086827517065e-02
6.020999956820132643e-02
6.513629404602123973e-02
6.014894878659557409e-02
6.700766086827514290e-02
6.020999956820129173e-02
9.943398967996925908e-01
9.920689504197057751e-01
9.967445776357031217e-01
9.939034538632846028e-01
9.943398967996924798e-01
9.920689504197054420e-01
9.967445776357025666e-01
9.939034538632840476e-01
4.242736802049742149e-03
3.617896040132492167e-03
4.490026615037775309e-03
3.625244048002803678e-03
4.242736802049741282e-03
3.617896040132497371e-03
4.490026615037772707e-03
3.625244048002799341e-03
