2.253997103622000395e+02
4.521303014191656189e+02
3.346638622448979277e+02
4.417065764181428449e+02
2.253997103622003237e+02
4.521303014191654484e+02
3.346638622448980982e+02
4.417065764181424470e+02
7.347657146353777868e+00
1.088710073207640150e+01
8.979229591836739743e+00
1.074016400147234584e+01
7.347657146353779645e+00
1.088710073207642104e+01
8.979229591836729085e+00
1.074016400147234762e+01
2.867915736688508854e-01
2.136295995159336047e-01
2.590573479692881986e-01
2.192610550376874468e-01
2.867915736688508299e-01
2.136295995159334105e-01
2.590573479692879766e-01
2.192610550376872525e-01
2.084946776185940889e-02
1.738852120569786899e-02
1.978788496791763010e-02
1.776206843522003254e-02
2.084946776185940889e-02
1.738852120569785165e-02
1.978788496791762663e-02
1.776206843522001866e-02
9.716131293777859890e-01
9.429987538913238154e-01
9.578103703283804560e-01
9.443010808537608547e-01
9.716131293777859890e-01
9.429987538913248146e-01
9.578103703283794568e-01
9.443010808537606326e-01
4.347003059528148361e-04
3.023606697210045094e-04
3.915603915035405767e-04
3.154910750974398688e-04
4.347003059528148361e-04
3.023606697210039131e-04
3.915603915035404141e-04
3.154910750974393267e-04
