5.904153740711338827e+01
7.545531676254570641e+01
4.004981133438045759e+01
8.990469385047708784e+01
5.904153740711344511e+01
7.545531676254562115e+01
4.004981133438044338e+01
8.990469385047697415e+01
4.100600004809654031e+00
4.807005800981705157e+00
3.453110425054315868e+00
5.106184497750764884e+00
4.100600004809656696e+00
4.807005800981706045e+00
3.453110425054314536e+00
5.106184497750763107e+00
3.308496337977019364e-01
2.819039959046223398e-01
3.718295711138180359e-01
2.799425450403753568e-01
3.308496337977022139e-01
2.819039959046222288e-01
3.718295711138178694e-01
2.799425450403751903e-01
2.320317047004658711e-02
2.074685686191003395e-02
2.493853333769055144e-02
2.050199738616161407e-02
2.320317047004657324e-02
2.074685686191003395e-02
2.493853333769055144e-02
2.050199738616160366e-02
9.865606514816582795e-01
9.827935117598082249e-01
9.908624320516341566e-01
9.794984268238908776e-01
9.865606514816581685e-01
9.827935117598073367e-01
9.908624320516351558e-01
9.794984268238922098e-01
5.383871198620419300e-04
4.304320696485835194e-04
6.219304450351029840e-04
4.203318968221776892e-04
5.383871198620413879e-04
4.304320696485834652e-04
6.219304450351029840e-04
4.203318968221772555e-04
