3.229346712693474046e+02
6.596620510209859276e+02
4.089240226932743667e+02
6.877907800214945837e+02
3.229346712693477457e+02
6.596620510209854729e+02
4.089240226932740825e+02
6.877907800214950385e+02
4.992689860565863391e+00
8.432400022625719416e+00
6.179265573400330780e+00
8.631551558346068020e+00
4.992689860565866056e+00
8.432400022625717639e+00
6.179265573400328115e+00
8.631551558346071573e+00
5.615348619108083694e-01
4.644758051243958463e-01
5.216595844637965662e-01
4.643034548188050836e-01
5.615348619108078143e-01
4.644758051243962349e-01
5.216595844637962331e-01
4.643034548188049726e-01
2.583888016823441269e-01
2.517594873070695960e-01
2.563790491198880139e-01
2.517014936869802488e-01
2.583888016823442380e-01
2.517594873070695960e-01
2.563790491198879029e-01
2.517014936869802488e-01
9.769610582175685121e-01
9.528942818977790274e-01
9.708186514373338127e-01
9.508856412963976323e-01
9.769610582175692892e-01
9.528942818977793605e-01
9.708186514373332576e-01
9.508856412963980764e-01
6.676477283483775449e-02
6.338283944911854428e-02
6.573021682761794049e-02
6.335364192425695096e-02
6.676477283483781000e-02
6.338283944911853041e-02
6.573021682761788498e-02
6.335364192425696483e-02
