1.403343409983808954e+01
2.119918023014867714e+01
1.117158073654391437e+01
2.437813303661144104e+01
1.403343409983809664e+01
2.119918023014864872e+01
1.117158073654390904e+01
2.437813303661145881e+01
1.983198034487053452e+00
2.656372234554089662e+00
1.980135977337110553e+00
2.806775023134083558e+00
1.983198034487051897e+00
2.656372234554089218e+00
1.980135977337109665e+00
2.806775023134084002e+00
4.803566785007650219e-01
3.852847243516744902e-01
4.527135949206935739e-01
3.744053963856752709e-01
4.803566785007643558e-01
3.852847243516744347e-01
4.527135949206944621e-01
3.744053963856749934e-01
3.709785285887084311e-02
3.162764044781277845e-02
3.597301216448091365e-02
3.129746239379539718e-02
3.709785285887080841e-02
3.162764044781276457e-02
3.597301216448093447e-02
3.129746239379540412e-02
9.958089232975076976e-01
9.936589153157326937e-01
9.967053592531881501e-01
9.927419569628549434e-01
9.958089232975063654e-01
9.936589153157322496e-01
9.967053592531874839e-01
9.927419569628544993e-01
1.376250686738431398e-03
1.000307640296122956e-03
1.294057604185891571e-03
9.795311522910372676e-04
1.376250686738429013e-03
1.000307640296121871e-03
1.294057604185893306e-03
9.795311522910377013e-04
