1.627467027027027768e+02
2.434536591610741141e+02
9.783641793390695796e+01
2.234920455160938957e+02
1.627467027027027768e+02
2.434536591610742846e+02
9.783641793390694374e+01
2.234920455160937536e+02
5.072727272727273196e+00
7.040518383203762554e+00
4.733850053047262030e+00
6.664631474250717780e+00
5.072727272727274972e+00
7.040518383203772323e+00
4.733850053047270023e+00
6.664631474250721332e+00
3.569904346077972246e-01
2.571125426098714306e-01
3.226430468343800539e-01
2.679433124657524257e-01
3.569904346077968915e-01
2.571125426098713751e-01
3.226430468343804425e-01
2.679433124657524812e-01
2.653925719088082863e-02
2.220206751035047957e-02
2.558726066430925747e-02
2.246260863341475664e-02
2.653925719088082516e-02
2.220206751035047957e-02
2.558726066430926788e-02
2.246260863341475317e-02
9.782705247466640941e-01
9.674954402383505458e-01
9.870589610009475878e-01
9.701367855201619150e-01
9.782705247466644272e-01
9.674954402383504348e-01
9.870589610009485870e-01
9.701367855201616930e-01
7.043321722437198345e-04
4.929318017341603438e-04
6.547079083033078162e-04
5.045687866179591899e-04
7.043321722437195093e-04
4.929318017341603438e-04
6.547079083033083583e-04
5.045687866179590815e-04
