8.030842227769936699e+02
9.964880001935465543e+02
4.343741157012819372e+02
1.117803255189433230e+03
8.030842227769942383e+02
9.964880001935465543e+02
4.343741157012819372e+02
1.117803255189432548e+03
1.343653894858714359e+01
1.587563507040210276e+01
1.092215153197961719e+01
1.699352228189868796e+01
1.343653894858713649e+01
1.587563507040210453e+01
1.092215153197961008e+01
1.699352228189868086e+01
1.832856857068324019e-01
1.536253759835718158e-01
1.876968735470783967e-01
1.485621888461426121e-01
1.832856857068324574e-01
1.536253759835716215e-01
1.876968735470783134e-01
1.485621888461426121e-01
2.260954261579971661e-02
2.091991179660230432e-02
2.252291999514685963e-02
2.058605162024868332e-02
2.260954261579972355e-02
2.091991179660230085e-02
2.252291999514686310e-02
2.058605162024867985e-02
9.309940781967196433e-01
9.143599508269347753e-01
9.626849183301021684e-01
9.039427555239102352e-01
9.309940781967199763e-01
9.143599508269346643e-01
9.626849183301010582e-01
9.039427555239099021e-01
5.111914172956635513e-04
4.376427095776203166e-04
5.072819251077862173e-04
4.237855213115435029e-04
5.111914172956637682e-04
4.376427095776200997e-04
5.072819251077863257e-04
4.237855213115432318e-04
