1.902658917835671275e+02
4.508650348825995025e+02
3.345156631016045026e+02
4.587977505813765333e+02
1.902658917835672128e+02
4.508650348825993319e+02
3.345156631016041047e+02
4.587977505813760217e+02
6.589846359385438390e+00
1.122797466590935578e+01
9.512604278074867636e+00
1.162840654571174070e+01
6.589846359385439278e+00
1.122797466590936111e+01
9.512604278074858755e+00
1.162840654571173893e+01
3.050446608715869923e-01
1.988223921852887432e-01
2.274238111574887478e-01
1.858324683653659048e-01
3.050446608715870478e-01
1.988223921852886877e-01
2.274238111574886645e-01
1.858324683653657383e-01
2.174445129804964891e-02
1.672080596085894974e-02
1.766081946073588815e-02
1.620157904460180556e-02
2.174445129804964197e-02
1.672080596085894627e-02
1.766081946073588121e-02
1.620157904460179515e-02
9.769935428688513168e-01
9.455144570311276864e-01
9.595447883431859060e-01
9.445543312843067696e-01
9.769935428688502066e-01
9.455144570311273533e-01
9.595447883431856839e-01
9.445543312843077688e-01
4.728211622532529934e-04
2.795853519806962176e-04
3.119045440247074450e-04
2.624911635384803428e-04
4.728211622532528307e-04
2.795853519806960549e-04
3.119045440247072282e-04
2.624911635384800175e-04
