1.083507975951901727e+02
1.338056326556857414e+02
8.175371122994644679e+01
1.918253941037154959e+02
1.083507975951901869e+02
1.338056326556857130e+02
8.175371122994653206e+01
1.918253941037157801e+02
4.548366065464255925e+00
5.812223377235757660e+00
4.579026737967909710e+00
6.477296839668646555e+00
4.548366065464254149e+00
5.812223377235757660e+00
4.579026737967920369e+00
6.477296839668649220e+00
3.588455801068455853e-01
2.914878299027226505e-01
3.433272268521119774e-01
2.867735663113170075e-01
3.588455801068454187e-01
2.914878299027223729e-01
3.433272268521121440e-01
2.867735663113169520e-01
4.594220925924334675e-02
4.337635544836053458e-02
4.614542707993996712e-02
4.327841838631776156e-02
4.594220925924334675e-02
4.337635544836052764e-02
4.614542707994002957e-02
4.327841838631778931e-02
9.889435906903775164e-01
9.863177679569946621e-01
9.916611666965837735e-01
9.804033630777252428e-01
9.889435906903785156e-01
9.863177679569939960e-01
9.916611666965847727e-01
9.804033630777251318e-01
2.110686591620105409e-03
1.881508211982516662e-03
2.129400440390056930e-03
1.873021498021167162e-03
2.110686591620105409e-03
1.881508211982516011e-03
2.129400440390062568e-03
1.873021498021169547e-03
