1.119978609625669321e+02
1.544231082485827358e+02
5.924296593186363680e+01
1.360862259277914461e+02
1.119978609625669606e+02
1.544231082485826789e+02
5.924296593186366522e+01
1.360862259277914177e+02
5.169754010695183588e+00
6.202110102558053839e+00
3.974957915831661914e+00
5.847813273606030648e+00
5.169754010695187141e+00
6.202110102558060944e+00
3.974957915831659694e+00
5.847813273606038642e+00
3.238658275124663977e-01
2.709365461865697045e-01
3.460732542241463650e-01
2.803908863272115970e-01
3.238658275124663977e-01
2.709365461865697045e-01
3.460732542241459764e-01
2.803908863272115415e-01
3.158960905352300313e-02
2.810892313087472172e-02
3.262355402553882011e-02
2.854637937822329663e-02
3.158960905352298232e-02
2.810892313087472172e-02
3.262355402553879929e-02
2.854637937822330357e-02
9.796074861715665660e-01
9.718760125967573771e-01
9.892228062022225821e-01
9.752172469838134017e-01
9.796074861715663440e-01
9.718760125967563779e-01
9.892228062022232482e-01
9.752172469838135127e-01
9.979034001544226894e-04
7.901115595774239192e-04
1.064296277257250093e-03
8.148957756054523100e-04
9.979034001544211715e-04
7.901115595774240276e-04
1.064296277257248792e-03
8.148957756054527437e-04
