4.833158527581481678e+01
8.477737331202492044e+01
5.828556118143460907e+01
1.036357990242088221e+02
4.833158527581480968e+01
8.477737331202486359e+01
5.828556118143457354e+01
1.036357990242088221e+02
2.381377491825757087e+00
3.174073886168964798e+00
2.520717299578059123e+00
3.420499226300702134e+00
2.381377491825757531e+00
3.174073886168965242e+00
2.520717299578057791e+00
3.420499226300701689e+00
5.644475526628910389e-01
4.696891713548643210e-01
5.305948038578610637e-01
4.666658369835683939e-01
5.644475526628910389e-01
4.696891713548642655e-01
5.305948038578610637e-01
4.666658369835684494e-01
8.212422452006107321e-02
6.883106838790857551e-02
7.591058855303237096e-02
6.859642411915753413e-02
8.212422452006107321e-02
6.883106838790856163e-02
7.591058855303234321e-02
6.859642411915752025e-02
9.948516144343255707e-01
9.909826201023694825e-01
9.937909502598964995e-01
9.889764849894318033e-01
9.948516144343263479e-01
9.909826201023703707e-01
9.937909502598980538e-01
9.889764849894320253e-01
6.744388253021400305e-03
4.737715975420947988e-03
5.762417454467768686e-03
4.705469401935337762e-03
6.744388253021401172e-03
4.737715975420946253e-03
5.762417454467764349e-03
4.705469401935335159e-03
