3.163253279893118020e+02
5.144078692143646094e+02
2.784895668449194090e+02
5.174638957058501774e+02
3.163253279893119156e+02
5.144078692143642684e+02
2.784895668449196364e+02
5.174638957058498363e+02
8.410832331329313405e+00
1.255872707982809899e+01
9.049598930481273840e+00
1.165340842112031972e+01
8.410832331329325839e+00
1.255872707982808478e+01
9.049598930481288050e+00
1.165340842112031439e+01
2.466797844069585910e-01
1.618723287009175837e-01
2.135525737005542768e-01
1.867294507764213907e-01
2.466797844069588963e-01
1.618723287009174727e-01
2.135525737005543045e-01
1.867294507764211964e-01
1.742983600939209538e-02
1.383493904134193778e-02
1.654385053530383828e-02
1.482131848513986751e-02
1.742983600939209191e-02
1.383493904134193257e-02
1.654385053530383481e-02
1.482131848513985710e-02
9.533592870229358196e-01
9.240518931117536194e-01
9.588804126337943101e-01
9.236160281227089319e-01
9.533592870229355976e-01
9.240518931117530643e-01
9.588804126337941991e-01
9.236160281227091540e-01
3.037991833143013974e-04
1.914055382776473776e-04
2.736989905344730826e-04
2.196714816379487126e-04
3.037991833143012348e-04
1.914055382776472421e-04
2.736989905344729742e-04
2.196714816379484415e-04
