3.325492673796794065e+02
6.371028902725224725e+02
4.664507040748164286e+02
6.202289445200565297e+02
3.325492673796791223e+02
6.371028902725233820e+02
4.664507040748164286e+02
6.202289445200565297e+02
1.051221925133689794e+01
1.466370173502082253e+01
1.228061456245825589e+01
1.437683388166708198e+01
1.051221925133689616e+01
1.466370173502084739e+01
1.228061456245825056e+01
1.437683388166708376e+01
1.519885627731800692e-01
1.155796481949331878e-01
1.388728692648016072e-01
1.168896754341715721e-01
1.519885627731799582e-01
1.155796481949332710e-01
1.388728692648016350e-01
1.168896754341716276e-01
1.204170025832665414e-02
1.052586543621791305e-02
1.148480424931129507e-02
1.060392125166548585e-02
1.204170025832665587e-02
1.052586543621792693e-02
1.148480424931129333e-02
1.060392125166548412e-02
9.581095399781779376e-01
9.196635322105742860e-01
9.411721524017737650e-01
9.217901341862195785e-01
9.581095399781779376e-01
9.196635322105740640e-01
9.411721524017738760e-01
9.217901341862198006e-01
1.450025451113842051e-04
1.107938431813669121e-04
1.319007286449987832e-04
1.124431459115229296e-04
1.450025451113842322e-04
1.107938431813672238e-04
1.319007286449987290e-04
1.124431459115228754e-04
