2.350139797667621906e+02
3.197636541966102754e+02
2.444993111782478081e+02
3.072311269063806094e+02
2.350139797667621053e+02
3.197636541966102186e+02
2.444993111782478650e+02
3.072311269063807231e+02
8.812758046212909591e+00
1.046687332368664158e+01
8.835311178247737374e+00
1.031528918864919930e+01
8.812758046212904262e+00
1.046687332368664691e+01
8.835311178247742703e+00
1.031528918864919930e+01
2.813904925335523055e-01
2.472428564498315995e-01
2.837693748780739100e-01
2.522060272465800335e-01
2.813904925335520835e-01
2.472428564498315440e-01
2.837693748780739100e-01
2.522060272465800890e-01
1.296040828352165719e-01
1.245452305262211984e-01
1.277485779295540191e-01
1.252328785174726122e-01
1.296040828352165164e-01
1.245452305262212539e-01
1.277485779295539914e-01
1.252328785174724457e-01
9.759810902036221147e-01
9.673473099177722911e-01
9.750082285858518993e-01
9.686270911806970085e-01
9.759810902036213376e-01
9.673473099177722911e-01
9.750082285858511222e-01
9.686270911806970085e-01
1.679721828755767823e-02
1.551151444682958083e-02
1.631969916302333443e-02
1.568327386177205407e-02
1.679721828755766436e-02
1.551151444682959298e-02
1.631969916302333096e-02
1.568327386177201244e-02
