1.823217368069471149e+02
3.122591493146719586e+02
2.018786524064171033e+02
2.763460611061696000e+02
1.823217368069468307e+02
3.122591493146721859e+02
2.018786524064172454e+02
2.763460611061693726e+02
7.103000668002655615e+00
9.222519906122393252e+00
7.488181818181814720e+00
8.884710597665920417e+00
7.103000668002663609e+00
9.222519906122402134e+00
7.488181818181824489e+00
8.884710597665923970e+00
2.449504163739438800e-01
1.994894249287382515e-01
2.310818937778483517e-01
1.969864412281343014e-01
2.449504163739438800e-01
1.994894249287383903e-01
2.310818937778483240e-01
1.969864412281343291e-01
2.006697816326255893e-02
1.774452298459108790e-02
1.927604475059138331e-02
1.766833869516932359e-02
2.006697816326256240e-02
1.774452298459111566e-02
1.927604475059138331e-02
1.766833869516932012e-02
9.621302051698396030e-01
9.351519581394941438e-01
9.581606144206307185e-01
9.426060592647944603e-01
9.621302051698398250e-01
9.351519581394944769e-01
9.581606144206304965e-01
9.426060592647929059e-01
4.026836126048564165e-04
3.148680959506814227e-04
3.715659012268015984e-04
3.121701922472176717e-04
4.026836126048564707e-04
3.148680959506824526e-04
3.715659012268015984e-04
3.121701922472175090e-04
