3.113131863727457826e+01
4.993330511289962459e+01
2.296195187165774598e+01
4.834323727669242743e+01
3.113131863727457826e+01
4.993330511289964591e+01
2.296195187165775664e+01
4.834323727669243453e+01
2.726541082164338103e+00
3.294605253287322455e+00
2.371759358288771491e+00
3.735883531769421673e+00
2.726541082164337659e+00
3.294605253287322899e+00
2.371759358288768826e+00
3.735883531769419896e+00
4.256609637390221246e-01
3.820841535202473827e-01
4.557995624363692100e-01
3.476785134418697853e-01
4.256609637390219580e-01
3.820841535202476047e-01
4.557995624363687659e-01
3.476785134418694523e-01
6.759434463484088884e-02
6.564180369506260326e-02
6.901682879711784624e-02
6.499062041170232396e-02
6.759434463484087496e-02
6.564180369506261714e-02
6.901682879711780461e-02
6.499062041170229620e-02
9.971620464145272145e-01
9.954501155146532332e-01
9.979123762090893468e-01
9.956039703972180410e-01
9.971620464145278806e-01
9.954501155146532332e-01
9.979123762090892358e-01
9.956039703972187072e-01
4.568995426613643024e-03
4.308846392341134264e-03
4.763322657210676027e-03
4.223780741497978365e-03
4.568995426613642157e-03
4.308846392341135999e-03
4.763322657210669955e-03
4.223780741497974896e-03
