1.012433840654280175e+03
1.256614231172371092e+03
6.433636314363139945e+02
1.245705389097978696e+03
1.012433840654280402e+03
1.256614231172371547e+03
6.433636314363143356e+02
1.245705389097980515e+03
2.215440610951630518e+01
2.505567775116628582e+01
1.738399999999998613e+01
2.479990332969461875e+01
2.215440610951628386e+01
2.505567775116628582e+01
1.738400000000001455e+01
2.479990332969462941e+01
6.903049996769929086e-02
5.753667788391742671e-02
8.446707839205067070e-02
5.804978638177888534e-02
6.903049996769941576e-02
5.753667788391739896e-02
8.446707839205060131e-02
5.804978638177885758e-02
9.208181049961159520e-03
8.597712999868710806e-03
1.021739878786770590e-02
8.650569611838035411e-03
9.208181049961161255e-03
8.597712999868707337e-03
1.021739878786770590e-02
8.650569611838037146e-03
7.440900550746920583e-01
6.825995796986246145e-01
8.375841885291683830e-01
6.853561340582793315e-01
7.440900550746925024e-01
6.825995796986236153e-01
8.375841885291694933e-01
6.853561340582797756e-01
8.479059824886381151e-05
7.392066882811142148e-05
1.043952379903204770e-04
7.483235460925564671e-05
8.479059824886383862e-05
7.392066882811138082e-05
1.043952379903204499e-04
7.483235460925567381e-05
