3.286141711229947759e+01
3.781902307288374487e+01
8.143460253841000807e+00
4.168235937114870637e+01
3.286141711229949181e+01
3.781902307288371645e+01
8.143460253841009688e+00
4.168235937114869927e+01
2.012251336898396747e+00
2.846586220569480741e+00
1.582786907147628819e+00
2.975544672232166121e+00
2.012251336898395415e+00
2.846586220569481185e+00
1.582786907147629263e+00
2.975544672232164345e+00
6.347507813081658679e-01
4.635351348639626390e-01
5.547176213255744504e-01
4.523983171094838607e-01
6.347507813081656458e-01
4.635351348639625280e-01
5.547176213255741173e-01
4.523983171094838052e-01
8.174734482012935288e-02
6.129731694539707065e-02
6.844968191259530321e-02
6.018191299022847274e-02
8.174734482012935288e-02
6.129731694539705678e-02
6.844968191259531709e-02
6.018191299022842417e-02
9.635218605297835026e-01
9.580708468109516707e-01
9.909769596547858272e-01
9.537870703963644559e-01
9.635218605297848349e-01
9.580708468109524478e-01
9.909769596547854942e-01
9.537870703963645669e-01
6.682628385141129411e-03
3.757361064704462569e-03
4.685358953935476328e-03
3.621862651163430466e-03
6.682628385141128544e-03
3.757361064704460834e-03
4.685358953935478063e-03
3.621862651163424828e-03
