2.007403898706503469e+02
2.865478730740838387e+02
1.708477530364371262e+02
3.338636057540184652e+02
2.007403898706502900e+02
2.865478730740836681e+02
1.708477530364372967e+02
3.338636057540182946e+02
6.111568591728911315e+00
7.984876635862825367e+00
6.123105263157893496e+00
8.264212635797914430e+00
6.111568591728909539e+00
7.984876635862823591e+00
6.123105263157899714e+00
8.264212635797909101e+00
3.115618001723905461e-01
2.386083279221388742e-01
2.918005337840359759e-01
2.416240021192942455e-01
3.115618001723904351e-01
2.386083279221389020e-01
2.918005337840361979e-01
2.416240021192943010e-01
2.431904652042663276e-02
2.053382142951081304e-02
2.300746133803974885e-02
2.055858085596798737e-02
2.431904652042662235e-02
2.053382142951080958e-02
2.300746133803974539e-02
2.055858085596798043e-02
9.690395175477023448e-01
9.558236329693751143e-01
9.736330291241384050e-01
9.485286718819847529e-01
9.690395175477013456e-01
9.558236329693748923e-01
9.736330291241385160e-01
9.485286718819846419e-01
5.914160236626747830e-04
4.216378224990374539e-04
5.293432772213937801e-04
4.226552468113734472e-04
5.914160236626741325e-04
4.216378224990373455e-04
5.293432772213935633e-04
4.226552468113731220e-04
