2.791176407758694040e+02
4.025798380688531211e+02
2.165669946524064073e+02
4.476883791851903993e+02
2.791176407758692903e+02
4.025798380688532347e+02
2.165669946524064926e+02
4.476883791851900014e+02
6.898722549773562029e+00
8.365676610184053175e+00
6.252556149732619417e+00
9.110882030796986442e+00
6.898722549773557589e+00
8.365676610184053175e+00
6.252556149732617641e+00
9.110882030796989994e+00
3.678388820530725800e-01
3.276209125463543370e-01
3.747194323846667063e-01
3.186975890644052622e-01
3.678388820530724135e-01
3.276209125463537819e-01
3.747194323846666508e-01
3.186975890644049292e-01
1.067528086328803361e-01
9.958627200169196947e-02
1.055198938437541534e-01
9.919249493835882725e-02
1.067528086328803916e-01
9.958627200169187232e-02
1.055198938437542228e-01
9.919249493835877174e-02
9.800877000187971921e-01
9.712603793693516119e-01
9.845875805429614713e-01
9.680536734593913062e-01
9.800877000187979693e-01
9.712603793693516119e-01
9.845875805429608052e-01
9.680536734593909731e-01
1.139616215100837035e-02
9.917425571194979014e-03
1.113444799679714700e-02
9.839151052096340236e-03
1.139616215100838249e-02
9.917425571194958198e-03
1.113444799679716088e-02
9.839151052096329828e-03
