1.527475591182363814e+02
2.306971498106434524e+02
1.406639038076151564e+02
2.355426323589064452e+02
1.527475591182364099e+02
2.306971498106433103e+02
1.406639038076150428e+02
2.355426323589061042e+02
7.014476953907810675e+00
8.939743213882682227e+00
6.911110220440878749e+00
9.109991526138449203e+00
7.014476953907808898e+00
8.939743213882671569e+00
6.911110220440870755e+00
9.109991526138447426e+00
2.071285154097328995e-01
1.553759542455196152e-01
1.966717630511740367e-01
1.577057626320170769e-01
2.071285154097326497e-01
1.553759542455196985e-01
1.966717630511740367e-01
1.577057626320170491e-01
2.533782210243535477e-02
2.130273085539777927e-02
2.410780496636187251e-02
2.145500747782383769e-02
2.533782210243537211e-02
2.130273085539776540e-02
2.410780496636188638e-02
2.145500747782383769e-02
9.698149533967274083e-01
9.544617116367960508e-01
9.721986026268535364e-01
9.535051822851630110e-01
9.698149533967277414e-01
9.544617116367966059e-01
9.721986026268536474e-01
9.535051822851626779e-01
6.420052288946616510e-04
4.538063418975166034e-04
5.811862602961421998e-04
4.603173458734768496e-04
6.420052288946624100e-04
4.538063418975159529e-04
5.811862602961428504e-04
4.603173458734767954e-04
