1.482972734943573698e+02
3.007394578074352580e+02
2.454374089709762643e+02
3.393787945283707472e+02
1.482972734943571709e+02
3.007394578074354285e+02
2.454374089709760369e+02
3.393787945283705767e+02
6.759102415357036264e+00
9.863457786284968165e+00
8.557261213720318338e+00
1.043845474590341915e+01
6.759102415357035376e+00
9.863457786284975271e+00
8.557261213720320114e+00
1.043845474590342270e+01
2.698766762604204450e-01
2.156444615407073218e-01
2.457591421479264904e-01
2.118126911956041969e-01
2.698766762604205560e-01
2.156444615407072940e-01
2.457591421479264071e-01
2.118126911956041969e-01
7.801837317998530641e-02
7.466638375851755716e-02
7.541925626555016915e-02
7.433074144376866643e-02
7.801837317998529253e-02
7.466638375851755716e-02
7.541925626555016915e-02
7.433074144376865255e-02
9.743002385548840127e-01
9.478260188261778962e-01
9.574196784076106637e-01
9.411215718840285627e-01
9.743002385548851230e-01
9.478260188261781183e-01
9.574196784076109967e-01
9.411215718840287847e-01
6.086866553651450878e-03
5.575068863574215473e-03
5.688064215648729396e-03
5.525059123580388677e-03
6.086866553651448276e-03
5.575068863574215473e-03
5.688064215648727662e-03
5.525059123580386942e-03
