5.927574743418117578e+02
8.450455678134235313e+02
6.331563065890820781e+02
8.438321962549011914e+02
5.927574743418117578e+02
8.450455678134239861e+02
6.331563065890821917e+02
8.438321962548997135e+02
1.624386434627397691e+01
1.938360671602074703e+01
1.652189318395828366e+01
1.943877921323852931e+01
1.624386434627399112e+01
1.938360671602075413e+01
1.652189318395828721e+01
1.943877921323849023e+01
9.355548380275631459e-02
7.910861617144539226e-02
9.927066326232047988e-02
7.756354842393185789e-02
9.355548380275631459e-02
7.910861617144540614e-02
9.927066326232050764e-02
7.756354842393177462e-02
1.070493697699855841e-02
9.957354753141278367e-03
1.079054600572611905e-02
9.972952715757354633e-03
1.070493697699856188e-02
9.957354753141278367e-03
1.079054600572611905e-02
9.972952715757342490e-03
8.660865971884933456e-01
8.094166422044486442e-01
8.571588518242149179e-01
8.096931416134280912e-01
8.660865971884939007e-01
8.094166422044478670e-01
8.571588518242143628e-01
8.096931416134280912e-01
1.145956756815110368e-04
9.914891367990521956e-05
1.164358831016919173e-04
9.945978587073198553e-05
1.145956756815111045e-04
9.914891367990521956e-05
1.164358831016918902e-04
9.945978587073174158e-05
