4.794175303867401681e+02
6.740084090833602204e+02
4.453955955989113136e+02
6.512190568983273806e+02
4.794175303867401112e+02
6.740084090833598793e+02
4.453955955989113136e+02
6.512190568983262438e+02
1.475746408839778212e+01
1.756812520067758854e+01
1.433275366159315212e+01
1.727147111903365939e+01
1.475746408839780166e+01
1.756812520067760275e+01
1.433275366159317166e+01
1.727147111903365939e+01
9.364463820569000896e-02
8.018526168337794524e-02
9.754489856529761915e-02
8.061326537907616274e-02
9.364463820568999508e-02
8.018526168337801463e-02
9.754489856529766079e-02
8.061326537907623213e-02
1.087899597117595631e-02
1.006627924951967491e-02
1.099525668544537073e-02
1.012592349072703388e-02
1.087899597117595457e-02
1.006627924951967838e-02
1.099525668544537420e-02
1.012592349072703561e-02
8.928411655528926127e-01
8.493593553767770921e-01
9.003583316696197603e-01
8.544534916692294590e-01
8.928411655528931679e-01
8.493593553767784243e-01
9.003583316696193162e-01
8.544534916692290150e-01
1.183525533408626807e-04
1.013299779293103846e-04
1.208956695788311288e-04
1.025343265400575579e-04
1.183525533408626401e-04
1.013299779293104524e-04
1.208956695788312102e-04
1.025343265400575985e-04
