2.098267201068804582e+02
3.415899660283129151e+02
2.581912780748665455e+02
3.480021004575994539e+02
2.098267201068804582e+02
3.415899660283137678e+02
2.581912780748662044e+02
3.480021004575996244e+02
7.601309285237144664e+00
9.794353412707762274e+00
8.285117647058829249e+00
9.994395207527350777e+00
7.601309285237144664e+00
9.794353412707769380e+00
8.285117647058811485e+00
9.994395207527356106e+00
3.402516734622105798e-01
2.558374737339453309e-01
2.938009274503061152e-01
2.569652086698769877e-01
3.402516734622101913e-01
2.558374737339455529e-01
2.938009274503058932e-01
2.569652086698772098e-01
4.270108203270846919e-02
3.584791381467335170e-02
3.785468013376905999e-02
3.611252153467809506e-02
4.270108203270848307e-02
3.584791381467339333e-02
3.785468013376903224e-02
3.611252153467814363e-02
9.803267814982810080e-01
9.679423344814169772e-01
9.757582491770652178e-01
9.673364607036443186e-01
9.803267814982821182e-01
9.679423344814165331e-01
9.757582491770654398e-01
9.673364607036446516e-01
1.823382406764098010e-03
1.285072924864248288e-03
1.432976808029970059e-03
1.304114211592589251e-03
1.823382406764099094e-03
1.285072924864251323e-03
1.432976808029967890e-03
1.304114211592592720e-03
