2.714602271209085416e+02
3.989728655171302876e+02
2.728208021390376530e+02
4.288172869803776166e+02
2.714602271209087689e+02
3.989728655171303444e+02
2.728208021390375393e+02
4.288172869803778440e+02
9.116702738810957385e+00
1.150030542368157782e+01
9.015080213903742035e+00
1.186575825447687293e+01
9.116702738810953832e+00
1.150030542368159026e+01
9.015080213903747364e+00
1.186575825447686405e+01
2.279259087232386738e-01
1.879210559097831967e-01
2.361246625221556372e-01
1.887527133189751960e-01
2.279259087232386183e-01
1.879210559097833633e-01
2.361246625221550821e-01
1.887527133189750850e-01
6.610003924610816095e-02
6.386527335318133158e-02
6.470234665727839229e-02
6.373515224245010491e-02
6.610003924610818871e-02
6.386527335318135934e-02
6.470234665727835066e-02
6.373515224245009103e-02
9.667710362123034251e-01
9.510211101877322770e-01
9.665062170727414248e-01
9.473657754125460739e-01
9.667710362123035361e-01
9.510211101877317219e-01
9.665062170727419799e-01
9.473657754125461850e-01
4.369215188337039618e-03
4.078773140476573897e-03
4.186393662958624688e-03
4.062169631368291872e-03
4.369215188337042220e-03
4.078773140476577366e-03
4.186393662958618617e-03
4.062169631368290137e-03
