1.024084863059451891e+02
1.683691232732846288e+02
1.113396844919786162e+02
1.633080760451382503e+02
1.024084863059453028e+02
1.683691232732846288e+02
1.113396844919786304e+02
1.633080760451385345e+02
5.695871743486973671e+00
7.208877648344819811e+00
5.959213903743324714e+00
7.360298136379708644e+00
5.695871743486975447e+00
7.208877648344820699e+00
5.959213903743316720e+00
7.360298136379714862e+00
2.879564818241135415e-01
2.424709407138061767e-01
2.701777128817327012e-01
2.322179448470182983e-01
2.879564818241133750e-01
2.424709407138062045e-01
2.701777128817324791e-01
2.322179448470186314e-01
6.140394951880690649e-02
5.659600851026393847e-02
5.942633763811116382e-02
5.477741161352209232e-02
6.140394951880692037e-02
5.659600851026393153e-02
5.942633763811114300e-02
5.477741161352213395e-02
9.933703585864218644e-01
9.890916549655228707e-01
9.927910457599982141e-01
9.894352307446844241e-01
9.933703585864214203e-01
9.890916549655220935e-01
9.927910457599981031e-01
9.894352307446849792e-01
3.770445016508187051e-03
3.203108179293868464e-03
3.531489605078787924e-03
3.000564823077225135e-03
3.770445016508188352e-03
3.203108179293867163e-03
3.531489605078784889e-03
3.000564823077229906e-03
