6.267981295925179275e+00
1.172587420830966742e+01
5.827711229946532789e+00
9.641089665962933708e+00
6.267981295925180163e+00
1.172587420830966032e+01
5.827711229946523908e+00
9.641089665962940813e+00
1.652585170340681309e+00
2.345627083043091865e+00
1.678491978609627511e+00
2.149968385969801332e+00
1.652585170340681753e+00
2.345627083043090089e+00
1.678491978609627511e+00
2.149968385969800444e+00
4.798124161149431854e-01
3.741304860574087843e-01
4.581954253489588513e-01
3.982588637959256772e-01
4.798124161149434075e-01
3.741304860574086177e-01
4.581954253489584628e-01
3.982588637959253997e-01
3.790117740030853055e-02
3.165739096952956827e-02
3.669125146249852670e-02
3.295444677254236870e-02
3.790117740030852361e-02
3.165739096952955439e-02
3.669125146249849201e-02
3.295444677254237564e-02
9.971985647488873505e-01
9.947686953580003877e-01
9.974015033803389496e-01
9.957006185449986946e-01
9.971985647488873505e-01
9.947686953580010538e-01
9.974015033803385055e-01
9.957006185449989166e-01
1.436499248329657988e-03
1.002190402997652418e-03
1.346247933884300255e-03
1.085995562084328056e-03
1.436499248329657771e-03
1.002190402997651334e-03
1.346247933884297870e-03
1.085995562084328490e-03
