6.838335071707945190e+01
1.116080246913578264e+02
5.885544616346308544e+01
1.277254132663734225e+02
6.838335071707949453e+01
1.116080246913578122e+02
5.885544616346298596e+01
1.277254132663735788e+02
4.255084745762713005e+00
6.001255492780903644e+00
4.384018336198366228e+00
6.196118434818990828e+00
4.255084745762705900e+00
6.001255492780905421e+00
4.384018336198368004e+00
6.196118434818996157e+00
3.211790488907032559e-01
2.304422139781315271e-01
2.984934975800977996e-01
2.342994031450609249e-01
3.211790488907029784e-01
2.304422139781315826e-01
2.984934975800977996e-01
2.342994031450607861e-01
2.386108669385919590e-02
1.932310957124229803e-02
2.256758971378209841e-02
1.959957718640257043e-02
2.386108669385918549e-02
1.932310957124232578e-02
2.256758971378209147e-02
1.959957718640256696e-02
9.932168166220315397e-01
9.889300085263068585e-01
9.941898600132417219e-01
9.873389639200566004e-01
9.932168166220303185e-01
9.889300085263066364e-01
9.941898600132411667e-01
9.873389639200571555e-01
5.693514582118644517e-04
3.733825635022356608e-04
5.092961054896036083e-04
3.841434258857520504e-04
5.693514582118638012e-04
3.733825635022367450e-04
5.092961054896032831e-04
3.841434258857519962e-04
