6.722017800933463150e+02
9.818208799051643609e+02
6.560191527633579653e+02
9.336688077611656809e+02
6.722017800933465423e+02
9.818208799051642472e+02
6.560191527633584201e+02
9.336688077611661356e+02
1.712236332718260456e+01
2.041638239705813263e+01
1.619131636767510685e+01
2.001844728310834043e+01
1.712236332718257970e+01
2.041638239705812197e+01
1.619131636767512461e+01
2.001844728310835819e+01
1.443806832302596821e-01
1.074260202036714101e-01
1.302524150895292832e-01
1.098332684490446604e-01
1.443806832302598486e-01
1.074260202036713685e-01
1.302524150895292832e-01
1.098332684490447159e-01
1.297117918006818020e-02
1.138472868123356629e-02
1.276608729635122716e-02
1.138639622797090606e-02
1.297117918006818367e-02
1.138472868123356803e-02
1.276608729635123063e-02
1.138639622797091473e-02
8.247249449801951071e-01
7.439801780576066337e-01
8.289550816919587506e-01
7.565310801989317824e-01
8.247249449801951071e-01
7.439801780576068557e-01
8.289550816919578624e-01
7.565310801989311162e-01
1.682514893214342414e-04
1.296120471453021802e-04
1.629729848580602008e-04
1.296500190603500666e-04
1.682514893214343227e-04
1.296120471453022073e-04
1.629729848580602821e-04
1.296500190603502563e-04
