2.835830811748567157e+02
5.192390981319749699e+02
2.424099660134939711e+02
4.105373150169822907e+02
2.835830811748568294e+02
5.192390981319750836e+02
2.424099660134940564e+02
4.105373150169822338e+02
8.509491245057693831e+00
1.199648734433123209e+01
8.182427866918123627e+00
1.036557395277373139e+01
8.509491245057688502e+00
1.199648734433122677e+01
8.182427866918130732e+00
1.036557395277374027e+01
2.694831506744848060e-01
2.172165432399183194e-01
2.648228761330289061e-01
2.234074181452808394e-01
2.694831506744850835e-01
2.172165432399183749e-01
2.648228761330290726e-01
2.234074181452809227e-01
5.638451501315593778e-02
5.074384050388883183e-02
5.501799401238813281e-02
5.085927958940734961e-02
5.638451501315598635e-02
5.074384050388883183e-02
5.501799401238818832e-02
5.085927958940740512e-02
9.558548803614245193e-01
9.192579453033997705e-01
9.622869530744692090e-01
9.361620859162711472e-01
9.558548803614240752e-01
9.192579453033994374e-01
9.622869530744689870e-01
9.361620859162717023e-01
3.179213533268807328e-03
2.574937349084108641e-03
3.026979665147176441e-03
2.586666320353506795e-03
3.179213533268812533e-03
2.574937349084108641e-03
3.026979665147182513e-03
2.586666320353512866e-03
