1.503788019251800279e+02
1.944562792251167878e+02
1.223285333333332403e+02
2.242121520819416105e+02
1.503788019251800279e+02
1.944562792251169299e+02
1.223285333333332972e+02
2.242121520819413831e+02
4.294133974319831459e+00
5.222945891783564498e+00
3.922511111111110615e+00
5.595062346916051865e+00
4.294133974319833236e+00
5.222945891783560945e+00
3.922511111111112836e+00
5.595062346916049201e+00
4.628270619428793697e-01
3.709235974629234711e-01
4.433629946051619308e-01
3.629560890886477931e-01
4.628270619428792032e-01
3.709235974629233601e-01
4.433629946051620974e-01
3.629560890886479041e-01
4.629576779567255024e-02
3.882339685934717288e-02
4.446337721743865573e-02
3.883585443710672880e-02
4.629576779567255718e-02
3.882339685934713819e-02
4.446337721743869043e-02
3.883585443710671492e-02
9.407126437900786842e-01
9.234119891693979287e-01
9.517706553510754119e-01
9.116877336296239642e-01
9.407126437900795723e-01
9.234119891693995941e-01
9.517706553510750789e-01
9.116877336296245193e-01
2.143298115790831862e-03
1.507256143698367662e-03
1.976991913580243131e-03
1.508223589860142226e-03
2.143298115790832296e-03
1.507256143698365494e-03
1.976991913580245733e-03
1.508223589860141576e-03
