1.087929098196389504e+02
2.124831827984628490e+02
1.134705290581157442e+02
1.283625005522066260e+02
1.087929098196389361e+02
2.124831827984627921e+02
1.134705290581157584e+02
1.283625005522066260e+02
3.638817635270525930e+00
5.466110577869164544e+00
3.971386773547076476e+00
4.300894373918175084e+00
3.638817635270526374e+00
5.466110577869160991e+00
3.971386773547078697e+00
4.300894373918175084e+00
4.826564563744819569e-01
3.877296589215357692e-01
4.751141726549359401e-01
4.336882609826641088e-01
4.826564563744816794e-01
3.877296589215356581e-01
4.751141726549357736e-01
4.336882609826642199e-01
5.514558835952690363e-02
4.610103967928753932e-02
5.358241158276428467e-02
4.967273589516282839e-02
5.514558835952687588e-02
4.610103967928759483e-02
5.358241158276427080e-02
4.967273589516282145e-02
9.783248280309160272e-01
9.576466203626271545e-01
9.773781984397896805e-01
9.744089470918104734e-01
9.783248280309161382e-01
9.576466203626273765e-01
9.773781984397891254e-01
9.744089470918104734e-01
3.041035915518389490e-03
2.125305859511244372e-03
2.871074831024752420e-03
2.467380691310597663e-03
3.041035915518386454e-03
2.125305859511249576e-03
2.871074831024750685e-03
2.467380691310596796e-03
