3.546461311914319481e+02
5.810011436118801385e+02
3.251749541864476214e+02
5.078688712067521465e+02
3.546461311914317207e+02
5.810011436118807069e+02
3.251749541864478488e+02
5.078688712067520896e+02
1.017884337349396162e+01
1.325039731116981834e+01
9.701815395496883099e+00
1.255741146403796726e+01
1.017884337349395452e+01
1.325039731116981834e+01
9.701815395496877770e+00
1.255741146403797259e+01
2.135086711166819251e-01
1.676711267559159724e-01
2.226355086230440705e-01
1.718347694424668115e-01
2.135086711166818141e-01
1.676711267559159724e-01
2.226355086230444036e-01
1.718347694424667560e-01
1.794943976115314158e-02
1.588616954547549670e-02
1.905852492695125217e-02
1.601355486880125939e-02
1.794943976115311035e-02
1.588616954547550017e-02
1.905852492695126604e-02
1.601355486880126980e-02
9.669568649301587548e-01
9.458456608376577535e-01
9.697033022906534905e-01
9.526761149488208735e-01
9.669568649301585328e-01
9.458456608376586416e-01
9.697033022906527133e-01
9.526761149488222058e-01
3.221823877392653501e-04
2.523703828275931102e-04
3.632273723912221716e-04
2.564339395361085565e-04
3.221823877392642659e-04
2.523703828275932187e-04
3.632273723912227137e-04
2.564339395361088275e-04
