3.060444020571261490e+02
5.588055748960158553e+02
2.965042719033233425e+02
3.738691219296601957e+02
3.060444020571262627e+02
5.588055748960163100e+02
2.965042719033233993e+02
3.738691219296599115e+02
9.663833691479338128e+00
1.288986432078660727e+01
9.286024169184285526e+00
1.102226810115701916e+01
9.663833691479341681e+00
1.288986432078660549e+01
9.286024169184283750e+00
1.102226810115700495e+01
2.147479416747389291e-01
1.559804438479383271e-01
1.988947605009201147e-01
1.577062424338294966e-01
2.147479416747389291e-01
1.559804438479383548e-01
1.988947605009201980e-01
1.577062424338294966e-01
1.756826258722942249e-02
1.462248832224798296e-02
1.684033118200208012e-02
1.484860911108061739e-02
1.756826258722942943e-02
1.462248832224798123e-02
1.684033118200207665e-02
1.484860911108061912e-02
9.593753012649057776e-01
9.258463631816893358e-01
9.606303869802256257e-01
9.503880397467592278e-01
9.593753012649056666e-01
9.258463631816898909e-01
9.606303869802256257e-01
9.503880397467590058e-01
3.086438503338450505e-04
2.138171647342786434e-04
2.835967543195115300e-04
2.204811925336663022e-04
3.086438503338453216e-04
2.138171647342785892e-04
2.835967543195114758e-04
2.204811925336663564e-04
