1.342992108433733165e+02
2.231360371345100759e+02
1.052769322428640351e+02
1.727319035661686257e+02
1.342992108433734302e+02
2.231360371345101896e+02
1.052769322428640493e+02
1.727319035661687678e+02
6.087030120481922602e+00
8.035679793321584441e+00
5.448121468161539305e+00
7.160109375377264662e+00
6.087030120481922602e+00
8.035679793321582665e+00
5.448121468161545522e+00
7.160109375377265550e+00
3.126300357542797781e-01
2.407541294722636283e-01
3.123074794297882595e-01
2.485764673807528413e-01
3.126300357542796671e-01
2.407541294722636560e-01
3.123074794297888146e-01
2.485764673807528691e-01
2.834339461991707693e-02
2.438530136553451397e-02
2.926418060999588441e-02
2.450385053588043788e-02
2.834339461991708040e-02
2.438530136553452438e-02
2.926418060999588788e-02
2.450385053588043441e-02
9.492068176052536055e-01
9.156298240178490921e-01
9.601530936465008104e-01
9.346880296591743020e-01
9.492068176052543826e-01
9.156298240178486481e-01
9.601530936465008104e-01
9.346880296591737469e-01
8.033480185803442471e-04
5.946429226879394432e-04
8.563922667744590595e-04
6.004386910847679844e-04
8.033480185803445724e-04
5.946429226879399853e-04
8.563922667744592763e-04
6.004386910847678760e-04
