3.906321923847696667e+02
6.519149743336942038e+02
3.313839197860959871e+02
5.107102600923773252e+02
3.906321923847692688e+02
6.519149743336942038e+02
3.313839197860962713e+02
5.107102600923773821e+02
1.174136539746158903e+01
1.552039908694393766e+01
1.090005882352940958e+01
1.396018239687930240e+01
1.174136539746159080e+01
1.552039908694393766e+01
1.090005882352940247e+01
1.396018239687931839e+01
1.395111366422296106e-01
1.084215468224108830e-01
1.428991346033706977e-01
1.127728366100486102e-01
1.395111366422296106e-01
1.084215468224109802e-01
1.428991346033705589e-01
1.127728366100484853e-01
1.261542810114912871e-02
1.094687693526710803e-02
1.286078801842706516e-02
1.133768551950293038e-02
1.261542810114912004e-02
1.094687693526710977e-02
1.286078801842706863e-02
1.133768551950293212e-02
9.297783222098224831e-01
8.829015822232058053e-01
9.404460613747169795e-01
9.082649072752561059e-01
9.297783222098222611e-01
8.829015822232054722e-01
9.404460613747169795e-01
9.082649072752557728e-01
1.591490261752631326e-04
1.198341146358829852e-04
1.653998684549171582e-04
1.285431129391464305e-04
1.591490261752628887e-04
1.198341146358830259e-04
1.653998684549172666e-04
1.285431129391464847e-04
