2.157631190524761564e+02
3.657535009959857462e+02
2.639872732732735017e+02
3.608715809998370787e+02
2.157631190524763269e+02
3.657535009959856893e+02
2.639872732732735017e+02
3.608715809998371356e+02
8.505706022824096380e+00
1.134782477868648698e+01
9.511465465465468228e+00
1.123919911895862711e+01
8.505706022824092827e+00
1.134782477868648876e+01
9.511465465465471780e+00
1.123919911895862533e+01
3.546147882166932885e-01
3.154402739309387083e-01
3.428266808470069593e-01
3.160109788694024924e-01
3.546147882166929000e-01
3.154402739309388748e-01
3.428266808470065152e-01
3.160109788694022703e-01
1.420686121126037427e-01
1.385413493109184657e-01
1.400475076661580054e-01
1.380608031070766073e-01
1.420686121126039092e-01
1.385413493109183547e-01
1.400475076661581442e-01
1.380608031070766906e-01
9.394151001111453736e-01
8.972430273330457284e-01
9.257863685852539826e-01
8.986192664165330024e-01
9.394151001111458177e-01
8.972430273330451733e-01
9.257863685852540936e-01
8.986192664165336685e-01
2.018349054760146255e-02
1.919370546888992876e-02
1.961330440350258705e-02
1.906078535457097697e-02
2.018349054760150765e-02
1.919370546888989754e-02
1.961330440350262175e-02
1.906078535457099432e-02
