1.776796367604318050e+02
2.911559391749372594e+02
2.172416640419947669e+02
3.014663395031529376e+02
1.776796367604317197e+02
2.911559391749374868e+02
2.172416640419946248e+02
3.014663395031530513e+02
7.366109181714209697e+00
9.772942209879072806e+00
8.460687664041996570e+00
1.030624503600375164e+01
7.366109181714212362e+00
9.772942209879067477e+00
8.460687664042005451e+00
1.030624503600374986e+01
2.446811226268519601e-01
1.878186692567030691e-01
2.162947998507603609e-01
1.789070149111480212e-01
2.446811226268518769e-01
1.878186692567031246e-01
2.162947998507603609e-01
1.789070149111481600e-01
2.498385193444827707e-02
2.113441781158488172e-02
2.280788488316421239e-02
2.058887105341063520e-02
2.498385193444828400e-02
2.113441781158487479e-02
2.280788488316420545e-02
2.058887105341064214e-02
9.720930770094617923e-01
9.542432706969440348e-01
9.658617514304255192e-01
9.526013757074539567e-01
9.720930770094632356e-01
9.542432706969447009e-01
9.658617514304256302e-01
9.526013757074547339e-01
6.241928574824349681e-04
4.466636162346363198e-04
5.201996128436706113e-04
4.239016112539703107e-04
6.241928574824352934e-04
4.466636162346359403e-04
5.201996128436702860e-04
4.239016112539705818e-04
