4.273498757515031343e+02
6.233186131782607617e+02
3.835957114228456817e+02
6.110196746197805169e+02
4.273498757515030775e+02
6.233186131782605344e+02
3.835957114228461364e+02
6.110196746197804032e+02
1.114460921843688013e+01
1.335684595644192996e+01
1.015429258517034050e+01
1.327086236601458502e+01
1.114460921843688901e+01
1.335684595644194061e+01
1.015429258517034405e+01
1.327086236601458680e+01
3.868845058085707556e-01
3.583779388684172895e-01
3.985912806987190193e-01
3.571086924166454457e-01
3.868845058085711996e-01
3.583779388684180112e-01
3.985912806987188528e-01
3.571086924166455567e-01
2.475736871141256401e-01
2.417902999082565951e-01
2.495651871544330436e-01
2.417399474013180727e-01
2.475736871141257511e-01
2.417902999082567339e-01
2.495651871544330158e-01
2.417399474013177674e-01
9.704850705431868896e-01
9.569050665755911567e-01
9.735069529558840751e-01
9.577553892310720629e-01
9.704850705431868896e-01
9.569050665755907126e-01
9.735069529558840751e-01
9.577553892310725070e-01
6.129273055128298120e-02
5.846254912972467105e-02
6.228278263942718662e-02
5.843820216959202257e-02
6.129273055128303671e-02
5.846254912972473350e-02
6.228278263942717274e-02
5.843820216959188379e-02
