1.210321128357274574e+03
1.438015755794263669e+03
7.330608506168965732e+02
1.578959784922825747e+03
1.210321128357274347e+03
1.438015755794262304e+03
7.330608506168962322e+02
1.578959784922825975e+03
2.310398350157386460e+01
2.523423210915959203e+01
1.740935485428688523e+01
2.689293922678669801e+01
2.310398350157387881e+01
2.523423210915956716e+01
1.740935485428687812e+01
2.689293922678667670e+01
7.059389512277369771e-02
6.422241954645006856e-02
9.521303854056348270e-02
6.052453652850998261e-02
7.059389512277376710e-02
6.422241954645005468e-02
9.521303854056334393e-02
6.052453652850992016e-02
8.092690391476380432e-03
7.757562670665420733e-03
9.196165946650501979e-03
7.482113090856718288e-03
8.092690391476382167e-03
7.757562670665419866e-03
9.196165946650498510e-03
7.482113090856716553e-03
8.327352039405114814e-01
8.013781806079383063e-01
8.987896854374394229e-01
7.819068432607767516e-01
8.327352039405119255e-01
8.013781806079373071e-01
8.987896854374400890e-01
7.819068432607773067e-01
6.549163777229413739e-05
6.017977858930162032e-05
8.456946811833433448e-05
5.598201630436947597e-05
6.549163777229416450e-05
6.017977858930160677e-05
8.456946811833426672e-05
5.598201630436944209e-05
