2.744515862068964225e+02
4.857263708451387743e+02
2.805359579373800898e+02
4.892863010503766077e+02
2.744515862068965362e+02
4.857263708451386037e+02
2.805359579373803172e+02
4.892863010503770056e+02
5.158956896551722515e+00
7.810046817773484307e+00
5.973620358997568935e+00
7.954585895929791484e+00
5.158956896551722515e+00
7.810046817773484307e+00
5.973620358997569824e+00
7.954585895929793260e+00
4.439932090361415340e-01
3.263642381339443288e-01
3.748329955515188883e-01
3.333424774836522553e-01
4.439932090361414785e-01
3.263642381339441623e-01
3.748329955515190548e-01
3.333424774836522553e-01
6.154690590143777063e-02
5.461512170682501777e-02
5.974262561569909646e-02
5.491205950199423008e-02
6.154690590143776369e-02
5.461512170682499001e-02
5.974262561569915891e-02
5.491205950199418845e-02
9.762918183687749885e-01
9.577872611881187437e-01
9.757810728503908404e-01
9.574778802827600410e-01
9.762918183687746554e-01
9.577872611881189657e-01
9.757810728503908404e-01
9.574778802827590418e-01
3.788021626040435560e-03
2.982811519051309021e-03
3.569181315457585664e-03
3.015334278750554479e-03
3.788021626040434693e-03
2.982811519051305985e-03
3.569181315457593470e-03
3.015334278750550576e-03
