1.540883689300522121e+02
2.433328765965665923e+02
2.325530301204819921e+02
3.934379783663711692e+02
1.540883689300522121e+02
2.433328765965667628e+02
2.325530301204819636e+02
3.934379783663716807e+02
5.769725637461107226e+00
7.333431924089141241e+00
6.866319277108432928e+00
9.031225100804009642e+00
5.769725637461109891e+00
7.333431924089136800e+00
6.866319277108431152e+00
9.031225100804018524e+00
3.214413615249427925e-01
2.583118093305879492e-01
2.994152117525998302e-01
2.597067791188048536e-01
3.214413615249432365e-01
2.583118093305878382e-01
2.994152117525998302e-01
2.597067791188048536e-01
2.946279940826907612e-02
2.521804812084680464e-02
2.812793104999268545e-02
2.524987024970251626e-02
2.946279940826908653e-02
2.521804812084680464e-02
2.812793104999267851e-02
2.524987024970252666e-02
9.813525795817703568e-01
9.705443771297193045e-01
9.718416718501815543e-01
9.523834418934549184e-01
9.813525795817702457e-01
9.705443771297184163e-01
9.718416718501805551e-01
9.523834418934544743e-01
8.680565489719006779e-04
6.359499510253449747e-04
7.911805051531426748e-04
6.375559476268122423e-04
8.680565489719012200e-04
6.359499510253450831e-04
7.911805051531421327e-04
6.375559476268127844e-04
