1.222543059452237486e+02
2.768659886618154928e+02
2.244472780748662046e+02
2.297952000257197369e+02
1.222543059452236776e+02
2.768659886618153791e+02
2.244472780748662615e+02
2.297952000257198506e+02
4.617197060788233998e+00
7.221748309453130510e+00
6.224272727272715855e+00
6.652518941626561322e+00
4.617197060788236662e+00
7.221748309453124293e+00
6.224272727272729178e+00
6.652518941626566651e+00
4.153971080735643917e-01
3.366173469380649430e-01
3.941969615365408242e-01
3.491154179859816686e-01
4.153971080735644472e-01
3.366173469380642214e-01
3.941969615365406576e-01
3.491154179859812801e-01
4.994223747808879121e-02
4.237664875110720708e-02
4.768888913259942963e-02
4.294471256755257732e-02
4.994223747808885366e-02
4.237664875110717239e-02
4.768888913259948514e-02
4.294471256755259120e-02
9.789839500102829328e-01
9.523841949007485486e-01
9.613796396114848708e-01
9.604807204550470656e-01
9.789839500102821557e-01
9.523841949007474383e-01
9.613796396114850928e-01
9.604807204550459554e-01
2.494227084317816954e-03
1.795780359374716259e-03
2.274230146701359742e-03
1.844248337509708487e-03
2.494227084317822592e-03
1.795780359374713007e-03
2.274230146701364946e-03
1.844248337509709571e-03
