1.280151102040814237e+02
2.931260602838329419e+02
1.725985820929027454e+02
2.061557114228456840e+02
1.280151102040815942e+02
2.931260602838327713e+02
1.725985820929027454e+02
2.061557114228455987e+02
4.818522448979584816e+00
7.787783730726761888e+00
5.726703916998965305e+00
6.391006502801517719e+00
4.818522448979582151e+00
7.787783730726753895e+00
5.726703916998965305e+00
6.391006502801520384e+00
4.254892683903678807e-01
3.420584412258884099e-01
4.202706847462238660e-01
3.710690732846031459e-01
4.254892683903681583e-01
3.420584412258881879e-01
4.202706847462239770e-01
3.710690732846037565e-01
3.636575410515795886e-02
3.052258988709082715e-02
3.647559636138501121e-02
3.223644104061432203e-02
3.636575410515796580e-02
3.052258988709082368e-02
3.647559636138503203e-02
3.223644104061432203e-02
9.559527882611269511e-01
8.991836323932147490e-01
9.405951950341646661e-01
9.290962906232118623e-01
9.559527882611277283e-01
8.991836323932150821e-01
9.405951950341644441e-01
9.290962906232113072e-01
1.322468071636813056e-03
9.316284934155393211e-04
1.330469129918683373e-03
1.039188130965003299e-03
1.322468071636813489e-03
9.316284934155389958e-04
1.330469129918685108e-03
1.039188130965003516e-03
