4.230417452944308820e+01
8.396926679527783222e+01
4.794110274930518756e+01
6.803102439971360127e+01
4.230417452944309531e+01
8.396926679527783222e+01
4.794110274930517335e+01
6.803102439971370075e+01
3.685882082547055294e+00
5.565719069632000249e+00
4.081637595432553667e+00
5.056613159586984096e+00
3.685882082547056626e+00
5.565719069632001137e+00
4.081637595432549226e+00
5.056613159586992090e+00
3.149655145950784885e-01
2.227747522516247414e-01
2.887718565012148964e-01
2.340288638000597721e-01
3.149655145950787105e-01
2.227747522516247414e-01
2.887718565012147853e-01
2.340288638000600219e-01
2.902606353100999070e-02
2.323945862224543329e-02
2.710128747380664838e-02
2.417580726465117305e-02
2.902606353101000111e-02
2.323945862224542636e-02
2.710128747380663450e-02
2.417580726465115917e-02
9.754363111444459555e-01
9.512923331708553754e-01
9.721678962570068361e-01
9.605404565990972587e-01
9.754363111444462886e-01
9.512923331708547092e-01
9.721678962570073912e-01
9.605404565990975918e-01
8.425123641062282542e-04
5.400724370550576744e-04
7.344797827379091152e-04
5.844696568975604398e-04
8.425123641062286879e-04
5.400724370550572407e-04
7.344797827379083563e-04
5.844696568975597892e-04
