2.417296146697539996e+02
3.805491918902740736e+02
1.822346025974024428e+02
3.803359550269371425e+02
2.417296146697540280e+02
3.805491918902740736e+02
1.822346025974024997e+02
3.803359550269369151e+02
6.609799910702231607e+00
8.617182416781620446e+00
5.788857142857141369e+00
8.818926164016344771e+00
6.609799910702243153e+00
8.617182416781620446e+00
5.788857142857143145e+00
8.818926164016348324e+00
2.978124995600025526e-01
2.484545000425141537e-01
3.047158972846434888e-01
2.353879260607012747e-01
2.978124995600022751e-01
2.484545000425145700e-01
3.047158972846434333e-01
2.353879260607013579e-01
2.419264465412298420e-02
2.183046520763617590e-02
2.448603155416807786e-02
2.124633910734437248e-02
2.419264465412298767e-02
2.183046520763618631e-02
2.448603155416807786e-02
2.124633910734438635e-02
9.610391455633228164e-01
9.386397958979920686e-01
9.706051222558155223e-01
9.386801691845230167e-01
9.610391455633217062e-01
9.386397958979917355e-01
9.706051222558148561e-01
9.386801691845222395e-01
5.852840553606654221e-04
4.765692111818135564e-04
5.995657412717147290e-04
4.514069254642708181e-04
5.852840553606655305e-04
4.765692111818139900e-04
5.995657412717148374e-04
4.514069254642715228e-04
