3.997856086956525701e+02
6.979320476702201859e+02
3.123059999517105894e+02
6.099969552631829401e+02
3.997856086956523995e+02
6.979320476702199585e+02
3.123059999517103620e+02
6.099969552631835086e+02
8.069367149758456037e+00
1.140793664623935122e+01
6.673076273027977123e+00
1.043210575740853763e+01
8.069367149758450708e+00
1.140793664623933701e+01
6.673076273027977123e+00
1.043210575740855184e+01
3.228099497782993543e-01
2.656395024027498053e-01
3.613768090761629859e-01
2.604235558422823837e-01
3.228099497782994098e-01
2.656395024027498053e-01
3.613768090761631524e-01
2.604235558422827723e-01
2.927774659062122586e-02
2.597336821527791370e-02
3.207153625242344791e-02
2.602922678505225143e-02
2.927774659062120158e-02
2.597336821527791023e-02
3.207153625242342015e-02
2.602922678505225837e-02
8.822301144003211748e-01
7.929526961380140015e-01
9.081153464294915434e-01
8.190392783875501959e-01
8.822301144003211748e-01
7.929526961380141126e-01
9.081153464294918765e-01
8.190392783875501959e-01
8.571864454246328488e-04
6.746158564464090632e-04
1.028583437590511367e-03
6.775206470276815733e-04
8.571864454246314394e-04
6.746158564464088464e-04
1.028583437590509632e-03
6.775206470276820070e-04
