5.603064510293420142e+01
9.425863090917880527e+01
5.114286404133574848e+01
8.941779769681137680e+01
5.603064510293426537e+01
9.425863090917894738e+01
5.114286404133567743e+01
8.941779769681130574e+01
3.299335480058366965e+00
4.728099143562198847e+00
3.608856266750371855e+00
4.582020854502351526e+00
3.299335480058369185e+00
4.728099143562205064e+00
3.608856266750369635e+00
4.582020854502348861e+00
4.428638795955292529e-01
3.437742269597568456e-01
4.121471084498824489e-01
3.637824938110416073e-01
4.428638795955298635e-01
3.437742269597572897e-01
4.121471084498823934e-01
3.637824938110418294e-01
4.816764126887316394e-02
3.990686741378303426e-02
4.617209749089128817e-02
4.136763348644137417e-02
4.816764126887317782e-02
3.990686741378305508e-02
4.617209749089123960e-02
4.136763348644135335e-02
9.659805638857841270e-01
9.427695090076974038e-01
9.689354427858904995e-01
9.457130644584390566e-01
9.659805638857842380e-01
9.427695090076968487e-01
9.689354427858908325e-01
9.457130644584397228e-01
2.320121665406852957e-03
1.592558066781258469e-03
2.131862586708369381e-03
1.711281100268545680e-03
2.320121665406854258e-03
1.592558066781259987e-03
2.131862586708365044e-03
1.711281100268544162e-03
