3.776417904679885282e+02
6.356363334403611134e+02
3.613364364640883082e+02
6.722401598777665868e+02
3.776417904679884714e+02
6.356363334403609997e+02
3.613364364640881945e+02
6.722401598777668141e+02
8.640217073264993886e+00
1.207737021003332245e+01
8.274215469613254825e+00
1.254617522337493440e+01
8.640217073265000991e+00
1.207737021003332245e+01
8.274215469613258378e+00
1.254617522337493085e+01
3.088801002089375247e-01
2.103682714360245176e-01
2.955239939217161327e-01
2.077285949322901781e-01
3.088801002089378578e-01
2.103682714360244066e-01
2.955239939217162437e-01
2.077285949322898451e-01
2.229639113048572860e-02
1.874804589263303137e-02
2.206157528363749884e-02
1.849581561599331070e-02
2.229639113048574595e-02
1.874804589263302443e-02
2.206157528363748496e-02
1.849581561599329335e-02
9.375830639247767495e-01
8.933574114539666322e-01
9.400151484391980894e-01
8.872153567460439039e-01
9.375830639247764164e-01
8.933574114539674094e-01
9.400151484391988665e-01
8.872153567460434598e-01
4.971290574436026261e-04
3.514892247922742812e-04
4.867131039956049338e-04
3.420951953008219523e-04
4.971290574436033850e-04
3.514892247922740643e-04
4.867131039956044459e-04
3.420951953008213560e-04
