6.226008283233127827e+01
1.347922315218670803e+02
1.152857540106952570e+02
1.630535670271024173e+02
6.226008283233133511e+01
1.347922315218673077e+02
1.152857540106951006e+02
1.630535670271022752e+02
3.223877087508345785e+00
4.564728387255794217e+00
4.014288770053477506e+00
5.080840826037103852e+00
3.223877087508349337e+00
4.564728387255792441e+00
4.014288770053472177e+00
5.080840826037099411e+00
4.453510587403678445e-01
3.799034636181142233e-01
4.980559327641809753e-01
3.796139422026045818e-01
4.453510587403677334e-01
3.799034636181143898e-01
4.980559327641807532e-01
3.796139422026048593e-01
2.933292539736566049e-02
2.602720184273843440e-02
3.269434574424712886e-02
2.579447010533008830e-02
2.933292539736566396e-02
2.602720184273844828e-02
3.269434574424710110e-02
2.579447010533008483e-02
9.896493257386219655e-01
9.775855551762360207e-01
9.808072746856444368e-01
9.728816482482952610e-01
9.896493257386220765e-01
9.775855551762363538e-01
9.808072746856448809e-01
9.728816482482960382e-01
8.604205123674193035e-04
6.774152357626469318e-04
1.068920243644370417e-03
6.653546880147676078e-04
8.604205123674196288e-04
6.774152357626476908e-04
1.068920243644368466e-03
6.653546880147673910e-04
