9.936100690185881490e+01
2.730696359009614866e+02
2.263740453880731707e+02
2.848713412207387705e+02
9.936100690185898543e+01
2.730696359009609751e+02
2.263740453880733412e+02
2.848713412207388842e+02
3.709887454007644525e+00
6.602168433493737609e+00
5.810202988559701076e+00
6.633175344018723329e+00
3.709887454007645413e+00
6.602168433493732280e+00
5.810202988559696635e+00
6.633175344018718000e+00
5.351894407421107225e-01
4.418223259867865571e-01
4.948828019501313458e-01
4.439185866822590865e-01
5.351894407421105004e-01
4.418223259867860575e-01
4.948828019501314013e-01
4.439185866822593640e-01
4.894897338228089423e-02
4.207993553649889279e-02
4.814975603951088257e-02
4.270880172757077903e-02
4.894897338228097056e-02
4.207993553649883728e-02
4.814975603951089644e-02
4.270880172757077903e-02
9.813933725080560277e-01
9.488349947475401835e-01
9.575818177594737080e-01
9.466150461082291079e-01
9.813933725080573600e-01
9.488349947475400725e-01
9.575818177594740410e-01
9.466150461082276646e-01
2.396001995179243300e-03
1.770720974755902229e-03
2.318399006664414747e-03
1.824041745004952898e-03
2.396001995179251106e-03
1.770720974755897676e-03
2.318399006664416048e-03
1.824041745004952681e-03
