2.120033386773544350e+02
3.736208489122539049e+02
2.315434909819638563e+02
2.457259488917714805e+02
2.120033386773544350e+02
3.736208489122539618e+02
2.315434909819637426e+02
2.457259488917717078e+02
7.139210420841670235e+00
9.268456753185740027e+00
7.056717434869733907e+00
7.880028594262667774e+00
7.139210420841665794e+00
9.268456753185741803e+00
7.056717434869725913e+00
7.880028594262678432e+00
2.952476580945690987e-01
2.366304918668928614e-01
3.198817340234830220e-01
2.526616459250285440e-01
2.952476580945690987e-01
2.366304918668927504e-01
3.198817340234826889e-01
2.526616459250287106e-01
1.980290756356985551e-02
1.720273313362248244e-02
2.090503705365194531e-02
1.795028453590226739e-02
1.980290756356987286e-02
1.720273313362249978e-02
2.090503705365193837e-02
1.795028453590229167e-02
9.692372262467244814e-01
9.457637221549177742e-01
9.663714605865453278e-01
9.643387586974893066e-01
9.692372262467244814e-01
9.457637221549167750e-01
9.663714605865444396e-01
9.643387586974894177e-01
3.921551479712922172e-04
2.959340272666328292e-04
4.370205742145607608e-04
3.222127149198521028e-04
3.921551479712929219e-04
2.959340272666333713e-04
4.370205742145605440e-04
3.222127149198529160e-04
