9.419421101774048566e+01
2.111330772528310433e+02
1.393394541892773475e+02
1.441971030188167902e+02
9.419421101774054250e+01
2.111330772528310717e+02
1.393394541892770917e+02
1.441971030188165912e+02
4.813258636788056322e+00
7.364249131356878308e+00
5.934745896286949041e+00
6.025190650241408541e+00
4.813258636788057210e+00
7.364249131356881861e+00
5.934745896286949929e+00
6.025190650241406765e+00
4.196220730963369228e-01
3.411615191746958931e-01
3.864487005951243725e-01
3.546067647989329386e-01
4.196220730963370338e-01
3.411615191746962261e-01
3.864487005951244281e-01
3.546067647989324945e-01
4.865645766923069188e-02
4.113824906735924491e-02
4.555306674222975305e-02
4.172671419709449159e-02
4.865645766923067106e-02
4.113824906735923104e-02
4.555306674222975305e-02
4.172671419709444302e-02
9.495054068262045455e-01
8.867449813910689427e-01
9.253263796433865984e-01
9.226543093142799412e-01
9.495054068262048785e-01
8.867449813910684986e-01
9.253263796433874866e-01
9.226543093142803853e-01
2.367450872917638022e-03
1.692355536328083929e-03
2.075081889622038683e-03
1.741118677686007187e-03
2.367450872917635854e-03
1.692355536328082844e-03
2.075081889622038683e-03
1.741118677686002850e-03
