2.040719599198395713e+02
2.400467227039248428e+02
8.672479759519035269e+01
2.777550491765092602e+02
2.040719599198395997e+02
2.400467227039249281e+02
8.672479759519035269e+01
2.777550491765092033e+02
9.339511022044089117e+00
1.061699350605016967e+01
6.213863727454906005e+00
1.098722896695193363e+01
9.339511022044082011e+00
1.061699350605017322e+01
6.213863727454904229e+00
1.098722896695193718e+01
1.475743626036170597e-01
1.215369458907757105e-01
1.962858217700300945e-01
1.252100563784815934e-01
1.475743626036168932e-01
1.215369458907757244e-01
1.962858217700303165e-01
1.252100563784815657e-01
1.746681614681281150e-02
1.615696491707612967e-02
2.128142534376846473e-02
1.624379471405073411e-02
1.746681614681281150e-02
1.615696491707612273e-02
2.128142534376846473e-02
1.624379471405072717e-02
9.010507996411298848e-01
8.836564122533300258e-01
9.579391561323653548e-01
8.653807965024709059e-01
9.010507996411295517e-01
8.836564122533303589e-01
9.579391561323662430e-01
8.653807965024710169e-01
3.050896663065607944e-04
2.610475153316288606e-04
4.528990646623907187e-04
2.638608667122225378e-04
3.050896663065607401e-04
2.610475153316286438e-04
4.528990646623906645e-04
2.638608667122223209e-04
