2.530544395457580720e+02
4.368831941958782181e+02
2.209477379679144349e+02
3.619664248282662129e+02
2.530544395457582993e+02
4.368831941958781613e+02
2.209477379679146054e+02
3.619664248282662129e+02
5.854749498998000234e+00
8.183934714348483297e+00
5.279566844919783009e+00
6.814452434280324766e+00
5.854749498998000234e+00
8.183934714348481521e+00
5.279566844919791890e+00
6.814452434280330095e+00
5.265104019582159678e-01
4.773196106557355267e-01
5.513997729796789038e-01
5.127630791825794621e-01
5.265104019582160788e-01
4.773196106557352492e-01
5.513997729796789038e-01
5.127630791825796841e-01
2.993211234602068394e-01
2.925755023778369712e-01
3.014233173511267072e-01
2.930163120568212709e-01
2.993211234602068949e-01
2.925755023778368047e-01
3.014233173511268182e-01
2.930163120568212709e-01
9.855555686050381237e-01
9.750639349440102244e-01
9.873971381243807910e-01
9.793462028267344577e-01
9.855555686050385678e-01
9.750639349440104464e-01
9.873971381243807910e-01
9.793462028267346797e-01
8.959313494948038803e-02
8.560042459164368678e-02
9.085601624295805423e-02
8.585855913138047690e-02
8.959313494948040191e-02
8.560042459164358963e-02
9.085601624295809586e-02
8.585855913138044915e-02
