6.270970784298572198e+02
7.272764755701883814e+02
3.906580476190474656e+02
8.193637930623154944e+02
6.270970784298569924e+02
7.272764755701875856e+02
3.906580476190477498e+02
8.193637930623148122e+02
1.837369694879375004e+01
1.980261117473042987e+01
1.404173809523810945e+01
2.090054513789486634e+01
1.837369694879376070e+01
1.980261117473041566e+01
1.404173809523810057e+01
2.090054513789483792e+01
6.499971716612225336e-02
5.896702590937773214e-02
8.671623604980534250e-02
5.844848530065487047e-02
6.499971716612219785e-02
5.896702590937770438e-02
8.671623604980539801e-02
5.844848530065484965e-02
1.147211064713255999e-02
1.107274353061440432e-02
1.304103500893654538e-02
1.094478921151303269e-02
1.147211064713256172e-02
1.107274353061440259e-02
1.304103500893654191e-02
1.094478921151303269e-02
7.862130961367956861e-01
7.522962813487663603e-01
8.669363408813671734e-01
7.209344870518069603e-01
7.862130961367947979e-01
7.522962813487663603e-01
8.669363408813668403e-01
7.209344870518075155e-01
1.316093227000522605e-04
1.226056492947631606e-04
1.700685941043085807e-04
1.197884108844520580e-04
1.316093227000522876e-04
1.226056492947631064e-04
1.700685941043085265e-04
1.197884108844520580e-04
