5.853704445928894273e+01
1.080388598980137829e+02
5.054952475247529264e+01
9.102248556518972578e+01
5.853704445928897826e+01
1.080388598980137971e+02
5.054952475247527843e+01
9.102248556518976841e+01
3.223751206115935020e+00
5.150975217762256975e+00
3.657485148514852735e+00
4.353920712712549879e+00
3.223751206115936796e+00
5.150975217762260527e+00
3.657485148514850959e+00
4.353920712712553431e+00
4.560815499816473495e-01
3.537257322143425586e-01
4.054516153769615050e-01
3.906580633901662325e-01
4.560815499816473495e-01
3.537257322143425586e-01
4.054516153769610609e-01
3.906580633901663990e-01
7.948477292562979024e-02
6.957391960836889488e-02
7.750349594146525856e-02
7.025869035012756447e-02
7.948477292562979024e-02
6.957391960836890876e-02
7.750349594146523080e-02
7.025869035012761998e-02
9.819698589145563483e-01
9.667525388359676786e-01
9.844386418590542753e-01
9.719885956057204845e-01
9.819698589145563483e-01
9.667525388359679006e-01
9.844386418590542753e-01
9.719885956057221499e-01
6.317829127038930223e-03
4.840530289671778758e-03
6.006791883148721728e-03
4.936283569715108933e-03
6.317829127038931090e-03
4.840530289671779625e-03
6.006791883148717391e-03
4.936283569715115005e-03
