3.651980056208511769e+02
8.311317755993909486e+02
7.262562530120479778e+02
9.360808303353707061e+02
3.651980056208510632e+02
8.311317755993912897e+02
7.262562530120471820e+02
9.360808303353699102e+02
9.808054547533497924e+00
1.600172030808603907e+01
1.484474698795180814e+01
1.706203370596614732e+01
9.808054547533499701e+00
1.600172030808604617e+01
1.484474698795179926e+01
1.706203370596614022e+01
2.122355200451302437e-01
1.308571375207745469e-01
1.477198886608313833e-01
1.266774795961769784e-01
2.122355200451302160e-01
1.308571375207747134e-01
1.477198886608313833e-01
1.266774795961768396e-01
1.516099605700677380e-02
1.141486587300498921e-02
1.217653628908564947e-02
1.133478056756035378e-02
1.516099605700677033e-02
1.141486587300499095e-02
1.217653628908563213e-02
1.133478056756034164e-02
9.373465707275202563e-01
8.575742112044584253e-01
8.755157129352211243e-01
8.395919571759576927e-01
9.373465707275205894e-01
8.575742112044595356e-01
8.755157129352216794e-01
8.395919571759578037e-01
2.298558014405749567e-04
1.302991628986939444e-04
1.482680359994197105e-04
1.284772505147438199e-04
2.298558014405748483e-04
1.302991628986939986e-04
1.482680359994192768e-04
1.284772505147435489e-04
