1.277249485637941575e+02
4.446872032835722166e+02
2.300041818181818201e+02
1.216782763387737418e+02
1.277249485637942144e+02
4.446872032835723303e+02
2.300041818181816495e+02
1.216782763387737418e+02
2.223674014696059409e+00
3.998714005551208484e+00
2.770192513368981757e+00
2.191816788657528825e+00
2.223674014696058965e+00
3.998714005551210704e+00
2.770192513368984422e+00
2.191816788657527493e+00
8.521547568292022756e-01
8.377320487804326143e-01
8.497373871777776921e-01
8.439995774331986444e-01
8.521547568292024977e-01
8.377320487804325033e-01
8.497373871777775811e-01
8.439995774331987555e-01
5.751048289650665390e-01
5.663681626161884974e-01
5.741519686577892800e-01
5.669475363610049223e-01
5.751048289650665390e-01
5.663681626161884974e-01
5.741519686577891690e-01
5.669475363610050334e-01
9.804624139511606273e-01
9.320793855335856026e-01
9.648293910555371111e-01
9.814148302164228399e-01
9.804624139511628478e-01
9.320793855335856026e-01
9.648293910555374442e-01
9.814148302164223958e-01
3.307455642989384770e-01
3.207728956252373642e-01
3.296504831136150004e-01
3.214295089858130172e-01
3.307455642989384215e-01
3.207728956252373642e-01
3.296504831136148894e-01
3.214295089858131282e-01
