1.563721147029435201e+02
3.320332060769584359e+02
2.072615810055866064e+02
2.514885301328915546e+02
1.563721147029435201e+02
3.320332060769585496e+02
2.072615810055866632e+02
2.514885301328914693e+02
5.794681284574719093e+00
8.584084369857034602e+00
6.881279329608939399e+00
7.418580177114006524e+00
5.794681284574715541e+00
8.584084369857043484e+00
6.881279329608937623e+00
7.418580177114002971e+00
4.178145162922560218e-01
3.601326312698894250e-01
3.887591955984122660e-01
3.706291613754143510e-01
4.178145162922557443e-01
3.601326312698895915e-01
3.887591955984122105e-01
3.706291613754144065e-01
1.176072567771132005e-01
1.079971487454886858e-01
1.158390095507713935e-01
1.088341862423912176e-01
1.176072567771132144e-01
1.079971487454887275e-01
1.158390095507713380e-01
1.088341862423912454e-01
9.803594467102151322e-01
9.583046717481469301e-01
9.739650189660775670e-01
9.684142380243910830e-01
9.803594467102150212e-01
9.583046717481479293e-01
9.739650189660785662e-01
9.684142380243909720e-01
1.383146684663783856e-02
1.166338413715520966e-02
1.341867613370370527e-02
1.184488009504349772e-02
1.383146684663784202e-02
1.166338413715521660e-02
1.341867613370369486e-02
1.184488009504350466e-02
