4.243691085875450142e+01
5.822997545738504499e+01
3.558375302596065382e+01
7.244826528335559601e+01
4.243691085875456537e+01
5.822997545738506631e+01
3.558375302596068224e+01
7.244826528335568128e+01
3.438636532323909201e+00
4.139521047151567323e+00
2.977902371611159449e+00
4.357327457980068708e+00
3.438636532323909201e+00
4.139521047151569988e+00
2.977902371611154564e+00
4.357327457980066931e+00
3.746636335253887840e-01
3.078679319183317831e-01
4.047809784667499300e-01
3.270337222723411208e-01
3.746636335253886729e-01
3.078679319183315610e-01
4.047809784667504296e-01
3.270337222723406767e-01
2.606985668401869127e-02
2.287959097721592103e-02
2.725121481055079592e-02
2.344164656834163071e-02
2.606985668401870515e-02
2.287959097721591409e-02
2.725121481055079939e-02
2.344164656834163418e-02
9.917913682936728703e-01
9.887363315455452994e-01
9.931258834476461850e-01
9.859935355738491669e-01
9.917913682936719821e-01
9.887363315455456325e-01
9.931258834476476283e-01
9.859935355738504992e-01
6.796374275252740514e-04
5.234756832847001131e-04
7.426287086507829711e-04
5.495107938350429636e-04
6.796374275252747019e-04
5.234756832846998963e-04
7.426287086507832964e-04
5.495107938350430720e-04
