1.373482645290580137e+02
3.040133421924062418e+02
1.996242620320856815e+02
2.340931167147128065e+02
1.373482645290580137e+02
3.040133421924060144e+02
1.996242620320856247e+02
2.340931167147128349e+02
5.028692050768203359e+00
7.566469838071861354e+00
5.745545454545454511e+00
6.242677869107197353e+00
5.028692050768204247e+00
7.566469838071856913e+00
5.745545454545451847e+00
6.242677869107195576e+00
4.687190418288182947e-01
4.069875353932951301e-01
4.709303493926213502e-01
4.275521926129931538e-01
4.687190418288185167e-01
4.069875353932950190e-01
4.709303493926212947e-01
4.275521926129929873e-01
1.198909695582398294e-01
1.074362225251937336e-01
1.186525310207011547e-01
1.075346294689031867e-01
1.198909695582398155e-01
1.074362225251937059e-01
1.186525310207011130e-01
1.075346294689031590e-01
9.815711804218144598e-01
9.592128886585425951e-01
9.732034990448754641e-01
9.685967678491641530e-01
9.815711804218150149e-01
9.592128886585412628e-01
9.732034990448769074e-01
9.685967678491641530e-01
1.437384458161478952e-02
1.154254191048294416e-02
1.407842311761844933e-02
1.156369653501430027e-02
1.437384458161478779e-02
1.154254191048293895e-02
1.407842311761843893e-02
1.156369653501429506e-02
