2.325212105893467367e+02
2.834077028836065892e+02
2.168305076593799470e+02
3.823183424388244589e+02
2.325212105893467367e+02
2.834077028836063050e+02
2.168305076593799470e+02
3.823183424388246863e+02
1.005807410617028452e+01
1.124270656198366503e+01
9.735745376716431920e+00
1.317674300806829635e+01
1.005807410617028630e+01
1.124270656198365437e+01
9.735745376716437249e+00
1.317674300806830701e+01
1.330666496534151644e-01
1.167842877592775580e-01
1.351180048167867354e-01
9.972093044716359711e-02
1.330666496534152199e-01
1.167842877592776135e-01
1.351180048167866798e-01
9.972093044716373589e-02
1.525383502123567672e-02
1.432925299224486852e-02
1.546742967491778614e-02
1.323772784720961965e-02
1.525383502123568193e-02
1.432925299224485638e-02
1.546742967491778961e-02
1.323772784720962485e-02
9.009288497985296074e-01
8.792982813242036233e-01
9.076510351603166438e-01
8.371727953665096811e-01
9.009288497985302735e-01
8.792982813242031792e-01
9.076510351603178650e-01
8.371727953665100141e-01
2.326794828550760041e-04
2.053274913157585252e-04
2.392413807485273063e-04
1.752374385567890180e-04
2.326794828550761939e-04
2.053274913157581458e-04
2.392413807485274419e-04
1.752374385567891807e-04
