1.486773475935828799e+02
2.294528629451416748e+02
1.167541162324648667e+02
2.370086697459090885e+02
1.486773475935831641e+02
2.294528629451417601e+02
1.167541162324648951e+02
2.370086697459089464e+02
6.574064171122990352e+00
7.969339749016755015e+00
5.731345357381425920e+00
8.636567252151365892e+00
6.574064171122997458e+00
7.969339749016751462e+00
5.731345357381437466e+00
8.636567252151360563e+00
3.240409281131865216e-01
2.814719058360952153e-01
3.404098633633261262e-01
2.768392797900126046e-01
3.240409281131864105e-01
2.814719058360952153e-01
3.404098633633262927e-01
2.768392797900128266e-01
3.227928770893401245e-02
2.832195062901522384e-02
3.186878146760191433e-02
2.830992394035123857e-02
3.227928770893404020e-02
2.832195062901523078e-02
3.186878146760192126e-02
2.830992394035122817e-02
9.727130546737473571e-01
9.578903200431693188e-01
9.785607075151812051e-01
9.564997511162196542e-01
9.727130546737479122e-01
9.578903200431684306e-01
9.785607075151812051e-01
9.564997511162187660e-01
1.041952414996138217e-03
8.021328874323757369e-04
1.015619232229767041e-03
8.014517935084722626e-04
1.041952414996140386e-03
8.021328874323761706e-04
1.015619232229767691e-03
8.014517935084716120e-04
