1.596384128256512156e+02
2.236802589135488972e+02
1.792337112299465787e+02
2.680978213110712431e+02
1.596384128256512440e+02
2.236802589135490109e+02
1.792337112299464650e+02
2.680978213110712431e+02
6.077018036072150409e+00
7.260231693333190961e+00
5.960631016042784225e+00
7.630255162731875096e+00
6.077018036072144191e+00
7.260231693333185632e+00
5.960631016042782448e+00
7.630255162731883978e+00
3.466958239582668133e-01
2.979366821246839936e-01
3.573804155703809160e-01
2.962802983144788294e-01
3.466958239582670354e-01
2.979366821246836050e-01
3.573804155703806940e-01
2.962802983144786628e-01
3.077239110362565630e-02
2.692189206913818411e-02
3.036969724381343577e-02
2.681258270225411744e-02
3.077239110362566324e-02
2.692189206913815983e-02
3.036969724381341842e-02
2.681258270225412785e-02
9.805080070384101232e-01
9.726862802791335083e-01
9.781174044228119202e-01
9.672692904076032328e-01
9.805080070384097901e-01
9.726862802791331752e-01
9.781174044228115871e-01
9.672692904076033438e-01
9.469400542344994431e-04
7.247882725823254994e-04
9.223185106808893825e-04
7.189145911652167903e-04
9.469400542344998768e-04
7.247882725823241983e-04
9.223185106808882983e-04
7.189145911652173324e-04
