3.323045802448271502e+02
5.169106909471116751e+02
2.498536135265701148e+02
3.639311715217871779e+02
3.323045802448269797e+02
5.169106909471116751e+02
2.498536135265700011e+02
3.639311715217872916e+02
5.428157519858993751e+00
7.002362212347403414e+00
4.890038647342995759e+00
5.894528186808397408e+00
5.428157519858999969e+00
7.002362212347399861e+00
4.890038647342998424e+00
5.894528186808397408e+00
6.582039545890573384e-01
5.853340125862459553e-01
6.313753852880314987e-01
5.903174988516605159e-01
6.582039545890575605e-01
5.853340125862461774e-01
6.313753852880313877e-01
5.903174988516604049e-01
1.392414155089122529e-01
1.216303049546893639e-01
1.326397126771440560e-01
1.221749097638740872e-01
1.392414155089122252e-01
1.216303049546893361e-01
1.326397126771441670e-01
1.221749097638740456e-01
8.970345124424030647e-01
8.386641919618071928e-01
9.220255484887824871e-01
8.864325608933002476e-01
8.970345124424053962e-01
8.386641919618043062e-01
9.220255484887819319e-01
8.864325608933012468e-01
1.938817179292555079e-02
1.479393108337073194e-02
1.759329337907533305e-02
1.492670857581077613e-02
1.938817179292554038e-02
1.479393108337072500e-02
1.759329337907535734e-02
1.492670857581076399e-02
