1.818091204819275220e+02
3.049818975300001966e+02
1.698772981398229547e+02
2.691321317333463412e+02
1.818091204819275788e+02
3.049818975300000261e+02
1.698772981398229547e+02
2.691321317333465686e+02
5.453542168674694324e+00
7.238615785788454104e+00
5.410021243688573733e+00
6.681736967911737324e+00
5.453542168674696100e+00
7.238615785788446999e+00
5.410021243688571957e+00
6.681736967911728442e+00
3.721494466786768873e-01
3.025968546095557654e-01
3.596578846131915363e-01
3.052369852573029174e-01
3.721494466786769983e-01
3.025968546095559319e-01
3.596578846131917029e-01
3.052369852573034170e-01
3.320751973735739521e-02
2.890972077874488094e-02
3.226856491692932372e-02
2.885519479610623370e-02
3.320751973735736051e-02
2.890972077874487747e-02
3.226856491692933065e-02
2.885519479610624063e-02
9.545975079513893125e-01
9.238582681339889691e-01
9.575073294249163425e-01
9.328076119463973859e-01
9.545975079513886463e-01
9.238582681339896352e-01
9.575073294249151212e-01
9.328076119463960536e-01
1.102739367106980815e-03
8.357719555049935049e-04
1.041260281798081846e-03
8.326222667212362276e-04
1.102739367106978646e-03
8.357719555049933965e-04
1.041260281798082497e-03
8.326222667212367697e-04
