1.292426096256685071e+02
2.045948420905982061e+02
1.258698517034066811e+02
2.380093824011657659e+02
1.292426096256682513e+02
2.045948420905980925e+02
1.258698517034066953e+02
2.380093824011657944e+02
5.354245989304810216e+00
7.110032900024647162e+00
5.414434201736809449e+00
7.530060120240474220e+00
5.354245989304807551e+00
7.110032900024640057e+00
5.414434201736803232e+00
7.530060120240476884e+00
3.895115633591856863e-01
3.005832477691103288e-01
3.503184784225205073e-01
3.030474618857615376e-01
3.895115633591849646e-01
3.005832477691101623e-01
3.503184784225205628e-01
3.030474618857618707e-01
2.960802868733181104e-02
2.576793604806962984e-02
2.840922728030627689e-02
2.578154281331859060e-02
2.960802868733178675e-02
2.576793604806960208e-02
2.840922728030626995e-02
2.578154281331860101e-02
9.846590637897573162e-01
9.757108317032299194e-01
9.850521313675318913e-01
9.717507593185961134e-01
9.846590637897570941e-01
9.757108317032309186e-01
9.850521313675323354e-01
9.717507593185955583e-01
8.766353627498635250e-04
6.639865281774063070e-04
8.070841946640984390e-04
6.646879498349795093e-04
8.766353627498620071e-04
6.639865281774048975e-04
8.070841946640980053e-04
6.646879498349799430e-04
