4.220289859719437686e+02
6.315162571131564846e+02
4.563498128342243945e+02
6.212011027402400032e+02
4.220289859719436549e+02
6.315162571131565983e+02
4.563498128342250197e+02
6.212011027402398895e+02
1.348792518370072102e+01
1.672789964956651687e+01
1.406279679144384609e+01
1.652562343939214884e+01
1.348792518370072635e+01
1.672789964956652398e+01
1.406279679144386741e+01
1.652562343939213463e+01
1.094700204714078584e-01
8.739650865980456984e-02
1.062907893916888030e-01
8.860246701406016001e-02
1.094700204714079278e-01
8.739650865980458372e-02
1.062907893916889279e-01
8.860246701406002123e-02
1.113711363732060484e-02
1.003665139962003905e-02
1.095801914280072897e-02
1.011257234390150125e-02
1.113711363732060831e-02
1.003665139962004425e-02
1.095801914280073418e-02
1.011257234390149258e-02
9.183227495896177928e-01
8.778057357328209465e-01
9.117695055556682693e-01
8.798029885067000233e-01
9.183227495896186809e-01
8.778057357328218346e-01
9.117695055556676031e-01
8.798029885067001343e-01
1.240353001705925794e-04
1.007343713174948873e-04
1.200781835339872274e-04
1.022641194106414992e-04
1.240353001705926878e-04
1.007343713174949957e-04
1.200781835339873223e-04
1.022641194106413366e-04
