1.045814523784411278e+02
1.859758461514053636e+02
1.082812453825855812e+02
1.744674732049850547e+02
1.045814523784410426e+02
1.859758461514054773e+02
1.082812453825856664e+02
1.744674732049850832e+02
6.587285096508811222e+00
8.801962764579277732e+00
6.678902374670180109e+00
8.537936030372085483e+00
6.587285096508805005e+00
8.801962764579283061e+00
6.678902374670177444e+00
8.537936030372092588e+00
1.968012998125695800e-01
1.566791481618922677e-01
1.994584158045572264e-01
1.590576494556254217e-01
1.968012998125696356e-01
1.566791481618921289e-01
1.994584158045571709e-01
1.590576494556255049e-01
2.386306838322154594e-02
2.124624906816557565e-02
2.435219039237157199e-02
2.126667589719810278e-02
2.386306838322156676e-02
2.124624906816557912e-02
2.435219039237156158e-02
2.126667589719810625e-02
9.725852916609866172e-01
9.512924453509581380e-01
9.716252606488235966e-01
9.543076642130939868e-01
9.725852916609873944e-01
9.512924453509585820e-01
9.716252606488238186e-01
9.543076642130944309e-01
5.694460326623077906e-04
4.514030994665266098e-04
5.930291769063143759e-04
4.522715037164666703e-04
5.694460326623087664e-04
4.514030994665267182e-04
5.930291769063138338e-04
4.522715037164668330e-04
