2.074115679585813155e+02
4.216667576651018408e+02
3.567084682961087765e+02
4.780549084555747754e+02
2.074115679585814860e+02
4.216667576651012155e+02
3.567084682961090039e+02
4.780549084555744912e+02
9.514679198722605591e+00
1.398516725512321557e+01
1.274346275632835557e+01
1.475434669190358683e+01
9.514679198722610920e+00
1.398516725512320669e+01
1.274346275632837688e+01
1.475434669190356907e+01
1.649386527903614896e-01
1.161876733666141609e-01
1.315217816600296741e-01
1.141137726185387224e-01
1.649386527903613786e-01
1.161876733666140221e-01
1.315217816600297296e-01
1.141137726185387224e-01
1.608569638721113124e-02
1.336081814284772150e-02
1.435260623254979058e-02
1.328006381194954399e-02
1.608569638721113818e-02
1.336081814284771976e-02
1.435260623254979405e-02
1.328006381194953879e-02
9.615180141445041073e-01
9.216488527098830597e-01
9.337114999520471637e-01
9.111651985899998918e-01
9.615180141445035522e-01
9.216488527098811723e-01
9.337114999520476077e-01
9.111651985900010020e-01
2.587496282615372621e-04
1.785114614462488187e-04
2.059973056666271004e-04
1.763600948494518320e-04
2.587496282615374247e-04
1.785114614462487916e-04
2.059973056666271818e-04
1.763600948494517236e-04
