9.798541082164325289e+00
1.763486330950671999e+01
1.180201604278074434e+01
1.659344357163524464e+01
9.798541082164325289e+00
1.763486330950671643e+01
1.180201604278074790e+01
1.659344357163526240e+01
1.811334669338676706e+00
2.543129038826317245e+00
2.099342245989304523e+00
2.514044131042834973e+00
1.811334669338677372e+00
2.543129038826316801e+00
2.099342245989303191e+00
2.514044131042834973e+00
5.040151356586829445e-01
4.012280936420247746e-01
4.503940271415893259e-01
4.002466227231751827e-01
5.040151356586827225e-01
4.012280936420246635e-01
4.503940271415897700e-01
4.002466227231759044e-01
6.126688517294431174e-02
5.090607046994084089e-02
5.545231354993721690e-02
5.074182040196294208e-02
6.126688517294432562e-02
5.090607046994083396e-02
5.545231354993720302e-02
5.074182040196298371e-02
9.892683012446695789e-01
9.806719669926344807e-01
9.870730943628741594e-01
9.818156531773648554e-01
9.892683012446698010e-01
9.806719669926357019e-01
9.870730943628740484e-01
9.818156531773649665e-01
3.753631218794743502e-03
2.591428010690582755e-03
3.074959078040550523e-03
2.574732337705062414e-03
3.753631218794745671e-03
2.591428010690582321e-03
3.074959078040549222e-03
2.574732337705066751e-03
