2.794058072289151937e+02
3.958360757659900173e+02
2.895450420360239718e+02
4.331677511649805297e+02
2.794058072289154211e+02
3.958360757659897331e+02
2.895450420360239718e+02
4.331677511649801318e+02
8.386024096385529703e+00
9.917008716227641685e+00
8.691683667635576427e+00
1.060639954608011593e+01
8.386024096385536808e+00
9.917008716227631027e+00
8.691683667635574650e+00
1.060639954608011770e+01
2.350025963769246107e-01
2.033975520340472465e-01
2.293535999008231296e-01
1.975912742898434660e-01
2.350025963769246384e-01
2.033975520340473297e-01
2.293535999008227966e-01
1.975912742898435215e-01
2.650205337180588233e-02
2.461318686526686728e-02
2.598050385878084359e-02
2.421439008083656544e-02
2.650205337180589968e-02
2.461318686526685687e-02
2.598050385878083665e-02
2.421439008083655850e-02
9.636172368303843605e-01
9.485064449448787904e-01
9.623478159178945335e-01
9.436490258088585659e-01
9.636172368303841385e-01
9.485064449448781243e-01
9.623478159178943114e-01
9.436490258088581218e-01
7.023588329220475631e-04
6.058089676645453869e-04
6.749865807561263812e-04
5.863366869869162659e-04
7.023588329220484304e-04
6.058089676645448448e-04
6.749865807561259475e-04
5.863366869869159406e-04
