1.019847695390782238e+00
3.039490746198278970e+00
2.543438502673795565e+00
3.142777533676979651e+00
1.019847695390781794e+00
3.039490746198281190e+00
2.543438502673797785e+00
3.142777533676978763e+00
4.481229124916499273e-01
8.154812298393577796e-01
6.715561497326203444e-01
7.688639310706971708e-01
4.481229124916498718e-01
8.154812298393584458e-01
6.715561497326206775e-01
7.688639310706975039e-01
8.084500998990619136e-01
6.897570149093779079e-01
7.450100113209670027e-01
7.113434561722545846e-01
8.084500998990620246e-01
6.897570149093782410e-01
7.450100113209682240e-01
7.113434561722544736e-01
6.417682885510352098e-02
5.422337661674794806e-02
5.889304642884367336e-02
5.459956556701064251e-02
6.417682885510354873e-02
5.422337661674794113e-02
5.889304642884372193e-02
5.459956556701062863e-02
9.996566401698450122e-01
9.990153087289563860e-01
9.991689333969913100e-01
9.989544071883181831e-01
9.996566401698454563e-01
9.990153087289563860e-01
9.991689333969913100e-01
9.989544071883177390e-01
4.118665361897247933e-03
2.940174571721688480e-03
3.468390917669936582e-03
2.981112560106294416e-03
4.118665361897252269e-03
2.940174571721687613e-03
3.468390917669942220e-03
2.981112560106292681e-03
