2.901538543754173105e+01
9.657927619945775177e+01
7.669702673796778924e+01
8.789402869910944105e+01
2.901538543754176303e+01
9.657927619945772335e+01
7.669702673796793135e+01
8.789402869910951210e+01
3.498036072144290909e+00
5.811901878623558559e+00
4.955754010695185841e+00
5.524155262396446275e+00
3.498036072144291353e+00
5.811901878623554119e+00
4.955754010695187617e+00
5.524155262396455157e+00
3.048137486106159422e-01
2.189720334974159244e-01
2.574244119442585244e-01
2.240048029056246892e-01
3.048137486106160532e-01
2.189720334974157578e-01
2.574244119442587464e-01
2.240048029056248557e-01
2.654802087231885460e-02
2.239459194696738140e-02
2.473232952567882073e-02
2.258205148475737195e-02
2.654802087231884072e-02
2.239459194696737446e-02
2.473232952567882767e-02
2.258205148475738583e-02
9.938002404382088040e-01
9.793733558619824864e-01
9.836313734600156122e-01
9.812361116875976119e-01
9.938002404382085819e-01
9.793733558619809321e-01
9.836313734600155012e-01
9.812361116875981670e-01
7.047974122370775441e-04
5.015177484711762484e-04
6.116881237667644040e-04
5.099490492602326043e-04
7.047974122370768936e-04
5.015177484711759231e-04
6.116881237667647292e-04
5.099490492602332548e-04
