6.517988701795135285e+02
9.773592011550721281e+02
7.650108979287889497e+02
9.823858818961649604e+02
6.517988701795140969e+02
9.773592011550739471e+02
7.650108979287886086e+02
9.823858818961638235e+02
1.695651279818068957e+01
2.074361494315630594e+01
1.824623870096690226e+01
2.062330287919048644e+01
1.695651279818067536e+01
2.074361494315630594e+01
1.824623870096688805e+01
2.062330287919045091e+01
9.078091516533198790e-02
7.401095914306252133e-02
8.559156977887530382e-02
7.734134951132844160e-02
9.078091516533198790e-02
7.401095914306261847e-02
8.559156977887517892e-02
7.734134951132835833e-02
1.122550481775359821e-02
1.027451807581091989e-02
1.094121422754429189e-02
1.040051203824197273e-02
1.122550481775359300e-02
1.027451807581092683e-02
1.094121422754428322e-02
1.040051203824196926e-02
8.313920676159431977e-01
7.470019589649635749e-01
8.025882232384996540e-01
7.457089963765894947e-01
8.313920676159437528e-01
7.470019589649639080e-01
8.025882232385004311e-01
7.457089963765902718e-01
1.260119584134092470e-04
1.055657216901653342e-04
1.197101687730176196e-04
1.081706506576162082e-04
1.260119584134091115e-04
1.055657216901654698e-04
1.197101687730174569e-04
1.081706506576161133e-04
