4.353727221197097919e+01
1.003215331204335996e+02
8.397828790110347086e+01
8.929750326607633326e+01
4.353727221197097919e+01
1.003215331204335428e+02
8.397828790110337138e+01
8.929750326607641853e+01
2.007175850549343554e+00
2.876790293704939216e+00
2.748478885481809186e+00
3.104151545942809509e+00
2.007175850549342666e+00
2.876790293704940993e+00
2.748478885481808298e+00
3.104151545942805512e+00
6.646855001678169117e-01
5.974914726016415933e-01
6.109260996971334068e-01
5.704732266269709751e-01
6.646855001678169117e-01
5.974914726016417044e-01
6.109260996971330737e-01
5.704732266269706420e-01
6.410553954339628935e-02
5.887979147778411859e-02
6.020851221980017681e-02
5.617445937873234707e-02
6.410553954339631710e-02
5.887979147778416716e-02
6.020851221980012824e-02
5.617445937873233319e-02
9.917883138315993774e-01
9.810587983566108061e-01
9.841516974092304748e-01
9.831689034934757432e-01
9.917883138316001546e-01
9.810587983566105841e-01
9.841516974092299197e-01
9.831689034934770755e-01
4.109520200149944548e-03
3.466829844467339636e-03
3.625064943721827138e-03
3.155569886492850477e-03
4.109520200149948885e-03
3.466829844467344841e-03
3.625064943721821500e-03
3.155569886492848742e-03
