1.125599144956578641e+02
4.065474156869892113e+02
3.145390962566848998e+02
3.576816681491329177e+02
1.125599144956578783e+02
4.065474156869892681e+02
3.145390962566848998e+02
3.576816681491324630e+02
5.122949899799593254e+00
1.021993720060442179e+01
8.903395721925138062e+00
9.534796866460204967e+00
5.122949899799592366e+00
1.021993720060443600e+01
8.903395721925141615e+00
9.534796866460201414e+00
2.895088698387244253e-01
1.998865260141286793e-01
2.319916226753730160e-01
2.090591868187801072e-01
2.895088698387245363e-01
1.998865260141286793e-01
2.319916226753731825e-01
2.090591868187799962e-01
2.440943115163437052e-02
1.938391063806510842e-02
2.113723069992955519e-02
1.991738176879912642e-02
2.440943115163437052e-02
1.938391063806511189e-02
2.113723069992954479e-02
1.991738176879910560e-02
9.813057063771228883e-01
9.325684350767386999e-01
9.477692532305610484e-01
9.406725857138071856e-01
9.813057063771226662e-01
9.325684350767381448e-01
9.477692532305619366e-01
9.406725857138071856e-01
5.958203291463784988e-04
3.757359916244936522e-04
4.467825216620444051e-04
3.967020965240918582e-04
5.958203291463784988e-04
3.757359916244938148e-04
4.467825216620440799e-04
3.967020965240909366e-04
