3.245671575189648905e+01
9.278950137901004780e+01
7.546407272376082176e+01
8.160565757003915621e+01
3.245671575189646063e+01
9.278950137900997674e+01
7.546407272376083597e+01
8.160565757003912779e+01
1.949184123882919506e+00
3.360605070885957169e+00
3.052007629717271353e+00
3.344105337010696122e+00
1.949184123882920838e+00
3.360605070885955392e+00
3.052007629717267800e+00
3.344105337010694345e+00
5.904952576155795274e-01
4.775401435431492203e-01
5.228759707005100621e-01
4.754003942986312903e-01
5.904952576155788613e-01
4.775401435431492758e-01
5.228759707005092849e-01
4.754003942986310127e-01
4.663803074305622465e-02
3.825995081887119398e-02
4.162192423621887544e-02
3.801202593420906217e-02
4.663803074305618301e-02
3.825995081887120092e-02
4.162192423621888931e-02
3.801202593420907605e-02
9.831140934585624880e-01
9.517370216682228268e-01
9.607836422196930348e-01
9.575430458770612940e-01
9.831140934585628210e-01
9.517370216682221606e-01
9.607836422196931458e-01
9.575430458770607389e-01
2.175105911590257367e-03
1.463823836662442616e-03
1.732384577125544193e-03
1.444914115622982376e-03
2.175105911590253897e-03
1.463823836662442833e-03
1.732384577125545277e-03
1.444914115622983461e-03
