1.223413793103452178e+02
2.348092758489526091e+02
1.593842834728032187e+02
2.493821041172073478e+02
1.223413793103452605e+02
2.348092758489526659e+02
1.593842834728031903e+02
2.493821041172072341e+02
6.169618599791034441e+00
9.284269618709105387e+00
7.609309623430958958e+00
9.245301084718203555e+00
6.169618599791031777e+00
9.284269618709091176e+00
7.609309623430953629e+00
9.245301084718205331e+00
2.189381369012726453e-01
1.415288675347534941e-01
1.724975410994844527e-01
1.429008320338712723e-01
2.189381369012727008e-01
1.415288675347532998e-01
1.724975410994843694e-01
1.429008320338711335e-01
2.218457496151408220e-02
1.801368808125808005e-02
1.980399477818513276e-02
1.797785766026200813e-02
2.218457496151408567e-02
1.801368808125807658e-02
1.980399477818512582e-02
1.797785766026200466e-02
9.640250345615473115e-01
9.309676412216462138e-01
9.531624439787271807e-01
9.266741484100771142e-01
9.640250345615470895e-01
9.309676412216468799e-01
9.531624439787270697e-01
9.266741484100775583e-01
4.921553662230375523e-04
3.244929582888594617e-04
3.921982091743839377e-04
3.232033660526414205e-04
4.921553662230376608e-04
3.244929582888592991e-04
3.921982091743837209e-04
3.232033660526412579e-04
