5.296874999999997726e+02
6.400281418099350503e+02
3.696413745523834677e+02
6.133392113173717917e+02
5.296875000000001137e+02
6.400281418099355051e+02
3.696413745523834109e+02
6.133392113173709959e+02
1.409889473684210159e+01
1.539989848117286897e+01
1.240138637931602084e+01
1.514444019618184001e+01
1.409889473684209804e+01
1.539989848117286897e+01
1.240138637931601018e+01
1.514444019618182402e+01
1.010367227346492952e-01
9.475986249283295526e-02
1.104950403787362812e-01
9.463435810225330480e-02
1.010367227346492813e-01
9.475986249283292751e-02
1.104950403787363367e-01
9.463435810225320766e-02
2.041569381668476707e-02
1.994861159390337937e-02
2.084023643539642881e-02
2.007846425192346199e-02
2.041569381668476360e-02
1.994861159390338978e-02
2.084023643539642534e-02
2.007846425192345158e-02
8.552574304272891892e-01
8.241465621231570671e-01
8.997508837092763612e-01
8.314777953496912399e-01
8.552574304272891892e-01
8.241465621231569560e-01
8.997508837092771383e-01
8.314777953496911289e-01
4.168005540166206595e-04
3.979471045244163609e-04
4.343154546832248323e-04
4.031447267157684282e-04
4.168005540166204426e-04
3.979471045244166861e-04
4.343154546832247239e-04
4.031447267157679403e-04
