9.581468002672002626e+01
1.517902114389206361e+02
5.824721925133690803e+01
1.127861123316150724e+02
9.581468002672006889e+01
1.517902114389206645e+02
5.824721925133690092e+01
1.127861123316150440e+02
7.026447561790240215e+00
8.899713866235144266e+00
5.448235294117641736e+00
7.629971172291102555e+00
7.026447561790241103e+00
8.899713866235140713e+00
5.448235294117646177e+00
7.629971172291099890e+00
1.835455864940353787e-01
1.457201767728719954e-01
2.112830467600705364e-01
1.614909114175447635e-01
1.835455864940354065e-01
1.457201767728721620e-01
2.112830467600706197e-01
1.614909114175448190e-01
1.948855133394033004e-02
1.755953817265165640e-02
2.181372765690906337e-02
1.863747078219589112e-02
1.948855133394034045e-02
1.755953817265167374e-02
2.181372765690905297e-02
1.863747078219589112e-02
9.777138873092336979e-01
9.646052733238156263e-01
9.864416304812380076e-01
9.737408493148940192e-01
9.777138873092339200e-01
9.646052733238154042e-01
9.864416304812397840e-01
9.737408493148944633e-01
3.798036330956274724e-04
3.083373808368107083e-04
4.758387142897993667e-04
3.473553171572054841e-04
3.798036330956277976e-04
3.083373808368112504e-04
4.758387142897988788e-04
3.473553171572055383e-04
