3.663144956579826417e+00
1.282357227824631174e+01
9.029315508021385384e+00
9.838955986839984291e+00
3.663144956579825973e+00
1.282357227824631885e+01
9.029315508021397818e+00
9.838955986839993173e+00
6.614722778891113375e-01
1.104733531233589749e+00
8.590053475935832683e-01
1.033784145831769807e+00
6.614722778891117816e-01
1.104733531233589527e+00
8.590053475935829352e-01
1.033784145831769807e+00
8.069383656221539303e-01
7.441612036434891442e-01
7.925058399014087707e-01
7.467330901685843569e-01
8.069383656221534862e-01
7.441612036434893662e-01
7.925058399014096588e-01
7.467330901685836908e-01
1.790161262956855015e-01
1.603344938501216344e-01
1.751519680219731367e-01
1.607511823895011738e-01
1.790161262956855848e-01
1.603344938501216621e-01
1.751519680219731645e-01
1.607511823895012293e-01
9.880136956383660518e-01
9.580624909114275889e-01
9.704924359834060654e-01
9.678238104516202478e-01
9.880136956383663849e-01
9.580624909114280330e-01
9.704924359834069536e-01
9.678238104516203588e-01
3.204677347391282627e-02
2.570714991817469458e-02
3.067821190197030437e-02
2.584094263962267296e-02
3.204677347391285402e-02
2.570714991817470499e-02
3.067821190197031131e-02
2.584094263962268684e-02
