1.571859381413430157e+01
2.815507147224955986e+01
2.884852567975831761e+01
4.380431557980001855e+01
1.571859381413430157e+01
2.815507147224959539e+01
2.884852567975831406e+01
4.380431557980003276e+01
1.546249124755534332e+00
2.302084531600962602e+00
2.031280966767373020e+00
2.405687507946402626e+00
1.546249124755536108e+00
2.302084531600963935e+00
2.031280966767375684e+00
2.405687507946402182e+00
5.972668830595890821e-01
4.871564006211150377e-01
5.460039543591372890e-01
4.960105012058134144e-01
5.972668830595899703e-01
4.871564006211153153e-01
5.460039543591366229e-01
4.960105012058128038e-01
5.095955715211260284e-02
4.247612932319715096e-02
4.721438010774545169e-02
4.288186842226177770e-02
5.095955715211261672e-02
4.247612932319717177e-02
4.721438010774543781e-02
4.288186842226176382e-02
9.940065588055184698e-01
9.892598614388266043e-01
9.889940855454627533e-01
9.832840723670323024e-01
9.940065588055173595e-01
9.892598614388266043e-01
9.889940855454626423e-01
9.832840723670311922e-01
2.596876465139431010e-03
1.804221562280968697e-03
2.229197688958669665e-03
1.838854639384171919e-03
2.596876465139432311e-03
1.804221562280970649e-03
2.229197688958667930e-03
1.838854639384170401e-03
