1.662226081503191111e+01
4.122834712343339447e+01
3.101106429726922897e+01
3.725178424541533673e+01
1.662226081503190755e+01
4.122834712343339447e+01
3.101106429726927516e+01
3.725178424541532962e+01
1.310804780684298176e+00
1.951226593119463004e+00
1.663006736364295302e+00
1.992953742681566665e+00
1.310804780684299509e+00
1.951226593119462116e+00
1.663006736364295524e+00
1.992953742681567553e+00
7.184452670917882422e-01
6.550782442491007718e-01
6.895670723797551194e-01
6.540816747504438755e-01
7.184452670917887973e-01
6.550782442490998836e-01
6.895670723797554524e-01
6.540816747504432094e-01
1.143546037228406476e-01
1.030350744472357805e-01
1.089104663131670869e-01
1.032309840768913245e-01
1.143546037228406337e-01
1.030350744472357249e-01
1.089104663131671424e-01
1.032309840768913384e-01
9.812640739303850612e-01
9.535957953531132292e-01
9.650477980748396467e-01
9.580670778727174985e-01
9.812640739303861714e-01
9.535957953531130071e-01
9.650477980748402018e-01
9.580670778727169434e-01
1.307697539260791950e-02
1.061622656634741979e-02
1.186148967255150170e-02
1.065663607348339009e-02
1.307697539260791603e-02
1.061622656634740938e-02
1.186148967255151385e-02
1.065663607348339356e-02
