1.073580594023868073e+01
2.166135864543455725e+01
1.105269461077844539e+01
1.773753495013979276e+01
1.073580594023868606e+01
2.166135864543456080e+01
1.105269461077844539e+01
1.773753495013977499e+01
1.383680794424670735e+00
1.953739814959259746e+00
1.377976047904190926e+00
1.861759447037788950e+00
1.383680794424670957e+00
1.953739814959258858e+00
1.377976047904192258e+00
1.861759447037786286e+00
6.103479038106396359e-01
5.121629977493367125e-01
5.945261568104379668e-01
5.174919128892156994e-01
6.103479038106407462e-01
5.121629977493370456e-01
5.945261568104382999e-01
5.174919128892154774e-01
5.673396907932213434e-02
4.698957322773431033e-02
5.351179035618854746e-02
4.896327884428332278e-02
5.673396907932218292e-02
4.698957322773433809e-02
5.351179035618856134e-02
4.896327884428327420e-02
9.967356550713424301e-01
9.933953187876032320e-01
9.966300430846143366e-01
9.946009427269454362e-01
9.967356550713422081e-01
9.933953187876031210e-01
9.966300430846135594e-01
9.946009427269456582e-01
3.218743247493480175e-03
2.208019992124604994e-03
2.863511707124673927e-03
2.397402675183043022e-03
3.218743247493485813e-03
2.208019992124607596e-03
2.863511707124675228e-03
2.397402675183037818e-03
