1.747608723981470646e+01
7.825651719303245102e+01
6.711154261185093617e+01
7.185123927663315158e+01
1.747608723981471712e+01
7.825651719303242260e+01
6.711154261185093617e+01
7.185123927663313737e+01
2.842354669415123603e+00
5.846973693590928889e+00
5.344280276529392637e+00
5.620244290772554940e+00
2.842354669415124935e+00
5.846973693590931553e+00
5.344280276529388196e+00
5.620244290772553164e+00
3.311006038000316454e-01
2.046548259377823642e-01
2.264370381741957483e-01
2.095309987833632870e-01
3.311006038000322005e-01
2.046548259377825030e-01
2.264370381741956650e-01
2.095309987833632037e-01
3.653334257670989155e-02
2.727800866970417001e-02
2.893620676197766056e-02
2.762837168591592354e-02
3.653334257670991930e-02
2.727800866970419083e-02
2.893620676197765362e-02
2.762837168591592008e-02
9.877248101149345150e-01
9.451248577755719804e-01
9.528968219506290804e-01
9.496160392883722379e-01
9.877248101149358472e-01
9.451248577755713143e-01
9.528968219506289694e-01
9.496160392883725709e-01
1.334685119827243565e-03
7.440897569844557745e-04
8.373040617719217571e-04
7.633269220151207629e-04
1.334685119827245517e-03
7.440897569844569671e-04
8.373040617719213234e-04
7.633269220151205460e-04
