8.701686038744151475e+00
1.815951689475206265e+01
9.967197860962565770e+00
1.445606185633299212e+01
8.701686038744155027e+00
1.815951689475207331e+01
9.967197860962563993e+00
1.445606185633298502e+01
1.767561790247162090e+00
2.585288223505835870e+00
1.898342245989305788e+00
2.335317694211954898e+00
1.767561790247162312e+00
2.585288223505832317e+00
1.898342245989304677e+00
2.335317694211951345e+00
5.008914847176992868e-01
3.985877716032749096e-01
4.680968872004805936e-01
4.138835060257007314e-01
5.008914847176991758e-01
3.985877716032746321e-01
4.680968872004806491e-01
4.138835060257010645e-01
4.624024393433603247e-02
3.837819800008811233e-02
4.332981542278504378e-02
3.937594785453288337e-02
4.624024393433600472e-02
3.837819800008809845e-02
4.332981542278502990e-02
3.937594785453290419e-02
9.941730416807013082e-01
9.878426710038032965e-01
9.933300884314367751e-01
9.903206363989062178e-01
9.941730416807011972e-01
9.878426710038029634e-01
9.933300884314365531e-01
9.903206363989069949e-01
2.138160159106900458e-03
1.472886081733967107e-03
1.877472904572620623e-03
1.550465269442892913e-03
2.138160159106897856e-03
1.472886081733966240e-03
1.877472904572619538e-03
1.550465269442894648e-03
