1.895435831663327235e+02
3.285348236580112484e+02
2.201439465240643756e+02
3.247156505524420140e+02
1.895435831663325530e+02
3.285348236580114758e+02
2.201439465240644893e+02
3.247156505524422982e+02
7.435281229124908187e+00
1.018246117904257986e+01
8.260427807486642848e+00
9.982044302508770173e+00
7.435281229124914404e+00
1.018246117904257986e+01
8.260427807486637519e+00
9.982044302508759515e+00
2.728989801800992820e-01
1.896535824287661209e-01
2.200817210194303819e-01
2.007659037691271464e-01
2.728989801800989490e-01
1.896535824287659822e-01
2.200817210194300211e-01
2.007659037691271187e-01
2.627667700635487325e-02
2.055793903860337474e-02
2.264216212080632368e-02
2.141144552131633502e-02
2.627667700635489059e-02
2.055793903860338862e-02
2.264216212080631327e-02
2.141144552131632461e-02
9.144063580504026012e-01
8.513103025619922493e-01
9.003008579284845769e-01
8.530335843482275138e-01
9.144063580504021571e-01
8.513103025619921382e-01
9.003008579284835777e-01
8.530335843482267366e-01
6.904637544962989809e-04
4.226288575149326847e-04
5.126675055048767436e-04
4.584499993122972874e-04
6.904637544962997399e-04
4.226288575149331726e-04
5.126675055048762015e-04
4.584499993122969621e-04
