8.358097528390109332e+00
2.742202051161146059e+01
2.071112834224600263e+01
2.115335483801827721e+01
8.358097528390112885e+00
2.742202051161144993e+01
2.071112834224598842e+01
2.115335483801827721e+01
1.445317301269204213e+00
2.506788979027573028e+00
2.288550802139038609e+00
2.587624446754472451e+00
1.445317301269203991e+00
2.506788979027571695e+00
2.288550802139037277e+00
2.587624446754470675e+00
5.627297260604856577e-01
4.335244352766481901e-01
4.601102805467087720e-01
4.159857232785404979e-01
5.627297260604861018e-01
4.335244352766478015e-01
4.601102805467086609e-01
4.159857232785403314e-01
7.253265909871571548e-02
6.043986033019631277e-02
6.597073773063293067e-02
6.003951410558334978e-02
7.253265909871572936e-02
6.043986033019629889e-02
6.597073773063294455e-02
6.003951410558334978e-02
9.955414258297100583e-01
9.853845935203988660e-01
9.889641514503720865e-01
9.887355095057118737e-01
9.955414258297100583e-01
9.853845935203987549e-01
9.889641514503725306e-01
9.887355095057124288e-01
5.260986635930508387e-03
3.652976716733637771e-03
4.352138236723954862e-03
3.604743254034541763e-03
5.260986635930510122e-03
3.652976716733636470e-03
4.352138236723957464e-03
3.604743254034542196e-03
