2.638343353373413969e+00
7.316820807390183035e+00
7.186941176470591941e+00
1.027795162517547922e+01
2.638343353373413525e+00
7.316820807390175041e+00
7.186941176470588388e+00
1.027795162517548100e+01
6.462738810955247493e-01
1.027793555024486771e+00
9.318609625668449192e-01
1.195980195685487635e+00
6.462738810955246382e-01
1.027793555024486549e+00
9.318609625668448082e-01
1.195980195685488745e+00
7.713482200408977585e-01
6.878159617537360493e-01
7.270928504921408964e-01
6.695943080380597490e-01
7.713482200408976475e-01
6.878159617537356052e-01
7.270928504921408964e-01
6.695943080380598600e-01
2.188470424562679040e-01
1.980556925275943347e-01
2.158510750020530000e-01
1.977043603309257547e-01
2.188470424562678207e-01
1.980556925275942515e-01
2.158510750020528612e-01
1.977043603309257824e-01
9.974198020894733396e-01
9.928567717212277710e-01
9.929769320045858105e-01
9.899651913921244661e-01
9.974198020894731176e-01
9.928567717212278820e-01
9.929769320045859216e-01
9.899651913921239110e-01
4.789402799185552700e-02
3.922605734258498983e-02
4.659168657954191467e-02
3.908701409386052678e-02
4.789402799185548537e-02
3.922605734258495513e-02
4.659168657954185222e-02
3.908701409386054065e-02
