2.005385704742816344e+01
6.157880466815990417e+01
5.519951336898400029e+01
7.165765220280135850e+01
2.005385704742815633e+01
6.157880466815986864e+01
5.519951336898401451e+01
7.165765220280142955e+01
2.604408817635269102e+00
4.451041119672503044e+00
4.142743315508020885e+00
4.755923611929746109e+00
2.604408817635268658e+00
4.451041119672501267e+00
4.142743315508023549e+00
4.755923611929742556e+00
4.035846037864942448e-01
2.955638246356642185e-01
3.245183931833324764e-01
2.872992654050807171e-01
4.035846037864941338e-01
2.955638246356641075e-01
3.245183931833320878e-01
2.872992654050808281e-01
3.665809320271825461e-02
2.958597662679003995e-02
3.129401895583915072e-02
2.895687648842203490e-02
3.665809320271824767e-02
2.958597662679005730e-02
3.129401895583912296e-02
2.895687648842205919e-02
9.910876903088099432e-01
9.726225582521406121e-01
9.754706372477717213e-01
9.681419152508575765e-01
9.910876903088126078e-01
9.726225582521393909e-01
9.754706372477717213e-01
9.681419152508583537e-01
1.343815797259178321e-03
8.753300129609666198e-04
9.793156224084202926e-04
8.385006959657288934e-04
1.343815797259177887e-03
8.753300129609674872e-04
9.793156224084185579e-04
8.385006959657301945e-04
