3.080007682594422391e+01
5.913053502670670980e+01
2.780310633989038394e+01
3.775650674140447904e+01
3.080007682594426299e+01
5.913053502670676664e+01
2.780310633989039104e+01
3.775650674140444352e+01
3.012419342974710812e+00
4.184293252053315371e+00
3.105261665569962304e+00
3.739093757131568996e+00
3.012419342974716585e+00
4.184293252053315371e+00
3.105261665569964080e+00
3.739093757131572993e+00
3.545123999351923461e-01
2.820116958614325431e-01
3.391965604912168253e-01
2.899757218488125399e-01
3.545123999351922350e-01
2.820116958614324321e-01
3.391965604912170473e-01
2.899757218488129284e-01
2.615442422061841146e-02
2.278739915673752559e-02
2.543581464744816556e-02
2.305917879579019378e-02
2.615442422061843228e-02
2.278739915673751865e-02
2.543581464744816903e-02
2.305917879579020766e-02
9.958385949019559202e-01
9.920102069178992066e-01
9.962442801417303873e-01
9.948983026884891112e-01
9.958385949019563643e-01
9.920102069179004278e-01
9.962442801417312754e-01
9.948983026884899994e-01
6.840539063120710779e-04
5.192655603284820551e-04
6.469806667793386815e-04
5.317257267362200668e-04
6.840539063120721621e-04
5.192655603284818382e-04
6.469806667793388984e-04
5.317257267362207173e-04
