7.765992645952570683e+01
1.386111500108651455e+02
9.499180120481925371e+01
1.282907863920612215e+02
7.765992645952564999e+01
1.386111500108650034e+02
9.499180120481921108e+01
1.282907863920611931e+02
2.796867007287850981e+00
4.044027814665475340e+00
3.393608433734937702e+00
3.882512011975758348e+00
2.796867007287847873e+00
4.044027814665474452e+00
3.393608433734935925e+00
3.882512011975756128e+00
5.924335457936847904e-01
4.879955302310122756e-01
5.289565287639645952e-01
4.965499819524860636e-01
5.924335457936842353e-01
4.879955302310115539e-01
5.289565287639641511e-01
4.965499819524858416e-01
4.442770855814632408e-02
3.819324312162097890e-02
4.125197048566891372e-02
3.861148361567086351e-02
4.442770855814629632e-02
3.819324312162095808e-02
4.125197048566889985e-02
3.861148361567085657e-02
9.919742089610416036e-01
9.856723081836821221e-01
9.901861503598619052e-01
9.867433789430749558e-01
9.919742089610423807e-01
9.856723081836814560e-01
9.901861503598619052e-01
9.867433789430739566e-01
1.973821287727588018e-03
1.458723820147248169e-03
1.701725068950499242e-03
1.490846667003219465e-03
1.973821287727585416e-03
1.458723820147246435e-03
1.701725068950498158e-03
1.490846667003219031e-03
