5.740512491649955962e+01
8.030402516262476809e+01
4.362997326203210235e+01
8.064962009580641222e+01
5.740512491649953120e+01
8.030402516262454071e+01
4.362997326203204551e+01
8.064962009580652591e+01
3.502621242484962760e+00
4.334149582587635052e+00
3.195909090909093031e+00
4.267058180532185219e+00
3.502621242484963648e+00
4.334149582587634164e+00
3.195909090909087702e+00
4.267058180532185219e+00
3.910916265634776789e-01
3.246090040539135746e-01
3.974604612456257291e-01
3.342258213229503117e-01
3.910916265634782896e-01
3.246090040539129640e-01
3.974604612456250075e-01
3.342258213229506447e-01
3.266799917518636159e-02
2.888833050628770646e-02
3.334570437788874492e-02
2.939409767134231258e-02
3.266799917518638241e-02
2.888833050628766830e-02
3.334570437788869635e-02
2.939409767134231258e-02
9.913375892683754520e-01
9.879101597323046713e-01
9.934340811062796206e-01
9.878322698978823091e-01
9.913375892683754520e-01
9.879101597323050044e-01
9.934340811062791765e-01
9.878322698978817540e-01
1.067198170109976991e-03
8.345356394405129821e-04
1.111936000457548713e-03
8.640129779124115783e-04
1.067198170109978075e-03
8.345356394405107053e-04
1.111936000457545244e-03
8.640129779124115783e-04
