1.084851741015542359e+01
3.654450837158189813e+01
2.768969354838711538e+01
3.289986424461829273e+01
1.084851741015542714e+01
3.654450837158187682e+01
2.768969354838710473e+01
3.289986424461826431e+01
1.195839399979583995e+00
2.473441506669252110e+00
2.159317204301075321e+00
2.349063718835521009e+00
1.195839399979583773e+00
2.473441506669252554e+00
2.159317204301075765e+00
2.349063718835520120e+00
6.510949677803598012e-01
4.928591659532669533e-01
5.337854006444154864e-01
5.001705077020405232e-01
6.510949677803593572e-01
4.928591659532663982e-01
5.337854006444158195e-01
5.001705077020410783e-01
7.093497754004093880e-02
5.518081703793330933e-02
5.974012592380877756e-02
5.588828769764354193e-02
7.093497754004091105e-02
5.518081703793330239e-02
5.974012592380884001e-02
5.588828769764356968e-02
9.902439667636255827e-01
9.670132953665904196e-01
9.749947730259855838e-01
9.702993815595317706e-01
9.902439667636245835e-01
9.670132953665889763e-01
9.749947730259864720e-01
9.702993815595319926e-01
5.031771038606112217e-03
3.044922568973870876e-03
3.568882645392529567e-03
3.123500701774574190e-03
5.031771038606108748e-03
3.044922568973870442e-03
3.568882645392536940e-03
3.123500701774577660e-03
