8.226249832999320333e+00
1.995619581408804066e+01
1.318636898395722845e+01
1.605586038386932657e+01
8.226249832999311451e+00
1.995619581408805132e+01
1.318636898395723023e+01
1.605586038386932657e+01
1.366311289245156546e+00
2.063683516766150028e+00
1.622946524064171614e+00
1.895636192170435663e+00
1.366311289245157212e+00
2.063683516766151804e+00
1.622946524064172502e+00
1.895636192170435885e+00
5.748925146845581535e-01
4.788074789661340702e-01
5.519151081282566151e-01
4.858116508757218122e-01
5.748925146845583756e-01
4.788074789661347364e-01
5.519151081282579474e-01
4.858116508757219232e-01
1.029080710302130580e-01
8.928270222731830852e-02
1.005979301476995352e-01
8.955611497790241793e-02
1.029080710302130719e-01
8.928270222731836403e-02
1.005979301476995769e-01
8.955611497790240405e-02
9.886511698066402509e-01
9.725161197110175904e-01
9.818129564717014146e-01
9.778833955806817135e-01
9.886511698066413611e-01
9.725161197110161471e-01
9.818129564717018587e-01
9.778833955806813805e-01
1.059007108315937647e-02
7.971400917011990661e-03
1.011994355000143606e-02
8.020297729935278036e-03
1.059007108315937994e-02
7.971400917011999335e-03
1.011994355000144299e-02
8.020297729935274567e-03
