9.330698196392773980e+01
2.060584377310773334e+02
1.624700160427806566e+02
2.029228456913827472e+02
9.330698196392766874e+01
2.060584377310774187e+02
1.624700160427808839e+02
2.029228456913828040e+02
6.007251837007340001e+00
8.423381522403097676e+00
7.270903743315506595e+00
8.517596690707621931e+00
6.007251837007341777e+00
8.423381522403103006e+00
7.270903743315508372e+00
8.517596690707621931e+00
2.100198350173281270e-01
1.616432198590311842e-01
1.912015318911537143e-01
1.591119866788898163e-01
2.100198350173280715e-01
1.616432198590314340e-01
1.912015318911538531e-01
1.591119866788898163e-01
2.310250232712604893e-02
2.007195108994679067e-02
2.190057056316161224e-02
1.992775231336353647e-02
2.310250232712604893e-02
2.007195108994681496e-02
2.190057056316162612e-02
1.992775231336352607e-02
9.612057075793086769e-01
9.141759728890090919e-01
9.323025024372404435e-01
9.154868863427945147e-01
9.612057075793093430e-01
9.141759728890089809e-01
9.323025024372395553e-01
9.154868863427938486e-01
5.337256137748644597e-04
4.028832205572161927e-04
4.796349909920209157e-04
3.971153122627657430e-04
5.337256137748645681e-04
4.028832205572171143e-04
4.796349909920216204e-04
3.971153122627653635e-04
