2.076081497326202623e+02
2.474533184015090796e+02
1.927640774883099368e+02
3.154245496340274713e+02
2.076081497326202054e+02
2.474533184015089091e+02
1.927640774883098800e+02
3.154245496340274144e+02
8.954053475935827677e+00
1.071871550587806787e+01
9.078241816967265621e+00
1.179727369176856833e+01
8.954053475935825901e+00
1.071871550587806787e+01
9.078241816967263844e+00
1.179727369176857543e+01
2.400809015335788332e-01
1.587245565779436263e-01
1.910005639488403795e-01
1.544699182071676002e-01
2.400809015335786389e-01
1.587245565779434597e-01
1.910005639488405182e-01
1.544699182071676558e-01
3.029146544549371489e-02
2.669915481258618162e-02
2.831026230363776000e-02
2.638563504531195314e-02
3.029146544549370795e-02
2.669915481258615386e-02
2.831026230363776347e-02
2.638563504531196008e-02
9.690424263898096413e-01
9.631156744824791449e-01
9.713239728060507616e-01
9.529834731353513666e-01
9.690424263898094193e-01
9.631156744824797000e-01
9.713239728060503175e-01
9.529834731353502564e-01
9.175728788355396771e-04
7.128448677064438271e-04
8.014709517007731834e-04
6.962017367443943576e-04
9.175728788355392435e-04
7.128448677064423093e-04
8.014709517007732919e-04
6.962017367443946829e-04
