7.761278581258906684e+01
1.227352408744982739e+02
7.958213293051363735e+01
1.140140038384926413e+02
7.761278581258906684e+01
1.227352408744982313e+02
7.958213293051367998e+01
1.140140038384927266e+02
5.235054446241885984e+00
6.710575229007868181e+00
5.387160120845926770e+00
6.526291253201268461e+00
5.235054446241879766e+00
6.710575229007859299e+00
5.387160120845920552e+00
6.526291253201266684e+00
2.849909524887776491e-01
2.282748091991763095e-01
2.650233133755320325e-01
2.282780822262215070e-01
2.849909524887773715e-01
2.282748091991760875e-01
2.650233133755319770e-01
2.282780822262213682e-01
2.971196250069779721e-02
2.477297278206200271e-02
2.721875520142146357e-02
2.487799021882014863e-02
2.971196250069775904e-02
2.477297278206197495e-02
2.721875520142147051e-02
2.487799021882014863e-02
9.915995379659015008e-01
9.867088082792845327e-01
9.913822108838993286e-01
9.876505528593967354e-01
9.915995379659007236e-01
9.867088082792847548e-01
9.913822108838997726e-01
9.876505528593961802e-01
8.828007156428721016e-04
6.137001804607847798e-04
7.408606347149079971e-04
6.189143973277110196e-04
8.828007156428699332e-04
6.137001804607834787e-04
7.408606347149083223e-04
6.189143973277110196e-04
