1.984883903743314590e+02
2.814010159356145095e+02
2.311389338677352043e+02
3.265295939472528630e+02
1.984883903743316012e+02
2.814010159356146801e+02
2.311389338677350622e+02
3.265295939472526356e+02
9.220903743315501444e+00
1.154984835982123670e+01
9.973883767535065559e+00
1.237014135222316469e+01
9.220903743315504997e+00
1.154984835982124203e+01
9.973883767535067335e+00
1.237014135222315936e+01
1.618077285424444900e-01
1.138897364545921886e-01
1.498048890362433938e-01
1.096446286524356689e-01
1.618077285424445455e-01
1.138897364545920915e-01
1.498048890362435048e-01
1.096446286524357522e-01
1.384163420984010733e-02
1.199036342860475973e-02
1.330792985092021062e-02
1.174502728614148714e-02
1.384163420984011253e-02
1.199036342860476147e-02
1.330792985092020889e-02
1.174502728614148540e-02
9.552388844977279803e-01
9.363701988896209194e-01
9.476706652229345273e-01
9.261710390600418341e-01
9.552388844977289795e-01
9.363701988896220296e-01
9.476706652229344163e-01
9.261710390600437215e-01
1.915908375990159709e-04
1.437688151500224700e-04
1.771009969170132098e-04
1.379456659522080599e-04
1.915908375990161335e-04
1.437688151500225242e-04
1.771009969170131827e-04
1.379456659522080328e-04
