2.450956263672381681e+02
3.370498496993991466e+02
2.209098367346940961e+02
3.455986104862790285e+02
2.450956263672382249e+02
3.370498496993992603e+02
2.209098367346942098e+02
3.455986104862785169e+02
8.007026776198708617e+00
9.927543863236682142e+00
7.713030612244901718e+00
9.800636988262247939e+00
8.007026776198705065e+00
9.927543863236689248e+00
7.713030612244904383e+00
9.800636988262246163e+00
1.925608278960684594e-01
1.488477745908587391e-01
1.964038463775802934e-01
1.564557352517772226e-01
1.925608278960683761e-01
1.488477745908587391e-01
1.964038463775802656e-01
1.564557352517770838e-01
1.674087483564543760e-02
1.463536302040965333e-02
1.697687196131855356e-02
1.487565385939708558e-02
1.674087483564543760e-02
1.463536302040966026e-02
1.697687196131855702e-02
1.487565385939708211e-02
9.606290475159413589e-01
9.458250036967474905e-01
9.644816518939826056e-01
9.444499287986198865e-01
9.606290475159409148e-01
9.458250036967474905e-01
9.644816518939826056e-01
9.444499287986197755e-01
2.802568902627467092e-04
2.141938507391743661e-04
2.882141815910040225e-04
2.212850777445953953e-04
2.802568902627467092e-04
2.141938507391745559e-04
2.882141815910041309e-04
2.212850777445952869e-04
