1.530124767607503884e+02
2.160628659215175276e+02
1.351443551985719580e+02
2.072201577393913965e+02
1.530124767607505305e+02
2.160628659215172718e+02
1.351443551985722422e+02
2.072201577393913112e+02
5.859109785836730033e+00
7.036979242270284374e+00
5.468076510245190036e+00
6.942347704069289804e+00
5.859109785836731810e+00
7.036979242270293256e+00
5.468076510245184707e+00
6.942347704069293357e+00
4.729184222466096821e-01
4.347099918936025986e-01
4.733290811780802021e-01
4.370191692068495781e-01
4.729184222466096266e-01
4.347099918936021545e-01
4.733290811780805907e-01
4.370191692068494671e-01
8.637785746317745705e-02
8.015717331332869455e-02
8.633943268286303763e-02
7.951276094141594697e-02
8.637785746317747093e-02
8.015717331332866680e-02
8.633943268286305150e-02
7.951276094141590534e-02
9.729806741471903608e-01
9.618662930006379730e-01
9.761060051697738604e-01
9.634243354545333204e-01
9.729806741471899167e-01
9.618662930006380840e-01
9.761060051697753037e-01
9.634243354545325433e-01
7.461134259929001408e-03
6.425172433583014805e-03
7.454497635998637468e-03
6.322279152526760412e-03
7.461134259929003143e-03
6.425172433583009601e-03
7.454497635998640070e-03
6.322279152526755208e-03
