9.918114629258506909e+01
1.955701081306998788e+02
1.360696042780750190e+02
1.519962009580657138e+02
9.918114629258505488e+01
1.955701081306999072e+02
1.360696042780748769e+02
1.519962009580658560e+02
4.480448897795586305e+00
6.186731752274603480e+00
4.896727272727274816e+00
5.576205887711250142e+00
4.480448897795592522e+00
6.186731752274600815e+00
4.896727272727274816e+00
5.576205887711251030e+00
3.476150861354707078e-01
2.733875117032239510e-01
3.368823898908684389e-01
2.857882386009769071e-01
3.476150861354704302e-01
2.733875117032236179e-01
3.368823898908684944e-01
2.857882386009767406e-01
2.872960056983876048e-02
2.461893918295654168e-02
2.849066777669048353e-02
2.529593721700893957e-02
2.872960056983873967e-02
2.461893918295653128e-02
2.849066777669047659e-02
2.529593721700895345e-02
9.785648183520073706e-01
9.576157012165736893e-01
9.705148930832266929e-01
9.670592989385949911e-01
9.785648183520075927e-01
9.576157012165739113e-01
9.705148930832270260e-01
9.670592989385943250e-01
8.253899489024795356e-04
6.060921664941128998e-04
8.117181503617495368e-04
6.398844396868579552e-04
8.253899489024783430e-04
6.060921664941124661e-04
8.117181503617491032e-04
6.398844396868587142e-04
