4.032216745803922890e+02
4.472213945964215327e+02
2.869372530120479610e+02
5.953922483521257618e+02
4.032216745803920617e+02
4.472213945964218738e+02
2.869372530120481883e+02
5.953922483521257618e+02
1.227506063177406759e+01
1.357587464084795492e+01
1.070196385542167761e+01
1.513911558055869122e+01
1.227506063177405338e+01
1.357587464084796380e+01
1.070196385542168116e+01
1.513911558055869833e+01
1.725748608493130887e-01
1.488829633776932171e-01
1.783838090282935940e-01
1.456493024597174946e-01
1.725748608493130332e-01
1.488829633776931616e-01
1.783838090282937050e-01
1.456493024597171060e-01
3.577405518415369134e-02
3.362565341652249545e-02
3.539280848883761404e-02
3.288586375957913699e-02
3.577405518415369134e-02
3.362565341652246770e-02
3.539280848883766262e-02
3.288586375957913005e-02
9.570727310954032507e-01
9.523607755922152140e-01
9.694300079323191488e-01
9.365812047486011815e-01
9.570727310954032507e-01
9.523607755922153251e-01
9.694300079323191488e-01
9.365812047486008485e-01
1.279783024318873353e-03
1.130684567688091053e-03
1.252650892727535893e-03
1.081480035213600597e-03
1.279783024318873353e-03
1.130684567688088884e-03
1.252650892727539362e-03
1.081480035213599946e-03
