6.344514001548072883e+02
9.879330225437607851e+02
5.967405251989389399e+02
7.967532943871819953e+02
6.344514001548072883e+02
9.879330225437604440e+02
5.967405251989393946e+02
7.967532943871824500e+02
1.169201895855203865e+01
1.445856168570560385e+01
1.132327320954907357e+01
1.321809667079516082e+01
1.169201895855202977e+01
1.445856168570564826e+01
1.132327320954907712e+01
1.321809667079516437e+01
4.118032914978472792e-01
3.545308271290001367e-01
3.931844811767283843e-01
3.653793652165274186e-01
4.118032914978471681e-01
3.545308271290002478e-01
3.931844811767286063e-01
3.653793652165275296e-01
4.472867279572535076e-02
3.764977737589867562e-02
4.189413667749335851e-02
3.847802550176098596e-02
4.472867279572531607e-02
3.764977737589869644e-02
4.189413667749336545e-02
3.847802550176100678e-02
9.577218136176895991e-01
9.341876263339912168e-01
9.602424288060370516e-01
9.469357279918679815e-01
9.577218136176907093e-01
9.341876263339909947e-01
9.602424288060357194e-01
9.469357279918688697e-01
2.000654170067061276e-03
1.417505736454731727e-03
1.755118687952494407e-03
1.480558446514168829e-03
2.000654170067058240e-03
1.417505736454733462e-03
1.755118687952494623e-03
1.480558446514170130e-03
