1.376739244254273729e+02
2.924034273366009984e+02
1.653257228915662722e+02
1.917300021730207504e+02
1.376739244254274013e+02
2.924034273366006005e+02
1.653257228915662154e+02
1.917300021730207220e+02
6.510384131626615556e+00
9.528062148393173558e+00
7.218975903614459178e+00
8.331977207426898957e+00
6.510384131626619109e+00
9.528062148393168229e+00
7.218975903614462730e+00
8.331977207426906062e+00
2.205713807626695500e-01
1.692234538755054696e-01
2.186579413816380213e-01
1.716611517351405714e-01
2.205713807626694667e-01
1.692234538755052753e-01
2.186579413816381601e-01
1.716611517351405991e-01
1.677338668473889530e-02
1.478887206200364852e-02
1.720532971467844674e-02
1.478345093006910860e-02
1.677338668473888836e-02
1.478887206200363812e-02
1.720532971467845021e-02
1.478345093006911727e-02
9.755577060523930033e-01
9.481177779783936943e-01
9.706560053920608722e-01
9.659842976203919518e-01
9.755577060523925592e-01
9.481177779783938053e-01
9.706560053920597619e-01
9.659842976203902865e-01
2.813465008757761029e-04
2.187107368663120251e-04
2.960233705907971123e-04
2.185504214017611961e-04
2.813465008757758319e-04
2.187107368663117541e-04
2.960233705907972749e-04
2.185504214017614400e-04
