1.114578204383801676e+03
1.359157075431636258e+03
6.121631480483637233e+02
1.225577397202101110e+03
1.114578204383800994e+03
1.359157075431635349e+03
6.121631480483624728e+02
1.225577397202099974e+03
2.139696133933325939e+01
2.353856513667960471e+01
1.559390079252162131e+01
2.255768087455561144e+01
2.139696133933325939e+01
2.353856513667962957e+01
1.559390079252161954e+01
2.255768087455560078e+01
1.392923448015970234e-01
1.299063208288781246e-01
1.593985674647977191e-01
1.303918539430151680e-01
1.392923448015969123e-01
1.299063208288780968e-01
1.593985674647975526e-01
1.303918539430152790e-01
2.101641109536371566e-02
1.940119448096107313e-02
2.175163152782860071e-02
1.938575092062124958e-02
2.101641109536371219e-02
1.940119448096108007e-02
2.175163152782859377e-02
1.938575092062123917e-02
8.996560242871692870e-01
8.775737990576316649e-01
9.448154870307996500e-01
8.896040634332238461e-01
8.996560242871706192e-01
8.775737990576317760e-01
9.448154870308000941e-01
8.896040634332234021e-01
4.416895353293271375e-04
3.764063472880743570e-04
4.731334741224272299e-04
3.758073387563676043e-04
4.416895353293269206e-04
3.764063472880746822e-04
4.731334741224268504e-04
3.758073387563672790e-04
