3.250207617255810533e+02
6.293275874582673168e+02
3.485417763237317672e+02
5.007220629505980583e+02
3.250207617255810533e+02
6.293275874582665210e+02
3.485417763237316535e+02
5.007220629505982856e+02
1.067261840153406460e+01
1.466859002274157753e+01
1.041459424873844775e+01
1.328347728262448690e+01
1.067261840153406993e+01
1.466859002274157397e+01
1.041459424873844597e+01
1.328347728262448513e+01
1.637853215078826918e-01
1.285467203911048739e-01
1.781496706634815297e-01
1.340683984031081077e-01
1.637853215078825531e-01
1.285467203911048462e-01
1.781496706634813354e-01
1.340683984031079690e-01
1.389035159043955532e-02
1.209873511051797607e-02
1.467409873294720293e-02
1.251350033679306598e-02
1.389035159043956746e-02
1.209873511051797607e-02
1.467409873294719252e-02
1.251350033679306251e-02
9.451113487488636000e-01
8.936554318044733769e-01
9.411250558059327531e-01
9.153838855323032098e-01
9.451113487488621567e-01
8.936554318044728218e-01
9.411250558059325311e-01
9.153838855323023216e-01
1.929418673060266881e-04
1.463793912744804017e-04
2.153291736242827277e-04
1.565876906789201678e-04
1.929418673060270134e-04
1.463793912744804288e-04
2.153291736242824025e-04
1.565876906789200865e-04
