7.982706265664161549e+01
1.361900542940519472e+02
6.733972945891781592e+01
1.253373262816361802e+02
7.982706265664158707e+01
1.361900542940520324e+02
6.733972945891777329e+01
1.253373262816361233e+02
5.014471177944856528e+00
6.641051526612129940e+00
4.550681362725453205e+00
6.486592232083223664e+00
5.014471177944864522e+00
6.641051526612126388e+00
4.550681362725453205e+00
6.486592232083220999e+00
2.857350474953385122e-01
2.305842963991895367e-01
3.057823358794989899e-01
2.333923373736613294e-01
2.857350474953381791e-01
2.305842963991894257e-01
3.057823358794988233e-01
2.333923373736613294e-01
2.682947829622442035e-02
2.368796537692949983e-02
2.800956452135384273e-02
2.372647958948850833e-02
2.682947829622444463e-02
2.368796537692948248e-02
2.800956452135384619e-02
2.372647958948849098e-02
9.897193388188374463e-01
9.824708471560368306e-01
9.913300359822583285e-01
9.838737750195040155e-01
9.897193388188368912e-01
9.824708471560369416e-01
9.913300359822597718e-01
9.838737750195042375e-01
7.198209056475772527e-04
5.611197036986106728e-04
7.845357046758839924e-04
5.629458337104147492e-04
7.198209056475784453e-04
5.611197036986099139e-04
7.845357046758841008e-04
5.629458337104139903e-04
