2.968516090225566018e+02
3.686951095172806845e+02
2.258712575150300950e+02
3.756144117809558338e+02
2.968516090225563744e+02
3.686951095172801161e+02
2.258712575150301802e+02
3.756144117809555496e+02
9.576972431077702907e+00
1.110504216452958204e+01
8.815235470941882312e+00
1.121368049381973897e+01
9.576972431077699355e+00
1.110504216452956605e+01
8.815235470941891194e+00
1.121368049381972121e+01
2.376317685318860562e-01
1.823265584682046692e-01
2.161153637901842839e-01
1.823977907129181730e-01
2.376317685318860840e-01
1.823265584682045581e-01
2.161153637901844227e-01
1.823977907129180343e-01
1.924799629241588303e-02
1.653999256215126640e-02
1.821647144670301977e-02
1.644860517921922435e-02
1.924799629241588650e-02
1.653999256215126640e-02
1.821647144670302670e-02
1.644860517921921048e-02
9.554507162122740649e-01
9.447245689468430907e-01
9.661118514742415009e-01
9.436890627943618215e-01
9.554507162122738428e-01
9.447245689468429797e-01
9.661118514742421670e-01
9.436890627943623766e-01
3.704853612728556400e-04
2.735713539560192392e-04
3.318398319685464696e-04
2.705566123418374764e-04
3.704853612728557484e-04
2.735713539560191850e-04
3.318398319685466865e-04
2.705566123418370428e-04
