2.231981687097919803e+03
2.593132572373660878e+03
1.466236271084335158e+03
2.754821305261122689e+03
2.231981687097920258e+03
2.593132572373662697e+03
1.466236271084336295e+03
2.754821305261123598e+03
3.410267381610069037e+01
3.693748340053598156e+01
2.781076506024094286e+01
3.781936161479585223e+01
3.410267381610069037e+01
3.693748340053598156e+01
2.781076506024093575e+01
3.781936161479585934e+01
4.500334332951385491e-02
4.163279864787709783e-02
5.321765994889976481e-02
4.129990191804692318e-02
4.500334332951382021e-02
4.163279864787709089e-02
5.321765994889979257e-02
4.129990191804699257e-02
6.989253143034064586e-03
6.756271544778365973e-03
7.506657421694627047e-03
6.738435528960636661e-03
6.989253143034069790e-03
6.756271544778368575e-03
7.506657421694624445e-03
6.738435528960640131e-03
6.883911925243507701e-01
6.380934132498160549e-01
7.952633432259612611e-01
6.155279250262871704e-01
6.883911925243508811e-01
6.380934132498157219e-01
7.952633432259630375e-01
6.155279250262872814e-01
4.884965949741155549e-05
4.564720518678185013e-05
5.634990564668302553e-05
4.540651337795901859e-05
4.884965949741162326e-05
4.564720518678187723e-05
5.634990564668299165e-05
4.540651337795905925e-05
