8.715044054589624238e+02
1.297347299641298605e+03
9.962743025210089627e+02
1.298186771301706585e+03
8.715044054589612870e+02
1.297347299641300197e+03
9.962743025210074848e+02
1.298186771301706358e+03
1.877041233304595735e+01
2.312835194197920430e+01
2.019321568627450603e+01
2.315248985365690260e+01
1.877041233304599999e+01
2.312835194197919009e+01
2.019321568627448826e+01
2.315248985365687417e+01
8.338525389405328225e-02
7.064948224788417108e-02
8.139409230557898001e-02
7.024992309061948992e-02
8.338525389405335164e-02
7.064948224788414333e-02
8.139409230557898001e-02
7.024992309061944828e-02
8.853573378671864696e-03
8.173238078901721299e-03
8.710164094213445479e-03
8.160196455463883392e-03
8.853573378671868166e-03
8.173238078901719564e-03
8.710164094213442010e-03
8.160196455463876453e-03
9.032056003859635362e-01
8.558889019491108252e-01
8.893271183464188656e-01
8.557947623833521700e-01
9.032056003859620930e-01
8.558889019491104921e-01
8.893271183464184215e-01
8.557947623833531692e-01
7.838576157152713029e-05
6.680182069440909190e-05
7.586695854812513270e-05
6.658880619176531658e-05
7.838576157152719805e-05
6.680182069440907834e-05
7.586695854812507849e-05
6.658880619176522171e-05
