9.507460253840999087e+01
1.587365318873041531e+02
1.114482727272727374e+02
1.615814516734003803e+02
9.507460253841009035e+01
1.587365318873040110e+02
1.114482727272727942e+02
1.615814516734004371e+02
6.144668002672009521e+00
8.184658086225937268e+00
6.740401069518720867e+00
8.325978159527615219e+00
6.144668002672008633e+00
8.184658086225933715e+00
6.740401069518721755e+00
8.325978159527620548e+00
2.207649818960241705e-01
1.621787067366725066e-01
2.023661087565599703e-01
1.660486512185578578e-01
2.207649818960240595e-01
1.621787067366727564e-01
2.023661087565599426e-01
1.660486512185578301e-01
1.668119901423780263e-02
1.448372558128371845e-02
1.625909248982715383e-02
1.446607210763702425e-02
1.668119901423779569e-02
1.448372558128371498e-02
1.625909248982715730e-02
1.446607210763702252e-02
9.854941314274396902e-01
9.757554535531616224e-01
9.829831703941247500e-01
9.753064291367837813e-01
9.854941314274404673e-01
9.757554535531627327e-01
9.829831703941251941e-01
9.753064291367832261e-01
2.782624005526082665e-04
2.097783067139323652e-04
2.643580885927537577e-04
2.092672422233539105e-04
2.782624005526080496e-04
2.097783067139322838e-04
2.643580885927539204e-04
2.092672422233538292e-04
