2.722824553191487666e+02
3.488202021063405596e+02
2.635776010619967451e+02
4.066188248838104187e+02
2.722824553191489940e+02
3.488202021063403890e+02
2.635776010619966314e+02
4.066188248838101913e+02
9.284353191489360668e+00
1.073718500831451372e+01
9.364104004186716068e+00
1.169585554086898860e+01
9.284353191489369550e+00
1.073718500831451728e+01
9.364104004186719621e+00
1.169585554086897972e+01
3.314760078316942860e-01
2.947910997561919988e-01
3.202161704090136785e-01
2.904520666313894495e-01
3.314760078316947856e-01
2.947910997561918878e-01
3.202161704090131789e-01
2.904520666313895605e-01
1.180969872497385637e-01
1.134336825169104113e-01
1.168828454639861680e-01
1.129223118516858443e-01
1.180969872497386053e-01
1.134336825169103558e-01
1.168828454639862235e-01
1.129223118516858859e-01
9.678380093731197009e-01
9.588102079382718745e-01
9.688563100229454772e-01
9.519895464489197545e-01
9.678380093731190348e-01
9.588102079382709864e-01
9.688563100229454772e-01
9.519895464489205317e-01
1.394689839746491439e-02
1.286720032934722709e-02
1.366159956375807318e-02
1.275144851392938893e-02
1.394689839746492133e-02
1.286720032934721321e-02
1.366159956375808358e-02
1.275144851392939760e-02
