6.111577239890486624e+01
1.271062019160982004e+02
8.299300408045010613e+01
1.256654146707311241e+02
6.111577239890495150e+01
1.271062019160982572e+02
8.299300408045010613e+01
1.256654146707312236e+02
4.611617641738122053e+00
6.631592635602656216e+00
5.037780380037180095e+00
6.720296850050814008e+00
4.611617641738123829e+00
6.631592635602660657e+00
5.037780380037186312e+00
6.720296850050807791e+00
3.132286809604920563e-01
2.263495874870524172e-01
3.027989046874259293e-01
2.299352124941536346e-01
3.132286809604920008e-01
2.263495874870525282e-01
3.027989046874257073e-01
2.299352124941537179e-01
2.260348503007674620e-02
1.865085382819061180e-02
2.237953980297116910e-02
1.866089742068538157e-02
2.260348503007675314e-02
1.865085382819065343e-02
2.237953980297118645e-02
1.866089742068537810e-02
9.876232766207366787e-01
9.743109804919674044e-01
9.832099645123824061e-01
9.746024952898615368e-01
9.876232766207380109e-01
9.743109804919674044e-01
9.832099645123830722e-01
9.746024952898610927e-01
5.109175355049034965e-04
3.478543485205324551e-04
5.008438017927707969e-04
3.482290925453423503e-04
5.109175355049038218e-04
3.478543485205339188e-04
5.008438017927715558e-04
3.482290925453422419e-04
