1.728845694760821345e+02
2.725513989254137641e+02
2.192150847148843411e+02
2.767067848681418241e+02
1.728845694760821630e+02
2.725513989254135367e+02
2.192150847148842843e+02
2.767067848681417104e+02
9.316760820045557168e+00
1.127721502229972650e+01
1.000259610129350740e+01
1.131431427775825149e+01
9.316760820045558944e+00
1.127721502229972295e+01
1.000259610129350030e+01
1.131431427775825860e+01
1.349160881488265240e-01
1.189415788879383679e-01
1.335816026780970722e-01
1.192718724670872171e-01
1.349160881488264407e-01
1.189415788879383679e-01
1.335816026780971000e-01
1.192718724670872726e-01
2.129408943636731250e-02
2.027731154731110541e-02
2.110638272770047619e-02
2.024194997376485908e-02
2.129408943636730903e-02
2.027731154731110194e-02
2.110638272770048660e-02
2.024194997376486255e-02
9.752595328671489483e-01
9.610235427054750756e-01
9.686368211810932882e-01
9.604289312072212814e-01
9.752595328671490593e-01
9.610235427054749646e-01
9.686368211810927331e-01
9.604289312072212814e-01
4.534382449240100194e-04
4.111693635867162558e-04
4.454793918481729769e-04
4.097365387403991972e-04
4.534382449240097483e-04
4.111693635867161474e-04
4.454793918481734106e-04
4.097365387403993598e-04
