1.761635858383433515e+02
3.574589285522918090e+02
2.112007433155078786e+02
3.263952932603170325e+02
1.761635858383434652e+02
3.574589285522915247e+02
2.112007433155079070e+02
3.263952932603174304e+02
8.656657314629260469e+00
1.235649909444558325e+01
9.080433155080211094e+00
1.149494711347829323e+01
8.656657314629260469e+00
1.235649909444557615e+01
9.080433155080202212e+00
1.149494711347830389e+01
1.565103406125765706e-01
1.197554759462015339e-01
1.632072050091771531e-01
1.287734094930810536e-01
1.565103406125765706e-01
1.197554759462014368e-01
1.632072050091772641e-01
1.287734094930811368e-01
1.287509618523892743e-02
1.115639560262146786e-02
1.333389620095537347e-02
1.155784157244055255e-02
1.287509618523893437e-02
1.115639560262146265e-02
1.333389620095536826e-02
1.155784157244056469e-02
9.792228374650872036e-01
9.578488823980799705e-01
9.750976305460584692e-01
9.614992941399835846e-01
9.792228374650884248e-01
9.578488823980806366e-01
9.750976305460593574e-01
9.614992941399832516e-01
1.657681017791539822e-04
1.244651628421916440e-04
1.777927878978521534e-04
1.335837018136350912e-04
1.657681017791541448e-04
1.244651628421915084e-04
1.777927878978520179e-04
1.335837018136353893e-04
