8.972297417899839047e+02
1.115975994338802366e+03
1.083237251611657257e+03
1.326991895292014078e+03
8.972297417899841321e+02
1.115975994338802138e+03
1.083237251611656575e+03
1.326991895292011122e+03
1.787668994295503921e+01
2.025869139207435055e+01
1.924135620638866939e+01
2.138814293317851778e+01
1.787668994295502145e+01
2.025869139207433633e+01
1.924135620638867294e+01
2.138814293317850357e+01
1.483335396410920826e-01
1.344391689492326347e-01
1.485245091839722809e-01
1.335053514898024152e-01
1.483335396410922769e-01
1.344391689492325237e-01
1.485245091839723641e-01
1.335053514898022764e-01
3.929023595360487536e-02
3.698345525652602800e-02
3.858754076859030602e-02
3.705094697370460433e-02
3.929023595360488924e-02
3.698345525652600718e-02
3.858754076859030602e-02
3.705094697370459739e-02
9.029583312406641582e-01
8.790242202269232807e-01
8.825669536554932026e-01
8.561565472838634783e-01
9.029583312406647133e-01
8.790242202269236138e-01
8.825669536554937578e-01
8.561565472838638113e-01
1.543722641289944951e-03
1.367775962711462526e-03
1.488998302567619021e-03
1.372772671648270389e-03
1.543722641289946469e-03
1.367775962711461008e-03
1.488998302567619021e-03
1.372772671648269955e-03
