1.072976042780749282e+02
1.999951292960251408e+02
1.080320106880427602e+02
1.726545658161241477e+02
1.072976042780748855e+02
1.999951292960252260e+02
1.080320106880426749e+02
1.726545658161243466e+02
5.410042780748663738e+00
7.523115750217005626e+00
5.398808283233127447e+00
7.037395646908795932e+00
5.410042780748663738e+00
7.523115750217007403e+00
5.398808283233123007e+00
7.037395646908787050e+00
2.895933813298688375e-01
2.198052858321389302e-01
2.794869145654111930e-01
2.302570453905569414e-01
2.895933813298687820e-01
2.198052858321390968e-01
2.794869145654114151e-01
2.302570453905571357e-01
2.343775414515188518e-02
1.958040192779985159e-02
2.261213069043705934e-02
2.025230882630426818e-02
2.343775414515186090e-02
1.958040192779985506e-02
2.261213069043704199e-02
2.025230882630427165e-02
9.745788369556501740e-01
9.526607981988514107e-01
9.744415981778932201e-01
9.591293928923843026e-01
9.745788369556515063e-01
9.526607981988525209e-01
9.744415981778936642e-01
9.591293928923846357e-01
5.493283193685843903e-04
3.833921396541882022e-04
5.113084543614055191e-04
4.101560127960017337e-04
5.493283193685831976e-04
3.833921396541882564e-04
5.113084543614047602e-04
4.101560127960018963e-04
