5.144726840347351526e+02
8.769774307974241765e+02
5.767957647058825614e+02
7.758529143849201546e+02
5.144726840347356074e+02
8.769774307974249723e+02
5.767957647058817656e+02
7.758529143849201546e+02
1.538790113560452077e+01
1.994273038054719294e+01
1.560387165775402529e+01
1.880084232636396635e+01
1.538790113560452255e+01
1.994273038054719294e+01
1.560387165775401286e+01
1.880084232636396280e+01
9.783594459750752370e-02
8.137689018087701509e-02
1.134379228334947559e-01
8.516784527232106050e-02
9.783594459750750982e-02
8.137689018087698734e-02
1.134379228334946588e-01
8.516784527232106050e-02
1.066172444383768625e-02
9.621167895964526443e-03
1.125450332622294526e-02
9.876733534495531555e-03
1.066172444383768451e-02
9.621167895964531647e-03
1.125450332622294526e-02
9.876733534495529820e-03
8.816732752669280693e-01
7.982214626126730161e-01
8.673558808525201336e-01
8.214880044478188870e-01
8.816732752669289574e-01
7.982214626126739043e-01
8.673558808525199115e-01
8.214880044478194421e-01
1.136723681163260148e-04
9.256687168233847360e-05
1.266638451199633534e-04
9.754986531142860050e-05
1.136723681163259741e-04
9.256687168233858202e-05
1.266638451199633534e-04
9.754986531142854629e-05
