5.506960152924007161e+02
7.881501064498962705e+02
5.128769225197381729e+02
7.802133655102342118e+02
5.506960152924012846e+02
7.881501064498974074e+02
5.128769225197380592e+02
7.802133655102347802e+02
1.432003690437426258e+01
1.754308801470947188e+01
1.392646739261655853e+01
1.755648497604880021e+01
1.432003690437425902e+01
1.754308801470947188e+01
1.392646739261654965e+01
1.755648497604878600e+01
1.179912332614473647e-01
9.980028406048059575e-02
1.271951834180003460e-01
9.478257628038808114e-02
1.179912332614475035e-01
9.980028406048065126e-02
1.271951834180003738e-01
9.478257628038813665e-02
1.151760478053647473e-02
1.075861678713375437e-02
1.222537127732478690e-02
1.047264085301282018e-02
1.151760478053648513e-02
1.075861678713375610e-02
1.222537127732478864e-02
1.047264085301282191e-02
9.282350502628222699e-01
8.973471963883015157e-01
9.331795257909122343e-01
8.983805003193220395e-01
9.282350502628227140e-01
8.973471963883016267e-01
9.331795257909146768e-01
8.983805003193215954e-01
1.326552198806366437e-04
1.157478351723962217e-04
1.494597028684379106e-04
1.096762064361930756e-04
1.326552198806368876e-04
1.157478351723962488e-04
1.494597028684379377e-04
1.096762064361931434e-04
