2.660095016700064434e+02
4.056751202940636745e+02
2.779398716577540540e+02
4.729874508375037294e+02
2.660095016700067276e+02
4.056751202940635608e+02
2.779398716577539403e+02
4.729874508375038431e+02
1.098319305277220970e+01
1.360170072765851046e+01
1.075204278074866160e+01
1.457596476375209882e+01
1.098319305277221325e+01
1.360170072765850868e+01
1.075204278074865805e+01
1.457596476375210415e+01
1.492338978835221208e-01
1.266545164929430145e-01
1.636843101327440098e-01
1.201275064258996161e-01
1.492338978835220931e-01
1.266545164929429867e-01
1.636843101327437877e-01
1.201275064258996994e-01
1.375632588850248320e-02
1.235614482266877111e-02
1.391813323629725180e-02
1.191876100744278071e-02
1.375632588850249187e-02
1.235614482266876764e-02
1.391813323629725700e-02
1.191876100744278417e-02
9.717792127536890590e-01
9.569803733165286319e-01
9.705279269014197574e-01
9.498418102778619643e-01
9.717792127536890590e-01
9.569803733165290760e-01
9.705279269014203125e-01
9.498418102778622973e-01
1.892365019506836161e-04
1.526743148787642799e-04
1.937144327833221959e-04
1.420568639525384672e-04
1.892365019506838601e-04
1.526743148787641985e-04
1.937144327833223586e-04
1.420568639525385485e-04
