1.312716366674123378e+02
1.984103778332920172e+02
1.391420958904108147e+02
2.154607296785350457e+02
1.312716366674123947e+02
1.984103778332919887e+02
1.391420958904109568e+02
2.154607296785351309e+02
5.979311698567990163e+00
7.520049230881848068e+00
6.230315068493149866e+00
7.796506254518167367e+00
5.979311698567982170e+00
7.520049230881854285e+00
6.230315068493148978e+00
7.796506254518166479e+00
3.222615659283830647e-01
2.425134576105479611e-01
2.759450136900019612e-01
2.351959756423414039e-01
3.222615659283827871e-01
2.425134576105482109e-01
2.759450136900025163e-01
2.351959756423414871e-01
2.757560197782482278e-02
2.307611676862399847e-02
2.511400830177015070e-02
2.267083180533740333e-02
2.757560197782482972e-02
2.307611676862401234e-02
2.511400830177017499e-02
2.267083180533741721e-02
9.497806450376506948e-01
9.241571858705703857e-01
9.468172636816749588e-01
9.176378916295341304e-01
9.497806450376511389e-01
9.241571858705709408e-01
9.468172636816746257e-01
9.176378916295345745e-01
7.604138244394161895e-04
5.325071651191696284e-04
6.307134129813799731e-04
5.139666147458979905e-04
7.604138244394166232e-04
5.325071651191702789e-04
6.307134129813812742e-04
5.139666147458986411e-04
