6.581047917431116048e+02
1.072510517505600319e+03
7.728803529411748059e+02
1.036224010373690362e+03
6.581047917431120595e+02
1.072510517505602138e+03
7.728803529411748059e+02
1.036224010373688770e+03
1.800182524673763496e+01
2.265136390427915813e+01
1.917997647058819055e+01
2.264351290816929918e+01
1.800182524673763496e+01
2.265136390427918300e+01
1.917997647058819766e+01
2.264351290816930273e+01
7.278155181378279104e-02
6.169440145968592415e-02
7.242546799085318454e-02
5.956818724731789694e-02
7.278155181378280492e-02
6.169440145968605599e-02
7.242546799085308740e-02
5.956818724731795245e-02
9.651880167827035090e-03
8.885320127573198903e-03
9.540027202851231874e-03
8.798770228180163161e-03
9.651880167827035090e-03
8.885320127573216251e-03
9.540027202851237079e-03
8.798770228180163161e-03
8.806513996653762000e-01
8.056656450765230515e-01
8.599881850607237199e-01
8.122436169582063492e-01
8.806513996653757559e-01
8.056656450765228294e-01
8.599881850607251632e-01
8.122436169582061272e-01
9.315879077409284549e-05
7.894891376945740210e-05
9.101211903114148571e-05
7.741835752830960736e-05
9.315879077409281838e-05
7.894891376945771381e-05
9.101211903114159413e-05
7.741835752830959381e-05
