3.194739076789084606e+02
7.246036290175801469e+02
4.390898897492874084e+02
7.285313337943910028e+02
3.194739076789086312e+02
7.246036290175801469e+02
4.390898897492874084e+02
7.285313337943920260e+02
7.341184013161081268e+00
1.315454567514772322e+01
9.602043967088262022e+00
1.321387058809252757e+01
7.341184013161093702e+00
1.315454567514770723e+01
9.602043967088267351e+00
1.321387058809254889e+01
2.748312987018785014e-01
1.967489918142476535e-01
2.565331611882779028e-01
1.986435403371126784e-01
2.748312987018786124e-01
1.967489918142475980e-01
2.565331611882779028e-01
1.986435403371128450e-01
2.311200777151233357e-02
1.916476487269581572e-02
2.254689723296948375e-02
1.910576905641259149e-02
2.311200777151235439e-02
1.916476487269581572e-02
2.254689723296949069e-02
1.910576905641261578e-02
9.757450661949377269e-01
9.450349124211534502e-01
9.666843659893966656e-01
9.447559115555610454e-01
9.757450661949380599e-01
9.450349124211537832e-01
9.666843659893978868e-01
9.447559115555609344e-01
5.341649032304465489e-04
3.672882126257154939e-04
5.083625748340869560e-04
3.650304112369729347e-04
5.341649032304474163e-04
3.672882126257154397e-04
5.083625748340872812e-04
3.650304112369738021e-04
