2.735223612844138188e+02
4.684911587881650803e+02
2.638772521008403373e+02
4.424431299573939782e+02
2.735223612844137051e+02
4.684911587881650803e+02
2.638772521008402236e+02
4.424431299573936940e+02
1.075159543405468554e+01
1.375299338172143848e+01
9.827084033613445513e+00
1.344075546050085457e+01
1.075159543405468554e+01
1.375299338172143848e+01
9.827084033613438407e+00
1.344075546050083325e+01
1.492612769173698173e-01
1.198352735463254215e-01
1.617148271241860835e-01
1.199753850439064795e-01
1.492612769173696785e-01
1.198352735463255186e-01
1.617148271241861113e-01
1.199753850439064379e-01
2.782597459102010423e-02
2.329020116939109833e-02
2.791380728171393572e-02
2.347104994784940737e-02
2.782597459102010423e-02
2.329020116939111221e-02
2.791380728171391837e-02
2.347104994784940390e-02
9.670630784543726710e-01
9.436102668881828359e-01
9.682248363560076454e-01
9.467455300624055825e-01
9.670630784543724490e-01
9.436102668881821698e-01
9.682248363560077564e-01
9.467455300624053605e-01
7.742848619400964204e-04
5.424334705107065023e-04
7.791806369606659377e-04
5.508901856544416416e-04
7.742848619400964204e-04
5.424334705107071528e-04
7.791806369606649619e-04
5.508901856544414248e-04
