3.473189178356717548e+02
3.035793470708953237e+02
1.367728817635270104e+02
3.897377279609318634e+02
3.473189178356710158e+02
3.035793470708954942e+02
1.367728817635270104e+02
3.897377279609319771e+02
1.019510220440881376e+01
9.777418564584090532e+00
6.571206412825646659e+00
1.098563459584500812e+01
1.019510220440880843e+01
9.777418564584094085e+00
6.571206412825652876e+00
1.098563459584502056e+01
3.780923520410026106e-01
3.509086568330866962e-01
3.985681056655970278e-01
3.276735621036506174e-01
3.780923520410020555e-01
3.509086568330865297e-01
3.985681056655965837e-01
3.276735621036505619e-01
3.434226759854195482e-02
3.128371135232040079e-02
3.509279726184513087e-02
2.956603640013216738e-02
3.434226759854192013e-02
3.128371135232039385e-02
3.509279726184512394e-02
2.956603640013217779e-02
9.084426655210114943e-01
9.200585816009421158e-01
9.640032746614103365e-01
8.973728202804267529e-01
9.084426655210110502e-01
9.200585816009421158e-01
9.640032746614112247e-01
8.973728202804276410e-01
1.179391343809864812e-03
9.786705959753002042e-04
1.231504419660965069e-03
8.741505084139403669e-04
1.179391343809862427e-03
9.786705959752999874e-04
1.231504419660964852e-03
8.741505084139409090e-04
